*SoftWare Version 3.0  2018/12/27

*HEADER
     PLATFORM NUMBER       :1901744
     CYCLE NUMBER          :023
     DATE CREATION         :20191201094843
     DATE UPDATE           :20191203044717
     PROJECT NAME          :Argo Australia
     PI NAME               :Peter Oke
     INSTRUMENT TYPE       :APEX
     FLOAT SERIAL NO       :8456
     FIRMWARE VERSION      :12/04/18 17:42:38 2.12.2.1 STD F
     WMO INSTRUMENT TYPE   :846
     TRANSMISSION SYSTEM   :IRIDIUM
     POSITIONING SYSTEM    :GPS
     SAMPLE DIRECTION      :A(A=Ascend; D=Descend)
     DATA MODE             :A(R=Real Time; D=Delayed Mode; A=Real Time Adjusted)
     JULIAN DAY            :25536.4088 (days since 1950-01-01 00:00:00 UTC)
     DATE                  :2019-12-01
     QC FLAG FOR DATE      :1
*LOCATION
     LATITUDE              :-55.177 
     LONGITUDE             :43.929  
     QC FLAG FOR LOCATION  :1
*FILE
     COLUMN 1              :Pressure (dbar)                             F7.1
     COLUMN 2              :Corrected Pressure (dbar)                   F7.1
     COLUMN 3              :Quality on Pressure                         I3
     COLUMN 4              :Temperature (degree_Celsius)                F9.3
     COLUMN 5              :Corrected Temperature (degree_Celsius)      F9.3
     COLUMN 6              :Quality on Temperature                      I3
     COLUMN 7              :Salinity (PSU)                              F9.3
     COLUMN 8              :Corrected Salinity (PSU)                    F9.3
     COLUMN 9              :Quality on Salinity                         I3
==========================================================================
    4.2    4.6  1    0.027    0.027  1   33.965   33.965  1
    6.0    6.4  1    0.031    0.031  1   33.965   33.965  1
    8.0    8.4  1    0.017    0.017  1   33.966   33.966  1
   10.0   10.4  1    0.010    0.010  1   33.966   33.966  1
   12.0   12.4  1    0.011    0.011  1   33.966   33.966  1
   14.0   14.4  1    0.011    0.011  1   33.966   33.966  1
   16.0   16.4  1    0.010    0.010  1   33.966   33.966  1
   18.0   18.4  1    0.013    0.013  1   33.966   33.965  1
   20.0   20.4  1    0.013    0.013  1   33.966   33.966  1
   22.0   22.4  1    0.010    0.010  1   33.966   33.966  1
   24.0   24.4  1    0.009    0.009  1   33.967   33.966  1
   26.0   26.4  1    0.010    0.010  1   33.966   33.966  1
   28.0   28.4  1    0.010    0.010  1   33.966   33.966  1
   30.0   30.4  1    0.009    0.009  1   33.967   33.967  1
   32.0   32.4  1    0.009    0.009  1   33.967   33.966  1
   34.0   34.4  1    0.009    0.009  1   33.967   33.966  1
   36.0   36.4  1    0.008    0.008  1   33.967   33.967  1
   38.0   38.4  1    0.006    0.006  1   33.967   33.967  1
   40.0   40.3  1    0.004    0.004  1   33.967   33.967  1
   42.0   42.4  1    0.001    0.001  1   33.968   33.968  1
   44.0   44.4  1    0.002    0.002  1   33.968   33.968  1
   46.0   46.4  1   -0.000   -0.000  1   33.968   33.968  1
   48.0   48.4  1   -0.000   -0.000  1   33.968   33.968  1
   50.0   50.4  1   -0.003   -0.003  1   33.969   33.968  1
   52.0   52.4  1   -0.004   -0.004  1   33.969   33.969  1
   54.0   54.4  1   -0.005   -0.005  1   33.969   33.968  1
   56.0   56.4  1   -0.006   -0.006  1   33.969   33.969  1
   58.0   58.4  1   -0.006   -0.006  1   33.969   33.968  1
   60.0   60.4  1   -0.006   -0.006  1   33.969   33.969  1
   62.0   62.3  1   -0.006   -0.006  1   33.969   33.969  1
   64.0   64.3  1   -0.006   -0.006  1   33.969   33.968  1
   66.0   66.4  1   -0.014   -0.014  1   33.970   33.970  1
   68.0   68.4  1   -0.027   -0.027  1   33.971   33.971  1
   70.0   70.4  1   -0.046   -0.046  1   33.973   33.972  1
   72.0   72.4  1   -0.050   -0.050  1   33.972   33.972  1
   74.0   74.4  1   -0.064   -0.064  1   33.973   33.973  1
   76.0   76.4  1   -0.089   -0.089  1   33.973   33.973  1
   78.0   78.4  1   -0.111   -0.111  1   33.974   33.974  1
   80.0   80.4  1   -0.119   -0.119  1   33.974   33.974  1
   82.0   82.4  1   -0.124   -0.124  1   33.974   33.974  1
   84.0   84.4  1   -0.135   -0.135  1   33.974   33.974  1
   86.0   86.4  1   -0.144   -0.144  1   33.974   33.974  1
   88.0   88.4  1   -0.154   -0.154  1   33.974   33.974  1
   90.0   90.4  1   -0.179   -0.179  1   33.974   33.974  1
   92.0   92.4  1   -0.204   -0.204  1   33.974   33.974  1
   94.0   94.4  1   -0.252   -0.252  1   33.975   33.975  1
   96.0   96.4  1   -0.303   -0.303  1   33.978   33.977  1
   98.0   98.4  1   -0.311   -0.311  1   33.976   33.976  1
  100.0  100.4  1   -0.348   -0.348  1   33.979   33.978  1
  102.0  102.4  1   -0.395   -0.395  1   33.979   33.979  1
  104.0  104.4  1   -0.410   -0.410  1   33.979   33.979  1
  106.0  106.4  1   -0.445   -0.445  1   33.983   33.983  1
  108.0  108.4  1   -0.471   -0.471  1   33.989   33.989  1
  110.0  110.4  1   -0.491   -0.491  1   33.995   33.995  1
  112.0  112.4  1   -0.545   -0.545  1   34.000   34.000  1
  114.0  114.4  1   -0.582   -0.582  1   34.002   34.002  1
  116.0  116.4  1   -0.596   -0.596  1   34.003   34.003  1
  118.0  118.4  1   -0.651   -0.651  1   34.013   34.013  1
  120.0  120.4  1   -0.687   -0.687  1   34.021   34.020  1
  121.9  122.3  1   -0.654   -0.654  1   34.026   34.025  1
  124.0  124.4  1   -0.622   -0.622  1   34.031   34.030  1
  126.0  126.4  1   -0.607   -0.607  1   34.035   34.034  1
  128.0  128.4  1   -0.595   -0.595  1   34.036   34.036  1
  130.0  130.4  1   -0.589   -0.589  1   34.038   34.038  1
  132.0  132.4  1   -0.570   -0.570  1   34.040   34.040  1
  134.0  134.4  1   -0.548   -0.548  1   34.044   34.043  1
  136.0  136.4  1   -0.485   -0.485  1   34.050   34.050  1
  138.0  138.4  1   -0.459   -0.459  1   34.055   34.055  1
  140.0  140.4  1   -0.452   -0.452  1   34.058   34.058  1
  142.0  142.4  1   -0.450   -0.450  1   34.062   34.061  1
  144.0  144.4  1   -0.464   -0.464  1   34.064   34.064  1
  146.0  146.4  1   -0.436   -0.436  1   34.068   34.068  1
  148.0  148.4  1   -0.433   -0.433  1   34.071   34.071  1
  150.0  150.4  1   -0.412   -0.412  1   34.077   34.076  1
  152.0  152.4  1   -0.318   -0.318  1   34.091   34.091  1
  154.0  154.4  1   -0.239   -0.239  1   34.103   34.102  1
  156.0  156.4  1   -0.198   -0.198  1   34.109   34.109  1
  158.0  158.4  1   -0.166   -0.166  1   34.114   34.114  1
  160.0  160.4  1   -0.144   -0.144  1   34.119   34.119  1
  162.0  162.4  1   -0.088   -0.088  1   34.129   34.129  1
  164.0  164.4  1    0.079    0.079  1   34.155   34.155  1
  166.0  166.4  1    0.157    0.157  1   34.171   34.171  1
  168.0  168.4  1    0.194    0.194  1   34.179   34.179  1
  170.0  170.4  1    0.226    0.226  1   34.184   34.184  1
  172.0  172.4  1    0.245    0.245  1   34.187   34.187  1
  174.0  174.4  1    0.277    0.277  1   34.192   34.192  1
  176.0  176.4  1    0.288    0.288  1   34.194   34.194  1
  178.0  178.4  1    0.298    0.298  1   34.196   34.196  1
  180.0  180.4  1    0.343    0.343  1   34.205   34.205  1
  182.0  182.4  1    0.479    0.479  1   34.225   34.225  1
  184.0  184.4  1    0.540    0.540  1   34.239   34.238  1
  186.0  186.4  1    0.541    0.541  1   34.239   34.239  1
  188.0  188.4  1    0.546    0.546  1   34.242   34.242  1
  190.0  190.4  1    0.620    0.620  1   34.253   34.253  1
  192.0  192.4  1    0.699    0.699  1   34.269   34.268  1
  194.0  194.4  1    0.718    0.718  1   34.274   34.273  1
  196.0  196.4  1    0.747    0.747  1   34.279   34.279  1
  198.0  198.4  1    0.828    0.828  1   34.293   34.293  1
  200.0  200.4  1    0.941    0.941  1   34.314   34.314  1
  202.0  202.4  1    0.984    0.984  1   34.324   34.323  1
  204.0  204.4  1    1.054    1.054  1   34.337   34.337  1
  206.0  206.4  1    1.070    1.070  1   34.342   34.341  1
  208.0  208.4  1    1.140    1.140  1   34.353   34.353  1
  210.0  210.4  1    1.224    1.224  1   34.369   34.369  1
  212.0  212.4  1    1.250    1.250  1   34.376   34.376  1
  214.0  214.4  1    1.261    1.261  1   34.380   34.379  1
  216.0  216.4  1    1.314    1.314  1   34.391   34.391  1
  218.0  218.4  1    1.354    1.354  1   34.401   34.401  1
  220.0  220.4  1    1.382    1.382  1   34.408   34.408  1
  222.0  222.4  1    1.433    1.433  1   34.422   34.421  1
  224.0  224.4  1    1.457    1.457  1   34.429   34.428  1
  226.0  226.4  1    1.464    1.464  1   34.431   34.430  1
  228.0  228.4  1    1.478    1.478  1   34.434   34.434  1
  230.0  230.4  1    1.500    1.500  1   34.442   34.442  1
  232.0  232.4  1    1.534    1.534  1   34.453   34.453  1
  234.0  234.4  1    1.542    1.542  1   34.457   34.456  1
  236.0  236.4  1    1.558    1.558  1   34.462   34.461  1
  238.0  238.4  1    1.567    1.567  1   34.466   34.466  1
  240.0  240.4  1    1.571    1.571  1   34.468   34.467  1
  242.0  242.4  1    1.584    1.584  1   34.473   34.472  1
  244.0  244.4  1    1.591    1.591  1   34.476   34.475  1
  246.0  246.4  1    1.599    1.599  1   34.479   34.478  1
  248.0  248.4  1    1.617    1.617  1   34.484   34.484  1
  250.0  250.4  1    1.628    1.628  1   34.489   34.488  1
  252.0  252.4  1    1.635    1.635  1   34.491   34.491  1
  254.0  254.4  1    1.638    1.638  1   34.492   34.492  1
  256.0  256.4  1    1.657    1.657  1   34.498   34.497  1
  258.0  258.4  1    1.678    1.678  1   34.505   34.505  1
  260.0  260.4  1    1.681    1.681  1   34.507   34.506  1
  262.0  262.4  1    1.687    1.687  1   34.509   34.508  1
  264.0  264.4  1    1.698    1.698  1   34.513   34.512  1
  266.0  266.4  1    1.708    1.708  1   34.516   34.516  1
  268.0  268.4  1    1.712    1.712  1   34.518   34.517  1
  270.0  270.4  1    1.722    1.722  1   34.521   34.521  1
  272.0  272.4  1    1.730    1.730  1   34.526   34.525  1
  274.0  274.4  1    1.727    1.727  1   34.527   34.526  1
  276.0  276.4  1    1.725    1.725  1   34.527   34.526  1
  278.0  278.4  1    1.723    1.723  1   34.527   34.527  1
  280.0  280.4  1    1.723    1.723  1   34.527   34.527  1
  282.0  282.4  1    1.722    1.722  1   34.527   34.527  1
  284.0  284.4  1    1.723    1.723  1   34.528   34.528  1
  286.0  286.4  1    1.746    1.746  1   34.534   34.533  1
  288.0  288.4  1    1.761    1.761  1   34.538   34.538  1
  290.0  290.4  1    1.765    1.765  1   34.543   34.543  1
  292.0  292.4  1    1.763    1.763  1   34.546   34.546  1
  294.0  294.4  1    1.771    1.771  1   34.549   34.548  1
  296.0  296.4  1    1.773    1.773  1   34.550   34.549  1
  298.0  298.4  1    1.774    1.774  1   34.550   34.550  1
  300.0  300.4  1    1.775    1.775  1   34.551   34.551  1
  302.0  302.4  1    1.776    1.776  1   34.553   34.553  1
  304.0  304.4  1    1.782    1.782  1   34.555   34.555  1
  306.0  306.4  1    1.796    1.796  1   34.559   34.559  1
  308.0  308.4  1    1.797    1.797  1   34.561   34.561  1
  310.0  310.4  1    1.797    1.797  1   34.561   34.561  1
  312.0  312.4  1    1.791    1.791  1   34.562   34.562  1
  314.0  314.4  1    1.788    1.788  1   34.563   34.563  1
  316.0  316.4  1    1.788    1.788  1   34.563   34.563  1
  318.0  318.4  1    1.791    1.791  1   34.565   34.564  1
  320.0  320.4  1    1.791    1.791  1   34.566   34.566  1
  322.0  322.4  1    1.795    1.795  1   34.569   34.569  1
  324.0  324.4  1    1.804    1.804  1   34.576   34.576  1
  326.0  326.4  1    1.808    1.808  1   34.580   34.579  1
  328.0  328.4  1    1.812    1.812  1   34.582   34.581  1
  330.0  330.4  1    1.824    1.824  1   34.587   34.587  1
  332.0  332.4  1    1.829    1.829  1   34.589   34.589  1
  334.0  334.4  1    1.830    1.830  1   34.590   34.590  1
  336.0  336.4  1    1.840    1.840  1   34.595   34.594  1
  338.0  338.4  1    1.845    1.845  1   34.596   34.596  1
  340.0  340.4  1    1.851    1.851  1   34.598   34.598  1
  342.0  342.4  1    1.854    1.854  1   34.600   34.600  1
  344.0  344.4  1    1.854    1.854  1   34.602   34.602  1
  346.0  346.4  1    1.856    1.856  1   34.603   34.602  1
  348.0  348.4  1    1.857    1.857  1   34.604   34.603  1
  350.0  350.4  1    1.858    1.858  1   34.605   34.604  1
  352.0  352.4  1    1.862    1.862  1   34.607   34.607  1
  354.0  354.4  1    1.871    1.871  1   34.611   34.611  1
  356.0  356.4  1    1.874    1.874  1   34.613   34.612  1
  358.0  358.4  1    1.876    1.876  1   34.613   34.613  1
  360.0  360.4  1    1.878    1.878  1   34.614   34.614  1
  362.0  362.4  1    1.881    1.881  1   34.615   34.614  1
  364.0  364.4  1    1.887    1.887  1   34.617   34.616  1
  366.0  366.4  1    1.889    1.889  1   34.618   34.618  1
  368.0  368.4  1    1.890    1.890  1   34.618   34.618  1
  370.0  370.4  1    1.896    1.896  1   34.619   34.619  1
  372.0  372.4  1    1.903    1.903  1   34.621   34.621  1
  374.0  374.4  1    1.908    1.908  1   34.623   34.623  1
  376.0  376.4  1    1.913    1.913  1   34.626   34.626  1
  378.0  378.4  1    1.916    1.916  1   34.627   34.627  1
  380.0  380.4  1    1.918    1.918  1   34.629   34.629  1
  382.0  382.4  1    1.921    1.921  1   34.631   34.630  1
  384.0  384.4  1    1.923    1.923  1   34.631   34.631  1
  386.0  386.4  1    1.928    1.928  1   34.634   34.633  1
  388.0  388.4  1    1.926    1.926  1   34.635   34.635  1
  390.0  390.4  1    1.925    1.925  1   34.635   34.635  1
  392.0  392.4  1    1.922    1.922  1   34.635   34.635  1
  394.0  394.4  1    1.918    1.918  1   34.635   34.635  1
  396.0  396.4  1    1.917    1.917  1   34.636   34.636  1
  398.0  398.4  1    1.921    1.921  1   34.637   34.637  1
  400.0  400.4  1    1.922    1.922  1   34.638   34.638  1
  402.0  402.4  1    1.919    1.919  1   34.639   34.639  1
  404.0  404.4  1    1.914    1.914  1   34.640   34.640  1
  406.0  406.4  1    1.913    1.913  1   34.641   34.641  1
  408.0  408.3  1    1.908    1.908  1   34.641   34.641  1
  410.0  410.4  1    1.910    1.910  1   34.642   34.642  1
  412.0  412.4  1    1.907    1.907  1   34.643   34.642  1
  414.0  414.4  1    1.906    1.906  1   34.644   34.643  1
  416.0  416.4  1    1.915    1.915  1   34.645   34.645  1
  418.0  418.4  1    1.924    1.924  1   34.648   34.648  1
  420.0  420.4  1    1.925    1.925  1   34.649   34.649  1
  422.0  422.4  1    1.925    1.925  1   34.650   34.650  1
  424.0  424.4  1    1.922    1.922  1   34.650   34.650  1
  426.0  426.4  1    1.918    1.918  1   34.651   34.651  1
  428.0  428.4  1    1.917    1.917  1   34.652   34.652  1
  430.0  430.4  1    1.913    1.913  1   34.652   34.652  1
  432.0  432.4  1    1.909    1.909  1   34.653   34.653  1
  434.0  434.4  1    1.908    1.908  1   34.653   34.653  1
  436.0  436.4  1    1.908    1.908  1   34.653   34.653  1
  438.0  438.4  1    1.907    1.907  1   34.653   34.653  1
  440.0  440.4  1    1.907    1.907  1   34.653   34.653  1
  442.0  442.4  1    1.904    1.904  1   34.653   34.653  1
  444.0  444.4  1    1.903    1.903  1   34.654   34.654  1
  446.0  446.4  1    1.902    1.902  1   34.656   34.655  1
  448.0  448.4  1    1.902    1.902  1   34.656   34.656  1
  450.0  450.4  1    1.901    1.901  1   34.657   34.656  1
  452.0  452.4  1    1.901    1.901  1   34.657   34.657  1
  454.0  454.4  1    1.900    1.900  1   34.658   34.657  1
  456.0  456.4  1    1.899    1.899  1   34.658   34.658  1
  458.0  458.4  1    1.898    1.898  1   34.659   34.659  1
  460.0  460.4  1    1.898    1.898  1   34.660   34.660  1
  462.0  462.4  1    1.901    1.901  1   34.663   34.662  1
  464.0  464.4  1    1.902    1.902  1   34.664   34.664  1
  466.0  466.4  1    1.902    1.902  1   34.664   34.664  1
  468.0  468.4  1    1.898    1.898  1   34.665   34.665  1
  470.0  470.4  1    1.896    1.896  1   34.665   34.665  1
  472.0  472.4  1    1.895    1.895  1   34.666   34.666  1
  474.0  474.4  1    1.894    1.894  1   34.667   34.666  1
  476.0  476.4  1    1.895    1.895  1   34.668   34.668  1
  478.0  478.4  1    1.892    1.892  1   34.669   34.669  1
  480.0  480.4  1    1.891    1.891  1   34.669   34.669  1
  482.0  482.4  1    1.891    1.891  1   34.670   34.670  1
  484.0  484.4  1    1.891    1.891  1   34.670   34.670  1
  486.0  486.4  1    1.889    1.889  1   34.671   34.671  1
  488.0  488.4  1    1.893    1.893  1   34.673   34.672  1
  490.0  490.4  1    1.896    1.896  1   34.674   34.674  1
  492.0  492.4  1    1.899    1.899  1   34.675   34.675  1
  494.0  494.4  1    1.900    1.900  1   34.676   34.675  1
  496.0  496.4  1    1.900    1.900  1   34.676   34.676  1
  498.0  498.4  1    1.900    1.900  1   34.676   34.676  1
  500.0  500.4  1    1.900    1.900  1   34.676   34.676  1
  502.0  502.4  1    1.900    1.900  1   34.676   34.676  1
  504.0  504.4  1    1.900    1.900  1   34.677   34.676  1
  506.0  506.4  1    1.900    1.900  1   34.677   34.677  1
  508.0  508.4  1    1.900    1.900  1   34.678   34.677  1
  510.0  510.4  1    1.900    1.900  1   34.678   34.678  1
  512.0  512.4  1    1.900    1.900  1   34.679   34.678  1
  514.0  514.4  1    1.899    1.899  1   34.679   34.679  1
  516.0  516.4  1    1.899    1.899  1   34.680   34.680  1
  518.0  518.4  1    1.898    1.898  1   34.681   34.680  1
  520.0  520.4  1    1.897    1.897  1   34.681   34.681  1
  522.0  522.4  1    1.896    1.896  1   34.681   34.681  1
  524.0  524.4  1    1.893    1.893  1   34.682   34.682  1
  526.0  526.4  1    1.890    1.890  1   34.683   34.683  1
  528.0  528.4  1    1.887    1.887  1   34.684   34.684  1
  530.0  530.4  1    1.886    1.886  1   34.685   34.684  1
  532.0  532.4  1    1.885    1.885  1   34.685   34.684  1
  534.0  534.4  1    1.885    1.885  1   34.685   34.684  1
  536.0  536.4  1    1.884    1.884  1   34.685   34.685  1
  538.0  538.4  1    1.882    1.882  1   34.685   34.685  1
  540.0  540.4  1    1.880    1.880  1   34.686   34.685  1
  542.0  542.4  1    1.878    1.878  1   34.686   34.686  1
  544.0  544.4  1    1.876    1.876  1   34.686   34.686  1
  546.0  546.4  1    1.875    1.875  1   34.686   34.686  1
  548.0  548.4  1    1.874    1.874  1   34.687   34.686  1
  550.0  550.4  1    1.875    1.875  1   34.687   34.686  1
  552.0  552.4  1    1.873    1.873  1   34.687   34.686  1
  554.0  554.4  1    1.871    1.871  1   34.687   34.687  1
  556.0  556.4  1    1.869    1.869  1   34.687   34.687  1
  558.0  558.4  1    1.871    1.871  1   34.688   34.687  1
  560.0  560.4  1    1.867    1.867  1   34.689   34.689  1
  562.0  562.4  1    1.865    1.865  1   34.689   34.689  1
  564.0  564.4  1    1.860    1.860  1   34.689   34.688  1
  566.0  566.4  1    1.859    1.859  1   34.688   34.688  1
  568.0  568.4  1    1.859    1.859  1   34.688   34.688  1
  570.0  570.4  1    1.856    1.856  1   34.688   34.688  1
  572.0  572.3  1    1.846    1.846  1   34.688   34.688  1
  574.0  574.4  1    1.844    1.844  1   34.689   34.688  1
  576.0  576.4  1    1.848    1.848  1   34.690   34.690  1
  578.0  578.4  1    1.848    1.848  1   34.692   34.691  1
  580.0  580.4  1    1.848    1.848  1   34.692   34.692  1
  582.0  582.4  1    1.845    1.845  1   34.692   34.692  1
  584.0  584.4  1    1.836    1.836  1   34.693   34.692  1
  586.0  586.4  1    1.833    1.833  1   34.693   34.692  1
  588.0  588.4  1    1.830    1.830  1   34.693   34.692  1
  590.0  590.4  1    1.828    1.828  1   34.693   34.693  1
  592.0  592.4  1    1.822    1.822  1   34.693   34.693  1
  594.0  594.4  1    1.821    1.821  1   34.693   34.693  1
  596.0  596.4  1    1.815    1.815  1   34.694   34.694  1
  598.1  598.5  1    1.817    1.817  1   34.695   34.694  1
  600.0  600.4  1    1.819    1.819  1   34.695   34.695  1
  602.0  602.4  1    1.815    1.815  1   34.696   34.695  1
  604.0  604.4  1    1.811    1.811  1   34.695   34.695  1
  606.0  606.4  1    1.809    1.809  1   34.696   34.695  1
  608.0  608.4  1    1.804    1.804  1   34.695   34.695  1
  610.0  610.4  1    1.801    1.801  1   34.696   34.695  1
  612.0  612.4  1    1.798    1.798  1   34.696   34.696  1
  614.0  614.4  1    1.798    1.798  1   34.696   34.696  1
  616.0  616.4  1    1.798    1.798  1   34.696   34.696  1
  618.0  618.4  1    1.798    1.798  1   34.696   34.696  1
  620.0  620.4  1    1.798    1.798  1   34.697   34.697  1
  622.0  622.4  1    1.797    1.797  1   34.698   34.698  1
  624.0  624.4  1    1.797    1.797  1   34.699   34.698  1
  626.0  626.4  1    1.797    1.797  1   34.699   34.699  1
  628.0  628.4  1    1.796    1.796  1   34.700   34.699  1
  630.0  630.4  1    1.797    1.797  1   34.701   34.701  1
  632.0  632.3  1    1.798    1.798  1   34.701   34.701  1
  634.0  634.3  1    1.798    1.798  1   34.702   34.702  1
  636.0  636.4  1    1.798    1.798  1   34.702   34.702  1
  638.0  638.4  1    1.798    1.798  1   34.703   34.703  1
  640.0  640.4  1    1.798    1.798  1   34.704   34.704  1
  642.0  642.4  1    1.797    1.797  1   34.704   34.704  1
  644.0  644.4  1    1.798    1.798  1   34.704   34.704  1
  646.0  646.4  1    1.797    1.797  1   34.705   34.705  1
  648.0  648.4  1    1.796    1.796  1   34.706   34.705  1
  650.0  650.4  1    1.793    1.793  1   34.707   34.706  1
  652.0  652.4  1    1.792    1.792  1   34.707   34.707  1
  654.0  654.4  1    1.791    1.791  1   34.707   34.707  1
  656.0  656.4  1    1.791    1.791  1   34.707   34.707  1
  658.0  658.4  1    1.790    1.790  1   34.707   34.707  1
  660.0  660.4  1    1.790    1.790  1   34.707   34.707  1
  662.0  662.4  1    1.790    1.790  1   34.707   34.707  1
  664.0  664.4  1    1.789    1.789  1   34.708   34.707  1
  666.0  666.4  1    1.788    1.788  1   34.708   34.708  1
  668.0  668.4  1    1.786    1.786  1   34.708   34.708  1
  670.0  670.4  1    1.785    1.785  1   34.709   34.709  1
  672.0  672.4  1    1.784    1.784  1   34.709   34.709  1
  674.0  674.4  1    1.783    1.783  1   34.709   34.709  1
  676.0  676.4  1    1.782    1.782  1   34.709   34.709  1
  678.0  678.4  1    1.779    1.779  1   34.710   34.709  1
  680.0  680.3  1    1.775    1.775  1   34.710   34.710  1
  682.0  682.4  1    1.774    1.774  1   34.710   34.710  1
  684.0  684.4  1    1.774    1.774  1   34.710   34.710  1
  686.0  686.4  1    1.773    1.773  1   34.711   34.710  1
  688.0  688.4  1    1.773    1.773  1   34.711   34.711  1
  690.0  690.4  1    1.774    1.774  1   34.711   34.711  1
  692.0  692.4  1    1.772    1.772  1   34.711   34.711  1
  694.0  694.4  1    1.771    1.771  1   34.711   34.711  1
  696.0  696.4  1    1.769    1.769  1   34.712   34.711  1
  698.0  698.4  1    1.767    1.767  1   34.712   34.712  1
  700.0  700.3  1    1.766    1.766  1   34.712   34.712  1
  702.0  702.4  1    1.764    1.764  1   34.713   34.713  1
  704.0  704.4  1    1.762    1.762  1   34.713   34.713  1
  706.0  706.4  1    1.758    1.758  1   34.713   34.713  1
  708.0  708.4  1    1.758    1.758  1   34.713   34.713  1
  710.0  710.4  1    1.757    1.757  1   34.713   34.713  1
  712.0  712.4  1    1.755    1.755  1   34.713   34.713  1
  714.0  714.4  1    1.755    1.755  1   34.713   34.713  1
  716.0  716.4  1    1.748    1.748  1   34.714   34.713  1
  718.0  718.4  1    1.745    1.745  1   34.713   34.713  1
  720.0  720.4  1    1.745    1.745  1   34.714   34.713  1
  722.0  722.4  1    1.746    1.746  1   34.714   34.714  1
  724.0  724.4  1    1.743    1.743  1   34.714   34.714  1
  726.0  726.4  1    1.741    1.741  1   34.715   34.714  1
  728.0  728.4  1    1.740    1.740  1   34.715   34.715  1
  730.0  730.4  1    1.737    1.737  1   34.715   34.715  1
  732.0  732.3  1    1.735    1.735  1   34.716   34.715  1
  734.0  734.4  1    1.734    1.734  1   34.716   34.716  1
  736.0  736.4  1    1.729    1.729  1   34.716   34.716  1
  738.0  738.4  1    1.727    1.727  1   34.716   34.716  1
  740.0  740.4  1    1.724    1.724  1   34.716   34.716  1
  742.0  742.4  1    1.721    1.721  1   34.716   34.716  1
  744.0  744.4  1    1.720    1.720  1   34.716   34.716  1
  746.0  746.4  1    1.718    1.718  1   34.716   34.716  1
  748.0  748.4  1    1.720    1.720  1   34.717   34.716  1
  750.0  750.4  1    1.721    1.721  1   34.717   34.717  1
  752.0  752.4  1    1.722    1.722  1   34.717   34.717  1
  754.0  754.4  1    1.724    1.724  1   34.718   34.718  1
  756.0  756.4  1    1.724    1.724  1   34.718   34.718  1
  758.0  758.4  1    1.721    1.721  1   34.718   34.718  1
  760.0  760.4  1    1.719    1.719  1   34.718   34.718  1
  762.0  762.4  1    1.717    1.717  1   34.718   34.718  1
  764.0  764.4  1    1.716    1.716  1   34.718   34.718  1
  766.0  766.4  1    1.714    1.714  1   34.718   34.718  1
  768.0  768.4  1    1.708    1.708  1   34.719   34.719  1
  770.0  770.4  1    1.700    1.700  1   34.718   34.718  1
  772.0  772.4  1    1.696    1.696  1   34.718   34.718  1
  774.0  774.4  1    1.695    1.695  1   34.718   34.718  1
  776.0  776.4  1    1.695    1.695  1   34.719   34.718  1
  778.0  778.4  1    1.693    1.693  1   34.719   34.719  1
  780.0  780.3  1    1.690    1.690  1   34.719   34.719  1
  781.9  782.3  1    1.688    1.688  1   34.719   34.719  1
  784.0  784.4  1    1.685    1.685  1   34.719   34.719  1
  786.0  786.4  1    1.682    1.682  1   34.719   34.719  1
  788.0  788.4  1    1.679    1.679  1   34.719   34.719  1
  790.0  790.4  1    1.676    1.676  1   34.719   34.719  1
  792.0  792.4  1    1.675    1.675  1   34.720   34.719  1
  794.0  794.4  1    1.674    1.674  1   34.720   34.720  1
  796.0  796.4  1    1.671    1.671  1   34.720   34.720  1
  798.0  798.4  1    1.669    1.669  1   34.721   34.720  1
  800.0  800.4  1    1.669    1.669  1   34.721   34.720  1
  802.0  802.4  1    1.669    1.669  1   34.721   34.721  1
  804.0  804.4  1    1.669    1.669  1   34.721   34.721  1
  806.0  806.4  1    1.669    1.669  1   34.722   34.721  1
  808.0  808.4  1    1.668    1.668  1   34.722   34.721  1
  810.0  810.4  1    1.667    1.667  1   34.722   34.722  1
  812.0  812.4  1    1.665    1.665  1   34.722   34.722  1
  814.0  814.4  1    1.663    1.663  1   34.722   34.722  1
  816.0  816.4  1    1.660    1.660  1   34.723   34.722  1
  818.0  818.4  1    1.659    1.659  1   34.723   34.722  1
  820.0  820.4  1    1.656    1.656  1   34.723   34.723  1
  822.0  822.4  1    1.655    1.655  1   34.724   34.723  1
  824.0  824.4  1    1.654    1.654  1   34.724   34.723  1
  826.0  826.4  1    1.653    1.653  1   34.724   34.723  1
  828.0  828.4  1    1.645    1.645  1   34.724   34.723  1
  830.0  830.4  1    1.640    1.640  1   34.723   34.723  1
  832.0  832.4  1    1.638    1.638  1   34.723   34.723  1
  834.0  834.4  1    1.637    1.637  1   34.724   34.723  1
  836.0  836.4  1    1.638    1.638  1   34.724   34.724  1
  838.0  838.4  1    1.637    1.637  1   34.724   34.724  1
  840.0  840.4  1    1.636    1.636  1   34.724   34.724  1
  842.0  842.4  1    1.632    1.632  1   34.724   34.724  1
  844.0  844.4  1    1.620    1.620  1   34.724   34.724  1
  846.0  846.4  1    1.612    1.612  1   34.723   34.723  1
  848.0  848.4  1    1.612    1.612  1   34.724   34.723  1
  850.0  850.4  1    1.611    1.611  1   34.724   34.723  1
  852.0  852.4  1    1.611    1.611  1   34.724   34.723  1
  854.0  854.4  1    1.610    1.610  1   34.724   34.723  1
  856.0  856.4  1    1.609    1.609  1   34.724   34.724  1
  858.0  858.4  1    1.608    1.608  1   34.724   34.724  1
  860.0  860.4  1    1.606    1.606  1   34.724   34.724  1
  862.0  862.4  1    1.605    1.605  1   34.724   34.724  1
  864.0  864.4  1    1.604    1.604  1   34.724   34.724  1
  866.0  866.4  1    1.602    1.602  1   34.724   34.724  1
  868.0  868.4  1    1.594    1.594  1   34.725   34.724  1
  870.0  870.4  1    1.594    1.594  1   34.725   34.724  1
  872.0  872.4  1    1.593    1.593  1   34.725   34.724  1
  874.0  874.4  1    1.590    1.590  1   34.725   34.725  1
  876.0  876.4  1    1.589    1.589  1   34.725   34.725  1
  878.0  878.4  1    1.588    1.588  1   34.725   34.725  1
  880.0  880.4  1    1.589    1.589  1   34.725   34.725  1
  882.0  882.4  1    1.588    1.588  1   34.726   34.726  1
  884.0  884.4  1    1.587    1.587  1   34.726   34.726  1
  886.0  886.4  1    1.589    1.589  1   34.726   34.726  1
  888.0  888.4  1    1.587    1.587  1   34.727   34.726  1
  890.0  890.4  1    1.586    1.586  1   34.727   34.726  1
  892.0  892.4  1    1.584    1.584  1   34.727   34.727  1
  894.0  894.4  1    1.578    1.578  1   34.727   34.726  1
  896.0  896.4  1    1.576    1.576  1   34.726   34.726  1
  898.0  898.4  1    1.572    1.572  1   34.726   34.726  1
  900.0  900.4  1    1.571    1.571  1   34.727   34.726  1
  902.0  902.4  1    1.570    1.570  1   34.727   34.726  1
  904.0  904.4  1    1.571    1.571  1   34.727   34.727  1
  906.0  906.3  1    1.576    1.576  1   34.728   34.727  1
  908.0  908.3  1    1.580    1.580  1   34.728   34.728  1
  910.0  910.4  1    1.578    1.578  1   34.728   34.728  1
  912.0  912.4  1    1.577    1.577  1   34.728   34.728  1
  914.0  914.4  1    1.575    1.575  1   34.728   34.728  1
  916.0  916.4  1    1.574    1.574  1   34.728   34.728  1
  918.0  918.4  1    1.574    1.574  1   34.728   34.728  1
  920.0  920.4  1    1.574    1.574  1   34.728   34.728  1
  922.0  922.4  1    1.573    1.573  1   34.728   34.728  1
  924.0  924.4  1    1.569    1.569  1   34.728   34.728  1
  926.0  926.4  1    1.562    1.562  1   34.728   34.727  1
  928.0  928.4  1    1.548    1.548  1   34.726   34.726  1
  930.0  930.4  1    1.548    1.548  1   34.726   34.726  1
  932.0  932.4  1    1.546    1.546  1   34.727   34.727  1
  934.0  934.4  1    1.545    1.545  1   34.727   34.726  1
  936.0  936.4  1    1.543    1.543  1   34.726   34.726  1
  938.0  938.4  1    1.541    1.541  1   34.727   34.726  1
  940.0  940.4  1    1.540    1.540  1   34.727   34.726  1
  942.0  942.4  1    1.539    1.539  1   34.727   34.727  1
  944.0  944.4  1    1.539    1.539  1   34.727   34.727  1
  946.0  946.4  1    1.539    1.539  1   34.727   34.727  1
  948.0  948.4  1    1.538    1.538  1   34.727   34.727  1
  950.0  950.4  1    1.538    1.538  1   34.727   34.727  1
  952.0  952.4  1    1.538    1.538  1   34.727   34.727  1
  954.0  954.4  1    1.538    1.538  1   34.727   34.727  1
  956.0  956.4  1    1.536    1.536  1   34.728   34.727  1
  958.0  958.4  1    1.535    1.535  1   34.728   34.727  1
  960.0  960.4  1    1.533    1.533  1   34.728   34.727  1
  962.0  962.4  1    1.532    1.532  1   34.728   34.727  1
  964.0  964.4  1    1.530    1.530  1   34.728   34.727  1
  966.0  966.4  1    1.526    1.526  1   34.728   34.727  1
  968.0  968.4  1    1.524    1.524  1   34.728   34.727  1
  970.0  970.4  1    1.521    1.521  1   34.727   34.727  1
  972.0  972.4  1    1.520    1.520  1   34.727   34.727  1
  974.0  974.4  1    1.519    1.519  1   34.727   34.727  1
  976.0  976.4  1    1.517    1.517  1   34.727   34.727  1
  978.0  978.4  1    1.514    1.514  1   34.727   34.727  1
  980.0  980.4  1    1.509    1.509  1   34.728   34.727  1
  982.0  982.4  1    1.506    1.506  1   34.727   34.727  1
  984.0  984.4  1    1.503    1.503  1   34.728   34.727  1
  986.0  986.3  1    1.498    1.498  1   34.728   34.727  1
  988.0  988.4  1    1.497    1.497  1   34.728   34.727  1
  990.0  990.4  1    1.494    1.494  1   34.728   34.727  1
  992.0  992.4  1    1.492    1.492  1   34.728   34.727  1
  994.0  994.4  1    1.489    1.489  1   34.728   34.727  1
  996.0  996.4  1    1.485    1.485  1   34.728   34.727  1
  998.0  998.4  1    1.482    1.482  1   34.727   34.727  1
 1000.0 1000.4  1    1.481    1.481  1   34.727   34.727  1
 1002.0 1002.4  1    1.480    1.480  1   34.727   34.727  1
 1004.0 1004.4  1    1.480    1.480  1   34.727   34.727  1
 1006.0 1006.4  1    1.479    1.479  1   34.727   34.727  1
 1008.0 1008.4  1    1.477    1.477  1   34.727   34.727  1
 1010.0 1010.4  1    1.475    1.475  1   34.727   34.727  1
 1012.0 1012.4  1    1.475    1.475  1   34.727   34.727  1
 1014.0 1014.4  1    1.473    1.473  1   34.727   34.727  1
 1016.0 1016.4  1    1.472    1.472  1   34.727   34.727  1
 1018.0 1018.4  1    1.472    1.472  1   34.727   34.727  1
 1020.0 1020.4  1    1.472    1.472  1   34.727   34.727  1
 1022.0 1022.4  1    1.471    1.471  1   34.727   34.727  1
 1024.0 1024.4  1    1.470    1.470  1   34.727   34.727  1
 1026.0 1026.4  1    1.468    1.468  1   34.727   34.727  1
 1028.0 1028.4  1    1.466    1.466  1   34.727   34.727  1
 1030.0 1030.4  1    1.465    1.465  1   34.727   34.727  1
 1032.0 1032.4  1    1.462    1.462  1   34.727   34.727  1
 1034.0 1034.4  1    1.457    1.457  1   34.727   34.727  1
 1036.0 1036.4  1    1.453    1.453  1   34.727   34.727  1
 1038.0 1038.4  1    1.452    1.452  1   34.727   34.726  1
 1040.0 1040.4  1    1.451    1.451  1   34.727   34.726  1
 1042.0 1042.4  1    1.446    1.446  1   34.727   34.726  1
 1044.0 1044.4  1    1.444    1.444  1   34.727   34.726  1
 1046.0 1046.4  1    1.443    1.443  1   34.727   34.726  1
 1048.0 1048.4  1    1.442    1.442  1   34.727   34.726  1
 1050.0 1050.4  1    1.440    1.440  1   34.727   34.726  1
 1052.0 1052.4  1    1.438    1.438  1   34.727   34.726  1
 1054.0 1054.4  1    1.437    1.437  1   34.727   34.726  1
 1056.0 1056.3  1    1.437    1.437  1   34.726   34.726  1
 1058.0 1058.4  1    1.433    1.433  1   34.726   34.726  1
 1060.0 1060.4  1    1.430    1.430  1   34.726   34.726  1
 1062.0 1062.4  1    1.427    1.427  1   34.726   34.726  1
 1064.0 1064.4  1    1.427    1.427  1   34.726   34.726  1
 1066.0 1066.4  1    1.426    1.426  1   34.726   34.726  1
 1068.0 1068.4  1    1.425    1.425  1   34.726   34.726  1
 1070.0 1070.4  1    1.421    1.421  1   34.726   34.726  1
 1072.0 1072.4  1    1.419    1.419  1   34.726   34.726  1
 1074.0 1074.4  1    1.416    1.416  1   34.726   34.726  1
 1076.0 1076.4  1    1.414    1.414  1   34.726   34.726  1
 1078.0 1078.4  1    1.413    1.413  1   34.726   34.726  1
 1080.0 1080.4  1    1.410    1.410  1   34.726   34.726  1
 1082.0 1082.4  1    1.406    1.406  1   34.726   34.726  1
 1084.0 1084.4  1    1.400    1.400  1   34.726   34.726  1
 1086.0 1086.4  1    1.399    1.399  1   34.726   34.726  1
 1088.0 1088.4  1    1.398    1.398  1   34.726   34.726  1
 1090.0 1090.4  1    1.394    1.394  1   34.726   34.726  1
 1092.0 1092.4  1    1.391    1.391  1   34.726   34.726  1
 1094.0 1094.4  1    1.390    1.390  1   34.726   34.726  1
 1096.0 1096.4  1    1.386    1.386  1   34.726   34.726  1
 1098.1 1098.4  1    1.385    1.385  1   34.726   34.726  1
 1100.0 1100.4  1    1.384    1.384  1   34.726   34.726  1
 1102.0 1102.4  1    1.382    1.382  1   34.726   34.726  1
 1104.0 1104.4  1    1.382    1.382  1   34.726   34.726  1
 1106.0 1106.4  1    1.380    1.380  1   34.726   34.726  1
 1108.0 1108.4  1    1.377    1.377  1   34.726   34.726  1
 1110.0 1110.4  1    1.375    1.375  1   34.726   34.725  1
 1112.0 1112.4  1    1.373    1.373  1   34.726   34.725  1
 1114.0 1114.4  1    1.371    1.371  1   34.726   34.725  1
 1116.0 1116.4  1    1.370    1.370  1   34.726   34.726  1
 1118.0 1118.4  1    1.369    1.369  1   34.726   34.726  1
 1120.0 1120.4  1    1.369    1.369  1   34.726   34.726  1
 1122.0 1122.4  1    1.367    1.367  1   34.726   34.726  1
 1124.0 1124.4  1    1.363    1.363  1   34.726   34.725  1
 1126.0 1126.4  1    1.362    1.362  1   34.726   34.725  1
 1128.0 1128.4  1    1.361    1.361  1   34.726   34.726  1
 1130.0 1130.4  1    1.361    1.361  1   34.726   34.726  1
 1132.0 1132.4  1    1.361    1.361  1   34.727   34.726  1
 1134.0 1134.4  1    1.362    1.362  1   34.727   34.727  1
 1136.0 1136.4  1    1.362    1.362  1   34.727   34.727  1
 1138.0 1138.4  1    1.363    1.363  1   34.727   34.727  1
 1140.0 1140.4  1    1.363    1.363  1   34.727   34.727  1
 1142.0 1142.4  1    1.363    1.363  1   34.728   34.727  1
 1144.0 1144.4  1    1.364    1.364  1   34.728   34.727  1
 1146.0 1146.4  1    1.363    1.363  1   34.728   34.728  1
 1148.0 1148.4  1    1.362    1.362  1   34.728   34.727  1
 1150.0 1150.4  1    1.359    1.359  1   34.728   34.727  1
 1152.0 1152.4  1    1.354    1.354  1   34.728   34.727  1
 1154.0 1154.4  1    1.352    1.352  1   34.727   34.727  1
 1156.0 1156.4  1    1.351    1.351  1   34.727   34.727  1
 1158.0 1158.4  1    1.346    1.346  1   34.727   34.727  1
 1160.0 1160.4  1    1.342    1.342  1   34.727   34.727  1
 1162.0 1162.4  1    1.342    1.342  1   34.727   34.727  1
 1164.0 1164.4  1    1.341    1.341  1   34.727   34.727  1
 1166.0 1166.4  1    1.338    1.338  1   34.727   34.727  1
 1168.0 1168.4  1    1.337    1.337  1   34.727   34.727  1
 1170.0 1170.3  1    1.336    1.336  1   34.727   34.726  1
 1172.0 1172.4  1    1.334    1.334  1   34.727   34.726  1
 1174.0 1174.4  1    1.326    1.326  1   34.726   34.726  1
 1176.0 1176.4  1    1.321    1.321  1   34.726   34.726  1
 1178.0 1178.4  1    1.321    1.321  1   34.726   34.726  1
 1180.0 1180.4  1    1.321    1.321  1   34.726   34.726  1
 1182.0 1182.4  1    1.321    1.321  1   34.726   34.726  1
 1184.0 1184.4  1    1.321    1.321  1   34.726   34.726  1
 1186.0 1186.4  1    1.322    1.322  1   34.727   34.726  1
 1188.0 1188.4  1    1.321    1.321  1   34.727   34.726  1
 1190.0 1190.4  1    1.314    1.314  1   34.727   34.726  1
 1192.0 1192.4  1    1.312    1.312  1   34.726   34.726  1
 1194.0 1194.4  1    1.311    1.311  1   34.726   34.726  1
 1196.0 1196.4  1    1.303    1.303  1   34.726   34.726  1
 1198.0 1198.4  1    1.290    1.290  1   34.725   34.725  1
 1200.0 1200.4  1    1.294    1.294  1   34.725   34.725  1
 1202.0 1202.4  1    1.296    1.296  1   34.726   34.725  1
 1204.1 1204.4  1    1.282    1.282  1   34.725   34.725  1
 1206.0 1206.4  1    1.280    1.280  1   34.724   34.724  1
 1208.0 1208.4  1    1.262    1.262  1   34.723   34.722  1
 1210.0 1210.4  1    1.254    1.254  1   34.722   34.721  1
 1212.0 1212.4  1    1.252    1.252  1   34.722   34.721  1
 1214.0 1214.4  1    1.250    1.250  1   34.721   34.721  1
 1216.0 1216.4  1    1.250    1.250  1   34.722   34.721  1
 1218.0 1218.4  1    1.254    1.254  1   34.722   34.722  1
 1220.0 1220.4  1    1.260    1.260  1   34.723   34.723  1
 1222.0 1222.4  1    1.265    1.265  1   34.724   34.724  1
 1224.0 1224.4  1    1.263    1.263  1   34.724   34.724  1
 1226.0 1226.4  1    1.257    1.257  1   34.723   34.723  1
 1228.0 1228.4  1    1.244    1.244  1   34.722   34.722  1
 1230.0 1230.4  1    1.234    1.234  1   34.721   34.721  1
 1232.0 1232.4  1    1.236    1.236  1   34.722   34.721  1
 1234.0 1234.4  1    1.245    1.245  1   34.723   34.723  1
 1236.0 1236.4  1    1.249    1.249  1   34.723   34.723  1
 1238.0 1238.4  1    1.249    1.249  1   34.724   34.724  1
 1240.0 1240.4  1    1.248    1.248  1   34.724   34.723  1
 1242.0 1242.4  1    1.246    1.246  1   34.724   34.724  1
 1243.9 1244.3  1    1.245    1.245  1   34.724   34.724  1
 1246.0 1246.4  1    1.244    1.244  1   34.724   34.724  1
 1248.0 1248.4  1    1.242    1.242  1   34.724   34.724  1
 1250.0 1250.4  1    1.240    1.240  1   34.724   34.723  1
 1252.0 1252.4  1    1.239    1.239  1   34.724   34.724  1
 1254.0 1254.4  1    1.239    1.239  1   34.724   34.724  1
 1256.0 1256.3  1    1.236    1.236  1   34.724   34.724  1
 1258.0 1258.4  1    1.233    1.233  1   34.724   34.724  1
 1260.0 1260.4  1    1.232    1.232  1   34.724   34.724  1
 1262.0 1262.4  1    1.231    1.231  1   34.724   34.724  1
 1264.0 1264.4  1    1.229    1.229  1   34.724   34.723  1
 1266.0 1266.4  1    1.228    1.228  1   34.724   34.723  1
 1268.0 1268.4  1    1.226    1.226  1   34.724   34.723  1
 1270.0 1270.4  1    1.225    1.225  1   34.724   34.723  1
 1272.0 1272.4  1    1.224    1.224  1   34.724   34.723  1
 1274.0 1274.4  1    1.223    1.223  1   34.723   34.723  1
 1276.0 1276.4  1    1.219    1.219  1   34.723   34.723  1
 1278.0 1278.4  1    1.216    1.216  1   34.723   34.723  1
 1280.0 1280.4  1    1.215    1.215  1   34.723   34.723  1
 1282.0 1282.4  1    1.212    1.212  1   34.723   34.723  1
 1284.0 1284.4  1    1.208    1.208  1   34.723   34.722  1
 1286.0 1286.4  1    1.204    1.204  1   34.722   34.722  1
 1288.0 1288.4  1    1.203    1.203  1   34.722   34.722  1
 1290.0 1290.4  1    1.203    1.203  1   34.722   34.722  1
 1292.0 1292.3  1    1.200    1.200  1   34.722   34.722  1
 1294.0 1294.4  1    1.197    1.197  1   34.722   34.722  1
 1296.0 1296.4  1    1.196    1.196  1   34.722   34.722  1
 1298.0 1298.4  1    1.194    1.194  1   34.722   34.722  1
 1300.0 1300.4  1    1.193    1.193  1   34.722   34.721  1
 1302.0 1302.4  1    1.192    1.192  1   34.722   34.721  1
 1304.0 1304.4  1    1.190    1.190  1   34.722   34.721  1
 1306.0 1306.4  1    1.188    1.188  1   34.722   34.721  1
 1308.0 1308.4  1    1.189    1.189  1   34.722   34.722  1
 1310.0 1310.4  1    1.189    1.189  1   34.722   34.722  1
 1312.0 1312.4  1    1.189    1.189  1   34.722   34.722  1
 1314.0 1314.4  1    1.188    1.188  1   34.722   34.722  1
 1316.0 1316.4  1    1.186    1.186  1   34.722   34.722  1
 1318.0 1318.4  1    1.183    1.183  1   34.722   34.722  1
 1320.0 1320.4  1    1.179    1.179  1   34.722   34.722  1
 1322.0 1322.4  1    1.179    1.179  1   34.722   34.722  1
 1324.0 1324.4  1    1.179    1.179  1   34.722   34.722  1
 1326.0 1326.4  1    1.178    1.178  1   34.722   34.722  1
 1328.0 1328.4  1    1.177    1.177  1   34.722   34.722  1
 1330.0 1330.4  1    1.176    1.176  1   34.722   34.722  1
 1332.0 1332.4  1    1.176    1.176  1   34.722   34.722  1
 1334.0 1334.4  1    1.176    1.176  1   34.722   34.721  1
 1336.0 1336.4  1    1.173    1.173  1   34.722   34.721  1
 1338.0 1338.4  1    1.170    1.170  1   34.721   34.721  1
 1340.0 1340.4  1    1.167    1.167  1   34.721   34.721  1
 1342.0 1342.4  1    1.167    1.167  1   34.721   34.721  1
 1344.0 1344.4  1    1.165    1.165  1   34.721   34.721  1
 1346.0 1346.4  1    1.161    1.161  1   34.721   34.721  1
 1348.0 1348.4  1    1.159    1.159  1   34.721   34.721  1
 1350.0 1350.4  1    1.157    1.157  1   34.721   34.721  1
 1352.0 1352.4  1    1.157    1.157  1   34.721   34.721  1
 1354.0 1354.4  1    1.157    1.157  1   34.721   34.720  1
 1356.0 1356.4  1    1.154    1.154  1   34.721   34.720  1
 1358.0 1358.4  1    1.152    1.152  1   34.720   34.720  1
 1360.0 1360.4  1    1.149    1.149  1   34.720   34.720  1
 1362.0 1362.4  1    1.145    1.145  1   34.720   34.720  1
 1364.0 1364.4  1    1.142    1.142  1   34.720   34.720  1
 1366.0 1366.4  1    1.142    1.142  1   34.720   34.720  1
 1368.0 1368.4  1    1.142    1.142  1   34.720   34.720  1
 1370.0 1370.4  1    1.142    1.142  1   34.720   34.720  1
 1372.0 1372.4  1    1.142    1.142  1   34.720   34.720  1
 1374.0 1374.4  1    1.142    1.142  1   34.720   34.720  1
 1376.0 1376.4  1    1.142    1.142  1   34.720   34.720  1
 1378.0 1378.4  1    1.142    1.142  1   34.720   34.720  1
 1380.0 1380.4  1    1.141    1.141  1   34.720   34.720  1
 1382.0 1382.4  1    1.140    1.140  1   34.720   34.720  1
 1384.1 1384.4  1    1.138    1.138  1   34.720   34.720  1
 1386.0 1386.4  1    1.138    1.138  1   34.720   34.720  1
 1388.0 1388.3  1    1.135    1.135  1   34.720   34.720  1
 1390.0 1390.4  1    1.133    1.133  1   34.720   34.720  1
 1392.0 1392.4  1    1.129    1.129  1   34.720   34.719  1
 1394.0 1394.4  1    1.128    1.128  1   34.720   34.719  1
 1395.9 1396.3  1    1.126    1.126  1   34.720   34.719  1
 1398.0 1398.4  1    1.125    1.125  1   34.719   34.719  1
 1400.0 1400.4  1    1.124    1.124  1   34.719   34.719  1
 1402.0 1402.4  1    1.123    1.123  1   34.719   34.719  1
 1404.0 1404.4  1    1.123    1.123  1   34.719   34.719  1
 1406.0 1406.4  1    1.122    1.122  1   34.719   34.719  1
 1408.0 1408.4  1    1.119    1.119  1   34.719   34.719  1
 1410.0 1410.4  1    1.116    1.116  1   34.719   34.719  1
 1412.0 1412.4  1    1.113    1.113  1   34.719   34.718  1
 1414.0 1414.4  1    1.109    1.109  1   34.718   34.718  1
 1416.0 1416.4  1    1.108    1.108  1   34.718   34.718  1
 1418.0 1418.4  1    1.107    1.107  1   34.718   34.718  1
 1420.0 1420.4  1    1.106    1.106  1   34.718   34.718  1
 1422.0 1422.4  1    1.104    1.104  1   34.718   34.718  1
 1424.0 1424.4  1    1.103    1.103  1   34.718   34.718  1
 1426.0 1426.4  1    1.100    1.100  1   34.718   34.718  1
 1428.0 1428.4  1    1.098    1.098  1   34.718   34.718  1
 1430.0 1430.4  1    1.092    1.092  1   34.718   34.717  1
 1432.0 1432.3  1    1.090    1.090  1   34.718   34.717  1
 1434.0 1434.4  1    1.085    1.085  1   34.717   34.717  1
 1436.0 1436.4  1    1.082    1.082  1   34.717   34.717  1
 1438.0 1438.4  1    1.083    1.083  1   34.717   34.717  1
 1440.0 1440.4  1    1.078    1.078  1   34.717   34.717  1
 1442.0 1442.4  1    1.075    1.075  1   34.717   34.716  1
 1444.0 1444.4  1    1.074    1.074  1   34.717   34.716  1
 1446.0 1446.4  1    1.073    1.073  1   34.716   34.716  1
 1448.0 1448.4  1    1.072    1.072  1   34.716   34.716  1
 1450.0 1450.4  1    1.071    1.071  1   34.716   34.716  1
 1452.0 1452.4  1    1.070    1.070  1   34.716   34.716  1
 1454.0 1454.4  1    1.069    1.069  1   34.716   34.716  1
 1456.0 1456.4  1    1.067    1.067  1   34.716   34.716  1
 1458.0 1458.4  1    1.066    1.066  1   34.716   34.716  1
 1460.0 1460.4  1    1.062    1.062  1   34.716   34.716  1
 1462.0 1462.4  1    1.060    1.060  1   34.715   34.715  1
 1464.0 1464.4  1    1.053    1.053  1   34.715   34.715  1
 1466.0 1466.4  1    1.040    1.040  1   34.713   34.713  1
 1468.0 1468.4  1    1.039    1.039  1   34.713   34.713  1
 1470.0 1470.4  1    1.037    1.037  1   34.713   34.713  1
 1472.0 1472.4  1    1.033    1.033  1   34.713   34.713  1
 1474.0 1474.4  1    1.030    1.030  1   34.713   34.713  1
 1476.0 1476.4  1    1.029    1.029  1   34.713   34.713  1
 1478.0 1478.4  1    1.028    1.028  1   34.713   34.712  1
 1480.0 1480.4  1    1.028    1.028  1   34.713   34.712  1
 1482.0 1482.4  1    1.028    1.028  1   34.713   34.712  1
 1484.0 1484.4  1    1.028    1.028  1   34.713   34.712  1
 1486.0 1486.4  1    1.027    1.027  1   34.713   34.712  1
 1488.0 1488.4  1    1.026    1.026  1   34.713   34.712  1
 1490.0 1490.4  1    1.026    1.026  1   34.713   34.712  1
 1492.0 1492.4  1    1.026    1.026  1   34.713   34.712  1
 1494.0 1494.4  1    1.026    1.026  1   34.713   34.712  1
 1496.0 1496.4  1    1.027    1.027  1   34.713   34.712  1
 1498.0 1498.4  1    1.028    1.028  1   34.713   34.713  1
 1500.0 1500.4  1    1.030    1.030  1   34.713   34.713  1
 1502.0 1502.4  1    1.032    1.032  1   34.714   34.713  1
 1504.0 1504.4  1    1.030    1.030  1   34.714   34.713  1
 1506.0 1506.4  1    1.028    1.028  1   34.713   34.713  1
 1508.0 1508.3  1    1.028    1.028  1   34.714   34.713  1
 1510.0 1510.3  1    1.026    1.026  1   34.714   34.713  1
 1511.9 1512.3  1    1.023    1.023  1   34.713   34.713  1
 1514.0 1514.3  1    1.019    1.019  1   34.713   34.713  1
 1516.0 1516.3  1    1.015    1.015  1   34.713   34.713  1
 1518.0 1518.4  1    1.015    1.015  1   34.713   34.713  1
 1520.0 1520.4  1    1.012    1.012  1   34.713   34.712  1
 1522.0 1522.4  1    1.012    1.012  1   34.713   34.712  1
 1524.0 1524.4  1    1.010    1.010  1   34.713   34.712  1
 1526.0 1526.4  1    1.009    1.009  1   34.713   34.712  1
 1528.0 1528.4  1    1.007    1.007  1   34.712   34.712  1
 1530.0 1530.4  1    1.002    1.002  1   34.712   34.712  1
 1532.0 1532.4  1    1.001    1.001  1   34.712   34.712  1
 1534.0 1534.4  1    1.001    1.001  1   34.712   34.712  1
 1536.0 1536.4  1    1.002    1.002  1   34.712   34.712  1
 1538.0 1538.4  1    1.000    1.000  1   34.712   34.712  1
 1540.0 1540.4  1    0.998    0.998  1   34.712   34.712  1
 1542.0 1542.4  1    0.998    0.998  1   34.712   34.712  1
 1544.0 1544.4  1    0.996    0.996  1   34.712   34.712  1
 1546.0 1546.4  1    0.996    0.996  1   34.712   34.712  1
 1548.0 1548.4  1    0.995    0.995  1   34.712   34.712  1
 1550.0 1550.4  1    0.994    0.994  1   34.712   34.712  1
 1552.0 1552.4  1    0.994    0.994  1   34.712   34.712  1
 1554.0 1554.4  1    0.993    0.993  1   34.712   34.712  1
 1556.0 1556.4  1    0.989    0.989  1   34.712   34.712  1
 1558.0 1558.4  1    0.988    0.988  1   34.712   34.712  1
 1560.0 1560.4  1    0.984    0.984  1   34.712   34.712  1
 1562.0 1562.4  1    0.974    0.974  1   34.710   34.710  1
 1564.0 1564.4  1    0.973    0.973  1   34.711   34.710  1
 1566.0 1566.4  1    0.973    0.973  1   34.711   34.710  1
 1568.0 1568.4  1    0.973    0.973  1   34.710   34.710  1
 1570.0 1570.4  1    0.973    0.973  1   34.710   34.710  1
 1572.0 1572.4  1    0.973    0.973  1   34.710   34.710  1
 1574.0 1574.4  1    0.973    0.973  1   34.710   34.710  1
 1576.0 1576.4  1    0.973    0.973  1   34.710   34.710  1
 1578.0 1578.4  1    0.973    0.973  1   34.711   34.710  1
 1580.0 1580.4  1    0.972    0.972  1   34.711   34.710  1
 1582.0 1582.4  1    0.972    0.972  1   34.710   34.710  1
 1584.0 1584.4  1    0.970    0.970  1   34.711   34.710  1
 1586.0 1586.4  1    0.969    0.969  1   34.711   34.711  1
 1588.0 1588.4  1    0.968    0.968  1   34.711   34.711  1
 1590.0 1590.4  1    0.968    0.968  1   34.711   34.710  1
 1592.0 1592.4  1    0.967    0.967  1   34.711   34.710  1
 1594.0 1594.4  1    0.966    0.966  1   34.711   34.710  1
 1596.0 1596.4  1    0.965    0.965  1   34.711   34.710  1
 1598.0 1598.4  1    0.965    0.965  1   34.711   34.710  1
 1600.0 1600.4  1    0.964    0.964  1   34.710   34.710  1
 1602.0 1602.4  1    0.963    0.963  1   34.710   34.710  1
 1604.0 1604.4  1    0.962    0.962  1   34.710   34.710  1
 1606.0 1606.4  1    0.962    0.962  1   34.710   34.710  1
 1608.0 1608.4  1    0.961    0.961  1   34.710   34.710  1
 1610.0 1610.4  1    0.956    0.956  1   34.710   34.710  1
 1612.0 1612.4  1    0.950    0.950  1   34.709   34.709  1
 1614.0 1614.4  1    0.949    0.949  1   34.709   34.709  1
 1616.0 1616.4  1    0.945    0.945  1   34.709   34.709  1
 1618.0 1618.4  1    0.941    0.941  1   34.709   34.709  1
 1620.0 1620.4  1    0.940    0.940  1   34.709   34.709  1
 1622.0 1622.4  1    0.938    0.938  1   34.709   34.709  1
 1624.0 1624.4  1    0.936    0.936  1   34.709   34.708  1
 1626.0 1626.4  1    0.935    0.935  1   34.709   34.708  1
 1628.0 1628.4  1    0.934    0.934  1   34.708   34.708  1
 1630.0 1630.4  1    0.932    0.932  1   34.708   34.708  1
 1632.0 1632.4  1    0.929    0.929  1   34.708   34.708  1
 1634.0 1634.4  1    0.924    0.924  1   34.708   34.708  1
 1636.0 1636.4  1    0.920    0.920  1   34.708   34.707  1
 1638.0 1638.4  1    0.918    0.918  1   34.708   34.707  1
 1640.0 1640.4  1    0.917    0.917  1   34.707   34.707  1
 1642.0 1642.4  1    0.916    0.916  1   34.707   34.707  1
 1644.0 1644.4  1    0.914    0.914  1   34.707   34.707  1
 1646.0 1646.4  1    0.913    0.913  1   34.707   34.707  1
 1648.0 1648.4  1    0.911    0.911  1   34.707   34.707  1
 1650.0 1650.3  1    0.910    0.910  1   34.707   34.707  1
 1652.0 1652.4  1    0.909    0.909  1   34.707   34.706  1
 1654.0 1654.4  1    0.905    0.905  1   34.706   34.706  1
 1656.0 1656.4  1    0.901    0.901  1   34.706   34.706  1
 1658.0 1658.4  1    0.900    0.900  1   34.706   34.706  1
 1660.0 1660.4  1    0.896    0.896  1   34.706   34.706  1
 1662.0 1662.4  1    0.895    0.895  1   34.706   34.705  1
 1664.0 1664.4  1    0.893    0.893  1   34.705   34.705  1
 1666.0 1666.4  1    0.892    0.892  1   34.705   34.705  1
 1668.0 1668.4  1    0.889    0.889  1   34.705   34.705  1
 1670.0 1670.4  1    0.886    0.886  1   34.705   34.705  1
 1672.0 1672.4  1    0.883    0.883  1   34.705   34.705  1
 1674.0 1674.4  1    0.881    0.881  1   34.705   34.705  1
 1676.0 1676.3  1    0.879    0.879  1   34.705   34.705  1
 1678.0 1678.4  1    0.878    0.878  1   34.705   34.705  1
 1680.0 1680.4  1    0.878    0.878  1   34.705   34.705  1
 1682.0 1682.4  1    0.876    0.876  1   34.705   34.705  1
 1684.0 1684.4  1    0.874    0.874  1   34.705   34.704  1
 1686.0 1686.4  1    0.871    0.871  1   34.704   34.704  1
 1688.0 1688.4  1    0.868    0.868  1   34.704   34.704  1
 1690.0 1690.4  1    0.865    0.865  1   34.704   34.704  1
 1692.0 1692.4  1    0.863    0.863  1   34.704   34.703  1
 1694.0 1694.4  1    0.861    0.861  1   34.704   34.703  1
 1696.0 1696.4  1    0.859    0.859  1   34.703   34.703  1
 1698.0 1698.4  1    0.857    0.857  1   34.703   34.703  1
 1700.0 1700.4  1    0.855    0.855  1   34.703   34.703  1
 1702.1 1702.4  1    0.850    0.850  1   34.703   34.702  1
 1704.0 1704.4  1    0.847    0.847  1   34.702   34.702  1
 1706.0 1706.4  1    0.844    0.844  1   34.702   34.702  1
 1708.0 1708.4  1    0.841    0.841  1   34.702   34.702  1
 1710.0 1710.4  1    0.838    0.838  1   34.702   34.701  1
 1712.0 1712.4  1    0.836    0.836  1   34.701   34.701  1
 1714.0 1714.4  1    0.835    0.835  1   34.701   34.701  1
 1716.0 1716.4  1    0.834    0.834  1   34.701   34.701  1
 1718.0 1718.4  1    0.833    0.833  1   34.701   34.701  1
 1720.0 1720.4  1    0.833    0.833  1   34.701   34.701  1
 1722.0 1722.4  1    0.832    0.832  1   34.701   34.701  1
 1724.0 1724.4  1    0.831    0.831  1   34.701   34.701  1
 1726.0 1726.4  1    0.829    0.829  1   34.701   34.701  1
 1728.0 1728.4  1    0.828    0.828  1   34.701   34.701  1
 1730.0 1730.4  1    0.826    0.826  1   34.701   34.701  1
 1732.0 1732.4  1    0.830    0.830  1   34.702   34.701  1
 1734.0 1734.4  1    0.832    0.832  1   34.702   34.702  1
 1736.0 1736.4  1    0.832    0.832  1   34.702   34.702  1
 1738.0 1738.4  1    0.832    0.832  1   34.702   34.702  1
 1740.0 1740.4  1    0.830    0.830  1   34.703   34.702  1
 1742.0 1742.4  1    0.828    0.828  1   34.702   34.702  1
 1744.0 1744.4  1    0.825    0.825  1   34.702   34.702  1
 1746.0 1746.4  1    0.824    0.824  1   34.702   34.702  1
 1748.0 1748.4  1    0.822    0.822  1   34.702   34.702  1
 1750.0 1750.4  1    0.817    0.817  1   34.702   34.702  1
 1752.0 1752.4  1    0.816    0.816  1   34.702   34.702  1
 1754.0 1754.4  1    0.815    0.815  1   34.702   34.702  1
 1756.0 1756.4  1    0.815    0.815  1   34.702   34.702  1
 1758.0 1758.4  1    0.815    0.815  1   34.702   34.702  1
 1760.0 1760.4  1    0.815    0.815  1   34.702   34.702  1
 1762.0 1762.4  1    0.814    0.814  1   34.702   34.702  1
 1764.0 1764.4  1    0.813    0.813  1   34.702   34.702  1
 1766.0 1766.4  1    0.813    0.813  1   34.702   34.702  1
 1768.0 1768.4  1    0.811    0.811  1   34.702   34.702  1
 1770.0 1770.4  1    0.810    0.810  1   34.702   34.702  1
 1772.0 1772.4  1    0.809    0.809  1   34.702   34.702  1
 1774.0 1774.4  1    0.808    0.808  1   34.702   34.701  1
 1776.0 1776.4  1    0.807    0.807  1   34.702   34.701  1
 1778.0 1778.4  1    0.806    0.806  1   34.702   34.701  1
 1780.0 1780.4  1    0.804    0.804  1   34.701   34.701  1
 1782.0 1782.4  1    0.801    0.801  1   34.701   34.701  1
 1784.0 1784.4  1    0.800    0.800  1   34.701   34.701  1
 1786.0 1786.4  1    0.799    0.799  1   34.701   34.701  1
 1788.0 1788.4  1    0.794    0.794  1   34.701   34.701  1
 1790.0 1790.4  1    0.793    0.793  1   34.701   34.701  1
 1792.0 1792.4  1    0.792    0.792  1   34.701   34.700  1
 1794.0 1794.4  1    0.786    0.786  1   34.701   34.700  1
 1796.0 1796.4  1    0.780    0.780  1   34.700   34.700  1
 1798.0 1798.4  1    0.777    0.777  1   34.700   34.699  1
 1800.0 1800.4  1    0.775    0.775  1   34.700   34.699  1
 1802.0 1802.4  1    0.773    0.773  1   34.700   34.699  1
 1804.0 1804.4  1    0.772    0.772  1   34.699   34.699  1
 1806.0 1806.4  1    0.772    0.772  1   34.700   34.699  1
 1808.0 1808.4  1    0.772    0.772  1   34.699   34.699  1
 1810.0 1810.4  1    0.771    0.771  1   34.699   34.699  1
 1812.0 1812.4  1    0.770    0.770  1   34.699   34.699  1
 1814.0 1814.4  1    0.768    0.768  1   34.699   34.699  1
 1816.0 1816.4  1    0.766    0.766  1   34.699   34.699  1
 1818.0 1818.4  1    0.766    0.766  1   34.699   34.699  1
 1820.0 1820.4  1    0.764    0.764  1   34.699   34.699  1
 1822.0 1822.4  1    0.763    0.763  1   34.699   34.699  1
 1824.0 1824.4  1    0.762    0.762  1   34.699   34.699  1
 1826.0 1826.4  1    0.762    0.762  1   34.699   34.699  1
 1828.0 1828.4  1    0.761    0.761  1   34.699   34.699  1
 1830.0 1830.4  1    0.760    0.760  1   34.699   34.699  1
 1832.0 1832.4  1    0.760    0.760  1   34.699   34.699  1
 1834.0 1834.4  1    0.758    0.758  1   34.699   34.699  1
 1836.0 1836.4  1    0.756    0.756  1   34.699   34.699  1
 1838.0 1838.4  1    0.756    0.756  1   34.699   34.699  1
 1840.0 1840.4  1    0.756    0.756  1   34.699   34.699  1
 1842.0 1842.4  1    0.756    0.756  1   34.699   34.699  1
 1844.0 1844.4  1    0.753    0.753  1   34.699   34.698  1
 1846.0 1846.4  1    0.752    0.752  1   34.699   34.698  1
 1848.0 1848.4  1    0.750    0.750  1   34.699   34.698  1
 1850.0 1850.4  1    0.750    0.750  1   34.699   34.698  1
 1852.0 1852.4  1    0.749    0.749  1   34.699   34.698  1
 1854.0 1854.4  1    0.749    0.749  1   34.698   34.698  1
 1856.0 1856.4  1    0.747    0.747  1   34.698   34.698  1
 1858.0 1858.4  1    0.744    0.744  1   34.698   34.698  1
 1860.0 1860.4  1    0.742    0.742  1   34.698   34.698  1
 1862.0 1862.4  1    0.740    0.740  1   34.698   34.698  1
 1864.0 1864.4  1    0.739    0.739  1   34.698   34.698  1
 1866.0 1866.4  1    0.738    0.738  1   34.698   34.698  1
 1868.0 1868.4  1    0.735    0.735  1   34.698   34.697  1
 1870.0 1870.4  1    0.734    0.734  1   34.698   34.697  1
 1872.0 1872.4  1    0.732    0.732  1   34.698   34.697  1
 1874.0 1874.4  1    0.731    0.731  1   34.697   34.697  1
 1876.0 1876.4  1    0.731    0.731  1   34.697   34.697  1
 1878.0 1878.3  1    0.730    0.730  1   34.697   34.697  1
 1880.0 1880.3  1    0.729    0.729  1   34.697   34.697  1
 1882.0 1882.4  1    0.728    0.728  1   34.697   34.697  1
 1884.0 1884.4  1    0.728    0.728  1   34.697   34.697  1
 1886.0 1886.4  1    0.725    0.725  1   34.697   34.697  1
 1888.0 1888.4  1    0.724    0.724  1   34.697   34.697  1
 1890.0 1890.4  1    0.724    0.724  1   34.697   34.697  1
 1892.0 1892.4  1    0.724    0.724  1   34.697   34.697  1
 1894.0 1894.4  1    0.723    0.723  1   34.697   34.697  1
 1896.0 1896.4  1    0.722    0.722  1   34.697   34.697  1
 1898.0 1898.4  1    0.719    0.719  1   34.697   34.697  1
 1900.0 1900.4  1    0.718    0.718  1   34.697   34.696  1
 1902.0 1902.4  1    0.716    0.716  1   34.697   34.696  1
 1904.0 1904.3  1    0.714    0.714  1   34.696   34.696  1
 1906.0 1906.4  1    0.712    0.712  1   34.696   34.696  1
 1908.0 1908.4  1    0.711    0.711  1   34.696   34.696  1
 1910.0 1910.4  1    0.711    0.711  1   34.696   34.696  1
 1912.0 1912.4  1    0.711    0.711  1   34.696   34.696  1
 1914.0 1914.4  1    0.711    0.711  1   34.696   34.696  1
 1916.0 1916.4  1    0.711    0.711  1   34.696   34.696  1
 1918.0 1918.4  1    0.711    0.711  1   34.696   34.696  1
 1920.0 1920.4  1    0.711    0.711  1   34.696   34.696  1
 1922.0 1922.4  1    0.711    0.711  1   34.696   34.696  1
 1924.0 1924.4  1    0.711    0.711  1   34.696   34.696  1
 1926.0 1926.4  1    0.710    0.710  1   34.696   34.696  1
 1928.0 1928.4  1    0.710    0.710  1   34.696   34.696  1
 1930.0 1930.4  1    0.709    0.709  1   34.696   34.696  1
 1932.0 1932.4  1    0.709    0.709  1   34.696   34.696  1
 1934.0 1934.4  1    0.709    0.709  1   34.696   34.696  1
 1936.0 1936.4  1    0.707    0.707  1   34.696   34.696  1
 1937.9 1938.3  1    0.706    0.706  1   34.696   34.696  1
 1940.0 1940.4  1    0.705    0.705  1   34.696   34.696  1
 1942.0 1942.4  1    0.705    0.705  1   34.696   34.696  1
 1944.0 1944.4  1    0.704    0.704  1   34.696   34.696  1
 1946.0 1946.4  1    0.703    0.703  1   34.696   34.696  1
 1948.0 1948.4  1    0.702    0.702  1   34.696   34.695  1
 1950.0 1950.4  1    0.701    0.701  1   34.696   34.695  1
 1952.0 1952.4  1    0.700    0.700  1   34.695   34.695  1
 1954.0 1954.4  1    0.698    0.698  1   34.695   34.695  1
 1956.0 1956.4  1    0.696    0.696  1   34.695   34.695  1
 1958.0 1958.4  1    0.695    0.695  1   34.695   34.695  1
 1960.0 1960.4  1    0.694    0.694  1   34.695   34.695  1
 1962.0 1962.4  1    0.692    0.692  1   34.695   34.695  1
 1964.0 1964.4  1    0.691    0.691  1   34.695   34.695  1
 1966.0 1966.4  1    0.690    0.690  1   34.695   34.695  1
 1968.0 1968.3  1    0.690    0.690  1   34.695   34.695  1
 1970.0 1970.4  1    0.690    0.690  1   34.695   34.695  1
 1972.0 1972.4  1    0.687    0.687  1   34.694   34.694  1
 1974.0 1974.4  1    0.684    0.684  1   34.694   34.694  1
 1976.0 1976.4  1    0.681    0.681  1   34.694   34.694  1
 1978.0 1978.4  1    0.681    0.681  1   34.694   34.694  1
 1980.0 1980.4  1    0.680    0.680  1   34.694   34.694  1
 1982.0 1982.4  1    0.681    0.681  1   34.694   34.694  1
 1984.0 1984.4  1    0.679    0.679  1   34.694   34.694  1
 1986.0 1986.4  1    0.679    0.679  1   34.694   34.694  1
 1988.0 1988.4  1    0.677    0.677  1   34.694   34.694  1
 1990.0 1990.4  1    0.672    0.672  1   34.693   34.693  1
