*SoftWare Version 3.0  2018/12/27

*HEADER
     PLATFORM NUMBER       :1901708
     CYCLE NUMBER          :219
     DATE CREATION         :20191224100041
     DATE UPDATE           :20191224100041
     PROJECT NAME          :US ARGO PROJECT
     PI NAME               :BRECK OWENS, STEVE JAYNE, P.E. ROBBINS
     INSTRUMENT TYPE       :S2A
     FLOAT SERIAL NO       :7136
     FIRMWARE VERSION      :SBE602 V1.5
     WMO INSTRUMENT TYPE   :854
     TRANSMISSION SYSTEM   :IRIDIUM
     POSITIONING SYSTEM    :GPS
     SAMPLE DIRECTION      :A(A=Ascend; D=Descend)
     DATA MODE             :R(R=Real Time; D=Delayed Mode; A=Real Time Adjusted)
     JULIAN DAY            :25549.6283 (days since 1950-01-01 00:00:00 UTC)
     DATE                  :2019-12-14
     QC FLAG FOR DATE      :1
*LOCATION
     LATITUDE              :-10.915
     LONGITUDE             :-15.693
     QC FLAG FOR LOCATION  :1
*FILE
     COLUMN 1              :Pressure (dbar)                             F7.1
     COLUMN 2              :Corrected Pressure (dbar)                   F7.1
     COLUMN 3              :Quality on Pressure                         I3
     COLUMN 4              :Temperature (degree_Celsius)                F9.3
     COLUMN 5              :Corrected Temperature (degree_Celsius)      F9.3
     COLUMN 6              :Quality on Temperature                      I3
     COLUMN 7              :Salinity (PSU)                              F9.3
     COLUMN 8              :Corrected Salinity (PSU)                    F9.3
     COLUMN 9              :Quality on Salinity                         I3
==========================================================================
    1.1    1.1  1   25.650   25.650  1   36.522   36.522  4
    2.0    2.0  1   25.648   25.648  1   36.521   36.521  4
    3.0    3.0  1   25.644   25.644  1   36.522   36.522  4
    4.0    4.0  1   25.648   25.648  1   36.520   36.520  4
    5.0    5.0  1   25.654   25.654  1   36.512   36.512  4
    6.0    6.0  1   25.646   25.646  1   36.511   36.511  4
    7.0    7.0  1   25.636   25.636  1   36.513   36.513  4
    8.0    8.0  1   25.628   25.628  1   36.516   36.516  4
    9.0    9.0  1   25.626   25.626  1   36.511   36.511  4
   10.0   10.0  1   25.616   25.616  1   36.512   36.512  4
   12.0   12.0  1   25.606   25.606  1   36.504   36.504  4
   14.0   14.0  1   25.578   25.578  1   36.506   36.506  4
   16.0   16.0  1   25.554   25.554  1   36.508   36.508  4
   18.0   18.0  1   25.528   25.528  1   36.513   36.513  4
   20.0   20.0  1   25.514   25.514  1   36.517   36.517  4
   22.0   22.0  1   25.508   25.508  1   36.515   36.515  4
   24.0   24.0  1   25.504   25.504  1   36.511   36.511  4
   26.0   26.0  1   25.498   25.498  1   36.507   36.507  4
   28.0   28.0  1   25.494   25.494  1   36.497   36.497  4
   30.0   30.0  1   25.486   25.486  1   36.482   36.482  4
   32.0   32.0  1   25.482   25.482  4   36.447   36.447  4
   34.0   34.0  1   25.464   25.464  4   36.397   36.397  4
   36.0   36.0  1   25.362   25.362  1   36.397   36.397  4
   38.0   38.0  1   25.226   25.226  1   36.429   36.429  4
   40.0   40.0  1   25.134   25.134  1   36.410   36.410  4
   42.0   42.0  1   25.025   25.025  1   36.382   36.382  4
   44.0   44.0  1   24.902   24.902  1   36.346   36.346  4
   46.0   46.0  1   24.692   24.692  1   36.372   36.372  4
   48.0   48.0  1   24.593   24.593  1   36.302   36.302  4
   50.0   50.0  1   24.296   24.296  1   36.364   36.364  4
   52.0   52.0  1   24.032   24.032  1   36.436   36.436  4
   54.0   54.0  1   23.864   23.864  1   36.456   36.456  4
   56.0   56.0  1   23.609   23.609  1   36.566   36.566  4
   58.0   58.0  1   23.546   23.546  1   36.540   36.540  4
   60.0   60.0  1   23.447   23.447  1   36.504   36.504  4
   62.0   62.0  1   23.291   23.291  4   36.534   36.534  4
   64.0   64.0  1   23.246   23.246  4   36.466   36.466  4
   66.0   66.0  1   23.153   23.153  4   36.378   36.378  4
   68.0   68.0  1   22.970   22.970  1   36.350   36.350  4
   70.0   70.0  1   22.679   22.679  1   36.428   36.428  4
   72.0   72.0  1   22.532   22.532  1   36.426   36.426  4
   74.0   74.0  1   22.421   22.421  1   36.374   36.374  4
   76.0   76.0  1   22.244   22.244  1   36.370   36.370  4
   78.0   78.0  1   22.091   22.091  1   36.368   36.368  4
   80.0   80.0  1   21.938   21.938  1   36.348   36.348  4
   82.0   82.0  1   21.797   21.797  1   36.326   36.326  4
   84.0   84.0  1   21.641   21.641  1   36.338   36.338  4
   86.0   86.0  1   21.569   21.569  4   36.284   36.284  4
   88.0   88.0  1   21.536   21.536  4   36.152   36.152  4
   90.0   90.0  1   21.365   21.365  4   36.006   36.006  4
   92.0   92.0  1   21.002   21.002  1   36.073   36.073  4
   94.0   94.0  1   20.846   20.846  1   36.010   36.010  4
   96.0   96.0  1   20.642   20.642  1   35.950   35.950  4
   98.0   98.0  1   20.300   20.300  1   35.887   35.887  4
  100.0  100.0  1   20.036   20.036  4   35.935   35.935  4
  102.0  102.0  1   19.970   19.970  4   35.713   35.713  4
  104.0  104.0  1   19.676   19.676  4   35.521   35.521  4
  106.0  106.0  1   18.992   18.992  1   35.629   35.629  4
  108.0  108.0  1   18.476   18.476  1   35.923   35.923  4
  110.0  110.0  1   18.434   18.434  4   35.911   35.911  4
  112.0  112.0  1   18.404   18.404  4   35.845   35.845  4
  114.0  114.0  1   18.242   18.242  1   35.872   35.872  4
  116.0  116.0  1   18.170   18.170  1   35.845   35.845  4
  118.0  118.0  1   18.116   18.116  4   35.797   35.797  4
  120.0  120.0  1   18.044   18.044  4   35.716   35.716  4
  122.0  122.0  1   17.918   17.918  1   35.647   35.647  4
  124.0  124.0  1   17.780   17.780  4   35.593   35.593  4
  126.0  126.0  1   17.708   17.708  4   35.356   35.356  4
  128.0  128.0  1   17.378   17.378  1   35.302   35.302  4
  130.0  130.0  1   16.910   16.910  1   35.467   35.467  4
  132.0  132.0  1   16.688   16.688  1   35.509   35.509  4
  134.0  134.0  1   16.574   16.574  1   35.455   35.455  4
  136.0  136.0  1   16.370   16.370  1   35.464   35.464  4
  138.0  138.0  1   16.172   16.172  1   35.521   35.521  4
  140.0  140.0  1   16.088   16.088  1   35.506   35.506  4
  142.0  142.0  1   16.013   16.013  1   35.452   35.452  4
  144.0  144.0  1   15.869   15.869  1   35.476   35.476  4
  146.0  146.0  1   15.776   15.776  1   35.474   35.474  4
  148.0  148.0  1   15.719   15.719  4   35.452   35.452  4
  150.0  150.0  1   15.686   15.686  4   35.384   35.384  4
  152.0  152.0  1   15.641   15.641  4   35.276   35.276  4
  154.0  154.0  1   15.536   15.536  4   35.162   35.162  4
  156.0  156.0  1   15.260   15.260  1   35.162   35.162  4
  158.0  158.0  1   14.954   14.954  1   35.278   35.278  4
  160.0  160.0  1   14.849   14.849  1   35.248   35.248  4
  162.0  162.0  1   14.720   14.720  1   35.206   35.206  4
  164.0  164.0  1   14.555   14.555  1   35.186   35.186  4
  166.0  166.0  1   14.339   14.339  1   35.280   35.280  4
  168.0  168.0  1   14.270   14.270  4   35.282   35.282  4
  170.0  170.0  1   14.240   14.240  4   35.234   35.234  4
  172.0  172.0  1   14.228   14.228  4   35.112   35.112  4
  174.0  174.0  1   14.189   14.189  4   34.912   34.912  4
  176.0  176.0  1   13.892   13.892  1   34.910   34.910  4
  178.0  178.0  1   13.553   13.553  1   34.976   34.976  4
  180.0  180.0  1   13.250   13.250  1   35.096   35.096  4
  182.0  182.0  1   13.139   13.139  1   35.100   35.100  4
  184.0  184.0  1   13.040   13.040  1   35.060   35.060  4
  186.0  186.0  1   12.872   12.872  1   35.088   35.088  4
  188.0  188.0  1   12.719   12.719  1   35.176   35.176  4
  190.0  190.0  1   12.701   12.701  1   35.170   35.170  4
  192.0  192.0  1   12.697   12.697  4   35.141   35.141  4
  194.0  194.0  1   12.687   12.687  4   35.094   35.094  4
  196.0  196.0  1   12.647   12.647  1   35.047   35.047  4
  198.0  198.0  1   12.551   12.551  1   35.020   35.020  4
  200.0  200.0  1   12.411   12.411  1   35.083   35.083  4
  202.0  202.0  1   12.353   12.353  1   35.085   35.085  4
  204.0  204.0  1   12.303   12.303  1   35.087   35.087  4
  206.0  206.0  1   12.279   12.279  4   35.061   35.061  4
  208.0  208.0  1   12.261   12.261  4   35.012   35.012  4
  210.0  210.0  1   12.223   12.223  4   34.940   34.940  4
  212.0  212.0  1   12.079   12.079  1   34.954   34.954  4
  214.0  214.0  1   11.979   11.979  1   34.929   34.929  4
  216.0  216.0  1   11.847   11.847  1   34.956   34.956  4
  218.0  218.0  1   11.773   11.773  1   34.953   34.953  4
  220.0  220.0  1   11.711   11.711  1   34.917   34.917  4
  222.0  222.0  1   11.637   11.637  1   34.881   34.881  4
  224.0  224.0  1   11.493   11.493  1   34.904   34.904  4
  226.0  226.0  1   11.419   11.419  4   34.897   34.897  4
  228.0  228.0  1   11.371   11.371  4   34.824   34.824  4
  230.0  230.0  1   11.209   11.209  1   34.833   34.833  4
  232.0  232.0  1   11.041   11.041  1   34.913   34.913  4
  234.0  234.0  1   10.979   10.979  1   34.925   34.925  4
  236.0  236.0  1   10.947   10.947  4   34.898   34.898  4
  238.0  238.0  1   10.917   10.917  4   34.852   34.852  4
  240.0  240.0  1   10.841   10.841  1   34.826   34.826  4
  242.0  242.0  1   10.766   10.766  1   34.787   34.787  4
  244.0  244.0  1   10.616   10.616  1   34.803   34.803  4
  246.0  246.0  1   10.492   10.492  1   34.826   34.826  4
  248.0  248.0  1   10.360   10.360  1   34.895   34.895  4
  250.0  250.0  1   10.324   10.324  1   34.911   34.911  4
  252.0  252.0  1   10.316   10.316  1   34.899   34.899  4
  254.0  254.0  1   10.300   10.300  1   34.893   34.893  4
  256.0  256.0  1   10.288   10.288  1   34.875   34.875  4
  258.0  258.0  1   10.256   10.256  1   34.865   34.865  4
  260.0  260.0  1   10.220   10.220  1   34.852   34.852  4
  262.0  262.0  1   10.170   10.170  1   34.867   34.867  4
  264.0  264.0  1   10.148   10.148  1   34.860   34.860  4
  266.0  266.0  1   10.138   10.138  1   34.830   34.830  4
  268.0  268.0  1   10.094   10.094  1   34.812   34.812  4
  270.0  270.0  1   10.034   10.034  1   34.819   34.819  4
  272.0  272.0  1    9.988    9.988  1   34.817   34.817  4
  274.0  274.0  1    9.938    9.938  1   34.813   34.813  4
  276.0  276.0  1    9.882    9.882  1   34.830   34.830  4
  278.0  278.0  1    9.846    9.846  1   34.837   34.837  4
  280.0  280.0  1    9.822    9.822  1   34.831   34.831  4
  282.0  282.0  1    9.790    9.790  1   34.837   34.837  4
  284.0  284.0  1    9.770    9.770  1   34.839   34.839  4
  286.0  286.0  1    9.760    9.760  1   34.822   34.822  4
  288.0  288.0  1    9.740    9.740  1   34.806   34.806  4
  290.0  290.0  1    9.694    9.694  1   34.818   34.818  4
  292.0  292.0  1    9.685    9.685  1   34.792   34.792  4
  294.0  294.0  1    9.653    9.653  1   34.783   34.783  4
  296.0  296.0  1    9.617    9.617  1   34.781   34.781  4
  298.0  298.0  1    9.580    9.580  1   34.781   34.781  4
  300.0  300.0  1    9.541    9.541  1   34.789   34.789  4
  302.0  302.0  1    9.521    9.521  1   34.777   34.777  4
  304.0  304.0  1    9.497    9.497  1   34.763   34.763  4
  306.0  306.0  1    9.456    9.456  1   34.769   34.769  4
  308.0  308.0  1    9.443    9.443  1   34.741   34.741  4
  310.0  310.0  1    9.407    9.407  1   34.717   34.717  4
  312.0  312.0  1    9.339    9.339  1   34.738   34.738  4
  314.0  314.0  1    9.296    9.296  1   34.744   34.744  4
  316.0  316.0  1    9.275    9.275  1   34.724   34.724  4
  318.0  318.0  1    9.248    9.248  1   34.702   34.702  4
  320.0  320.0  1    9.223    9.223  1   34.663   34.663  4
  322.0  322.0  1    9.158    9.158  1   34.657   34.657  4
  324.0  324.0  1    9.096    9.096  1   34.643   34.643  4
  326.0  326.0  1    9.011    9.011  1   34.660   34.660  4
  328.0  328.0  1    8.938    8.938  1   34.676   34.676  4
  330.0  330.0  1    8.865    8.865  1   34.709   34.709  4
  332.0  332.0  1    8.818    8.818  1   34.738   34.738  4
  334.0  334.0  1    8.810    8.810  1   34.730   34.730  4
  336.0  336.0  1    8.789    8.789  1   34.733   34.733  4
  338.0  338.0  1    8.779    8.779  1   34.728   34.728  4
  340.0  340.0  1    8.778    8.778  1   34.706   34.706  4
  342.0  342.0  1    8.756    8.756  1   34.690   34.690  4
  344.0  344.0  1    8.709    8.709  1   34.711   34.711  4
  346.0  346.0  1    8.687    8.687  1   34.710   34.710  4
  348.0  348.0  1    8.665    8.665  1   34.713   34.713  4
  350.0  350.0  1    8.654    8.654  1   34.703   34.703  4
  352.0  352.0  1    8.636    8.636  1   34.694   34.694  4
  354.0  354.0  1    8.623    8.623  1   34.678   34.678  4
  356.0  356.0  1    8.612    8.612  1   34.640   34.640  4
  358.0  358.0  1    8.545    8.545  1   34.663   34.663  4
  360.0  360.0  1    8.514    8.514  1   34.655   34.655  4
  362.0  362.0  1    8.471    8.471  1   34.659   34.659  4
  364.0  364.0  1    8.428    8.428  1   34.672   34.672  4
  366.0  366.0  1    8.396    8.396  1   34.682   34.682  4
  368.0  368.0  1    8.385    8.385  1   34.671   34.671  4
  370.0  370.0  1    8.369    8.369  1   34.657   34.657  4
  372.0  372.0  1    8.341    8.341  1   34.650   34.650  4
  374.0  374.0  1    8.297    8.297  1   34.668   34.668  4
  376.0  376.0  1    8.272    8.272  1   34.676   34.676  4
  378.0  378.0  1    8.254    8.254  1   34.677   34.677  4
  380.0  380.0  1    8.240    8.240  1   34.679   34.679  4
  382.0  382.0  1    8.237    8.237  1   34.667   34.667  4
  384.0  384.0  1    8.231    8.231  1   34.648   34.648  4
  386.0  386.0  1    8.209    8.209  1   34.639   34.639  4
  388.0  388.0  1    8.187    8.187  1   34.624   34.624  4
  390.0  390.0  1    8.155    8.155  1   34.617   34.617  4
  392.0  392.0  1    8.108    8.108  1   34.628   34.628  4
  394.0  394.0  1    8.062    8.062  1   34.647   34.647  4
  396.0  396.0  1    8.025    8.025  1   34.676   34.676  4
  398.0  398.0  1    8.020    8.020  1   34.677   34.677  4
  400.0  400.0  1    8.018    8.018  1   34.674   34.674  4
  402.0  402.0  1    8.016    8.016  1   34.671   34.671  4
  404.0  404.0  1    8.015    8.015  1   34.665   34.665  4
  406.0  406.0  1    8.013    8.013  1   34.656   34.656  4
  408.0  408.0  1    8.010    8.010  1   34.646   34.646  4
  410.0  410.0  1    8.008    8.008  1   34.625   34.625  4
  412.0  412.0  1    8.000    8.000  1   34.598   34.598  4
  414.0  414.0  1    7.974    7.974  1   34.581   34.581  4
  416.0  416.0  1    7.939    7.939  1   34.567   34.567  4
  418.0  418.0  1    7.874    7.874  1   34.590   34.590  4
  420.0  420.0  1    7.824    7.824  1   34.612   34.612  4
  422.0  422.0  1    7.798    7.798  1   34.617   34.617  4
  424.0  424.0  1    7.782    7.782  1   34.610   34.610  4
  426.0  426.0  1    7.755    7.755  1   34.615   34.615  4
  428.0  428.0  1    7.742    7.742  1   34.609   34.609  4
  430.0  430.0  1    7.728    7.728  1   34.604   34.604  4
  432.0  432.0  1    7.718    7.718  1   34.585   34.585  4
  434.0  434.0  1    7.700    7.700  1   34.564   34.564  4
  436.0  436.0  1    7.657    7.657  1   34.570   34.570  4
  438.0  438.0  1    7.622    7.622  1   34.567   34.567  4
  440.0  440.0  1    7.572    7.572  1   34.589   34.589  4
  442.0  442.0  1    7.533    7.533  1   34.615   34.615  4
  444.0  444.0  1    7.522    7.522  1   34.619   34.619  4
  446.0  446.0  1    7.522    7.522  1   34.610   34.610  4
  448.0  448.0  1    7.519    7.519  1   34.598   34.598  4
  450.0  450.0  1    7.513    7.513  1   34.583   34.583  4
  452.0  452.0  1    7.488    7.488  1   34.586   34.586  4
  454.0  454.0  1    7.473    7.473  1   34.578   34.578  4
  456.0  456.0  1    7.449    7.449  1   34.581   34.581  4
  458.0  458.0  1    7.431    7.431  1   34.572   34.572  4
  460.0  460.0  1    7.394    7.394  1   34.593   34.593  4
  462.0  462.0  1    7.382    7.382  1   34.592   34.592  4
  464.0  464.0  1    7.374    7.374  1   34.586   34.586  4
  466.0  466.0  1    7.367    7.367  1   34.571   34.571  4
  468.0  468.0  1    7.340    7.340  1   34.577   34.577  4
  470.0  470.0  1    7.327    7.327  1   34.569   34.569  4
  472.0  472.0  1    7.307    7.307  1   34.567   34.567  4
  474.0  474.0  1    7.280    7.280  1   34.570   34.570  4
  476.0  476.0  1    7.248    7.248  1   34.583   34.583  4
  478.0  478.0  1    7.223    7.223  1   34.603   34.603  4
  480.0  480.0  1    7.220    7.220  1   34.604   34.604  4
  482.0  482.0  1    7.218    7.218  1   34.604   34.604  4
  484.0  484.0  1    7.217    7.217  1   34.601   34.601  4
  486.0  486.0  1    7.217    7.217  1   34.598   34.598  4
  488.0  488.0  1    7.216    7.216  1   34.592   34.592  4
  490.0  490.0  1    7.209    7.209  1   34.591   34.591  4
  492.0  492.0  1    7.207    7.207  1   34.585   34.585  4
  494.0  494.0  1    7.205    7.205  1   34.572   34.572  4
  496.0  496.0  1    7.198    7.198  1   34.561   34.561  4
  498.0  498.0  1    7.190    7.190  1   34.543   34.543  4
  500.0  500.0  1    7.161    7.161  1   34.544   34.544  4
  502.0  502.0  1    7.131    7.131  1   34.547   34.547  4
  504.0  504.0  1    7.107    7.107  1   34.546   34.546  4
  506.0  506.0  1    7.084    7.084  1   34.546   34.546  4
  508.0  508.0  1    7.069    7.069  1   34.535   34.535  4
  510.0  510.0  1    7.049    7.049  1   34.522   34.522  4
  512.0  512.0  1    7.004    7.004  1   34.536   34.536  4
  514.0  514.0  1    6.976    6.976  1   34.540   34.540  4
  516.0  516.0  1    6.942    6.942  1   34.556   34.556  4
  518.0  518.0  1    6.926    6.926  1   34.558   34.558  4
  520.0  520.0  1    6.905    6.905  1   34.573   34.573  4
  522.0  522.0  1    6.903    6.903  1   34.570   34.570  4
  524.0  524.0  1    6.903    6.903  1   34.562   34.562  4
  526.0  526.0  1    6.902    6.902  1   34.552   34.552  4
  528.0  528.0  1    6.893    6.893  1   34.542   34.542  4
  530.0  530.0  1    6.877    6.877  1   34.542   34.542  4
  532.0  532.0  1    6.866    6.866  1   34.531   34.531  4
  534.0  534.0  1    6.854    6.854  1   34.518   34.518  4
  536.0  536.0  1    6.832    6.832  1   34.502   34.502  4
  538.0  538.0  1    6.780    6.780  1   34.526   34.526  4
  540.0  540.0  1    6.759    6.759  1   34.528   34.528  4
  542.0  542.0  1    6.739    6.739  1   34.528   34.528  4
  544.0  544.0  1    6.725    6.725  1   34.521   34.521  4
  546.0  546.0  1    6.705    6.705  1   34.516   34.516  4
  548.0  548.0  1    6.684    6.684  1   34.513   34.513  4
  550.0  550.0  1    6.667    6.667  1   34.498   34.498  4
  552.0  552.0  1    6.621    6.621  1   34.520   34.520  4
  554.0  554.0  1    6.599    6.599  1   34.527   34.527  4
  556.0  556.0  1    6.592    6.592  1   34.519   34.519  4
  558.0  558.0  1    6.584    6.584  1   34.507   34.507  4
  560.0  560.0  1    6.576    6.576  1   34.483   34.483  4
  562.0  562.0  1    6.539    6.539  1   34.473   34.473  4
  564.0  564.0  1    6.468    6.468  1   34.529   34.529  4
  566.0  566.0  1    6.462    6.462  1   34.526   34.526  4
  568.0  568.0  1    6.460    6.460  1   34.516   34.516  4
  570.0  570.0  1    6.456    6.456  1   34.502   34.502  4
  572.0  572.0  1    6.442    6.442  1   34.489   34.489  4
  574.0  574.0  1    6.415    6.415  1   34.490   34.490  4
  576.0  576.0  1    6.392    6.392  1   34.491   34.491  4
  578.0  578.0  1    6.379    6.379  1   34.478   34.478  4
  580.0  580.0  1    6.347    6.347  1   34.472   34.472  4
  582.0  582.0  1    6.305    6.305  1   34.491   34.491  4
  584.0  584.0  1    6.285    6.285  1   34.486   34.486  4
  586.0  586.0  1    6.246    6.246  1   34.507   34.507  4
  588.0  588.0  1    6.228    6.228  1   34.518   34.518  4
  590.0  590.0  1    6.220    6.220  1   34.521   34.521  4
  592.0  592.0  1    6.215    6.215  1   34.522   34.522  4
  594.0  594.0  1    6.215    6.215  1   34.518   34.518  4
  596.0  596.0  1    6.215    6.215  1   34.511   34.511  4
  598.0  598.0  1    6.210    6.210  1   34.504   34.504  4
  600.0  600.0  1    6.199    6.199  1   34.503   34.503  4
  602.0  602.0  1    6.188    6.188  1   34.503   34.503  4
  604.0  604.0  1    6.180    6.180  1   34.496   34.496  4
  606.0  606.0  1    6.162    6.162  1   34.501   34.501  4
  608.0  608.0  1    6.151    6.151  1   34.500   34.500  4
  610.0  610.0  1    6.135    6.135  1   34.507   34.507  4
  612.0  612.0  1    6.124    6.124  1   34.511   34.511  4
  614.0  614.0  1    6.120    6.120  1   34.510   34.510  4
  616.0  616.0  1    6.117    6.117  1   34.507   34.507  4
  618.0  618.0  1    6.115    6.115  1   34.498   34.498  4
  620.0  620.0  1    6.099    6.099  1   34.505   34.505  4
  622.0  622.0  1    6.093    6.093  1   34.503   34.503  4
  624.0  624.0  1    6.091    6.091  1   34.496   34.496  4
  626.0  626.0  1    6.082    6.082  1   34.490   34.490  4
  628.0  628.0  1    6.064    6.064  1   34.496   34.496  4
  630.0  630.0  1    6.056    6.056  1   34.494   34.494  4
  632.0  632.0  1    6.053    6.053  1   34.483   34.483  4
  634.0  634.0  1    6.043    6.043  1   34.470   34.470  4
  636.0  636.0  1    6.013    6.013  1   34.477   34.477  4
  638.0  638.0  1    5.994    5.994  1   34.478   34.478  4
  640.0  640.0  1    5.975    5.975  1   34.478   34.478  4
  642.0  642.0  1    5.954    5.954  1   34.484   34.484  4
  644.0  644.0  1    5.939    5.939  1   34.485   34.485  4
  646.0  646.0  1    5.924    5.924  1   34.489   34.489  4
  648.0  648.0  1    5.916    5.916  1   34.486   34.486  4
  650.0  650.0  1    5.905    5.905  1   34.483   34.483  4
  652.0  652.0  1    5.890    5.890  1   34.484   34.484  4
  654.0  654.0  1    5.866    5.866  1   34.499   34.499  4
  656.0  656.0  1    5.863    5.863  1   34.499   34.499  4
  658.0  658.0  1    5.864    5.864  1   34.489   34.489  4
  660.0  660.0  1    5.857    5.857  1   34.483   34.483  4
  662.0  662.0  1    5.843    5.843  1   34.486   34.486  4
  664.0  664.0  1    5.835    5.835  1   34.482   34.482  4
  666.0  666.0  1    5.828    5.828  1   34.473   34.473  4
  668.0  668.0  1    5.811    5.811  1   34.468   34.468  4
  670.0  670.0  1    5.783    5.783  1   34.479   34.479  4
  672.0  672.0  1    5.766    5.766  1   34.486   34.486  4
  674.0  674.0  1    5.758    5.758  1   34.485   34.485  4
  676.0  676.0  1    5.755    5.755  1   34.475   34.475  4
  678.0  678.0  1    5.737    5.737  1   34.480   34.480  4
  680.0  680.0  1    5.731    5.731  1   34.473   34.473  4
  682.0  682.0  1    5.720    5.720  1   34.467   34.467  4
  684.0  684.0  1    5.702    5.702  1   34.464   34.464  4
  686.0  686.0  1    5.678    5.678  1   34.472   34.472  4
  688.0  688.0  1    5.662    5.662  1   34.476   34.476  4
  690.0  690.0  1    5.652    5.652  1   34.473   34.473  4
  692.0  692.0  1    5.643    5.643  1   34.465   34.465  4
  694.0  694.0  1    5.625    5.625  1   34.464   34.464  4
  696.0  696.0  1    5.598    5.598  1   34.483   34.483  4
  698.0  698.0  1    5.593    5.593  1   34.483   34.483  4
  700.0  700.0  1    5.596    5.596  1   34.473   34.473  4
  702.0  702.0  1    5.590    5.590  1   34.465   34.465  4
  704.0  704.0  1    5.581    5.581  1   34.457   34.457  4
  706.0  706.0  1    5.560    5.560  1   34.460   34.460  4
  708.0  708.0  1    5.539    5.539  1   34.470   34.470  4
  710.0  710.0  1    5.536    5.536  1   34.462   34.462  4
  712.0  712.0  1    5.531    5.531  1   34.448   34.448  4
  714.0  714.0  1    5.519    5.519  1   34.435   34.435  4
  716.0  716.0  1    5.483    5.483  1   34.447   34.447  4
  718.0  718.0  1    5.447    5.447  1   34.475   34.475  4
  720.0  720.0  1    5.444    5.444  1   34.470   34.470  4
  722.0  722.0  1    5.442    5.442  1   34.464   34.464  4
  724.0  724.0  1    5.438    5.438  1   34.455   34.455  4
  726.0  726.0  1    5.435    5.435  1   34.439   34.439  4
  727.9  727.9  1    5.426    5.426  1   34.420   34.420  4
  730.0  730.0  1    5.389    5.389  1   34.431   34.431  4
  732.0  732.0  1    5.360    5.360  1   34.439   34.439  4
  734.0  734.0  1    5.346    5.346  1   34.429   34.429  4
  736.0  736.0  1    5.325    5.325  1   34.423   34.423  4
  738.0  738.0  1    5.299    5.299  1   34.420   34.420  4
  740.0  740.0  1    5.263    5.263  1   34.433   34.433  4
  742.0  742.0  1    5.255    5.255  1   34.413   34.413  4
  744.0  744.0  1    5.215    5.215  1   34.427   34.427  4
  746.0  746.0  1    5.184    5.184  1   34.438   34.438  4
  748.0  748.0  1    5.158    5.158  1   34.451   34.451  4
  750.0  750.0  1    5.142    5.142  1   34.459   34.459  4
  752.0  752.0  1    5.134    5.134  1   34.457   34.457  4
  754.0  754.0  1    5.123    5.123  1   34.460   34.460  4
  756.0  756.0  1    5.118    5.118  1   34.456   34.456  4
  758.0  758.0  1    5.104    5.104  1   34.462   34.462  4
  760.0  760.0  1    5.095    5.095  1   34.465   34.465  4
  762.0  762.0  1    5.094    5.094  1   34.458   34.458  4
  764.0  764.0  1    5.083    5.083  1   34.461   34.461  4
  766.0  766.0  1    5.076    5.076  1   34.461   34.461  4
  768.0  768.0  1    5.072    5.072  1   34.454   34.454  4
  770.0  770.0  1    5.063    5.063  1   34.451   34.451  4
  772.0  772.0  1    5.050    5.050  1   34.452   34.452  4
  774.0  774.0  1    5.040    5.040  1   34.448   34.448  4
  776.0  776.0  1    5.017    5.017  1   34.462   34.462  4
  778.0  778.0  1    5.008    5.008  1   34.465   34.465  4
  780.0  780.0  1    5.003    5.003  1   34.464   34.464  4
  782.0  782.0  1    4.997    4.997  1   34.463   34.463  4
  784.0  784.0  1    4.990    4.990  1   34.464   34.464  4
  786.0  786.0  1    4.983    4.983  1   34.464   34.464  4
  788.0  788.0  1    4.982    4.982  1   34.458   34.458  4
  790.0  790.0  1    4.980    4.980  1   34.445   34.445  4
  792.0  792.0  1    4.975    4.975  1   34.433   34.433  4
  794.0  794.0  1    4.962    4.962  1   34.425   34.425  4
  796.0  796.0  1    4.933    4.933  1   34.440   34.440  4
  798.0  798.0  1    4.908    4.908  1   34.457   34.457  4
  800.0  800.0  1    4.899    4.899  1   34.459   34.459  4
  802.0  802.0  1    4.892    4.892  1   34.459   34.459  4
  804.0  804.0  1    4.884    4.884  1   34.463   34.463  4
  806.0  806.0  1    4.879    4.879  1   34.462   34.462  4
  808.0  808.0  1    4.875    4.875  1   34.460   34.460  4
  810.0  810.0  1    4.872    4.872  1   34.455   34.455  4
  812.0  812.0  1    4.867    4.867  1   34.449   34.449  4
  814.0  814.0  1    4.852    4.852  1   34.455   34.455  4
  816.0  816.0  1    4.834    4.834  1   34.468   34.468  4
  818.0  818.0  1    4.828    4.828  1   34.471   34.471  4
  820.0  820.0  1    4.826    4.826  1   34.471   34.471  4
  822.0  822.0  1    4.821    4.821  1   34.474   34.474  4
  824.0  824.0  1    4.821    4.821  1   34.471   34.471  4
  826.0  826.0  1    4.820    4.820  1   34.466   34.466  4
  828.0  828.0  1    4.820    4.820  1   34.459   34.459  4
  830.0  830.0  1    4.813    4.813  1   34.456   34.456  4
  832.0  832.0  1    4.809    4.809  1   34.449   34.449  4
  834.0  834.0  1    4.797    4.797  1   34.448   34.448  4
  836.0  836.0  1    4.783    4.783  1   34.449   34.449  4
  838.0  838.0  1    4.773    4.773  1   34.446   34.446  4
  840.0  840.0  1    4.762    4.762  1   34.443   34.443  4
  842.0  842.0  1    4.750    4.750  1   34.441   34.441  4
  844.0  844.0  1    4.721    4.721  1   34.462   34.462  4
  846.0  846.0  1    4.708    4.708  1   34.469   34.469  4
  848.0  848.0  1    4.701    4.701  1   34.470   34.470  4
  850.0  850.0  1    4.695    4.695  1   34.470   34.470  4
  852.0  852.0  1    4.689    4.689  1   34.469   34.469  4
  854.0  854.0  1    4.682    4.682  1   34.471   34.471  4
  856.0  856.0  1    4.675    4.675  1   34.472   34.472  4
  858.0  858.0  1    4.671    4.671  1   34.468   34.468  4
  860.0  860.0  1    4.667    4.667  1   34.462   34.462  4
  862.0  862.0  1    4.658    4.658  1   34.459   34.459  4
  864.0  864.0  1    4.645    4.645  1   34.464   34.464  4
  866.0  866.0  1    4.625    4.625  1   34.480   34.480  4
  868.0  868.0  1    4.614    4.614  1   34.490   34.490  4
  870.0  870.0  1    4.614    4.614  1   34.488   34.488  4
  872.0  872.0  1    4.614    4.614  1   34.484   34.484  4
  874.0  874.0  1    4.610    4.610  1   34.484   34.484  4
  876.0  876.0  1    4.606    4.606  1   34.483   34.483  4
  878.0  878.0  1    4.604    4.604  1   34.475   34.475  4
  880.0  880.0  1    4.603    4.603  1   34.467   34.467  4
  882.0  882.0  1    4.599    4.599  1   34.458   34.458  4
  884.0  884.0  1    4.596    4.596  1   34.447   34.447  4
  886.0  886.0  1    4.587    4.587  1   34.443   34.443  4
  888.0  888.0  1    4.574    4.574  1   34.441   34.441  4
  890.0  890.0  1    4.558    4.558  1   34.442   34.442  4
  892.0  892.0  1    4.553    4.553  1   34.433   34.433  4
  894.0  894.0  1    4.531    4.531  1   34.443   34.443  4
  896.0  896.0  1    4.504    4.504  1   34.461   34.461  4
  898.0  898.0  1    4.485    4.485  1   34.471   34.471  4
  900.0  900.0  1    4.476    4.476  1   34.469   34.469  4
  902.0  902.0  1    4.466    4.466  1   34.469   34.469  4
  904.0  904.0  1    4.457    4.457  1   34.470   34.470  4
  906.0  906.0  1    4.437    4.437  1   34.484   34.484  4
  908.0  908.0  1    4.421    4.421  1   34.495   34.495  4
  910.0  910.0  1    4.412    4.412  1   34.499   34.499  4
  912.0  912.0  1    4.405    4.405  1   34.500   34.500  4
  914.0  914.0  1    4.397    4.397  1   34.504   34.504  4
  916.0  916.0  1    4.392    4.392  1   34.503   34.503  4
  918.0  918.0  1    4.384    4.384  1   34.506   34.506  4
  920.0  920.0  1    4.377    4.377  1   34.511   34.511  4
  922.0  922.0  1    4.363    4.363  1   34.524   34.524  4
  924.0  924.0  1    4.353    4.353  1   34.535   34.535  4
  926.0  926.0  1    4.345    4.345  1   34.544   34.544  4
  928.0  928.0  1    4.340    4.340  1   34.550   34.550  4
  930.0  930.0  1    4.338    4.338  1   34.554   34.554  4
  932.0  932.0  1    4.336    4.336  1   34.559   34.559  4
  934.0  934.0  1    4.334    4.334  1   34.567   34.567  4
  936.0  936.0  1    4.329    4.329  1   34.581   34.581  4
  938.0  938.0  1    4.325    4.325  1   34.604   34.604  4
  940.0  940.0  1    4.322    4.322  1   34.643   34.643  4
  942.0  942.0  1    4.317    4.317  1   34.726   34.726  4
  944.0  944.0  1    4.303    4.303  1   34.811   34.811  4
  946.0  946.0  1    4.293    4.293  1   34.823   34.823  4
  948.0  948.0  1    4.285    4.285  1   34.822   34.822  4
  950.0  950.0  1    4.274    4.274  1   34.828   34.828  4
  952.0  952.0  1    4.265    4.265  1   34.829   34.829  4
  954.0  954.0  1    4.260    4.260  1   34.829   34.829  4
  956.0  956.0  1    4.255    4.255  1   34.832   34.832  4
  958.0  958.0  1    4.248    4.248  1   34.842   34.842  4
  960.0  960.0  1    4.243    4.243  1   34.846   34.846  4
  962.0  962.0  1    4.238    4.238  1   34.847   34.847  4
  964.0  964.0  1    4.234    4.234  1   34.847   34.847  4
  966.0  966.0  1    4.232    4.232  1   34.843   34.843  4
  968.0  968.0  1    4.231    4.231  1   34.848   34.848  4
  970.0  970.0  1    4.228    4.228  1   34.853   34.853  4
  972.0  972.0  1    4.222    4.222  1   34.857   34.857  4
  974.0  974.0  1    4.220    4.220  1   34.860   34.860  4
  976.0  976.0  1    4.217    4.217  1   34.861   34.861  4
  978.0  978.0  1    4.213    4.213  1   34.859   34.859  4
  980.0  980.0  1    4.210    4.210  1   34.862   34.862  4
  982.0  982.0  1    4.207    4.207  1   34.866   34.866  4
  984.0  984.0  1    4.203    4.203  1   34.870   34.870  4
  986.0  986.0  1    4.200    4.200  1   34.874   34.874  4
  988.0  988.0  1    4.198    4.198  1   34.882   34.882  4
  990.0  990.0  1    4.196    4.196  1   34.899   34.899  4
  992.0  992.0  1    4.195    4.195  1   34.906   34.906  4
  994.0  994.0  1    4.192    4.192  1   34.930   34.930  4
  996.0  996.0  1    4.189    4.189  1   34.946   34.946  4
  998.0  998.0  1    4.182    4.182  1   34.958   34.958  4
 1000.0 1000.0  1    4.166    4.166  1   35.006   35.006  4
 1002.0 1002.0  1    4.159    4.159  1   35.062   35.062  4
 1004.0 1004.0  1    4.155    4.155  1   35.194   35.194  4
 1006.0 1006.0  1    4.152    4.152  1   35.362   35.362  4
 1008.0 1008.0  1    4.151    4.151  1   35.690   35.690  4
 1009.7 1009.7  1    4.151    4.151  1   36.126   36.126  4
