*SoftWare Version 3.0  2018/12/27

*HEADER
     PLATFORM NUMBER       :1902043
     CYCLE NUMBER          :034
     DATE CREATION         :20191209030022
     DATE UPDATE           :20191209030022
     PROJECT NAME          :US ARGO PROJECT
     PI NAME               :DEAN ROEMMICH
     INSTRUMENT TYPE       :SOLO_II
     FLOAT SERIAL NO       :8730
     FIRMWARE VERSION      :V02.60; SBE602 27Aug18
     WMO INSTRUMENT TYPE   :853
     TRANSMISSION SYSTEM   :IRIDIUM
     POSITIONING SYSTEM    :GPS
     SAMPLE DIRECTION      :A(A=Ascend; D=Descend)
     DATA MODE             :R(R=Real Time; D=Delayed Mode; A=Real Time Adjusted)
     JULIAN DAY            :25543.9955 (days since 1950-01-01 00:00:00 UTC)
     DATE                  :2019-12-08
     QC FLAG FOR DATE      :1
*LOCATION
     LATITUDE              :-30.684 
     LONGITUDE             :61.332  
     QC FLAG FOR LOCATION  :1
*FILE
     COLUMN 1              :Pressure (dbar)                             F7.1
     COLUMN 2              :Corrected Pressure (dbar)                   F7.1
     COLUMN 3              :Quality on Pressure                         I3
     COLUMN 4              :Temperature (degree_Celsius)                F9.3
     COLUMN 5              :Corrected Temperature (degree_Celsius)      F9.3
     COLUMN 6              :Quality on Temperature                      I3
     COLUMN 7              :Salinity (PSU)                              F9.3
     COLUMN 8              :Corrected Salinity (PSU)                    F9.3
     COLUMN 9              :Quality on Salinity                         I3
==========================================================================
    1.0    1.0  1   21.047   21.047  1   35.721   35.721  1
    2.0    2.0  1   21.048   21.048  1   35.721   35.721  1
    3.0    3.0  1   21.047   21.047  1   35.721   35.721  1
    4.0    4.0  1   21.048   21.048  1   35.721   35.721  1
    5.0    5.0  1   21.041   21.041  1   35.723   35.723  1
    6.0    6.0  1   21.035   21.035  1   35.723   35.723  1
    7.0    7.0  1   21.018   21.018  1   35.726   35.726  1
    8.1    8.1  1   21.010   21.010  1   35.724   35.724  1
    9.0    9.0  1   20.997   20.997  1   35.728   35.728  1
   10.0   10.0  1   20.981   20.981  1   35.728   35.728  1
   10.7   10.7  1   20.970   20.970  1   35.729   35.729  1
   12.0   12.0  1   20.948   20.948  1   35.730   35.730  1
   14.0   14.0  1   20.933   20.933  1   35.729   35.729  1
   16.0   16.0  1   20.909   20.909  1   35.728   35.728  1
   18.0   18.0  1   20.891   20.891  1   35.728   35.728  1
   20.1   20.1  1   20.865   20.865  1   35.726   35.726  1
   22.0   22.0  1   20.828   20.828  1   35.726   35.726  1
   24.0   24.0  1   20.780   20.780  1   35.720   35.720  1
   26.0   26.0  1   20.733   20.733  1   35.714   35.714  1
   28.0   28.0  1   20.701   20.701  1   35.710   35.710  1
   30.0   30.0  1   20.681   20.681  1   35.708   35.708  1
   32.0   32.0  1   20.643   20.643  1   35.703   35.703  1
   34.0   34.0  1   20.617   20.617  1   35.700   35.700  1
   36.0   36.0  1   20.537   20.537  1   35.704   35.704  1
   38.0   38.0  1   20.437   20.437  1   35.697   35.697  1
   40.0   40.0  1   20.380   20.380  1   35.691   35.691  1
   42.0   42.0  1   20.136   20.136  1   35.680   35.680  1
   44.0   44.0  1   19.694   19.694  1   35.672   35.672  1
   46.0   46.0  1   19.463   19.463  1   35.668   35.668  1
   48.0   48.0  1   19.114   19.114  1   35.662   35.662  1
   50.0   50.0  1   19.071   19.071  1   35.654   35.654  1
   52.0   52.0  1   19.063   19.063  1   35.649   35.649  1
   54.0   54.0  1   18.892   18.892  1   35.649   35.649  1
   56.1   56.1  1   18.451   18.451  1   35.636   35.636  1
   58.0   58.0  1   18.249   18.249  1   35.627   35.627  1
   60.0   60.0  1   18.199   18.199  1   35.622   35.622  1
   62.0   62.0  1   18.151   18.151  1   35.621   35.621  1
   64.0   64.0  1   18.006   18.006  1   35.622   35.622  1
   66.0   66.0  1   17.874   17.874  1   35.618   35.618  1
   68.0   68.0  1   17.766   17.766  1   35.620   35.620  1
   70.0   70.0  1   17.702   17.702  1   35.621   35.621  1
   72.0   72.0  1   17.627   17.627  1   35.623   35.623  1
   74.0   74.0  1   17.571   17.571  1   35.626   35.626  1
   76.0   76.0  1   17.489   17.489  1   35.620   35.620  1
   78.0   78.0  1   17.453   17.453  1   35.616   35.616  1
   80.0   80.0  1   17.411   17.411  1   35.614   35.614  1
   82.0   82.0  1   17.338   17.338  1   35.612   35.612  1
   84.0   84.0  1   17.240   17.240  1   35.611   35.611  1
   86.0   86.0  1   17.062   17.062  1   35.607   35.607  1
   88.0   88.0  1   16.989   16.989  1   35.598   35.598  1
   90.0   90.0  1   16.952   16.952  1   35.597   35.597  1
   92.0   92.0  1   16.873   16.873  1   35.596   35.596  1
   94.0   94.0  1   16.803   16.803  1   35.589   35.589  1
   96.0   96.0  1   16.792   16.792  1   35.588   35.588  1
   98.0   98.0  1   16.729   16.729  1   35.587   35.587  1
  100.0  100.0  1   16.620   16.620  1   35.581   35.581  1
  102.0  102.0  1   16.561   16.561  1   35.577   35.577  1
  104.0  104.0  1   16.518   16.518  1   35.576   35.576  1
  106.0  106.0  1   16.430   16.430  1   35.570   35.570  1
  108.0  108.0  1   16.380   16.380  1   35.567   35.567  1
  110.1  110.1  1   16.327   16.327  1   35.565   35.565  1
  112.0  112.0  1   16.306   16.306  1   35.562   35.562  1
  114.0  114.0  1   16.265   16.265  1   35.560   35.560  1
  116.0  116.0  1   16.238   16.238  1   35.557   35.557  1
  118.0  118.0  1   16.182   16.182  1   35.553   35.553  1
  120.0  120.0  1   16.162   16.162  1   35.550   35.550  1
  122.0  122.0  1   16.129   16.129  1   35.549   35.549  1
  124.0  124.0  1   16.022   16.022  1   35.544   35.544  1
  126.0  126.0  1   15.992   15.992  1   35.539   35.539  1
  128.0  128.0  1   15.958   15.958  1   35.538   35.538  1
  130.0  130.0  1   15.899   15.899  1   35.534   35.534  1
  132.0  132.0  1   15.852   15.852  1   35.533   35.533  1
  134.0  134.0  1   15.814   15.814  1   35.529   35.529  1
  136.0  136.0  1   15.771   15.771  1   35.526   35.526  1
  138.0  138.0  1   15.727   15.727  1   35.522   35.522  1
  140.0  140.0  1   15.705   15.705  1   35.519   35.519  1
  142.0  142.0  1   15.684   15.684  1   35.518   35.518  1
  144.0  144.0  1   15.648   15.648  1   35.515   35.515  1
  146.1  146.1  1   15.589   15.589  1   35.510   35.510  1
  148.0  148.0  1   15.549   15.549  1   35.504   35.504  1
  150.0  150.0  1   15.492   15.492  1   35.501   35.501  1
  152.0  152.0  1   15.438   15.438  1   35.497   35.497  1
  154.0  154.0  1   15.382   15.382  1   35.493   35.493  1
  156.0  156.0  1   15.343   15.343  1   35.489   35.489  1
  158.0  158.0  1   15.322   15.322  1   35.487   35.487  1
  160.1  160.1  1   15.314   15.314  1   35.485   35.485  1
  162.0  162.0  1   15.310   15.310  1   35.485   35.485  1
  164.0  164.0  1   15.291   15.291  1   35.484   35.484  1
  166.0  166.0  1   15.240   15.240  1   35.480   35.480  1
  168.0  168.0  1   15.205   15.205  1   35.477   35.477  1
  170.0  170.0  1   15.169   15.169  1   35.473   35.473  1
  171.9  171.9  1   15.107   15.107  1   35.469   35.469  1
  174.0  174.0  1   15.052   15.052  1   35.464   35.464  1
  176.0  176.0  1   15.022   15.022  1   35.461   35.461  1
  178.0  178.0  1   14.985   14.985  1   35.458   35.458  1
  180.0  180.0  1   14.900   14.900  1   35.454   35.454  1
  182.0  182.0  1   14.864   14.864  1   35.447   35.447  1
  184.0  184.0  1   14.860   14.860  1   35.446   35.446  1
  186.1  186.1  1   14.855   14.855  1   35.445   35.445  1
  188.1  188.1  1   14.834   14.834  1   35.444   35.444  1
  190.0  190.0  1   14.782   14.782  1   35.441   35.441  1
  191.9  191.9  1   14.703   14.703  1   35.438   35.438  1
  193.9  193.9  1   14.629   14.629  1   35.432   35.432  1
  196.0  196.0  1   14.601   14.601  1   35.427   35.427  1
  198.0  198.0  1   14.592   14.592  1   35.426   35.426  1
  200.0  200.0  1   14.577   14.577  1   35.427   35.427  1
  202.0  202.0  1   14.557   14.557  1   35.425   35.425  1
  204.0  204.0  1   14.541   14.541  1   35.425   35.425  1
  206.0  206.0  1   14.504   14.504  1   35.423   35.423  1
  208.0  208.0  1   14.486   14.486  1   35.419   35.419  1
  210.0  210.0  1   14.450   14.450  1   35.418   35.418  1
  212.0  212.0  1   14.419   14.419  1   35.414   35.414  1
  214.0  214.0  1   14.376   14.376  1   35.412   35.412  1
  216.1  216.1  1   14.352   14.352  1   35.407   35.407  1
  218.0  218.0  1   14.275   14.275  1   35.405   35.405  1
  220.0  220.0  1   14.192   14.192  1   35.392   35.392  1
  222.0  222.0  1   14.163   14.163  1   35.387   35.387  1
  224.0  224.0  1   14.144   14.144  1   35.385   35.385  1
  226.0  226.0  1   14.129   14.129  1   35.383   35.383  1
  228.1  228.1  1   14.105   14.105  1   35.382   35.382  1
  230.0  230.0  1   14.085   14.085  1   35.379   35.379  1
  232.0  232.0  1   14.073   14.073  1   35.378   35.378  1
  234.0  234.0  1   14.064   14.064  1   35.376   35.376  1
  236.0  236.0  1   14.063   14.063  1   35.376   35.376  1
  238.0  238.0  1   14.058   14.058  1   35.375   35.375  1
  240.0  240.0  1   14.048   14.048  1   35.375   35.375  1
  242.0  242.0  1   14.023   14.023  1   35.373   35.373  1
  244.1  244.1  1   14.000   14.000  1   35.370   35.370  1
  246.0  246.0  1   13.984   13.984  1   35.367   35.367  1
  248.0  248.0  1   13.956   13.956  1   35.365   35.365  1
  250.0  250.0  1   13.914   13.914  1   35.361   35.361  1
  252.0  252.0  1   13.885   13.885  1   35.357   35.357  1
  254.1  254.1  1   13.873   13.873  1   35.354   35.354  1
  256.0  256.0  1   13.866   13.866  1   35.353   35.353  1
  258.0  258.0  1   13.859   13.859  1   35.352   35.352  1
  260.0  260.0  1   13.838   13.838  1   35.351   35.351  1
  262.0  262.0  1   13.811   13.811  1   35.347   35.347  1
  264.0  264.0  1   13.802   13.802  1   35.345   35.345  1
  266.0  266.0  1   13.790   13.790  1   35.343   35.343  1
  268.0  268.0  1   13.772   13.772  1   35.339   35.339  1
  270.0  270.0  1   13.761   13.761  1   35.337   35.337  1
  272.0  272.0  1   13.709   13.709  1   35.331   35.331  1
  274.0  274.0  1   13.676   13.676  1   35.325   35.325  1
  276.0  276.0  1   13.664   13.664  1   35.322   35.322  1
  277.9  277.9  1   13.663   13.663  1   35.322   35.322  1
  280.0  280.0  1   13.660   13.660  1   35.322   35.322  1
  282.0  282.0  1   13.657   13.657  1   35.321   35.321  1
  284.0  284.0  1   13.647   13.647  1   35.320   35.320  1
  286.0  286.0  1   13.634   13.634  1   35.319   35.319  1
  288.0  288.0  1   13.610   13.610  1   35.317   35.317  1
  290.1  290.1  1   13.597   13.597  1   35.315   35.315  1
  292.0  292.0  1   13.582   13.582  1   35.313   35.313  1
  294.0  294.0  1   13.568   13.568  1   35.311   35.311  1
  296.0  296.0  1   13.547   13.547  1   35.308   35.308  1
  298.0  298.0  1   13.528   13.528  1   35.306   35.306  1
  300.0  300.0  1   13.495   13.495  1   35.301   35.301  1
  302.0  302.0  1   13.479   13.479  1   35.300   35.300  1
  304.0  304.0  1   13.454   13.454  1   35.296   35.296  1
  306.0  306.0  1   13.403   13.403  1   35.292   35.292  1
  308.0  308.0  1   13.384   13.384  1   35.288   35.288  1
  309.9  309.9  1   13.381   13.381  1   35.288   35.288  1
  312.0  312.0  1   13.379   13.379  1   35.288   35.288  1
  314.0  314.0  1   13.368   13.368  1   35.289   35.289  1
  316.0  316.0  1   13.345   13.345  1   35.287   35.287  1
  318.0  318.0  1   13.329   13.329  1   35.283   35.283  1
  320.0  320.0  1   13.319   13.319  1   35.281   35.281  1
  322.0  322.0  1   13.314   13.314  1   35.280   35.280  1
  324.0  324.0  1   13.316   13.316  1   35.281   35.281  1
  326.0  326.0  1   13.314   13.314  1   35.282   35.282  1
  328.0  328.0  1   13.297   13.297  1   35.281   35.281  1
  330.0  330.0  1   13.266   13.266  1   35.276   35.276  1
  332.0  332.0  1   13.249   13.249  1   35.274   35.274  1
  334.0  334.0  1   13.239   13.239  1   35.272   35.272  1
  336.0  336.0  1   13.219   13.219  1   35.269   35.269  1
  338.0  338.0  1   13.207   13.207  1   35.267   35.267  1
  340.0  340.0  1   13.203   13.203  1   35.267   35.267  1
  342.0  342.0  1   13.190   13.190  1   35.265   35.265  1
  344.0  344.0  1   13.181   13.181  1   35.264   35.264  1
  346.0  346.0  1   13.171   13.171  1   35.262   35.262  1
  348.0  348.0  1   13.167   13.167  1   35.261   35.261  1
  350.0  350.0  1   13.160   13.160  1   35.260   35.260  1
  352.0  352.0  1   13.151   13.151  1   35.259   35.259  1
  354.0  354.0  1   13.136   13.136  1   35.258   35.258  1
  356.0  356.0  1   13.099   13.099  1   35.251   35.251  1
  358.0  358.0  1   13.078   13.078  1   35.247   35.247  1
  360.0  360.0  1   13.063   13.063  1   35.243   35.243  1
  362.0  362.0  1   13.037   13.037  1   35.240   35.240  1
  364.0  364.0  1   13.013   13.013  1   35.236   35.236  1
  366.1  366.1  1   12.983   12.983  1   35.233   35.233  1
  368.0  368.0  1   12.956   12.956  1   35.228   35.228  1
  370.0  370.0  1   12.941   12.941  1   35.226   35.226  1
  372.0  372.0  1   12.924   12.924  1   35.224   35.224  1
  374.0  374.0  1   12.914   12.914  1   35.223   35.223  1
  376.0  376.0  1   12.899   12.899  1   35.221   35.221  1
  378.0  378.0  1   12.892   12.892  1   35.219   35.219  1
  380.0  380.0  1   12.890   12.890  1   35.219   35.219  1
  382.0  382.0  1   12.887   12.887  1   35.218   35.218  1
  383.9  383.9  1   12.873   12.873  1   35.217   35.217  1
  386.0  386.0  1   12.848   12.848  1   35.212   35.212  1
  388.0  388.0  1   12.840   12.840  1   35.211   35.211  1
  390.0  390.0  1   12.831   12.831  1   35.209   35.209  1
  392.0  392.0  1   12.813   12.813  1   35.206   35.206  1
  394.0  394.0  1   12.797   12.797  1   35.203   35.203  1
  396.0  396.0  1   12.732   12.732  1   35.199   35.199  1
  398.0  398.0  1   12.678   12.678  1   35.188   35.188  1
  400.0  400.0  1   12.664   12.664  1   35.185   35.185  1
  402.0  402.0  1   12.657   12.657  1   35.183   35.183  1
  404.0  404.0  1   12.651   12.651  1   35.182   35.182  1
  406.0  406.0  1   12.648   12.648  1   35.182   35.182  1
  408.0  408.0  1   12.646   12.646  1   35.181   35.181  1
  410.0  410.0  1   12.644   12.644  1   35.181   35.181  1
  412.0  412.0  1   12.643   12.643  1   35.181   35.181  1
  414.0  414.0  1   12.642   12.642  1   35.180   35.180  1
  416.0  416.0  1   12.639   12.639  1   35.180   35.180  1
  418.0  418.0  1   12.623   12.623  1   35.178   35.178  1
  420.0  420.0  1   12.581   12.581  1   35.173   35.173  1
  422.0  422.0  1   12.547   12.547  1   35.166   35.166  1
  424.0  424.0  1   12.539   12.539  1   35.165   35.165  1
  426.0  426.0  1   12.532   12.532  1   35.163   35.163  1
  427.9  427.9  1   12.531   12.531  1   35.163   35.163  1
  430.0  430.0  1   12.523   12.523  1   35.162   35.162  1
  432.0  432.0  1   12.509   12.509  1   35.160   35.160  1
  434.0  434.0  1   12.492   12.492  1   35.158   35.158  1
  436.0  436.0  1   12.481   12.481  1   35.155   35.155  1
  438.0  438.0  1   12.469   12.469  1   35.155   35.155  1
  440.0  440.0  1   12.457   12.457  1   35.152   35.152  1
  442.0  442.0  1   12.452   12.452  1   35.151   35.151  1
  444.0  444.0  1   12.447   12.447  1   35.150   35.150  1
  446.0  446.0  1   12.441   12.441  1   35.149   35.149  1
  448.0  448.0  1   12.437   12.437  1   35.148   35.148  1
  450.0  450.0  1   12.436   12.436  1   35.148   35.148  1
  452.0  452.0  1   12.433   12.433  1   35.147   35.147  1
  454.0  454.0  1   12.407   12.407  1   35.145   35.145  1
  456.0  456.0  1   12.371   12.371  1   35.140   35.140  1
  458.0  458.0  1   12.354   12.354  1   35.136   35.136  1
  460.0  460.0  1   12.340   12.340  1   35.135   35.135  1
  462.0  462.0  1   12.325   12.325  1   35.132   35.132  1
  464.0  464.0  1   12.311   12.311  1   35.130   35.130  1
  466.0  466.0  1   12.305   12.305  1   35.128   35.128  1
  468.0  468.0  1   12.302   12.302  1   35.127   35.127  1
  470.0  470.0  1   12.285   12.285  1   35.126   35.126  1
  472.0  472.0  1   12.249   12.249  1   35.120   35.120  1
  474.0  474.0  1   12.214   12.214  1   35.116   35.116  1
  476.0  476.0  1   12.185   12.185  1   35.110   35.110  1
  478.0  478.0  1   12.168   12.168  1   35.107   35.107  1
  480.0  480.0  1   12.154   12.154  1   35.105   35.105  1
  482.0  482.0  1   12.139   12.139  1   35.103   35.103  1
  484.1  484.1  1   12.127   12.127  1   35.100   35.100  1
  486.0  486.0  1   12.112   12.112  1   35.098   35.098  1
  488.0  488.0  1   12.092   12.092  1   35.095   35.095  1
  490.0  490.0  1   12.043   12.043  1   35.089   35.089  1
  492.0  492.0  1   11.973   11.973  1   35.077   35.077  1
  494.0  494.0  1   11.927   11.927  1   35.072   35.072  1
  496.0  496.0  1   11.899   11.899  1   35.066   35.066  1
  498.0  498.0  1   11.893   11.893  1   35.064   35.064  1
  500.0  500.0  1   11.890   11.890  1   35.064   35.064  1
  502.0  502.0  1   11.890   11.890  1   35.063   35.063  1
  504.0  504.0  1   11.889   11.889  1   35.063   35.063  1
  506.0  506.0  1   11.888   11.888  1   35.063   35.063  1
  508.0  508.0  1   11.886   11.886  1   35.062   35.062  1
  510.0  510.0  1   11.882   11.882  1   35.062   35.062  1
  512.0  512.0  1   11.856   11.856  1   35.058   35.058  1
  514.0  514.0  1   11.827   11.827  1   35.054   35.054  1
  516.0  516.0  1   11.792   11.792  1   35.048   35.048  1
  518.0  518.0  1   11.735   11.735  1   35.042   35.042  1
  520.1  520.1  1   11.672   11.672  1   35.031   35.031  1
  522.0  522.0  1   11.656   11.656  1   35.028   35.028  1
  524.0  524.0  1   11.648   11.648  1   35.027   35.027  1
  526.0  526.0  1   11.641   11.641  1   35.026   35.026  1
  528.0  528.0  1   11.633   11.633  1   35.024   35.024  1
  530.0  530.0  1   11.620   11.620  1   35.022   35.022  1
  532.0  532.0  1   11.596   11.596  1   35.019   35.019  1
  534.0  534.0  1   11.587   11.587  1   35.017   35.017  1
  536.0  536.0  1   11.588   11.588  1   35.017   35.017  1
  538.0  538.0  1   11.577   11.577  1   35.016   35.016  1
  539.9  539.9  1   11.541   11.541  1   35.011   35.011  1
  541.9  541.9  1   11.521   11.521  1   35.007   35.007  1
  544.0  544.0  1   11.511   11.511  1   35.005   35.005  1
  546.0  546.0  1   11.497   11.497  1   35.003   35.003  1
  548.0  548.0  1   11.476   11.476  1   35.001   35.001  1
  550.0  550.0  1   11.475   11.475  1   35.000   35.000  1
  552.0  552.0  1   11.474   11.474  1   35.000   35.000  1
  554.0  554.0  1   11.473   11.473  1   34.999   34.999  1
  556.0  556.0  1   11.467   11.467  1   34.998   34.998  1
  558.0  558.0  1   11.460   11.460  1   34.997   34.997  1
  560.0  560.0  1   11.441   11.441  1   34.995   34.995  1
  562.0  562.0  1   11.434   11.434  1   34.993   34.993  1
  564.0  564.0  1   11.418   11.418  1   34.991   34.991  1
  566.0  566.0  1   11.408   11.408  1   34.990   34.990  1
  568.0  568.0  1   11.394   11.394  1   34.987   34.987  1
  570.0  570.0  1   11.387   11.387  1   34.986   34.986  1
  572.0  572.0  1   11.382   11.382  1   34.985   34.985  1
  574.0  574.0  1   11.378   11.378  1   34.984   34.984  1
  576.0  576.0  1   11.372   11.372  1   34.983   34.983  1
  578.0  578.0  1   11.360   11.360  1   34.982   34.982  1
  580.0  580.0  1   11.339   11.339  1   34.979   34.979  1
  582.0  582.0  1   11.319   11.319  1   34.975   34.975  1
  584.0  584.0  1   11.286   11.286  1   34.972   34.972  1
  586.0  586.0  1   11.265   11.265  1   34.967   34.967  1
  588.0  588.0  1   11.256   11.256  1   34.966   34.966  1
  590.0  590.0  1   11.249   11.249  1   34.964   34.964  1
  592.0  592.0  1   11.240   11.240  1   34.963   34.963  1
  594.0  594.0  1   11.220   11.220  1   34.960   34.960  1
  596.0  596.0  1   11.187   11.187  1   34.956   34.956  1
  598.0  598.0  1   11.152   11.152  1   34.949   34.949  1
  600.0  600.0  1   11.128   11.128  1   34.946   34.946  1
  602.0  602.0  1   11.114   11.114  1   34.943   34.943  1
  604.0  604.0  1   11.102   11.102  1   34.941   34.941  1
  606.0  606.0  1   11.070   11.070  1   34.938   34.938  1
  608.0  608.0  1   11.047   11.047  1   34.933   34.933  1
  610.0  610.0  1   11.029   11.029  1   34.930   34.930  1
  612.0  612.0  1   11.023   11.023  1   34.929   34.929  1
  614.0  614.0  1   11.017   11.017  1   34.928   34.928  1
  616.0  616.0  1   11.004   11.004  1   34.926   34.926  1
  618.0  618.0  1   10.977   10.977  1   34.922   34.922  1
  620.0  620.0  1   10.945   10.945  1   34.918   34.918  1
  622.0  622.0  1   10.933   10.933  1   34.915   34.915  1
  624.0  624.0  1   10.906   10.906  1   34.913   34.913  1
  626.0  626.0  1   10.878   10.878  1   34.908   34.908  1
  628.0  628.0  1   10.875   10.875  1   34.907   34.907  1
  630.0  630.0  1   10.863   10.863  1   34.905   34.905  1
  632.0  632.0  1   10.846   10.846  1   34.902   34.902  1
  634.0  634.0  1   10.797   10.797  1   34.899   34.899  1
  636.0  636.0  1   10.749   10.749  1   34.891   34.891  1
  638.0  638.0  1   10.724   10.724  1   34.887   34.887  1
  640.0  640.0  1   10.713   10.713  1   34.885   34.885  1
  642.0  642.0  1   10.694   10.694  1   34.882   34.882  1
  644.0  644.0  1   10.646   10.646  1   34.877   34.877  1
  646.0  646.0  1   10.595   10.595  1   34.869   34.869  1
  648.0  648.0  1   10.561   10.561  1   34.865   34.865  1
  650.0  650.0  1   10.491   10.491  1   34.858   34.858  1
  652.0  652.0  1   10.432   10.432  1   34.848   34.848  1
  654.0  654.0  1   10.417   10.417  1   34.846   34.846  1
  656.0  656.0  1   10.409   10.409  1   34.844   34.844  1
  658.0  658.0  1   10.400   10.400  1   34.843   34.843  1
  660.0  660.0  1   10.385   10.385  1   34.841   34.841  1
  662.0  662.0  1   10.372   10.372  1   34.839   34.839  1
  664.0  664.0  1   10.344   10.344  1   34.836   34.836  1
  666.0  666.0  1   10.328   10.328  1   34.833   34.833  1
  668.0  668.0  1   10.313   10.313  1   34.831   34.831  1
  669.9  669.9  1   10.298   10.298  1   34.828   34.828  1
  671.9  671.9  1   10.279   10.279  1   34.826   34.826  1
  674.0  674.0  1   10.249   10.249  1   34.823   34.823  1
  676.0  676.0  1   10.210   10.210  1   34.818   34.818  1
  678.0  678.0  1   10.166   10.166  1   34.811   34.811  1
  680.0  680.0  1   10.125   10.125  1   34.807   34.807  1
  682.0  682.0  1   10.057   10.057  1   34.800   34.800  1
  684.0  684.0  1   10.007   10.007  1   34.792   34.792  1
  686.0  686.0  1    9.989    9.989  1   34.790   34.790  1
  688.0  688.0  1    9.958    9.958  1   34.785   34.785  1
  690.0  690.0  1    9.931    9.931  1   34.784   34.784  1
  692.0  692.0  1    9.899    9.899  1   34.778   34.778  1
  694.0  694.0  1    9.871    9.871  1   34.776   34.776  1
  696.0  696.0  1    9.849    9.849  1   34.772   34.772  1
  698.0  698.0  1    9.819    9.819  1   34.770   34.770  1
  700.0  700.0  1    9.781    9.781  1   34.764   34.764  1
  702.0  702.0  1    9.761    9.761  1   34.762   34.762  1
  703.9  703.9  1    9.734    9.734  1   34.758   34.758  1
  706.0  706.0  1    9.672    9.672  1   34.752   34.752  1
  708.0  708.0  1    9.660    9.660  1   34.749   34.749  1
  709.9  709.9  1    9.653    9.653  1   34.749   34.749  1
  712.0  712.0  1    9.631    9.631  1   34.747   34.747  1
  714.0  714.0  1    9.612    9.612  1   34.744   34.744  1
  716.0  716.0  1    9.590    9.590  1   34.742   34.742  1
  718.0  718.0  1    9.573    9.573  1   34.739   34.739  1
  720.0  720.0  1    9.556    9.556  1   34.738   34.738  1
  722.0  722.0  1    9.537    9.537  1   34.735   34.735  1
  724.0  724.0  1    9.525    9.525  1   34.734   34.734  1
  726.0  726.0  1    9.522    9.522  1   34.732   34.732  1
  728.0  728.0  1    9.496    9.496  1   34.730   34.730  1
  730.0  730.0  1    9.468    9.468  1   34.727   34.727  1
  732.0  732.0  1    9.423    9.423  1   34.723   34.723  1
  734.0  734.0  1    9.363    9.363  1   34.716   34.716  1
  736.0  736.0  1    9.339    9.339  1   34.712   34.712  1
  738.0  738.0  1    9.307    9.307  1   34.710   34.710  1
  740.0  740.0  1    9.250    9.250  1   34.704   34.704  1
  742.0  742.0  1    9.205    9.205  1   34.698   34.698  1
  744.0  744.0  1    9.185    9.185  1   34.697   34.697  1
  746.0  746.0  1    9.158    9.158  1   34.694   34.694  1
  748.0  748.0  1    9.144    9.144  1   34.693   34.693  1
  750.0  750.0  1    9.132    9.132  1   34.690   34.690  1
  752.0  752.0  1    9.132    9.132  1   34.690   34.690  1
  754.0  754.0  1    9.130    9.130  1   34.690   34.690  1
  756.1  756.1  1    9.131    9.131  1   34.690   34.690  1
  758.0  758.0  1    9.132    9.132  1   34.690   34.690  1
  760.0  760.0  1    9.132    9.132  1   34.690   34.690  1
  762.0  762.0  1    9.130    9.130  1   34.690   34.690  1
  764.0  764.0  1    9.129    9.129  1   34.690   34.690  1
  766.0  766.0  1    9.130    9.130  1   34.689   34.689  1
  768.0  768.0  1    9.131    9.131  1   34.690   34.690  1
  770.0  770.0  1    9.123    9.123  1   34.689   34.689  1
  772.0  772.0  1    9.117    9.117  1   34.688   34.688  1
  774.0  774.0  1    9.108    9.108  1   34.688   34.688  1
  776.0  776.0  1    9.101    9.101  1   34.686   34.686  1
  778.0  778.0  1    9.097    9.097  1   34.686   34.686  1
  780.0  780.0  1    9.092    9.092  1   34.685   34.685  1
  782.0  782.0  1    9.080    9.080  1   34.683   34.683  1
  784.0  784.0  1    9.055    9.055  1   34.682   34.682  1
  786.0  786.0  1    9.010    9.010  1   34.677   34.677  1
  788.0  788.0  1    8.972    8.972  1   34.673   34.673  1
  790.0  790.0  1    8.911    8.911  1   34.668   34.668  1
  792.0  792.0  1    8.875    8.875  1   34.665   34.665  1
  794.0  794.0  1    8.850    8.850  1   34.662   34.662  1
  796.0  796.0  1    8.831    8.831  1   34.661   34.661  1
  798.0  798.0  1    8.821    8.821  1   34.659   34.659  1
  800.0  800.0  1    8.820    8.820  1   34.657   34.657  1
  802.0  802.0  1    8.799    8.799  1   34.656   34.656  1
  804.0  804.0  1    8.754    8.754  1   34.653   34.653  1
  806.0  806.0  1    8.691    8.691  1   34.647   34.647  1
  808.0  808.0  1    8.656    8.656  1   34.643   34.643  1
  810.0  810.0  1    8.633    8.633  1   34.640   34.640  1
  812.0  812.0  1    8.613    8.613  1   34.637   34.637  1
  814.0  814.0  1    8.592    8.592  1   34.636   34.636  1
  816.0  816.0  1    8.550    8.550  1   34.632   34.632  1
  818.0  818.0  1    8.533    8.533  1   34.629   34.629  1
  820.0  820.0  1    8.455    8.455  1   34.627   34.627  1
  822.0  822.0  1    8.384    8.384  1   34.619   34.619  1
  824.0  824.0  1    8.309    8.309  1   34.611   34.611  1
  826.0  826.0  1    8.269    8.269  1   34.609   34.609  1
  828.0  828.0  1    8.184    8.184  1   34.600   34.600  1
  830.0  830.0  1    8.164    8.164  1   34.599   34.599  1
  832.0  832.0  1    8.142    8.142  1   34.596   34.596  1
  834.0  834.0  1    8.142    8.142  1   34.596   34.596  1
  836.0  836.0  1    8.140    8.140  1   34.596   34.596  1
  838.0  838.0  1    8.137    8.137  1   34.595   34.595  1
  840.0  840.0  1    8.131    8.131  1   34.595   34.595  1
  842.0  842.0  1    8.122    8.122  1   34.594   34.594  1
  844.0  844.0  1    8.110    8.110  1   34.593   34.593  1
  846.0  846.0  1    8.096    8.096  1   34.591   34.591  1
  847.9  847.9  1    8.084    8.084  1   34.590   34.590  1
  850.0  850.0  1    8.075    8.075  1   34.589   34.589  1
  852.0  852.0  1    8.047    8.047  1   34.586   34.586  1
  853.9  853.9  1    8.036    8.036  1   34.585   34.585  1
  856.0  856.0  1    8.009    8.009  1   34.582   34.582  1
  858.0  858.0  1    7.993    7.993  1   34.580   34.580  1
  860.0  860.0  1    7.988    7.988  1   34.580   34.580  1
  862.0  862.0  1    7.978    7.978  1   34.579   34.579  1
  864.0  864.0  1    7.975    7.975  1   34.579   34.579  1
  866.0  866.0  1    7.962    7.962  1   34.578   34.578  1
  868.1  868.1  1    7.949    7.949  1   34.576   34.576  1
  870.0  870.0  1    7.932    7.932  1   34.574   34.574  1
  872.0  872.0  1    7.914    7.914  1   34.571   34.571  1
  874.0  874.0  1    7.868    7.868  1   34.571   34.571  1
  876.0  876.0  1    7.807    7.807  1   34.565   34.565  1
  878.0  878.0  1    7.768    7.768  1   34.562   34.562  1
  880.0  880.0  1    7.734    7.734  1   34.557   34.557  1
  882.0  882.0  1    7.710    7.710  1   34.556   34.556  1
  884.0  884.0  1    7.670    7.670  1   34.553   34.553  1
  886.0  886.0  1    7.637    7.637  1   34.548   34.548  1
  888.1  888.1  1    7.618    7.618  1   34.547   34.547  1
  890.0  890.0  1    7.596    7.596  1   34.545   34.545  1
  892.0  892.0  1    7.581    7.581  1   34.546   34.546  1
  894.0  894.0  1    7.546    7.546  1   34.543   34.543  1
  896.0  896.0  1    7.512    7.512  1   34.541   34.541  1
  898.0  898.0  1    7.477    7.477  1   34.536   34.536  1
  900.0  900.0  1    7.475    7.475  1   34.535   34.535  1
  901.9  901.9  1    7.465    7.465  1   34.535   34.535  1
  904.0  904.0  1    7.435    7.435  1   34.530   34.530  1
  906.0  906.0  1    7.428    7.428  1   34.529   34.529  1
  908.0  908.0  1    7.412    7.412  1   34.529   34.529  1
  910.1  910.1  1    7.380    7.380  1   34.527   34.527  1
  912.1  912.1  1    7.366    7.366  1   34.525   34.525  1
  914.0  914.0  1    7.359    7.359  1   34.524   34.524  1
  916.0  916.0  1    7.356    7.356  1   34.524   34.524  1
  918.0  918.0  1    7.346    7.346  1   34.523   34.523  1
  920.0  920.0  1    7.337    7.337  1   34.522   34.522  1
  922.0  922.0  1    7.313    7.313  1   34.521   34.521  1
  924.1  924.1  1    7.282    7.282  1   34.517   34.517  1
  926.1  926.1  1    7.262    7.262  1   34.516   34.516  1
  928.0  928.0  1    7.245    7.245  1   34.514   34.514  1
  930.0  930.0  1    7.219    7.219  1   34.513   34.513  1
  932.0  932.0  1    7.198    7.198  1   34.511   34.511  1
  934.1  934.1  1    7.167    7.167  1   34.509   34.509  1
  936.1  936.1  1    7.140    7.140  1   34.506   34.506  1
  938.0  938.0  1    7.087    7.087  1   34.505   34.505  1
  940.0  940.0  1    7.036    7.036  1   34.500   34.500  1
  942.0  942.0  1    7.015    7.015  1   34.498   34.498  1
  944.0  944.0  1    6.996    6.996  1   34.496   34.496  1
  946.0  946.0  1    6.950    6.950  1   34.495   34.495  1
  948.1  948.1  1    6.911    6.911  1   34.491   34.491  1
  950.0  950.0  1    6.874    6.874  1   34.491   34.491  1
  951.9  951.9  1    6.833    6.833  1   34.489   34.489  1
  953.9  953.9  1    6.804    6.804  1   34.485   34.485  1
  955.9  955.9  1    6.782    6.782  1   34.484   34.484  1
  958.0  958.0  1    6.770    6.770  1   34.482   34.482  1
  960.0  960.0  1    6.752    6.752  1   34.481   34.481  1
  962.0  962.0  1    6.726    6.726  1   34.480   34.480  1
  964.0  964.0  1    6.690    6.690  1   34.477   34.477  1
  966.0  966.0  1    6.669    6.669  1   34.475   34.475  1
  968.0  968.0  1    6.657    6.657  1   34.474   34.474  1
  969.9  969.9  1    6.634    6.634  1   34.472   34.472  1
  972.0  972.0  1    6.617    6.617  1   34.470   34.470  1
  974.0  974.0  1    6.596    6.596  1   34.470   34.470  1
  976.0  976.0  1    6.545    6.545  1   34.465   34.465  1
  978.0  978.0  1    6.533    6.533  1   34.463   34.463  1
  980.0  980.0  1    6.520    6.520  1   34.461   34.461  1
  982.0  982.0  1    6.479    6.479  1   34.462   34.462  1
  984.0  984.0  1    6.371    6.371  1   34.457   34.457  1
  986.0  986.0  1    6.323    6.323  1   34.452   34.452  1
  988.0  988.0  1    6.297    6.297  1   34.451   34.451  1
  989.9  989.9  1    6.254    6.254  1   34.450   34.450  1
  992.0  992.0  1    6.235    6.235  1   34.447   34.447  1
  994.0  994.0  1    6.226    6.226  1   34.446   34.446  1
  996.0  996.0  1    6.207    6.207  1   34.446   34.446  1
  998.0  998.0  1    6.189    6.189  1   34.442   34.442  1
 1000.0 1000.0  1    6.154    6.154  1   34.444   34.444  1
 1002.1 1002.1  1    6.088    6.088  1   34.440   34.440  1
 1004.0 1004.0  1    6.053    6.053  1   34.438   34.438  1
 1006.0 1006.0  1    6.042    6.042  1   34.436   34.436  1
 1007.9 1007.9  1    6.029    6.029  1   34.435   34.435  1
 1010.0 1010.0  1    6.000    6.000  1   34.435   34.435  1
 1012.1 1012.1  1    5.954    5.954  1   34.433   34.433  1
 1014.1 1014.1  1    5.913    5.913  1   34.430   34.430  1
 1016.0 1016.0  1    5.889    5.889  1   34.428   34.428  1
 1018.0 1018.0  1    5.874    5.874  1   34.427   34.427  1
 1019.9 1019.9  1    5.842    5.842  1   34.426   34.426  1
 1021.9 1021.9  1    5.778    5.778  1   34.424   34.424  1
 1023.9 1023.9  1    5.752    5.752  1   34.421   34.421  1
 1026.0 1026.0  1    5.725    5.725  1   34.421   34.421  1
 1028.1 1028.1  1    5.643    5.643  1   34.419   34.419  1
 1030.1 1030.1  1    5.628    5.628  1   34.416   34.416  1
 1032.0 1032.0  1    5.620    5.620  1   34.415   34.415  1
 1033.9 1033.9  1    5.614    5.614  1   34.415   34.415  1
 1036.0 1036.0  1    5.609    5.609  1   34.415   34.415  1
 1038.0 1038.0  1    5.598    5.598  1   34.415   34.415  1
 1039.9 1039.9  1    5.569    5.569  1   34.413   34.413  1
 1042.0 1042.0  1    5.548    5.548  1   34.413   34.413  1
 1044.0 1044.0  1    5.535    5.535  1   34.412   34.412  1
 1046.0 1046.0  1    5.520    5.520  1   34.410   34.410  1
 1048.0 1048.0  1    5.477    5.477  1   34.411   34.411  1
 1050.1 1050.1  1    5.419    5.419  1   34.409   34.409  1
 1052.0 1052.0  1    5.399    5.399  1   34.407   34.407  1
 1054.0 1054.0  1    5.383    5.383  1   34.407   34.407  1
 1056.0 1056.0  1    5.374    5.374  1   34.406   34.406  1
 1058.0 1058.0  1    5.364    5.364  1   34.406   34.406  1
 1060.0 1060.0  1    5.348    5.348  1   34.406   34.406  1
 1062.0 1062.0  1    5.318    5.318  1   34.405   34.405  1
 1064.0 1064.0  1    5.304    5.304  1   34.404   34.404  1
 1066.0 1066.0  1    5.299    5.299  1   34.404   34.404  1
 1068.0 1068.0  1    5.297    5.297  1   34.403   34.403  1
 1070.0 1070.0  1    5.289    5.289  1   34.404   34.404  1
 1072.1 1072.1  1    5.269    5.269  1   34.403   34.403  1
 1074.0 1074.0  1    5.266    5.266  1   34.402   34.402  1
 1076.0 1076.0  1    5.249    5.249  1   34.403   34.403  1
 1078.0 1078.0  1    5.222    5.222  1   34.401   34.401  1
 1080.0 1080.0  1    5.193    5.193  1   34.402   34.402  1
 1082.0 1082.0  1    5.168    5.168  1   34.400   34.400  1
 1084.0 1084.0  1    5.158    5.158  1   34.400   34.400  1
 1086.0 1086.0  1    5.151    5.151  1   34.399   34.399  1
 1087.9 1087.9  1    5.147    5.147  1   34.399   34.399  1
 1089.9 1089.9  1    5.140    5.140  1   34.399   34.399  1
 1092.0 1092.0  1    5.118    5.118  1   34.399   34.399  1
 1094.0 1094.0  1    5.095    5.095  1   34.397   34.397  1
 1096.0 1096.0  1    5.077    5.077  1   34.398   34.398  1
 1097.9 1097.9  1    5.051    5.051  1   34.397   34.397  1
 1100.0 1100.0  1    5.043    5.043  1   34.397   34.397  1
 1102.0 1102.0  1    5.031    5.031  1   34.396   34.396  1
 1104.0 1104.0  1    5.029    5.029  1   34.395   34.395  1
 1106.0 1106.0  1    4.994    4.994  1   34.398   34.398  1
 1108.0 1108.0  1    4.967    4.967  1   34.396   34.396  1
 1110.0 1110.0  1    4.956    4.956  1   34.395   34.395  1
 1112.0 1112.0  1    4.943    4.943  1   34.395   34.395  1
 1114.0 1114.0  1    4.917    4.917  1   34.397   34.397  1
 1116.0 1116.0  1    4.854    4.854  1   34.395   34.395  1
 1118.0 1118.0  1    4.838    4.838  1   34.395   34.395  1
 1120.0 1120.0  1    4.824    4.824  1   34.395   34.395  1
 1122.0 1122.0  1    4.792    4.792  1   34.396   34.396  1
 1124.0 1124.0  1    4.775    4.775  1   34.395   34.395  1
 1126.0 1126.0  1    4.753    4.753  1   34.395   34.395  1
 1128.0 1128.0  1    4.746    4.746  1   34.394   34.394  1
 1130.0 1130.0  1    4.734    4.734  1   34.394   34.394  1
 1132.0 1132.0  1    4.714    4.714  1   34.395   34.395  1
 1134.0 1134.0  1    4.701    4.701  1   34.394   34.394  1
 1135.9 1135.9  1    4.689    4.689  1   34.394   34.394  1
 1138.0 1138.0  1    4.673    4.673  1   34.394   34.394  1
 1140.0 1140.0  1    4.649    4.649  1   34.395   34.395  1
 1142.0 1142.0  1    4.592    4.592  1   34.396   34.396  1
 1144.1 1144.1  1    4.573    4.573  1   34.395   34.395  1
 1146.0 1146.0  1    4.527    4.527  1   34.399   34.399  1
 1148.0 1148.0  1    4.500    4.500  1   34.399   34.399  1
 1150.0 1150.0  1    4.486    4.486  1   34.400   34.400  1
 1152.0 1152.0  1    4.479    4.479  1   34.400   34.400  1
 1154.0 1154.0  1    4.477    4.477  1   34.400   34.400  1
 1156.0 1156.0  1    4.469    4.469  1   34.401   34.401  1
 1158.0 1158.0  1    4.447    4.447  1   34.403   34.403  1
 1160.0 1160.0  1    4.430    4.430  1   34.404   34.404  1
 1162.0 1162.0  1    4.414    4.414  1   34.405   34.405  1
 1164.0 1164.0  1    4.402    4.402  1   34.405   34.405  1
 1166.0 1166.0  1    4.398    4.398  1   34.404   34.404  1
 1168.0 1168.0  1    4.392    4.392  1   34.405   34.405  1
 1170.0 1170.0  1    4.388    4.388  1   34.404   34.404  1
 1172.0 1172.0  1    4.386    4.386  1   34.404   34.404  1
 1174.0 1174.0  1    4.358    4.358  1   34.405   34.405  1
 1176.0 1176.0  1    4.339    4.339  1   34.405   34.405  1
 1178.0 1178.0  1    4.330    4.330  1   34.405   34.405  1
 1180.0 1180.0  1    4.313    4.313  1   34.407   34.407  1
 1182.0 1182.0  1    4.308    4.308  1   34.407   34.407  1
 1184.0 1184.0  1    4.304    4.304  1   34.407   34.407  1
 1186.0 1186.0  1    4.298    4.298  1   34.407   34.407  1
 1188.0 1188.0  1    4.288    4.288  1   34.407   34.407  1
 1190.0 1190.0  1    4.274    4.274  1   34.407   34.407  1
 1191.9 1191.9  1    4.244    4.244  1   34.407   34.407  1
 1194.0 1194.0  1    4.226    4.226  1   34.407   34.407  1
 1196.0 1196.0  1    4.208    4.208  1   34.407   34.407  1
 1198.0 1198.0  1    4.192    4.192  1   34.407   34.407  1
 1200.0 1200.0  1    4.187    4.187  1   34.407   34.407  1
 1202.0 1202.0  1    4.182    4.182  1   34.407   34.407  1
 1204.0 1204.0  1    4.179    4.179  1   34.407   34.407  1
 1206.0 1206.0  1    4.176    4.176  1   34.408   34.408  1
 1208.0 1208.0  1    4.158    4.158  1   34.409   34.409  1
 1210.0 1210.0  1    4.151    4.151  1   34.409   34.409  1
 1212.0 1212.0  1    4.141    4.141  1   34.409   34.409  1
 1214.0 1214.0  1    4.134    4.134  1   34.409   34.409  1
 1216.0 1216.0  1    4.115    4.115  1   34.411   34.411  1
 1218.0 1218.0  1    4.094    4.094  1   34.411   34.411  1
 1220.0 1220.0  1    4.079    4.079  1   34.413   34.413  1
 1222.0 1222.0  1    4.064    4.064  1   34.414   34.414  1
 1224.0 1224.0  1    4.072    4.072  1   34.421   34.421  1
 1226.0 1226.0  1    4.072    4.072  1   34.424   34.424  1
 1228.0 1228.0  1    4.069    4.069  1   34.424   34.424  1
 1230.0 1230.0  1    4.060    4.060  1   34.426   34.426  1
 1232.0 1232.0  1    4.042    4.042  1   34.427   34.427  1
 1234.0 1234.0  1    4.041    4.041  1   34.427   34.427  1
 1236.0 1236.0  1    4.040    4.040  1   34.427   34.427  1
 1238.0 1238.0  1    4.037    4.037  1   34.427   34.427  1
 1240.0 1240.0  1    4.033    4.033  1   34.426   34.426  1
 1242.0 1242.0  1    4.028    4.028  1   34.426   34.426  1
 1244.0 1244.0  1    4.023    4.023  1   34.426   34.426  1
 1246.0 1246.0  1    4.017    4.017  1   34.426   34.426  1
 1248.0 1248.0  1    4.006    4.006  1   34.425   34.425  1
 1250.0 1250.0  1    3.959    3.959  1   34.424   34.424  1
 1252.0 1252.0  1    3.921    3.921  1   34.422   34.422  1
 1254.0 1254.0  1    3.892    3.892  1   34.423   34.423  1
 1256.0 1256.0  1    3.891    3.891  1   34.423   34.423  1
 1257.9 1257.9  1    3.891    3.891  1   34.425   34.425  1
 1259.9 1259.9  1    3.878    3.878  1   34.428   34.428  1
 1262.0 1262.0  1    3.866    3.866  1   34.427   34.427  1
 1264.0 1264.0  1    3.851    3.851  1   34.428   34.428  1
 1266.0 1266.0  1    3.838    3.838  1   34.429   34.429  1
 1268.0 1268.0  1    3.823    3.823  1   34.431   34.431  1
 1270.0 1270.0  1    3.820    3.820  1   34.432   34.432  1
 1272.0 1272.0  1    3.819    3.819  1   34.432   34.432  1
 1274.0 1274.0  1    3.818    3.818  1   34.433   34.433  1
 1276.0 1276.0  1    3.808    3.808  1   34.437   34.437  1
 1278.0 1278.0  1    3.779    3.779  1   34.437   34.437  1
 1280.0 1280.0  1    3.769    3.769  1   34.437   34.437  1
 1282.0 1282.0  1    3.763    3.763  1   34.437   34.437  1
 1284.0 1284.0  1    3.760    3.760  1   34.437   34.437  1
 1286.0 1286.0  1    3.759    3.759  1   34.436   34.436  1
 1288.0 1288.0  1    3.752    3.752  1   34.436   34.436  1
 1290.0 1290.0  1    3.718    3.718  1   34.442   34.442  1
 1292.0 1292.0  1    3.703    3.703  1   34.443   34.443  1
 1294.0 1294.0  1    3.703    3.703  1   34.444   34.444  1
 1296.0 1296.0  1    3.699    3.699  1   34.444   34.444  1
 1298.0 1298.0  1    3.698    3.698  1   34.444   34.444  1
 1300.0 1300.0  1    3.694    3.694  1   34.445   34.445  1
 1302.0 1302.0  1    3.692    3.692  1   34.445   34.445  1
 1304.0 1304.0  1    3.686    3.686  1   34.446   34.446  1
 1306.0 1306.0  1    3.671    3.671  1   34.447   34.447  1
 1308.0 1308.0  1    3.665    3.665  1   34.447   34.447  1
 1310.0 1310.0  1    3.661    3.661  1   34.448   34.448  1
 1312.1 1312.1  1    3.652    3.652  1   34.450   34.450  1
 1314.0 1314.0  1    3.629    3.629  1   34.454   34.454  1
 1316.0 1316.0  1    3.610    3.610  1   34.456   34.456  1
 1318.0 1318.0  1    3.603    3.603  1   34.456   34.456  1
 1320.0 1320.0  1    3.602    3.602  1   34.456   34.456  1
 1322.0 1322.0  1    3.600    3.600  1   34.456   34.456  1
 1324.0 1324.0  1    3.599    3.599  1   34.456   34.456  1
 1326.0 1326.0  1    3.599    3.599  1   34.456   34.456  1
 1328.0 1328.0  1    3.597    3.597  1   34.456   34.456  1
 1329.9 1329.9  1    3.590    3.590  1   34.457   34.457  1
 1332.0 1332.0  1    3.562    3.562  1   34.462   34.462  1
 1334.0 1334.0  1    3.551    3.551  1   34.464   34.464  1
 1336.0 1336.0  1    3.546    3.546  1   34.465   34.465  1
 1338.0 1338.0  1    3.536    3.536  1   34.467   34.467  1
 1340.0 1340.0  1    3.532    3.532  1   34.467   34.467  1
 1342.0 1342.0  1    3.521    3.521  1   34.470   34.470  1
 1344.0 1344.0  1    3.510    3.510  1   34.471   34.471  1
 1346.0 1346.0  1    3.506    3.506  1   34.472   34.472  1
 1348.0 1348.0  1    3.504    3.504  1   34.472   34.472  1
 1350.0 1350.0  1    3.502    3.502  1   34.472   34.472  1
 1352.0 1352.0  1    3.502    3.502  1   34.473   34.473  1
 1354.0 1354.0  1    3.502    3.502  1   34.472   34.472  1
 1356.0 1356.0  1    3.485    3.485  1   34.476   34.476  1
 1358.0 1358.0  1    3.465    3.465  1   34.480   34.480  1
 1360.0 1360.0  1    3.464    3.464  1   34.480   34.480  1
 1362.0 1362.0  1    3.465    3.465  1   34.479   34.479  1
 1364.0 1364.0  1    3.461    3.461  1   34.480   34.480  1
 1366.0 1366.0  1    3.460    3.460  1   34.480   34.480  1
 1368.0 1368.0  1    3.457    3.457  1   34.480   34.480  1
 1370.0 1370.0  1    3.453    3.453  1   34.481   34.481  1
 1372.0 1372.0  1    3.441    3.441  1   34.482   34.482  1
 1374.0 1374.0  1    3.437    3.437  1   34.483   34.483  1
 1376.0 1376.0  1    3.430    3.430  1   34.483   34.483  1
 1378.0 1378.0  1    3.427    3.427  1   34.483   34.483  1
 1380.0 1380.0  1    3.415    3.415  1   34.485   34.485  1
 1382.0 1382.0  1    3.408    3.408  1   34.487   34.487  1
 1384.0 1384.0  1    3.393    3.393  1   34.490   34.490  1
 1386.0 1386.0  1    3.386    3.386  1   34.491   34.491  1
 1388.0 1388.0  1    3.371    3.371  1   34.495   34.495  1
 1390.0 1390.0  1    3.363    3.363  1   34.496   34.496  1
 1391.9 1391.9  1    3.357    3.357  1   34.496   34.496  1
 1394.0 1394.0  1    3.356    3.356  1   34.496   34.496  1
 1396.0 1396.0  1    3.356    3.356  1   34.496   34.496  1
 1398.0 1398.0  1    3.356    3.356  1   34.496   34.496  1
 1400.0 1400.0  1    3.356    3.356  1   34.496   34.496  1
 1402.0 1402.0  1    3.355    3.355  1   34.496   34.496  1
 1404.0 1404.0  1    3.349    3.349  1   34.495   34.495  1
 1406.0 1406.0  1    3.347    3.347  1   34.496   34.496  1
 1408.0 1408.0  1    3.348    3.348  1   34.496   34.496  1
 1410.0 1410.0  1    3.342    3.342  1   34.496   34.496  1
 1411.9 1411.9  1    3.337    3.337  1   34.496   34.496  1
 1414.0 1414.0  1    3.329    3.329  1   34.497   34.497  1
 1416.0 1416.0  1    3.326    3.326  1   34.498   34.498  1
 1418.0 1418.0  1    3.323    3.323  1   34.498   34.498  1
 1420.0 1420.0  1    3.315    3.315  1   34.500   34.500  1
 1422.0 1422.0  1    3.312    3.312  1   34.500   34.500  1
 1424.0 1424.0  1    3.309    3.309  1   34.501   34.501  1
 1426.0 1426.0  1    3.305    3.305  1   34.501   34.501  1
 1428.0 1428.0  1    3.298    3.298  1   34.503   34.503  1
 1430.0 1430.0  1    3.294    3.294  1   34.503   34.503  1
 1432.0 1432.0  1    3.291    3.291  1   34.503   34.503  1
 1434.0 1434.0  1    3.277    3.277  1   34.508   34.508  1
 1436.0 1436.0  1    3.252    3.252  1   34.515   34.515  1
 1438.1 1438.1  1    3.240    3.240  1   34.515   34.515  1
 1440.0 1440.0  1    3.236    3.236  1   34.515   34.515  1
 1442.0 1442.0  1    3.233    3.233  1   34.516   34.516  1
 1444.0 1444.0  1    3.231    3.231  1   34.516   34.516  1
 1446.0 1446.0  1    3.220    3.220  1   34.519   34.519  1
 1448.0 1448.0  1    3.215    3.215  1   34.520   34.520  1
 1450.0 1450.0  1    3.213    3.213  1   34.521   34.521  1
 1452.0 1452.0  1    3.212    3.212  1   34.522   34.522  1
 1454.0 1454.0  1    3.211    3.211  1   34.523   34.523  1
 1456.0 1456.0  1    3.209    3.209  1   34.523   34.523  1
 1458.0 1458.0  1    3.205    3.205  1   34.524   34.524  1
 1460.0 1460.0  1    3.201    3.201  1   34.525   34.525  1
 1462.0 1462.0  1    3.200    3.200  1   34.525   34.525  1
 1464.0 1464.0  1    3.199    3.199  1   34.525   34.525  1
 1466.0 1466.0  1    3.197    3.197  1   34.526   34.526  1
 1468.0 1468.0  1    3.194    3.194  1   34.526   34.526  1
 1470.0 1470.0  1    3.192    3.192  1   34.527   34.527  1
 1472.0 1472.0  1    3.192    3.192  1   34.527   34.527  1
 1474.0 1474.0  1    3.190    3.190  1   34.527   34.527  1
 1476.0 1476.0  1    3.189    3.189  1   34.527   34.527  1
 1478.0 1478.0  1    3.186    3.186  1   34.528   34.528  1
 1480.0 1480.0  1    3.184    3.184  1   34.528   34.528  1
 1482.0 1482.0  1    3.181    3.181  1   34.529   34.529  1
 1484.0 1484.0  1    3.174    3.174  1   34.530   34.530  1
 1486.0 1486.0  1    3.158    3.158  1   34.535   34.535  1
 1488.0 1488.0  1    3.143    3.143  1   34.537   34.537  1
 1490.0 1490.0  1    3.138    3.138  1   34.538   34.538  1
 1492.0 1492.0  1    3.137    3.137  1   34.539   34.539  1
 1494.1 1494.1  1    3.137    3.137  1   34.539   34.539  1
 1496.1 1496.1  1    3.135    3.135  1   34.539   34.539  1
 1498.0 1498.0  1    3.130    3.130  1   34.540   34.540  1
 1500.0 1500.0  1    3.128    3.128  1   34.540   34.540  1
 1502.0 1502.0  1    3.128    3.128  1   34.541   34.541  1
 1504.0 1504.0  1    3.128    3.128  1   34.541   34.541  1
 1506.0 1506.0  1    3.128    3.128  1   34.540   34.540  1
 1508.0 1508.0  1    3.126    3.126  1   34.541   34.541  1
 1510.0 1510.0  1    3.123    3.123  1   34.541   34.541  1
 1512.0 1512.0  1    3.108    3.108  1   34.545   34.545  1
 1514.0 1514.0  1    3.098    3.098  1   34.546   34.546  1
 1516.0 1516.0  1    3.097    3.097  1   34.546   34.546  1
 1518.0 1518.0  1    3.097    3.097  1   34.546   34.546  1
 1520.0 1520.0  1    3.096    3.096  1   34.547   34.547  1
 1522.0 1522.0  1    3.089    3.089  1   34.548   34.548  1
 1524.0 1524.0  1    3.088    3.088  1   34.548   34.548  1
 1526.0 1526.0  1    3.085    3.085  1   34.549   34.549  1
 1528.0 1528.0  1    3.083    3.083  1   34.549   34.549  1
 1530.0 1530.0  1    3.083    3.083  1   34.550   34.550  1
 1532.0 1532.0  1    3.082    3.082  1   34.550   34.550  1
 1534.0 1534.0  1    3.081    3.081  1   34.550   34.550  1
 1536.0 1536.0  1    3.080    3.080  1   34.550   34.550  1
 1538.0 1538.0  1    3.078    3.078  1   34.551   34.551  1
 1540.0 1540.0  1    3.076    3.076  1   34.551   34.551  1
 1542.0 1542.0  1    3.073    3.073  1   34.552   34.552  1
 1544.0 1544.0  1    3.065    3.065  1   34.554   34.554  1
 1546.0 1546.0  1    3.060    3.060  1   34.555   34.555  1
 1548.0 1548.0  1    3.045    3.045  1   34.560   34.560  1
 1550.0 1550.0  1    3.032    3.032  1   34.562   34.562  1
 1552.1 1552.1  1    3.028    3.028  1   34.563   34.563  1
 1554.0 1554.0  1    3.025    3.025  1   34.564   34.564  1
 1556.0 1556.0  1    3.023    3.023  1   34.564   34.564  1
 1558.0 1558.0  1    3.023    3.023  1   34.564   34.564  1
 1560.0 1560.0  1    3.022    3.022  1   34.564   34.564  1
 1561.9 1561.9  1    3.021    3.021  1   34.565   34.565  1
 1563.9 1563.9  1    3.020    3.020  1   34.565   34.565  1
 1566.0 1566.0  1    3.019    3.019  1   34.565   34.565  1
 1568.1 1568.1  1    3.013    3.013  1   34.566   34.566  1
 1570.0 1570.0  1    3.005    3.005  1   34.568   34.568  1
 1572.0 1572.0  1    2.986    2.986  1   34.573   34.573  1
 1574.0 1574.0  1    2.975    2.975  1   34.574   34.574  1
 1576.0 1576.0  1    2.973    2.973  1   34.574   34.574  1
 1578.0 1578.0  1    2.970    2.970  1   34.575   34.575  1
 1580.0 1580.0  1    2.966    2.966  1   34.576   34.576  1
 1582.0 1582.0  1    2.961    2.961  1   34.576   34.576  1
 1584.0 1584.0  1    2.959    2.959  1   34.576   34.576  1
 1585.9 1585.9  1    2.959    2.959  1   34.577   34.577  1
 1588.0 1588.0  1    2.959    2.959  1   34.576   34.576  1
 1590.0 1590.0  1    2.957    2.957  1   34.578   34.578  1
 1592.0 1592.0  1    2.956    2.956  1   34.578   34.578  1
 1594.0 1594.0  1    2.954    2.954  1   34.578   34.578  1
 1596.0 1596.0  1    2.949    2.949  1   34.579   34.579  1
 1598.0 1598.0  1    2.937    2.937  1   34.582   34.582  1
 1600.0 1600.0  1    2.914    2.914  1   34.587   34.587  1
 1602.0 1602.0  1    2.908    2.908  1   34.588   34.588  1
 1604.0 1604.0  1    2.907    2.907  1   34.588   34.588  1
 1606.0 1606.0  1    2.906    2.906  1   34.589   34.589  1
 1608.0 1608.0  1    2.906    2.906  1   34.589   34.589  1
 1610.0 1610.0  1    2.905    2.905  1   34.589   34.589  1
 1612.0 1612.0  1    2.905    2.905  1   34.589   34.589  1
 1614.0 1614.0  1    2.905    2.905  1   34.589   34.589  1
 1616.0 1616.0  1    2.904    2.904  1   34.589   34.589  1
 1618.0 1618.0  1    2.904    2.904  1   34.589   34.589  1
 1620.0 1620.0  1    2.904    2.904  1   34.589   34.589  1
 1622.0 1622.0  1    2.903    2.903  1   34.590   34.590  1
 1624.0 1624.0  1    2.901    2.901  1   34.590   34.590  1
 1626.0 1626.0  1    2.898    2.898  1   34.591   34.591  1
 1628.1 1628.1  1    2.896    2.896  1   34.591   34.591  1
 1630.0 1630.0  1    2.890    2.890  1   34.592   34.592  1
 1632.0 1632.0  1    2.886    2.886  1   34.592   34.592  1
 1634.0 1634.0  1    2.884    2.884  1   34.593   34.593  1
 1636.0 1636.0  1    2.883    2.883  1   34.593   34.593  1
 1638.0 1638.0  1    2.881    2.881  1   34.593   34.593  1
 1640.1 1640.1  1    2.876    2.876  1   34.595   34.595  1
 1642.1 1642.1  1    2.873    2.873  1   34.596   34.596  1
 1644.1 1644.1  1    2.872    2.872  1   34.596   34.596  1
 1646.1 1646.1  1    2.870    2.870  1   34.597   34.597  1
 1648.0 1648.0  1    2.868    2.868  1   34.597   34.597  1
 1650.0 1650.0  1    2.865    2.865  1   34.598   34.598  1
 1652.0 1652.0  1    2.864    2.864  1   34.598   34.598  1
 1654.1 1654.1  1    2.862    2.862  1   34.598   34.598  1
 1656.0 1656.0  1    2.860    2.860  1   34.599   34.599  1
 1658.0 1658.0  1    2.858    2.858  1   34.599   34.599  1
 1660.0 1660.0  1    2.846    2.846  1   34.602   34.602  1
 1662.0 1662.0  1    2.836    2.836  1   34.605   34.605  1
 1664.0 1664.0  1    2.830    2.830  1   34.606   34.606  1
 1666.0 1666.0  1    2.824    2.824  1   34.608   34.608  1
 1668.0 1668.0  1    2.822    2.822  1   34.608   34.608  1
 1670.0 1670.0  1    2.822    2.822  1   34.608   34.608  1
 1672.1 1672.1  1    2.821    2.821  1   34.609   34.609  1
 1674.1 1674.1  1    2.821    2.821  1   34.609   34.609  1
 1676.1 1676.1  1    2.821    2.821  1   34.609   34.609  1
 1678.0 1678.0  1    2.821    2.821  1   34.609   34.609  1
 1680.0 1680.0  1    2.821    2.821  1   34.609   34.609  1
 1682.0 1682.0  1    2.821    2.821  1   34.609   34.609  1
 1684.0 1684.0  1    2.821    2.821  1   34.609   34.609  1
 1686.0 1686.0  1    2.820    2.820  1   34.609   34.609  1
 1688.0 1688.0  1    2.817    2.817  1   34.610   34.610  1
 1690.0 1690.0  1    2.811    2.811  1   34.612   34.612  1
 1692.0 1692.0  1    2.807    2.807  1   34.612   34.612  1
 1694.0 1694.0  1    2.805    2.805  1   34.612   34.612  1
 1696.0 1696.0  1    2.803    2.803  1   34.613   34.613  1
 1698.0 1698.0  1    2.800    2.800  1   34.613   34.613  1
 1700.0 1700.0  1    2.789    2.789  1   34.616   34.616  1
 1702.0 1702.0  1    2.770    2.770  1   34.620   34.620  1
 1704.0 1704.0  1    2.765    2.765  1   34.621   34.621  1
 1706.0 1706.0  1    2.764    2.764  1   34.621   34.621  1
 1708.0 1708.0  1    2.764    2.764  1   34.621   34.621  1
 1710.0 1710.0  1    2.762    2.762  1   34.622   34.622  1
 1712.0 1712.0  1    2.756    2.756  1   34.623   34.623  1
 1714.0 1714.0  1    2.754    2.754  1   34.624   34.624  1
 1716.0 1716.0  1    2.748    2.748  1   34.625   34.625  1
 1718.0 1718.0  1    2.741    2.741  1   34.627   34.627  1
 1720.0 1720.0  1    2.735    2.735  1   34.628   34.628  1
 1722.0 1722.0  1    2.733    2.733  1   34.629   34.629  1
 1724.0 1724.0  1    2.727    2.727  1   34.630   34.630  1
 1726.0 1726.0  1    2.722    2.722  1   34.631   34.631  1
 1728.0 1728.0  1    2.721    2.721  1   34.631   34.631  1
 1730.0 1730.0  1    2.716    2.716  1   34.633   34.633  1
 1732.0 1732.0  1    2.712    2.712  1   34.634   34.634  1
 1734.0 1734.0  1    2.710    2.710  1   34.634   34.634  1
 1736.0 1736.0  1    2.711    2.711  1   34.634   34.634  1
 1738.0 1738.0  1    2.710    2.710  1   34.634   34.634  1
 1740.0 1740.0  1    2.707    2.707  1   34.635   34.635  1
 1742.0 1742.0  1    2.702    2.702  1   34.636   34.636  1
 1744.0 1744.0  1    2.699    2.699  1   34.637   34.637  1
 1746.0 1746.0  1    2.696    2.696  1   34.637   34.637  1
 1748.0 1748.0  1    2.692    2.692  1   34.638   34.638  1
 1750.0 1750.0  1    2.688    2.688  1   34.639   34.639  1
 1752.0 1752.0  1    2.687    2.687  1   34.640   34.640  1
 1754.0 1754.0  1    2.686    2.686  1   34.640   34.640  1
 1756.0 1756.0  1    2.686    2.686  1   34.640   34.640  1
 1758.0 1758.0  1    2.685    2.685  1   34.640   34.640  1
 1760.0 1760.0  1    2.681    2.681  1   34.641   34.641  1
 1762.0 1762.0  1    2.677    2.677  1   34.642   34.642  1
 1764.0 1764.0  1    2.674    2.674  1   34.643   34.643  1
 1766.0 1766.0  1    2.669    2.669  1   34.644   34.644  1
 1768.0 1768.0  1    2.668    2.668  1   34.644   34.644  1
 1770.0 1770.0  1    2.667    2.667  1   34.644   34.644  1
 1772.0 1772.0  1    2.667    2.667  1   34.644   34.644  1
 1774.0 1774.0  1    2.666    2.666  1   34.645   34.645  1
 1776.0 1776.0  1    2.666    2.666  1   34.645   34.645  1
 1778.0 1778.0  1    2.664    2.664  1   34.645   34.645  1
 1780.0 1780.0  1    2.662    2.662  1   34.646   34.646  1
 1782.0 1782.0  1    2.659    2.659  1   34.646   34.646  1
 1784.0 1784.0  1    2.657    2.657  1   34.646   34.646  1
 1786.0 1786.0  1    2.653    2.653  1   34.647   34.647  1
 1788.0 1788.0  1    2.647    2.647  1   34.649   34.649  1
 1790.0 1790.0  1    2.644    2.644  1   34.649   34.649  1
 1792.0 1792.0  1    2.641    2.641  1   34.650   34.650  1
 1794.0 1794.0  1    2.638    2.638  1   34.650   34.650  1
 1796.0 1796.0  1    2.636    2.636  1   34.651   34.651  1
 1798.1 1798.1  1    2.633    2.633  1   34.651   34.651  1
 1800.0 1800.0  1    2.632    2.632  1   34.652   34.652  1
 1802.0 1802.0  1    2.631    2.631  1   34.652   34.652  1
 1804.0 1804.0  1    2.630    2.630  1   34.652   34.652  1
 1806.0 1806.0  1    2.627    2.627  1   34.653   34.653  1
 1808.0 1808.0  1    2.624    2.624  1   34.654   34.654  1
 1810.0 1810.0  1    2.622    2.622  1   34.654   34.654  1
 1812.0 1812.0  1    2.618    2.618  1   34.655   34.655  1
 1814.0 1814.0  1    2.614    2.614  1   34.656   34.656  1
 1816.0 1816.0  1    2.611    2.611  1   34.657   34.657  1
 1818.0 1818.0  1    2.605    2.605  1   34.658   34.658  1
 1820.0 1820.0  1    2.605    2.605  1   34.658   34.658  1
 1822.0 1822.0  1    2.605    2.605  1   34.658   34.658  1
 1824.0 1824.0  1    2.603    2.603  1   34.658   34.658  1
 1826.0 1826.0  1    2.603    2.603  1   34.658   34.658  1
 1828.0 1828.0  1    2.602    2.602  1   34.658   34.658  1
 1830.0 1830.0  1    2.602    2.602  1   34.659   34.659  1
 1832.0 1832.0  1    2.602    2.602  1   34.659   34.659  1
 1834.0 1834.0  1    2.601    2.601  1   34.659   34.659  1
 1836.0 1836.0  1    2.601    2.601  1   34.659   34.659  1
 1838.0 1838.0  1    2.601    2.601  1   34.659   34.659  1
 1840.0 1840.0  1    2.600    2.600  1   34.659   34.659  1
 1841.9 1841.9  1    2.601    2.601  1   34.659   34.659  1
 1844.0 1844.0  1    2.600    2.600  1   34.659   34.659  1
 1846.0 1846.0  1    2.595    2.595  1   34.660   34.660  1
 1848.0 1848.0  1    2.591    2.591  1   34.661   34.661  1
 1850.0 1850.0  1    2.586    2.586  1   34.662   34.662  1
 1852.0 1852.0  1    2.574    2.574  1   34.665   34.665  1
 1854.0 1854.0  1    2.570    2.570  1   34.665   34.665  1
 1856.0 1856.0  1    2.564    2.564  1   34.666   34.666  1
 1858.0 1858.0  1    2.561    2.561  1   34.667   34.667  1
 1860.0 1860.0  1    2.561    2.561  1   34.667   34.667  1
 1862.0 1862.0  1    2.560    2.560  1   34.667   34.667  1
 1864.0 1864.0  1    2.560    2.560  1   34.667   34.667  1
 1866.0 1866.0  1    2.560    2.560  1   34.667   34.667  1
 1868.0 1868.0  1    2.560    2.560  1   34.667   34.667  1
 1870.0 1870.0  1    2.560    2.560  1   34.667   34.667  1
 1872.0 1872.0  1    2.560    2.560  1   34.667   34.667  1
 1874.0 1874.0  1    2.555    2.555  1   34.668   34.668  1
 1876.0 1876.0  1    2.552    2.552  1   34.669   34.669  1
 1878.0 1878.0  1    2.548    2.548  1   34.670   34.670  1
 1880.0 1880.0  1    2.542    2.542  1   34.671   34.671  1
 1882.0 1882.0  1    2.538    2.538  1   34.671   34.671  1
 1884.0 1884.0  1    2.537    2.537  1   34.672   34.672  1
 1886.0 1886.0  1    2.533    2.533  1   34.673   34.673  1
 1888.0 1888.0  1    2.532    2.532  1   34.673   34.673  1
 1890.0 1890.0  1    2.531    2.531  1   34.673   34.673  1
 1892.0 1892.0  1    2.529    2.529  1   34.673   34.673  1
 1894.0 1894.0  1    2.525    2.525  1   34.674   34.674  1
 1896.0 1896.0  1    2.521    2.521  1   34.675   34.675  1
 1898.0 1898.0  1    2.520    2.520  1   34.675   34.675  1
 1900.0 1900.0  1    2.519    2.519  1   34.675   34.675  1
 1902.0 1902.0  1    2.516    2.516  1   34.676   34.676  1
 1904.1 1904.1  1    2.515    2.515  1   34.676   34.676  1
 1906.0 1906.0  1    2.512    2.512  1   34.677   34.677  1
 1908.0 1908.0  1    2.507    2.507  1   34.678   34.678  1
 1910.0 1910.0  1    2.507    2.507  1   34.678   34.678  1
 1912.0 1912.0  1    2.507    2.507  1   34.678   34.678  1
 1914.0 1914.0  1    2.507    2.507  1   34.678   34.678  1
 1916.0 1916.0  1    2.507    2.507  1   34.678   34.678  1
 1918.0 1918.0  1    2.506    2.506  1   34.678   34.678  1
 1920.0 1920.0  1    2.504    2.504  1   34.678   34.678  1
 1922.0 1922.0  1    2.502    2.502  1   34.679   34.679  1
 1924.0 1924.0  1    2.500    2.500  1   34.679   34.679  1
 1926.0 1926.0  1    2.496    2.496  1   34.680   34.680  1
 1928.0 1928.0  1    2.492    2.492  1   34.681   34.681  1
 1930.0 1930.0  1    2.489    2.489  1   34.681   34.681  1
 1932.0 1932.0  1    2.485    2.485  1   34.682   34.682  1
 1934.0 1934.0  1    2.482    2.482  1   34.682   34.682  1
 1936.0 1936.0  1    2.477    2.477  1   34.683   34.683  1
 1938.0 1938.0  1    2.472    2.472  1   34.684   34.684  1
 1940.0 1940.0  1    2.469    2.469  1   34.685   34.685  1
 1942.0 1942.0  1    2.466    2.466  1   34.685   34.685  1
 1944.0 1944.0  1    2.465    2.465  1   34.685   34.685  1
 1946.0 1946.0  1    2.465    2.465  1   34.685   34.685  1
 1948.0 1948.0  1    2.464    2.464  1   34.686   34.686  1
 1950.0 1950.0  1    2.464    2.464  1   34.686   34.686  1
 1952.0 1952.0  1    2.463    2.463  1   34.686   34.686  1
 1954.0 1954.0  1    2.461    2.461  1   34.686   34.686  1
 1956.0 1956.0  1    2.459    2.459  1   34.686   34.686  1
 1958.0 1958.0  1    2.457    2.457  1   34.687   34.687  1
 1960.0 1960.0  1    2.456    2.456  1   34.687   34.687  1
 1962.0 1962.0  1    2.452    2.452  1   34.688   34.688  1
 1964.0 1964.0  1    2.447    2.447  1   34.689   34.689  1
 1966.0 1966.0  1    2.439    2.439  1   34.690   34.690  1
 1968.0 1968.0  1    2.433    2.433  1   34.691   34.691  1
 1970.0 1970.0  1    2.430    2.430  1   34.691   34.691  1
 1972.0 1972.0  1    2.428    2.428  1   34.692   34.692  1
 1974.0 1974.0  1    2.427    2.427  1   34.692   34.692  1
 1976.0 1976.0  1    2.426    2.426  1   34.692   34.692  1
 1978.0 1978.0  1    2.424    2.424  1   34.692   34.692  1
 1980.0 1980.0  1    2.424    2.424  1   34.692   34.692  1
 1982.0 1982.0  1    2.423    2.423  1   34.692   34.692  1
 1984.0 1984.0  1    2.422    2.422  1   34.693   34.693  1
 1986.0 1986.0  1    2.422    2.422  1   34.693   34.693  1
 1988.0 1988.0  1    2.422    2.422  1   34.693   34.693  1
 1990.0 1990.0  1    2.421    2.421  1   34.693   34.693  1
 1992.0 1992.0  1    2.419    2.419  1   34.693   34.693  1
 1994.0 1994.0  1    2.418    2.418  1   34.693   34.693  1
 1995.9 1995.9  1    2.416    2.416  1   34.694   34.694  1
 1998.0 1998.0  1    2.416    2.416  1   34.694   34.694  1
 2000.0 2000.0  1    2.415    2.415  1   34.694   34.694  1
 2002.0 2002.0  1    2.414    2.414  1   34.694   34.694  1
 2003.5 2003.5  1    2.414    2.414  1   34.695   34.695  1
