*SoftWare Version 3.0  2018/12/27

*HEADER
     PLATFORM NUMBER       :1902066
     CYCLE NUMBER          :113
     DATE CREATION         :20191225180049
     DATE UPDATE           :20191225180049
     PROJECT NAME          :US ARGO PROJECT
     PI NAME               :BRECK OWENS, STEVEN JAYNE, P.E. ROBBINS
     INSTRUMENT TYPE       :S2A
     FLOAT SERIAL NO       :7401
     FIRMWARE VERSION      :SBE602 11Dec15 ARM V2.1
     WMO INSTRUMENT TYPE   :854
     TRANSMISSION SYSTEM   :IRIDIUM
     POSITIONING SYSTEM    :GPS
     SAMPLE DIRECTION      :A(A=Ascend; D=Descend)
     DATA MODE             :R(R=Real Time; D=Delayed Mode; A=Real Time Adjusted)
     JULIAN DAY            :25550.7497 (days since 1950-01-01 00:00:00 UTC)
     DATE                  :2019-12-15
     QC FLAG FOR DATE      :1
*LOCATION
     LATITUDE              :-35.980 
     LONGITUDE             :-5.112  
     QC FLAG FOR LOCATION  :1
*FILE
     COLUMN 1              :Pressure (dbar)                             F7.1
     COLUMN 2              :Corrected Pressure (dbar)                   F7.1
     COLUMN 3              :Quality on Pressure                         I3
     COLUMN 4              :Temperature (degree_Celsius)                F9.3
     COLUMN 5              :Corrected Temperature (degree_Celsius)      F9.3
     COLUMN 6              :Quality on Temperature                      I3
     COLUMN 7              :Salinity (PSU)                              F9.3
     COLUMN 8              :Corrected Salinity (PSU)                    F9.3
     COLUMN 9              :Quality on Salinity                         I3
==========================================================================
    0.4    0.4  1   16.214   16.214  1   34.929   34.929  1
    1.0    1.0  1   16.214   16.214  1   34.929   34.929  1
    2.0    2.0  1   16.215   16.215  1   34.928   34.928  1
    3.0    3.0  1   16.216   16.216  1   34.929   34.929  1
    3.9    3.9  1   16.218   16.218  1   34.929   34.929  1
    5.0    5.0  1   16.219   16.219  1   34.928   34.928  1
    6.0    6.0  1   16.218   16.218  1   34.929   34.929  1
    7.0    7.0  1   16.219   16.219  1   34.928   34.928  1
    7.9    7.9  1   16.218   16.218  1   34.928   34.928  1
    9.0    9.0  1   16.215   16.215  1   34.929   34.929  1
   10.3   10.3  1   16.216   16.216  1   34.929   34.929  1
   12.1   12.1  1   16.213   16.213  1   34.929   34.929  1
   14.0   14.0  1   16.206   16.206  1   34.929   34.929  1
   16.0   16.0  1   16.195   16.195  1   34.930   34.930  1
   18.0   18.0  1   16.191   16.191  1   34.930   34.930  1
   20.0   20.0  1   16.189   16.189  1   34.927   34.927  1
   22.0   22.0  1   16.142   16.142  1   34.927   34.927  1
   24.0   24.0  1   15.855   15.855  1   34.943   34.943  1
   26.0   26.0  1   15.678   15.678  1   34.932   34.932  1
   28.0   28.0  1   15.607   15.607  1   34.928   34.928  1
   30.0   30.0  1   15.540   15.540  1   34.926   34.926  1
   32.0   32.0  1   15.386   15.386  1   34.927   34.927  1
   34.0   34.0  1   15.217   15.217  1   34.930   34.930  1
   36.0   36.0  1   14.810   14.810  1   34.939   34.939  1
   38.0   38.0  1   14.650   14.650  1   34.940   34.940  1
   40.0   40.0  1   14.540   14.540  1   34.937   34.937  1
   42.0   42.0  1   14.518   14.518  1   34.935   34.935  1
   44.0   44.0  1   14.499   14.499  1   34.935   34.935  1
   46.0   46.0  1   14.469   14.469  1   34.936   34.936  1
   48.0   48.0  1   14.429   14.429  1   34.936   34.936  1
   49.8   49.8  1   14.411   14.411  1   34.936   34.936  1
   52.0   52.0  1   14.391   14.391  1   34.937   34.937  1
   54.0   54.0  1   14.371   14.371  1   34.938   34.938  1
   56.1   56.1  1   14.326   14.326  1   34.940   34.940  1
   58.1   58.1  1   14.271   14.271  1   34.940   34.940  1
   60.0   60.0  1   14.254   14.254  1   34.940   34.940  1
   62.0   62.0  1   14.200   14.200  1   34.940   34.940  1
   63.9   63.9  1   14.176   14.176  1   34.938   34.938  1
   66.0   66.0  1   14.157   14.157  1   34.938   34.938  1
   68.1   68.1  1   14.081   14.081  1   34.942   34.942  1
   70.0   70.0  1   13.921   13.921  1   34.947   34.947  1
   72.0   72.0  1   13.714   13.714  1   34.942   34.942  1
   74.0   74.0  1   13.562   13.562  1   34.939   34.939  1
   76.0   76.0  1   13.487   13.487  1   34.933   34.933  1
   78.0   78.0  1   13.446   13.446  1   34.933   34.933  1
   80.0   80.0  1   13.417   13.417  1   34.931   34.931  1
   82.0   82.0  1   13.369   13.369  1   34.930   34.930  1
   84.1   84.1  1   13.290   13.290  1   34.931   34.931  1
   86.0   86.0  1   13.177   13.177  1   34.930   34.930  1
   88.0   88.0  1   13.064   13.064  1   34.930   34.930  1
   90.0   90.0  1   12.936   12.936  1   34.925   34.925  1
   91.9   91.9  1   12.836   12.836  1   34.919   34.919  1
   93.9   93.9  1   12.790   12.790  1   34.917   34.917  1
   96.0   96.0  1   12.774   12.774  1   34.918   34.918  1
   98.1   98.1  1   12.771   12.771  1   34.919   34.919  1
  100.0  100.0  1   12.736   12.736  1   34.928   34.928  1
  102.0  102.0  1   12.687   12.687  1   34.926   34.926  1
  104.0  104.0  1   12.654   12.654  1   34.918   34.918  1
  106.0  106.0  1   12.651   12.651  1   34.917   34.917  1
  108.0  108.0  1   12.588   12.588  1   34.913   34.913  1
  110.0  110.0  1   12.547   12.547  1   34.907   34.907  1
  112.1  112.1  1   12.571   12.571  1   34.915   34.915  1
  114.1  114.1  1   12.555   12.555  1   34.920   34.920  1
  116.1  116.1  1   12.518   12.518  1   34.918   34.918  1
  118.1  118.1  1   12.548   12.548  1   34.934   34.934  1
  120.1  120.1  1   12.541   12.541  1   34.938   34.938  1
  122.1  122.1  1   12.521   12.521  1   34.939   34.939  1
  124.1  124.1  1   12.493   12.493  1   34.938   34.938  1
  126.0  126.0  1   12.449   12.449  1   34.935   34.935  1
  127.9  127.9  1   12.374   12.374  1   34.935   34.935  1
  130.0  130.0  1   12.322   12.322  1   34.928   34.928  1
  132.0  132.0  1   12.308   12.308  1   34.931   34.931  1
  134.0  134.0  1   12.247   12.247  1   34.925   34.925  1
  136.0  136.0  1   12.204   12.204  1   34.916   34.916  1
  137.9  137.9  1   12.185   12.185  1   34.916   34.916  1
  139.9  139.9  1   12.165   12.165  1   34.916   34.916  1
  142.0  142.0  1   12.158   12.158  1   34.915   34.915  1
  144.0  144.0  1   12.143   12.143  1   34.914   34.914  1
  146.1  146.1  1   12.124   12.124  1   34.914   34.914  1
  148.0  148.0  1   12.114   12.114  1   34.915   34.915  1
  150.0  150.0  1   12.116   12.116  1   34.927   34.927  1
  152.1  152.1  1   12.128   12.128  1   34.937   34.937  1
  154.0  154.0  1   12.131   12.131  1   34.939   34.939  1
  156.0  156.0  1   12.139   12.139  1   34.943   34.943  1
  158.0  158.0  1   12.152   12.152  1   34.950   34.950  1
  160.0  160.0  1   12.155   12.155  1   34.953   34.953  1
  162.0  162.0  1   12.161   12.161  1   34.957   34.957  1
  163.9  163.9  1   12.129   12.129  1   34.963   34.963  1
  165.9  165.9  1   12.091   12.091  1   34.959   34.959  1
  168.1  168.1  1   12.072   12.072  1   34.953   34.953  1
  170.0  170.0  1   12.064   12.064  1   34.951   34.951  1
  172.0  172.0  1   12.058   12.058  1   34.952   34.952  1
  174.0  174.0  1   12.043   12.043  1   34.952   34.952  1
  176.0  176.0  1   12.046   12.046  1   34.955   34.955  1
  178.1  178.1  1   12.090   12.090  1   34.979   34.979  1
  180.0  180.0  1   12.067   12.067  1   34.984   34.984  1
  181.9  181.9  1   12.045   12.045  1   34.981   34.981  1
  184.0  184.0  1   12.021   12.021  1   34.981   34.981  1
  186.0  186.0  1   11.997   11.997  1   34.975   34.975  1
  188.0  188.0  1   12.008   12.008  1   34.976   34.976  1
  190.0  190.0  1   12.017   12.017  1   34.988   34.988  1
  192.0  192.0  1   12.010   12.010  1   34.996   34.996  1
  194.0  194.0  1   12.006   12.006  1   34.997   34.997  1
  196.0  196.0  1   12.002   12.002  1   34.998   34.998  1
  198.0  198.0  1   11.994   11.994  1   34.998   34.998  1
  200.0  200.0  1   11.988   11.988  1   34.998   34.998  1
  202.0  202.0  1   11.986   11.986  1   34.999   34.999  1
  204.0  204.0  1   11.979   11.979  1   34.998   34.998  1
  205.9  205.9  1   11.975   11.975  1   34.998   34.998  1
  207.9  207.9  1   11.955   11.955  1   34.998   34.998  1
  210.0  210.0  1   11.922   11.922  1   34.996   34.996  1
  212.0  212.0  1   11.897   11.897  1   34.993   34.993  1
  214.0  214.0  1   11.873   11.873  1   34.991   34.991  1
  215.9  215.9  1   11.816   11.816  1   34.986   34.986  1
  217.9  217.9  1   11.791   11.791  1   34.983   34.983  1
  220.0  220.0  1   11.763   11.763  1   34.979   34.979  1
  222.1  222.1  1   11.749   11.749  1   34.977   34.977  1
  224.0  224.0  1   11.697   11.697  1   34.973   34.973  1
  225.9  225.9  1   11.671   11.671  1   34.966   34.966  1
  228.0  228.0  1   11.650   11.650  1   34.968   34.968  1
  230.0  230.0  1   11.562   11.562  1   34.960   34.960  1
  232.0  232.0  1   11.526   11.526  1   34.953   34.953  1
  234.1  234.1  1   11.508   11.508  1   34.949   34.949  1
  236.1  236.1  1   11.487   11.487  1   34.946   34.946  1
  238.0  238.0  1   11.452   11.452  1   34.943   34.943  1
  240.0  240.0  1   11.429   11.429  1   34.942   34.942  1
  242.0  242.0  1   11.416   11.416  1   34.944   34.944  1
  244.0  244.0  1   11.404   11.404  1   34.945   34.945  1
  245.9  245.9  1   11.404   11.404  1   34.947   34.947  1
  248.0  248.0  1   11.419   11.419  1   34.953   34.953  1
  250.0  250.0  1   11.406   11.406  1   34.958   34.958  1
  252.0  252.0  1   11.392   11.392  1   34.955   34.955  1
  254.0  254.0  1   11.384   11.384  1   34.954   34.954  1
  256.0  256.0  1   11.370   11.370  1   34.953   34.953  1
  258.1  258.1  1   11.334   11.334  1   34.947   34.947  1
  260.0  260.0  1   11.241   11.241  1   34.939   34.939  1
  262.0  262.0  1   11.200   11.200  1   34.930   34.930  1
  264.0  264.0  1   11.175   11.175  1   34.927   34.927  1
  266.0  266.0  1   11.124   11.124  1   34.923   34.923  1
  268.0  268.0  1   11.093   11.093  1   34.919   34.919  1
  270.0  270.0  1   11.076   11.076  1   34.916   34.916  1
  272.0  272.0  1   11.057   11.057  1   34.914   34.914  1
  274.1  274.1  1   11.027   11.027  1   34.909   34.909  1
  276.1  276.1  1   11.009   11.009  1   34.909   34.909  1
  278.0  278.0  1   10.963   10.963  1   34.904   34.904  1
  279.9  279.9  1   10.938   10.938  1   34.899   34.899  1
  282.0  282.0  1   10.915   10.915  1   34.895   34.895  1
  284.1  284.1  1   10.908   10.908  1   34.893   34.893  1
  286.0  286.0  1   10.892   10.892  1   34.890   34.890  1
  287.9  287.9  1   10.878   10.878  1   34.887   34.887  1
  290.0  290.0  1   10.828   10.828  1   34.883   34.883  1
  292.0  292.0  1   10.724   10.724  1   34.867   34.867  1
  294.0  294.0  1   10.660   10.660  1   34.850   34.850  1
  296.0  296.0  1   10.616   10.616  1   34.844   34.844  1
  298.0  298.0  1   10.527   10.527  1   34.831   34.831  1
  300.0  300.0  1   10.469   10.469  1   34.819   34.819  1
  302.1  302.1  1   10.436   10.436  1   34.813   34.813  1
  304.0  304.0  1   10.402   10.402  1   34.810   34.810  1
  306.0  306.0  1   10.372   10.372  1   34.807   34.807  1
  308.0  308.0  1   10.340   10.340  1   34.802   34.802  1
  309.9  309.9  1   10.302   10.302  1   34.796   34.796  1
  312.0  312.0  1   10.260   10.260  1   34.790   34.790  1
  314.1  314.1  1   10.253   10.253  1   34.786   34.786  1
  316.0  316.0  1   10.232   10.232  1   34.784   34.784  1
  318.0  318.0  1   10.161   10.161  1   34.774   34.774  1
  320.0  320.0  1   10.111   10.111  1   34.765   34.765  1
  322.0  322.0  1   10.070   10.070  1   34.757   34.757  1
  324.0  324.0  1    9.936    9.936  1   34.747   34.747  1
  326.0  326.0  1    9.876    9.876  1   34.733   34.733  1
  328.0  328.0  1    9.809    9.809  1   34.729   34.729  1
  330.0  330.0  1    9.764    9.764  1   34.720   34.720  1
  331.9  331.9  1    9.724    9.724  1   34.715   34.715  1
  334.0  334.0  1    9.711    9.711  1   34.713   34.713  1
  336.0  336.0  1    9.690    9.690  1   34.712   34.712  1
  338.0  338.0  1    9.677    9.677  1   34.711   34.711  1
  340.0  340.0  1    9.679    9.679  1   34.711   34.711  1
  342.0  342.0  1    9.655    9.655  1   34.713   34.713  1
  344.0  344.0  1    9.622    9.622  1   34.709   34.709  1
  346.1  346.1  1    9.581    9.581  1   34.707   34.707  1
  348.0  348.0  1    9.557    9.557  1   34.703   34.703  1
  349.9  349.9  1    9.541    9.541  1   34.701   34.701  1
  352.0  352.0  1    9.479    9.479  1   34.697   34.697  1
  354.0  354.0  1    9.401    9.401  1   34.682   34.682  1
  356.0  356.0  1    9.391    9.391  1   34.679   34.679  1
  358.0  358.0  1    9.374    9.374  1   34.678   34.678  1
  360.0  360.0  1    9.349    9.349  1   34.674   34.674  1
  362.0  362.0  1    9.349    9.349  1   34.678   34.678  1
  364.0  364.0  1    9.330    9.330  1   34.679   34.679  1
  366.0  366.0  1    9.332    9.332  1   34.682   34.682  1
  368.0  368.0  1    9.341    9.341  1   34.687   34.687  1
  370.0  370.0  1    9.305    9.305  1   34.683   34.683  1
  371.9  371.9  1    9.273    9.273  1   34.680   34.680  1
  374.0  374.0  1    9.248    9.248  1   34.676   34.676  1
  376.1  376.1  1    9.239    9.239  1   34.676   34.676  1
  378.0  378.0  1    9.207    9.207  1   34.676   34.676  1
  380.0  380.0  1    9.182    9.182  1   34.671   34.671  1
  382.0  382.0  1    9.158    9.158  1   34.670   34.670  1
  384.1  384.1  1    9.129    9.129  1   34.665   34.665  1
  386.1  386.1  1    9.103    9.103  1   34.661   34.661  1
  388.0  388.0  1    9.078    9.078  1   34.660   34.660  1
  390.0  390.0  1    9.028    9.028  1   34.652   34.652  1
  392.0  392.0  1    8.984    8.984  1   34.647   34.647  1
  394.0  394.0  1    8.945    8.945  1   34.643   34.643  1
  396.0  396.0  1    8.897    8.897  1   34.635   34.635  1
  397.9  397.9  1    8.855    8.855  1   34.631   34.631  1
  400.0  400.0  1    8.796    8.796  1   34.622   34.622  1
  402.0  402.0  1    8.780    8.780  1   34.619   34.619  1
  404.0  404.0  1    8.742    8.742  1   34.616   34.616  1
  405.9  405.9  1    8.712    8.712  1   34.611   34.611  1
  408.0  408.0  1    8.697    8.697  1   34.609   34.609  1
  410.0  410.0  1    8.679    8.679  1   34.608   34.608  1
  412.0  412.0  1    8.666    8.666  1   34.606   34.606  1
  414.0  414.0  1    8.648    8.648  1   34.604   34.604  1
  416.0  416.0  1    8.610    8.610  1   34.600   34.600  1
  418.0  418.0  1    8.541    8.541  1   34.595   34.595  1
  420.0  420.0  1    8.472    8.472  1   34.583   34.583  1
  422.0  422.0  1    8.460    8.460  1   34.583   34.583  1
  424.0  424.0  1    8.381    8.381  1   34.573   34.573  1
  426.0  426.0  1    8.366    8.366  1   34.570   34.570  1
  428.0  428.0  1    8.324    8.324  1   34.567   34.567  1
  430.0  430.0  1    8.242    8.242  1   34.556   34.556  1
  432.0  432.0  1    8.128    8.128  1   34.545   34.545  1
  434.0  434.0  1    8.063    8.063  1   34.537   34.537  1
  436.0  436.0  1    8.011    8.011  1   34.529   34.529  1
  438.0  438.0  1    7.974    7.974  1   34.526   34.526  1
  440.0  440.0  1    7.952    7.952  1   34.521   34.521  1
  442.0  442.0  1    7.926    7.926  1   34.522   34.522  1
  444.0  444.0  1    7.902    7.902  1   34.516   34.516  1
  446.0  446.0  1    7.888    7.888  1   34.513   34.513  1
  448.0  448.0  1    7.867    7.867  1   34.510   34.510  1
  450.0  450.0  1    7.846    7.846  1   34.507   34.507  1
  452.0  452.0  1    7.805    7.805  1   34.503   34.503  1
  454.0  454.0  1    7.767    7.767  1   34.499   34.499  1
  456.0  456.0  1    7.698    7.698  1   34.491   34.491  1
  458.0  458.0  1    7.666    7.666  1   34.488   34.488  1
  460.0  460.0  1    7.638    7.638  1   34.484   34.484  1
  462.1  462.1  1    7.629    7.629  1   34.483   34.483  1
  464.0  464.0  1    7.624    7.624  1   34.482   34.482  1
  466.0  466.0  1    7.604    7.604  1   34.481   34.481  1
  468.0  468.0  1    7.566    7.566  1   34.477   34.477  1
  470.0  470.0  1    7.517    7.517  1   34.473   34.473  1
  472.0  472.0  1    7.410    7.410  1   34.463   34.463  1
  474.0  474.0  1    7.368    7.368  1   34.455   34.455  1
  476.0  476.0  1    7.351    7.351  1   34.451   34.451  1
  478.0  478.0  1    7.264    7.264  1   34.446   34.446  1
  480.0  480.0  1    7.231    7.231  1   34.441   34.441  1
  481.9  481.9  1    7.214    7.214  1   34.439   34.439  1
  484.0  484.0  1    7.212    7.212  1   34.437   34.437  1
  486.0  486.0  1    7.202    7.202  1   34.436   34.436  1
  488.0  488.0  1    7.161    7.161  1   34.432   34.432  1
  490.0  490.0  1    7.066    7.066  1   34.422   34.422  1
  492.0  492.0  1    7.010    7.010  1   34.417   34.417  1
  494.0  494.0  1    6.956    6.956  1   34.413   34.413  1
  496.1  496.1  1    6.922    6.922  1   34.406   34.406  1
  498.0  498.0  1    6.880    6.880  1   34.402   34.402  1
  500.1  500.1  1    6.855    6.855  1   34.400   34.400  1
  502.0  502.0  1    6.811    6.811  1   34.396   34.396  1
  504.0  504.0  1    6.776    6.776  1   34.393   34.393  1
  506.0  506.0  1    6.747    6.747  1   34.390   34.390  1
  508.1  508.1  1    6.713    6.713  1   34.388   34.388  1
  510.0  510.0  1    6.669    6.669  1   34.383   34.383  1
  512.0  512.0  1    6.658    6.658  1   34.381   34.381  1
  514.0  514.0  1    6.631    6.631  1   34.379   34.379  1
  516.0  516.0  1    6.558    6.558  1   34.372   34.372  1
  518.0  518.0  1    6.551    6.551  1   34.369   34.369  1
  520.0  520.0  1    6.530    6.530  1   34.369   34.369  1
  522.0  522.0  1    6.517    6.517  1   34.366   34.366  1
  524.0  524.0  1    6.506    6.506  1   34.365   34.365  1
  526.0  526.0  1    6.473    6.473  1   34.363   34.363  1
  528.0  528.0  1    6.416    6.416  1   34.359   34.359  1
  530.0  530.0  1    6.368    6.368  1   34.353   34.353  1
  532.0  532.0  1    6.347    6.347  1   34.352   34.352  1
  533.9  533.9  1    6.338    6.338  1   34.351   34.351  1
  536.0  536.0  1    6.332    6.332  1   34.350   34.350  1
  538.0  538.0  1    6.315    6.315  1   34.349   34.349  1
  540.0  540.0  1    6.307    6.307  1   34.348   34.348  1
  542.1  542.1  1    6.296    6.296  1   34.348   34.348  1
  544.0  544.0  1    6.271    6.271  1   34.347   34.347  1
  546.0  546.0  1    6.235    6.235  1   34.343   34.343  1
  548.0  548.0  1    6.221    6.221  1   34.342   34.342  1
  550.0  550.0  1    6.215    6.215  1   34.340   34.340  1
  551.9  551.9  1    6.208    6.208  1   34.340   34.340  1
  554.0  554.0  1    6.202    6.202  1   34.339   34.339  1
  556.1  556.1  1    6.200    6.200  1   34.339   34.339  1
  558.1  558.1  1    6.196    6.196  1   34.339   34.339  1
  560.0  560.0  1    6.186    6.186  1   34.336   34.336  1
  561.9  561.9  1    6.176    6.176  1   34.336   34.336  1
  563.9  563.9  1    6.159    6.159  1   34.334   34.334  1
  566.0  566.0  1    6.126    6.126  1   34.332   34.332  1
  568.0  568.0  1    6.096    6.096  1   34.330   34.330  1
  570.0  570.0  1    6.059    6.059  1   34.327   34.327  1
  572.0  572.0  1    6.056    6.056  1   34.326   34.326  1
  574.0  574.0  1    6.042    6.042  1   34.326   34.326  1
  576.1  576.1  1    6.034    6.034  1   34.325   34.325  1
  578.0  578.0  1    6.021    6.021  1   34.324   34.324  1
  580.0  580.0  1    5.972    5.972  1   34.324   34.324  1
  582.0  582.0  1    5.919    5.919  1   34.318   34.318  1
  584.0  584.0  1    5.908    5.908  1   34.316   34.316  1
  585.9  585.9  1    5.899    5.899  1   34.316   34.316  1
  588.0  588.0  1    5.884    5.884  1   34.314   34.314  1
  590.0  590.0  1    5.877    5.877  1   34.314   34.314  1
  592.0  592.0  1    5.855    5.855  1   34.313   34.313  1
  594.0  594.0  1    5.829    5.829  1   34.310   34.310  1
  596.0  596.0  1    5.803    5.803  1   34.309   34.309  1
  598.1  598.1  1    5.758    5.758  1   34.304   34.304  1
  600.0  600.0  1    5.721    5.721  1   34.303   34.303  1
  601.9  601.9  1    5.702    5.702  1   34.299   34.299  1
  603.9  603.9  1    5.684    5.684  1   34.298   34.298  1
  606.0  606.0  1    5.666    5.666  1   34.297   34.297  1
  608.0  608.0  1    5.635    5.635  1   34.294   34.294  1
  610.0  610.0  1    5.609    5.609  1   34.292   34.292  1
  612.0  612.0  1    5.596    5.596  1   34.290   34.290  1
  614.0  614.0  1    5.592    5.592  1   34.289   34.289  1
  616.0  616.0  1    5.584    5.584  1   34.289   34.289  1
  618.0  618.0  1    5.572    5.572  1   34.287   34.287  1
  620.0  620.0  1    5.551    5.551  1   34.286   34.286  1
  622.0  622.0  1    5.541    5.541  1   34.284   34.284  1
  624.0  624.0  1    5.515    5.515  1   34.283   34.283  1
  626.0  626.0  1    5.488    5.488  1   34.279   34.279  1
  628.0  628.0  1    5.446    5.446  1   34.276   34.276  1
  630.0  630.0  1    5.396    5.396  1   34.271   34.271  1
  632.0  632.0  1    5.359    5.359  1   34.268   34.268  1
  634.0  634.0  1    5.321    5.321  1   34.265   34.265  1
  635.9  635.9  1    5.317    5.317  1   34.264   34.264  1
  638.0  638.0  1    5.315    5.315  1   34.263   34.263  1
  640.1  640.1  1    5.307    5.307  1   34.263   34.263  1
  642.0  642.0  1    5.269    5.269  1   34.260   34.260  1
  644.0  644.0  1    5.256    5.256  1   34.258   34.258  1
  646.0  646.0  1    5.255    5.255  1   34.258   34.258  1
  648.0  648.0  1    5.252    5.252  1   34.257   34.257  1
  649.9  649.9  1    5.245    5.245  1   34.257   34.257  1
  652.0  652.0  1    5.219    5.219  1   34.256   34.256  1
  654.1  654.1  1    5.204    5.204  1   34.255   34.255  1
  656.0  656.0  1    5.198    5.198  1   34.256   34.256  1
  658.0  658.0  1    5.198    5.198  1   34.257   34.257  1
  660.0  660.0  1    5.180    5.180  1   34.257   34.257  1
  662.0  662.0  1    5.159    5.159  1   34.256   34.256  1
  664.0  664.0  1    5.156    5.156  1   34.255   34.255  1
  666.1  666.1  1    5.156    5.156  1   34.255   34.255  1
  668.1  668.1  1    5.133    5.133  1   34.256   34.256  1
  670.0  670.0  1    5.107    5.107  1   34.252   34.252  1
  671.9  671.9  1    5.104    5.104  1   34.252   34.252  1
  673.9  673.9  1    5.100    5.100  1   34.251   34.251  1
  676.0  676.0  1    5.085    5.085  1   34.251   34.251  1
  678.0  678.0  1    5.071    5.071  1   34.250   34.250  1
  680.0  680.0  1    5.064    5.064  1   34.249   34.249  1
  682.0  682.0  1    5.062    5.062  1   34.249   34.249  1
  684.0  684.0  1    5.057    5.057  1   34.249   34.249  1
  685.9  685.9  1    5.053    5.053  1   34.248   34.248  1
  688.0  688.0  1    5.048    5.048  1   34.248   34.248  1
  690.1  690.1  1    5.038    5.038  1   34.248   34.248  1
  692.0  692.0  1    5.031    5.031  1   34.244   34.244  1
  694.0  694.0  1    5.018    5.018  1   34.244   34.244  1
  696.0  696.0  1    5.006    5.006  1   34.243   34.243  1
  698.1  698.1  1    4.997    4.997  1   34.244   34.244  1
  700.1  700.1  1    4.939    4.939  1   34.243   34.243  1
  702.1  702.1  1    4.907    4.907  1   34.239   34.239  1
  704.1  704.1  1    4.889    4.889  1   34.238   34.238  1
  706.1  706.1  1    4.880    4.880  1   34.238   34.238  1
  708.1  708.1  1    4.874    4.874  1   34.237   34.237  1
  710.1  710.1  1    4.871    4.871  1   34.237   34.237  1
  712.0  712.0  1    4.863    4.863  1   34.236   34.236  1
  714.0  714.0  1    4.848    4.848  1   34.236   34.236  1
  716.0  716.0  1    4.809    4.809  1   34.235   34.235  1
  718.1  718.1  1    4.767    4.767  1   34.233   34.233  1
  720.0  720.0  1    4.745    4.745  1   34.231   34.231  1
  722.0  722.0  1    4.717    4.717  1   34.232   34.232  1
  724.1  724.1  1    4.699    4.699  1   34.230   34.230  1
  726.0  726.0  1    4.687    4.687  1   34.230   34.230  1
  728.0  728.0  1    4.676    4.676  1   34.229   34.229  1
  730.0  730.0  1    4.671    4.671  1   34.228   34.228  1
  732.1  732.1  1    4.648    4.648  1   34.228   34.228  1
  734.0  734.0  1    4.637    4.637  1   34.227   34.227  1
  736.0  736.0  1    4.630    4.630  1   34.227   34.227  1
  738.1  738.1  1    4.621    4.621  1   34.227   34.227  1
  740.0  740.0  1    4.611    4.611  1   34.226   34.226  1
  742.0  742.0  1    4.609    4.609  1   34.225   34.225  1
  744.1  744.1  1    4.594    4.594  1   34.225   34.225  1
  746.0  746.0  1    4.590    4.590  1   34.225   34.225  1
  748.0  748.0  1    4.583    4.583  1   34.224   34.224  1
  750.0  750.0  1    4.573    4.573  1   34.224   34.224  1
  752.0  752.0  1    4.566    4.566  1   34.224   34.224  1
  754.0  754.0  1    4.554    4.554  1   34.223   34.223  1
  756.0  756.0  1    4.540    4.540  1   34.222   34.222  1
  758.0  758.0  1    4.516    4.516  1   34.221   34.221  1
  760.0  760.0  1    4.475    4.475  1   34.219   34.219  1
  762.0  762.0  1    4.458    4.458  1   34.216   34.216  1
  764.0  764.0  1    4.460    4.460  1   34.220   34.220  1
  765.9  765.9  1    4.447    4.447  1   34.220   34.220  1
  768.0  768.0  1    4.432    4.432  1   34.221   34.221  1
  770.0  770.0  1    4.398    4.398  1   34.221   34.221  1
  772.0  772.0  1    4.382    4.382  1   34.220   34.220  1
  774.0  774.0  1    4.377    4.377  1   34.220   34.220  1
  775.9  775.9  1    4.372    4.372  1   34.219   34.219  1
  777.9  777.9  1    4.363    4.363  1   34.220   34.220  1
  780.0  780.0  1    4.359    4.359  1   34.219   34.219  1
  782.1  782.1  1    4.349    4.349  1   34.219   34.219  1
  784.0  784.0  1    4.342    4.342  1   34.219   34.219  1
  785.9  785.9  1    4.334    4.334  1   34.218   34.218  1
  788.0  788.0  1    4.318    4.318  1   34.219   34.219  1
  790.0  790.0  1    4.305    4.305  1   34.220   34.220  1
  792.0  792.0  1    4.291    4.291  1   34.221   34.221  1
  794.0  794.0  1    4.271    4.271  1   34.222   34.222  1
  796.0  796.0  1    4.265    4.265  1   34.221   34.221  1
  798.0  798.0  1    4.266    4.266  1   34.220   34.220  1
  800.0  800.0  1    4.265    4.265  1   34.220   34.220  1
  801.9  801.9  1    4.263    4.263  1   34.220   34.220  1
  803.9  803.9  1    4.261    4.261  1   34.220   34.220  1
  805.9  805.9  1    4.259    4.259  1   34.219   34.219  1
  807.8  807.8  1    4.257    4.257  1   34.221   34.221  1
  810.0  810.0  1    4.246    4.246  1   34.220   34.220  1
  812.1  812.1  1    4.232    4.232  1   34.221   34.221  1
  814.1  814.1  1    4.214    4.214  1   34.222   34.222  1
  816.0  816.0  1    4.212    4.212  1   34.221   34.221  1
  817.8  817.8  1    4.211    4.211  1   34.221   34.221  1
  819.9  819.9  1    4.210    4.210  1   34.221   34.221  1
  821.9  821.9  1    4.206    4.206  1   34.222   34.222  1
  823.9  823.9  1    4.201    4.201  1   34.222   34.222  1
  826.0  826.0  1    4.177    4.177  1   34.225   34.225  1
  828.0  828.0  1    4.171    4.171  1   34.224   34.224  1
  830.0  830.0  1    4.164    4.164  1   34.224   34.224  1
  832.0  832.0  1    4.154    4.154  1   34.225   34.225  1
  834.0  834.0  1    4.147    4.147  1   34.225   34.225  1
  836.0  836.0  1    4.133    4.133  1   34.226   34.226  1
  838.0  838.0  1    4.119    4.119  1   34.226   34.226  1
  840.0  840.0  1    4.112    4.112  1   34.227   34.227  1
  842.0  842.0  1    4.104    4.104  1   34.228   34.228  1
  844.0  844.0  1    4.095    4.095  1   34.228   34.228  1
  846.0  846.0  1    4.088    4.088  1   34.230   34.230  1
  848.0  848.0  1    4.082    4.082  1   34.231   34.231  1
  850.0  850.0  1    4.073    4.073  1   34.231   34.231  1
  852.0  852.0  1    4.071    4.071  1   34.231   34.231  1
  854.0  854.0  1    4.068    4.068  1   34.231   34.231  1
  856.0  856.0  1    4.058    4.058  1   34.231   34.231  1
  858.0  858.0  1    4.051    4.051  1   34.231   34.231  1
  859.9  859.9  1    4.043    4.043  1   34.232   34.232  1
  861.9  861.9  1    4.029    4.029  1   34.232   34.232  1
  863.9  863.9  1    4.023    4.023  1   34.232   34.232  1
  865.9  865.9  1    4.010    4.010  1   34.233   34.233  1
  867.9  867.9  1    3.993    3.993  1   34.234   34.234  1
  870.0  870.0  1    3.984    3.984  1   34.234   34.234  1
  872.1  872.1  1    3.978    3.978  1   34.234   34.234  1
  874.1  874.1  1    3.970    3.970  1   34.233   34.233  1
  876.1  876.1  1    3.967    3.967  1   34.234   34.234  1
  878.0  878.0  1    3.958    3.958  1   34.234   34.234  1
  880.0  880.0  1    3.952    3.952  1   34.234   34.234  1
  882.0  882.0  1    3.943    3.943  1   34.234   34.234  1
  883.9  883.9  1    3.922    3.922  1   34.237   34.237  1
  886.0  886.0  1    3.902    3.902  1   34.238   34.238  1
  888.1  888.1  1    3.889    3.889  1   34.241   34.241  1
  890.1  890.1  1    3.885    3.885  1   34.241   34.241  1
  892.1  892.1  1    3.875    3.875  1   34.242   34.242  1
  894.0  894.0  1    3.868    3.868  1   34.242   34.242  1
  896.0  896.0  1    3.862    3.862  1   34.242   34.242  1
  898.0  898.0  1    3.854    3.854  1   34.243   34.243  1
  899.9  899.9  1    3.850    3.850  1   34.243   34.243  1
  902.0  902.0  1    3.841    3.841  1   34.244   34.244  1
  904.0  904.0  1    3.835    3.835  1   34.243   34.243  1
  906.0  906.0  1    3.827    3.827  1   34.244   34.244  1
  908.0  908.0  1    3.816    3.816  1   34.246   34.246  1
  910.0  910.0  1    3.812    3.812  1   34.246   34.246  1
  912.0  912.0  1    3.810    3.810  1   34.247   34.247  1
  914.1  914.1  1    3.789    3.789  1   34.250   34.250  1
  916.0  916.0  1    3.768    3.768  1   34.250   34.250  1
  917.9  917.9  1    3.761    3.761  1   34.250   34.250  1
  920.0  920.0  1    3.756    3.756  1   34.251   34.251  1
  922.0  922.0  1    3.753    3.753  1   34.251   34.251  1
  924.0  924.0  1    3.748    3.748  1   34.252   34.252  1
  926.0  926.0  1    3.741    3.741  1   34.253   34.253  1
  928.0  928.0  1    3.732    3.732  1   34.254   34.254  1
  930.0  930.0  1    3.725    3.725  1   34.255   34.255  1
  932.0  932.0  1    3.718    3.718  1   34.256   34.256  1
  934.0  934.0  1    3.716    3.716  1   34.256   34.256  1
  935.9  935.9  1    3.711    3.711  1   34.256   34.256  1
  938.0  938.0  1    3.701    3.701  1   34.258   34.258  1
  940.0  940.0  1    3.693    3.693  1   34.258   34.258  1
  942.1  942.1  1    3.691    3.691  1   34.258   34.258  1
  944.1  944.1  1    3.687    3.687  1   34.259   34.259  1
  946.1  946.1  1    3.674    3.674  1   34.261   34.261  1
  948.0  948.0  1    3.672    3.672  1   34.261   34.261  1
  950.0  950.0  1    3.669    3.669  1   34.262   34.262  1
  952.0  952.0  1    3.659    3.659  1   34.263   34.263  1
  954.0  954.0  1    3.652    3.652  1   34.266   34.266  1
  956.0  956.0  1    3.639    3.639  1   34.269   34.269  1
  958.0  958.0  1    3.634    3.634  1   34.270   34.270  1
  960.0  960.0  1    3.653    3.653  1   34.273   34.273  1
  962.0  962.0  1    3.650    3.650  1   34.276   34.276  1
  964.0  964.0  1    3.643    3.643  1   34.276   34.276  1
  966.0  966.0  1    3.630    3.630  1   34.276   34.276  1
  968.0  968.0  1    3.614    3.614  1   34.278   34.278  1
  970.0  970.0  1    3.607    3.607  1   34.278   34.278  1
  972.0  972.0  1    3.604    3.604  1   34.279   34.279  1
  974.0  974.0  1    3.603    3.603  1   34.281   34.281  1
  976.0  976.0  1    3.606    3.606  1   34.284   34.284  1
  978.0  978.0  1    3.603    3.603  1   34.284   34.284  1
  980.0  980.0  1    3.587    3.587  1   34.284   34.284  1
  982.0  982.0  1    3.565    3.565  1   34.282   34.282  1
  984.0  984.0  1    3.559    3.559  1   34.282   34.282  1
  986.0  986.0  1    3.543    3.543  1   34.285   34.285  1
  988.0  988.0  1    3.534    3.534  1   34.285   34.285  1
  989.9  989.9  1    3.519    3.519  1   34.287   34.287  1
  992.0  992.0  1    3.510    3.510  1   34.289   34.289  1
  994.0  994.0  1    3.514    3.514  1   34.291   34.291  1
  996.0  996.0  1    3.520    3.520  1   34.295   34.295  1
  998.0  998.0  1    3.516    3.516  1   34.296   34.296  1
 1000.0 1000.0  1    3.509    3.509  1   34.298   34.298  1
 1002.0 1002.0  1    3.507    3.507  1   34.298   34.298  1
 1004.0 1004.0  1    3.501    3.501  1   34.298   34.298  1
 1006.0 1006.0  1    3.488    3.488  1   34.300   34.300  1
 1008.1 1008.1  1    3.482    3.482  1   34.301   34.301  1
 1010.0 1010.0  1    3.479    3.479  1   34.302   34.302  1
 1012.0 1012.0  1    3.477    3.477  1   34.302   34.302  1
 1014.0 1014.0  1    3.474    3.474  1   34.301   34.301  1
 1016.0 1016.0  1    3.468    3.468  1   34.301   34.301  1
 1018.0 1018.0  1    3.463    3.463  1   34.301   34.301  1
 1020.0 1020.0  1    3.441    3.441  1   34.305   34.305  1
 1022.0 1022.0  1    3.422    3.422  1   34.307   34.307  1
 1024.0 1024.0  1    3.419    3.419  1   34.308   34.308  1
 1026.1 1026.1  1    3.418    3.418  1   34.309   34.309  1
 1028.0 1028.0  1    3.417    3.417  1   34.311   34.311  1
 1029.9 1029.9  1    3.416    3.416  1   34.312   34.312  1
 1032.0 1032.0  1    3.415    3.415  1   34.314   34.314  1
 1034.0 1034.0  1    3.413    3.413  1   34.315   34.315  1
 1036.1 1036.1  1    3.400    3.400  1   34.318   34.318  1
 1038.0 1038.0  1    3.391    3.391  1   34.319   34.319  1
 1040.0 1040.0  1    3.387    3.387  1   34.320   34.320  1
 1042.0 1042.0  1    3.380    3.380  1   34.321   34.321  1
 1044.0 1044.0  1    3.379    3.379  1   34.322   34.322  1
 1046.0 1046.0  1    3.377    3.377  1   34.323   34.323  1
 1048.0 1048.0  1    3.374    3.374  1   34.323   34.323  1
 1049.9 1049.9  1    3.372    3.372  1   34.324   34.324  1
 1052.0 1052.0  1    3.372    3.372  1   34.324   34.324  1
 1054.0 1054.0  1    3.370    3.370  1   34.324   34.324  1
 1056.0 1056.0  1    3.357    3.357  1   34.324   34.324  1
 1057.9 1057.9  1    3.350    3.350  1   34.324   34.324  1
 1059.9 1059.9  1    3.341    3.341  1   34.325   34.325  1
 1061.9 1061.9  1    3.342    3.342  1   34.325   34.325  1
 1064.0 1064.0  1    3.346    3.346  1   34.327   34.327  1
 1066.0 1066.0  1    3.347    3.347  1   34.328   34.328  1
 1068.0 1068.0  1    3.333    3.333  1   34.332   34.332  1
 1070.1 1070.1  1    3.316    3.316  1   34.335   34.335  1
 1072.0 1072.0  1    3.309    3.309  1   34.336   34.336  1
 1074.0 1074.0  1    3.308    3.308  1   34.336   34.336  1
 1076.0 1076.0  1    3.307    3.307  1   34.336   34.336  1
 1078.0 1078.0  1    3.307    3.307  1   34.338   34.338  1
 1080.1 1080.1  1    3.308    3.308  1   34.339   34.339  1
 1082.1 1082.1  1    3.308    3.308  1   34.341   34.341  1
 1084.0 1084.0  1    3.307    3.307  1   34.343   34.343  1
 1086.1 1086.1  1    3.307    3.307  1   34.345   34.345  1
 1088.0 1088.0  1    3.308    3.308  1   34.346   34.346  1
 1090.0 1090.0  1    3.309    3.309  1   34.347   34.347  1
 1092.1 1092.1  1    3.309    3.309  1   34.348   34.348  1
 1094.0 1094.0  1    3.306    3.306  1   34.349   34.349  1
 1095.9 1095.9  1    3.300    3.300  1   34.352   34.352  1
 1097.9 1097.9  1    3.298    3.298  1   34.353   34.353  1
 1100.0 1100.0  1    3.292    3.292  1   34.356   34.356  1
 1102.0 1102.0  1    3.286    3.286  1   34.358   34.358  1
 1104.0 1104.0  1    3.285    3.285  1   34.358   34.358  1
 1106.0 1106.0  1    3.283    3.283  1   34.359   34.359  1
 1107.9 1107.9  1    3.280    3.280  1   34.359   34.359  1
 1110.0 1110.0  1    3.277    3.277  1   34.360   34.360  1
 1112.0 1112.0  1    3.276    3.276  1   34.360   34.360  1
 1114.0 1114.0  1    3.276    3.276  1   34.359   34.359  1
 1116.0 1116.0  1    3.269    3.269  1   34.359   34.359  1
 1118.1 1118.1  1    3.253    3.253  1   34.359   34.359  1
 1120.0 1120.0  1    3.229    3.229  1   34.359   34.359  1
 1122.0 1122.0  1    3.202    3.202  1   34.359   34.359  1
 1124.1 1124.1  1    3.194    3.194  1   34.361   34.361  1
 1126.0 1126.0  1    3.188    3.188  1   34.363   34.363  1
 1128.0 1128.0  1    3.186    3.186  1   34.363   34.363  1
 1129.9 1129.9  1    3.184    3.184  1   34.363   34.363  1
 1131.9 1131.9  1    3.180    3.180  1   34.364   34.364  1
 1134.0 1134.0  1    3.176    3.176  1   34.365   34.365  1
 1136.1 1136.1  1    3.174    3.174  1   34.366   34.366  1
 1138.1 1138.1  1    3.173    3.173  1   34.368   34.368  1
 1140.1 1140.1  1    3.170    3.170  1   34.370   34.370  1
 1142.0 1142.0  1    3.167    3.167  1   34.371   34.371  1
 1143.9 1143.9  1    3.166    3.166  1   34.373   34.373  1
 1145.9 1145.9  1    3.164    3.164  1   34.375   34.375  1
 1147.9 1147.9  1    3.164    3.164  1   34.375   34.375  1
 1150.0 1150.0  1    3.164    3.164  1   34.376   34.376  1
 1152.1 1152.1  1    3.163    3.163  1   34.378   34.378  1
 1154.1 1154.1  1    3.158    3.158  1   34.380   34.380  1
 1156.1 1156.1  1    3.154    3.154  1   34.381   34.381  1
 1158.1 1158.1  1    3.151    3.151  1   34.382   34.382  1
 1160.1 1160.1  1    3.149    3.149  1   34.382   34.382  1
 1162.1 1162.1  1    3.146    3.146  1   34.383   34.383  1
 1164.0 1164.0  1    3.144    3.144  1   34.384   34.384  1
 1165.9 1165.9  1    3.140    3.140  1   34.386   34.386  1
 1167.9 1167.9  1    3.136    3.136  1   34.387   34.387  1
 1169.9 1169.9  1    3.135    3.135  1   34.387   34.387  1
 1171.9 1171.9  1    3.132    3.132  1   34.389   34.389  1
 1173.9 1173.9  1    3.126    3.126  1   34.391   34.391  1
 1176.0 1176.0  1    3.123    3.123  1   34.393   34.393  1
 1178.0 1178.0  1    3.119    3.119  1   34.395   34.395  1
 1180.0 1180.0  1    3.117    3.117  1   34.396   34.396  1
 1182.0 1182.0  1    3.117    3.117  1   34.397   34.397  1
 1184.0 1184.0  1    3.116    3.116  1   34.397   34.397  1
 1186.1 1186.1  1    3.115    3.115  1   34.398   34.398  1
 1188.0 1188.0  1    3.114    3.114  1   34.398   34.398  1
 1189.9 1189.9  1    3.110    3.110  1   34.399   34.399  1
 1192.0 1192.0  1    3.097    3.097  1   34.403   34.403  1
 1194.0 1194.0  1    3.091    3.091  1   34.404   34.404  1
 1196.0 1196.0  1    3.087    3.087  1   34.407   34.407  1
 1197.9 1197.9  1    3.087    3.087  1   34.409   34.409  1
 1200.0 1200.0  1    3.077    3.077  1   34.410   34.410  1
 1202.0 1202.0  1    3.077    3.077  1   34.411   34.411  1
 1204.1 1204.1  1    3.077    3.077  1   34.415   34.415  1
 1206.0 1206.0  1    3.076    3.076  1   34.416   34.416  1
 1207.9 1207.9  1    3.072    3.072  1   34.416   34.416  1
 1209.9 1209.9  1    3.067    3.067  1   34.417   34.417  1
 1212.0 1212.0  1    3.066    3.066  1   34.417   34.417  1
 1214.0 1214.0  1    3.067    3.067  1   34.417   34.417  1
 1216.1 1216.1  1    3.065    3.065  1   34.417   34.417  1
 1218.0 1218.0  1    3.065    3.065  1   34.417   34.417  1
 1219.9 1219.9  1    3.059    3.059  1   34.418   34.418  1
 1222.0 1222.0  1    3.049    3.049  1   34.420   34.420  1
 1224.0 1224.0  1    3.046    3.046  1   34.422   34.422  1
 1226.0 1226.0  1    3.046    3.046  1   34.422   34.422  1
 1228.0 1228.0  1    3.047    3.047  1   34.423   34.423  1
 1229.9 1229.9  1    3.045    3.045  1   34.424   34.424  1
 1232.0 1232.0  1    3.045    3.045  1   34.425   34.425  1
 1234.0 1234.0  1    3.045    3.045  1   34.427   34.427  1
 1235.9 1235.9  1    3.042    3.042  1   34.429   34.429  1
 1238.0 1238.0  1    3.037    3.037  1   34.432   34.432  1
 1240.0 1240.0  1    3.034    3.034  1   34.434   34.434  1
 1242.0 1242.0  1    3.033    3.033  1   34.435   34.435  1
 1244.0 1244.0  1    3.028    3.028  1   34.437   34.437  1
 1246.0 1246.0  1    3.027    3.027  1   34.437   34.437  1
 1247.9 1247.9  1    3.025    3.025  1   34.438   34.438  1
 1250.0 1250.0  1    3.024    3.024  1   34.440   34.440  1
 1252.0 1252.0  1    3.025    3.025  1   34.441   34.441  1
 1254.0 1254.0  1    3.026    3.026  1   34.442   34.442  1
 1255.9 1255.9  1    3.025    3.025  1   34.445   34.445  1
 1258.0 1258.0  1    3.021    3.021  1   34.446   34.446  1
 1260.0 1260.0  1    3.016    3.016  1   34.446   34.446  1
 1262.0 1262.0  1    3.010    3.010  1   34.446   34.446  1
 1263.9 1263.9  1    3.003    3.003  1   34.446   34.446  1
 1266.0 1266.0  1    3.003    3.003  1   34.446   34.446  1
 1268.1 1268.1  1    3.002    3.002  1   34.446   34.446  1
 1270.1 1270.1  1    3.002    3.002  1   34.446   34.446  1
 1272.0 1272.0  1    2.999    2.999  1   34.446   34.446  1
 1274.0 1274.0  1    2.997    2.997  1   34.446   34.446  1
 1276.0 1276.0  1    2.996    2.996  1   34.447   34.447  1
 1278.0 1278.0  1    2.994    2.994  1   34.448   34.448  1
 1280.0 1280.0  1    2.991    2.991  1   34.450   34.450  1
 1282.0 1282.0  1    2.989    2.989  1   34.451   34.451  1
 1284.1 1284.1  1    2.987    2.987  1   34.452   34.452  1
 1286.0 1286.0  1    2.983    2.983  1   34.454   34.454  1
 1288.0 1288.0  1    2.981    2.981  1   34.455   34.455  1
 1290.0 1290.0  1    2.978    2.978  1   34.456   34.456  1
 1292.0 1292.0  1    2.976    2.976  1   34.458   34.458  1
 1294.0 1294.0  1    2.975    2.975  1   34.459   34.459  1
 1296.0 1296.0  1    2.975    2.975  1   34.459   34.459  1
 1298.0 1298.0  1    2.974    2.974  1   34.460   34.460  1
 1300.1 1300.1  1    2.973    2.973  1   34.461   34.461  1
 1302.0 1302.0  1    2.975    2.975  1   34.463   34.463  1
 1304.0 1304.0  1    2.974    2.974  1   34.465   34.465  1
 1306.0 1306.0  1    2.974    2.974  1   34.466   34.466  1
 1308.0 1308.0  1    2.974    2.974  1   34.466   34.466  1
 1310.0 1310.0  1    2.973    2.973  1   34.467   34.467  1
 1312.0 1312.0  1    2.971    2.971  1   34.470   34.470  1
 1314.0 1314.0  1    2.968    2.968  1   34.473   34.473  1
 1316.0 1316.0  1    2.958    2.958  1   34.476   34.476  1
 1318.0 1318.0  1    2.951    2.951  1   34.478   34.478  1
 1320.0 1320.0  1    2.951    2.951  1   34.478   34.478  1
 1322.0 1322.0  1    2.950    2.950  1   34.480   34.480  1
 1324.0 1324.0  1    2.949    2.949  1   34.481   34.481  1
 1326.0 1326.0  1    2.949    2.949  1   34.481   34.481  1
 1327.9 1327.9  1    2.949    2.949  1   34.481   34.481  1
 1330.1 1330.1  1    2.949    2.949  1   34.482   34.482  1
 1332.1 1332.1  1    2.950    2.950  1   34.483   34.483  1
 1334.0 1334.0  1    2.949    2.949  1   34.484   34.484  1
 1336.0 1336.0  1    2.950    2.950  1   34.484   34.484  1
 1338.0 1338.0  1    2.948    2.948  1   34.485   34.485  1
 1340.0 1340.0  1    2.947    2.947  1   34.487   34.487  1
 1342.0 1342.0  1    2.947    2.947  1   34.488   34.488  1
 1343.9 1343.9  1    2.947    2.947  1   34.489   34.489  1
 1346.0 1346.0  1    2.946    2.946  1   34.490   34.490  1
 1348.0 1348.0  1    2.943    2.943  1   34.494   34.494  1
 1350.0 1350.0  1    2.942    2.942  1   34.496   34.496  1
 1352.0 1352.0  1    2.942    2.942  1   34.497   34.497  1
 1354.0 1354.0  1    2.943    2.943  1   34.498   34.498  1
 1356.0 1356.0  1    2.942    2.942  1   34.499   34.499  1
 1358.0 1358.0  1    2.940    2.940  1   34.500   34.500  1
 1360.0 1360.0  1    2.939    2.939  1   34.501   34.501  1
 1362.0 1362.0  1    2.938    2.938  1   34.504   34.504  1
 1364.0 1364.0  1    2.938    2.938  1   34.505   34.505  1
 1366.0 1366.0  1    2.938    2.938  1   34.506   34.506  1
 1368.1 1368.1  1    2.938    2.938  1   34.507   34.507  1
 1370.1 1370.1  1    2.937    2.937  1   34.508   34.508  1
 1372.0 1372.0  1    2.935    2.935  1   34.509   34.509  1
 1373.9 1373.9  1    2.933    2.933  1   34.510   34.510  1
 1375.9 1375.9  1    2.930    2.930  1   34.511   34.511  1
 1378.0 1378.0  1    2.929    2.929  1   34.512   34.512  1
 1380.1 1380.1  1    2.928    2.928  1   34.513   34.513  1
 1382.0 1382.0  1    2.928    2.928  1   34.514   34.514  1
 1384.0 1384.0  1    2.926    2.926  1   34.515   34.515  1
 1386.0 1386.0  1    2.924    2.924  1   34.518   34.518  1
 1388.1 1388.1  1    2.918    2.918  1   34.520   34.520  1
 1390.0 1390.0  1    2.915    2.915  1   34.521   34.521  1
 1392.0 1392.0  1    2.916    2.916  1   34.522   34.522  1
 1394.0 1394.0  1    2.915    2.915  1   34.523   34.523  1
 1396.0 1396.0  1    2.914    2.914  1   34.524   34.524  1
 1398.0 1398.0  1    2.913    2.913  1   34.525   34.525  1
 1400.0 1400.0  1    2.913    2.913  1   34.525   34.525  1
 1402.0 1402.0  1    2.913    2.913  1   34.526   34.526  1
 1404.0 1404.0  1    2.902    2.902  1   34.526   34.526  1
 1406.0 1406.0  1    2.908    2.908  1   34.528   34.528  1
 1407.9 1407.9  1    2.909    2.909  1   34.531   34.531  1
 1410.0 1410.0  1    2.908    2.908  1   34.533   34.533  1
 1412.0 1412.0  1    2.905    2.905  1   34.533   34.533  1
 1413.9 1413.9  1    2.905    2.905  1   34.533   34.533  1
 1416.0 1416.0  1    2.905    2.905  1   34.535   34.535  1
 1418.0 1418.0  1    2.905    2.905  1   34.536   34.536  1
 1420.0 1420.0  1    2.903    2.903  1   34.537   34.537  1
 1422.0 1422.0  1    2.900    2.900  1   34.539   34.539  1
 1424.1 1424.1  1    2.898    2.898  1   34.540   34.540  1
 1426.0 1426.0  1    2.898    2.898  1   34.542   34.542  1
 1427.9 1427.9  1    2.898    2.898  1   34.543   34.543  1
 1430.0 1430.0  1    2.897    2.897  1   34.544   34.544  1
 1432.0 1432.0  1    2.896    2.896  1   34.544   34.544  1
 1434.0 1434.0  1    2.896    2.896  1   34.545   34.545  1
 1436.0 1436.0  1    2.896    2.896  1   34.546   34.546  1
 1437.9 1437.9  1    2.895    2.895  1   34.547   34.547  1
 1439.9 1439.9  1    2.894    2.894  1   34.548   34.548  1
 1442.0 1442.0  1    2.895    2.895  1   34.549   34.549  1
 1444.1 1444.1  1    2.895    2.895  1   34.550   34.550  1
 1446.0 1446.0  1    2.894    2.894  1   34.551   34.551  1
 1447.9 1447.9  1    2.894    2.894  1   34.551   34.551  1
 1450.0 1450.0  1    2.893    2.893  1   34.552   34.552  1
 1452.1 1452.1  1    2.892    2.892  1   34.555   34.555  1
 1454.0 1454.0  1    2.892    2.892  1   34.555   34.555  1
 1456.0 1456.0  1    2.892    2.892  1   34.556   34.556  1
 1458.0 1458.0  1    2.892    2.892  1   34.557   34.557  1
 1460.0 1460.0  1    2.892    2.892  1   34.557   34.557  1
 1462.0 1462.0  1    2.892    2.892  1   34.557   34.557  1
 1464.0 1464.0  1    2.890    2.890  1   34.560   34.560  1
 1466.0 1466.0  1    2.889    2.889  1   34.560   34.560  1
 1468.1 1468.1  1    2.888    2.888  1   34.561   34.561  1
 1470.0 1470.0  1    2.887    2.887  1   34.562   34.562  1
 1472.0 1472.0  1    2.884    2.884  1   34.564   34.564  1
 1474.0 1474.0  1    2.882    2.882  1   34.566   34.566  1
 1476.0 1476.0  1    2.881    2.881  1   34.567   34.567  1
 1477.9 1477.9  1    2.881    2.881  1   34.568   34.568  1
 1479.9 1479.9  1    2.877    2.877  1   34.569   34.569  1
 1481.9 1481.9  1    2.872    2.872  1   34.570   34.570  1
 1484.0 1484.0  1    2.869    2.869  1   34.570   34.570  1
 1486.1 1486.1  1    2.868    2.868  1   34.570   34.570  1
 1488.0 1488.0  1    2.867    2.867  1   34.571   34.571  1
 1490.0 1490.0  1    2.866    2.866  1   34.572   34.572  1
 1492.0 1492.0  1    2.866    2.866  1   34.572   34.572  1
 1494.0 1494.0  1    2.866    2.866  1   34.573   34.573  1
 1496.0 1496.0  1    2.866    2.866  1   34.574   34.574  1
 1498.0 1498.0  1    2.865    2.865  1   34.576   34.576  1
 1500.0 1500.0  1    2.865    2.865  1   34.577   34.577  1
 1501.9 1501.9  1    2.865    2.865  1   34.577   34.577  1
 1504.0 1504.0  1    2.866    2.866  1   34.580   34.580  1
 1506.1 1506.1  1    2.868    2.868  1   34.582   34.582  1
 1508.1 1508.1  1    2.868    2.868  1   34.582   34.582  1
 1510.1 1510.1  1    2.867    2.867  1   34.583   34.583  1
 1512.1 1512.1  1    2.867    2.867  1   34.585   34.585  1
 1514.1 1514.1  1    2.866    2.866  1   34.586   34.586  1
 1516.0 1516.0  1    2.866    2.866  1   34.586   34.586  1
 1518.0 1518.0  1    2.865    2.865  1   34.586   34.586  1
 1520.0 1520.0  1    2.865    2.865  1   34.587   34.587  1
 1522.0 1522.0  1    2.863    2.863  1   34.588   34.588  1
 1524.0 1524.0  1    2.862    2.862  1   34.589   34.589  1
 1526.0 1526.0  1    2.860    2.860  1   34.590   34.590  1
 1527.9 1527.9  1    2.859    2.859  1   34.591   34.591  1
 1529.9 1529.9  1    2.858    2.858  1   34.592   34.592  1
 1532.0 1532.0  1    2.857    2.857  1   34.593   34.593  1
 1534.0 1534.0  1    2.855    2.855  1   34.595   34.595  1
 1536.0 1536.0  1    2.854    2.854  1   34.596   34.596  1
 1538.0 1538.0  1    2.854    2.854  1   34.597   34.597  1
 1540.0 1540.0  1    2.852    2.852  1   34.598   34.598  1
 1542.0 1542.0  1    2.850    2.850  1   34.600   34.600  1
 1544.0 1544.0  1    2.850    2.850  1   34.600   34.600  1
 1546.0 1546.0  1    2.849    2.849  1   34.601   34.601  1
 1547.9 1547.9  1    2.846    2.846  1   34.601   34.601  1
 1550.0 1550.0  1    2.847    2.847  1   34.602   34.602  1
 1552.0 1552.0  1    2.846    2.846  1   34.604   34.604  1
 1554.0 1554.0  1    2.840    2.840  1   34.603   34.603  1
 1556.0 1556.0  1    2.845    2.845  1   34.605   34.605  1
 1558.0 1558.0  1    2.844    2.844  1   34.606   34.606  1
 1560.0 1560.0  1    2.843    2.843  1   34.608   34.608  1
 1561.9 1561.9  1    2.842    2.842  1   34.608   34.608  1
 1563.9 1563.9  1    2.840    2.840  1   34.608   34.608  1
 1565.9 1565.9  1    2.840    2.840  1   34.609   34.609  1
 1568.0 1568.0  1    2.840    2.840  1   34.610   34.610  1
 1570.0 1570.0  1    2.840    2.840  1   34.611   34.611  1
 1571.9 1571.9  1    2.837    2.837  1   34.613   34.613  1
 1574.0 1574.0  1    2.834    2.834  1   34.614   34.614  1
 1576.0 1576.0  1    2.834    2.834  1   34.614   34.614  1
 1578.0 1578.0  1    2.832    2.832  1   34.615   34.615  1
 1580.0 1580.0  1    2.831    2.831  1   34.615   34.615  1
 1582.0 1582.0  1    2.832    2.832  1   34.616   34.616  1
 1584.0 1584.0  1    2.831    2.831  1   34.616   34.616  1
 1586.0 1586.0  1    2.830    2.830  1   34.616   34.616  1
 1587.9 1587.9  1    2.829    2.829  1   34.616   34.616  1
 1590.0 1590.0  1    2.827    2.827  1   34.618   34.618  1
 1592.1 1592.1  1    2.825    2.825  1   34.619   34.619  1
 1594.0 1594.0  1    2.823    2.823  1   34.620   34.620  1
 1596.0 1596.0  1    2.822    2.822  1   34.620   34.620  1
 1598.0 1598.0  1    2.822    2.822  1   34.621   34.621  1
 1600.0 1600.0  1    2.820    2.820  1   34.622   34.622  1
 1602.0 1602.0  1    2.818    2.818  1   34.623   34.623  1
 1604.0 1604.0  1    2.818    2.818  1   34.623   34.623  1
 1606.0 1606.0  1    2.818    2.818  1   34.623   34.623  1
 1608.0 1608.0  1    2.818    2.818  1   34.624   34.624  1
 1610.0 1610.0  1    2.817    2.817  1   34.625   34.625  1
 1612.0 1612.0  1    2.816    2.816  1   34.626   34.626  1
 1613.9 1613.9  1    2.816    2.816  1   34.626   34.626  1
 1616.0 1616.0  1    2.817    2.817  1   34.628   34.628  1
 1618.0 1618.0  1    2.815    2.815  1   34.628   34.628  1
 1620.0 1620.0  1    2.815    2.815  1   34.631   34.631  1
 1622.0 1622.0  1    2.814    2.814  1   34.631   34.631  1
 1623.9 1623.9  1    2.814    2.814  1   34.631   34.631  1
 1625.9 1625.9  1    2.814    2.814  1   34.632   34.632  1
 1627.9 1627.9  1    2.814    2.814  1   34.633   34.633  1
 1629.9 1629.9  1    2.815    2.815  1   34.633   34.633  1
 1631.9 1631.9  1    2.814    2.814  1   34.635   34.635  1
 1633.9 1633.9  1    2.813    2.813  1   34.636   34.636  1
 1635.9 1635.9  1    2.812    2.812  1   34.637   34.637  1
 1637.9 1637.9  1    2.812    2.812  1   34.637   34.637  1
 1639.9 1639.9  1    2.812    2.812  1   34.638   34.638  1
 1641.9 1641.9  1    2.813    2.813  1   34.638   34.638  1
 1644.0 1644.0  1    2.813    2.813  1   34.639   34.639  1
 1646.0 1646.0  1    2.812    2.812  1   34.640   34.640  1
 1648.0 1648.0  1    2.811    2.811  1   34.641   34.641  1
 1650.0 1650.0  1    2.811    2.811  1   34.642   34.642  1
 1652.0 1652.0  1    2.811    2.811  1   34.642   34.642  1
 1654.0 1654.0  1    2.810    2.810  1   34.642   34.642  1
 1656.0 1656.0  1    2.809    2.809  1   34.643   34.643  1
 1658.1 1658.1  1    2.808    2.808  1   34.644   34.644  1
 1660.0 1660.0  1    2.805    2.805  1   34.644   34.644  1
 1661.9 1661.9  1    2.802    2.802  1   34.644   34.644  1
 1664.0 1664.0  1    2.795    2.795  1   34.644   34.644  1
 1666.0 1666.0  1    2.793    2.793  1   34.646   34.646  1
 1668.0 1668.0  1    2.792    2.792  1   34.647   34.647  1
 1670.1 1670.1  1    2.791    2.791  1   34.647   34.647  1
 1672.0 1672.0  1    2.794    2.794  1   34.648   34.648  1
 1674.0 1674.0  1    2.793    2.793  1   34.649   34.649  1
 1676.0 1676.0  1    2.789    2.789  1   34.650   34.650  1
 1678.1 1678.1  1    2.787    2.787  1   34.650   34.650  1
 1680.0 1680.0  1    2.785    2.785  1   34.651   34.651  1
 1682.0 1682.0  1    2.783    2.783  1   34.651   34.651  1
 1684.0 1684.0  1    2.783    2.783  1   34.651   34.651  1
 1685.9 1685.9  1    2.782    2.782  1   34.652   34.652  1
 1688.0 1688.0  1    2.781    2.781  1   34.653   34.653  1
 1690.0 1690.0  1    2.781    2.781  1   34.654   34.654  1
 1692.0 1692.0  1    2.781    2.781  1   34.655   34.655  1
 1694.0 1694.0  1    2.781    2.781  1   34.656   34.656  1
 1696.0 1696.0  1    2.780    2.780  1   34.657   34.657  1
 1697.9 1697.9  1    2.779    2.779  1   34.658   34.658  1
 1700.0 1700.0  1    2.779    2.779  1   34.659   34.659  1
 1702.1 1702.1  1    2.779    2.779  1   34.660   34.660  1
 1704.0 1704.0  1    2.780    2.780  1   34.660   34.660  1
 1705.9 1705.9  1    2.781    2.781  1   34.660   34.660  1
 1708.0 1708.0  1    2.780    2.780  1   34.661   34.661  1
 1710.0 1710.0  1    2.780    2.780  1   34.661   34.661  1
 1711.9 1711.9  1    2.779    2.779  1   34.661   34.661  1
 1714.0 1714.0  1    2.777    2.777  1   34.662   34.662  1
 1716.0 1716.0  1    2.777    2.777  1   34.662   34.662  1
 1718.0 1718.0  1    2.776    2.776  1   34.662   34.662  1
 1720.0 1720.0  1    2.776    2.776  1   34.663   34.663  1
 1722.0 1722.0  1    2.774    2.774  1   34.664   34.664  1
 1724.0 1724.0  1    2.773    2.773  1   34.665   34.665  1
 1726.0 1726.0  1    2.772    2.772  1   34.666   34.666  1
 1728.0 1728.0  1    2.772    2.772  1   34.667   34.667  1
 1730.0 1730.0  1    2.771    2.771  1   34.669   34.669  1
 1732.1 1732.1  1    2.769    2.769  1   34.670   34.670  1
 1734.0 1734.0  1    2.769    2.769  1   34.670   34.670  1
 1736.0 1736.0  1    2.768    2.768  1   34.671   34.671  1
 1738.0 1738.0  1    2.768    2.768  1   34.671   34.671  1
 1740.0 1740.0  1    2.767    2.767  1   34.672   34.672  1
 1742.0 1742.0  1    2.766    2.766  1   34.673   34.673  1
 1744.0 1744.0  1    2.765    2.765  1   34.674   34.674  1
 1746.0 1746.0  1    2.765    2.765  1   34.674   34.674  1
 1748.0 1748.0  1    2.765    2.765  1   34.675   34.675  1
 1750.0 1750.0  1    2.767    2.767  1   34.676   34.676  1
 1752.0 1752.0  1    2.770    2.770  1   34.677   34.677  1
 1754.0 1754.0  1    2.767    2.767  1   34.677   34.677  1
 1756.0 1756.0  1    2.762    2.762  1   34.678   34.678  1
 1758.0 1758.0  1    2.760    2.760  1   34.679   34.679  1
 1760.0 1760.0  1    2.758    2.758  1   34.681   34.681  1
 1762.0 1762.0  1    2.758    2.758  1   34.681   34.681  1
 1763.9 1763.9  1    2.758    2.758  1   34.682   34.682  1
 1766.0 1766.0  1    2.758    2.758  1   34.683   34.683  1
 1768.0 1768.0  1    2.758    2.758  1   34.683   34.683  1
 1770.0 1770.0  1    2.758    2.758  1   34.683   34.683  1
 1772.1 1772.1  1    2.759    2.759  1   34.684   34.684  1
 1774.0 1774.0  1    2.756    2.756  1   34.684   34.684  1
 1776.0 1776.0  1    2.754    2.754  1   34.686   34.686  1
 1778.0 1778.0  1    2.753    2.753  1   34.689   34.689  1
 1780.0 1780.0  1    2.749    2.749  1   34.689   34.689  1
 1782.0 1782.0  1    2.748    2.748  1   34.690   34.690  1
 1783.9 1783.9  1    2.748    2.748  1   34.690   34.690  1
 1785.9 1785.9  1    2.748    2.748  1   34.690   34.690  1
 1787.9 1787.9  1    2.748    2.748  1   34.690   34.690  1
 1790.0 1790.0  1    2.748    2.748  1   34.691   34.691  1
 1792.0 1792.0  1    2.747    2.747  1   34.691   34.691  1
 1793.9 1793.9  1    2.747    2.747  1   34.692   34.692  1
 1796.0 1796.0  1    2.746    2.746  1   34.692   34.692  1
 1798.0 1798.0  1    2.746    2.746  1   34.693   34.693  1
 1800.0 1800.0  1    2.746    2.746  1   34.693   34.693  1
 1802.0 1802.0  1    2.746    2.746  1   34.693   34.693  1
 1804.0 1804.0  1    2.746    2.746  1   34.693   34.693  1
 1805.9 1805.9  1    2.745    2.745  1   34.694   34.694  1
 1808.0 1808.0  1    2.744    2.744  1   34.695   34.695  1
 1810.0 1810.0  1    2.744    2.744  1   34.695   34.695  1
 1811.9 1811.9  1    2.743    2.743  1   34.695   34.695  1
 1814.0 1814.0  1    2.742    2.742  1   34.697   34.697  1
 1816.0 1816.0  1    2.741    2.741  1   34.698   34.698  1
 1817.9 1817.9  1    2.740    2.740  1   34.698   34.698  1
 1820.0 1820.0  1    2.740    2.740  1   34.699   34.699  1
 1822.0 1822.0  1    2.740    2.740  1   34.699   34.699  1
 1823.9 1823.9  1    2.740    2.740  1   34.699   34.699  1
 1826.0 1826.0  1    2.739    2.739  1   34.700   34.700  1
 1828.0 1828.0  1    2.739    2.739  1   34.700   34.700  1
 1829.9 1829.9  1    2.739    2.739  1   34.700   34.700  1
 1831.9 1831.9  1    2.739    2.739  1   34.700   34.700  1
 1834.0 1834.0  1    2.738    2.738  1   34.701   34.701  1
 1836.0 1836.0  1    2.737    2.737  1   34.702   34.702  1
 1838.0 1838.0  1    2.736    2.736  1   34.702   34.702  1
 1840.0 1840.0  1    2.736    2.736  1   34.703   34.703  1
 1841.9 1841.9  1    2.735    2.735  1   34.704   34.704  1
 1843.9 1843.9  1    2.735    2.735  1   34.704   34.704  1
 1846.0 1846.0  1    2.734    2.734  1   34.705   34.705  1
 1847.9 1847.9  1    2.733    2.733  1   34.705   34.705  1
 1849.9 1849.9  1    2.733    2.733  1   34.706   34.706  1
 1852.0 1852.0  1    2.732    2.732  1   34.706   34.706  1
 1854.0 1854.0  1    2.731    2.731  1   34.707   34.707  1
 1856.0 1856.0  1    2.730    2.730  1   34.708   34.708  1
 1858.0 1858.0  1    2.730    2.730  1   34.708   34.708  1
 1860.0 1860.0  1    2.730    2.730  1   34.708   34.708  1
 1862.0 1862.0  1    2.730    2.730  1   34.708   34.708  1
 1864.1 1864.1  1    2.729    2.729  1   34.709   34.709  1
 1866.0 1866.0  1    2.729    2.729  1   34.710   34.710  1
 1868.0 1868.0  1    2.729    2.729  1   34.710   34.710  1
 1870.1 1870.1  1    2.729    2.729  1   34.710   34.710  1
 1872.0 1872.0  1    2.730    2.730  1   34.710   34.710  1
 1874.0 1874.0  1    2.731    2.731  1   34.711   34.711  1
 1876.0 1876.0  1    2.731    2.731  1   34.712   34.712  1
 1878.0 1878.0  1    2.731    2.731  1   34.712   34.712  1
 1880.0 1880.0  1    2.731    2.731  1   34.713   34.713  1
 1882.0 1882.0  1    2.731    2.731  1   34.713   34.713  1
 1884.0 1884.0  1    2.731    2.731  1   34.713   34.713  1
 1886.1 1886.1  1    2.731    2.731  1   34.713   34.713  1
 1888.1 1888.1  1    2.730    2.730  1   34.714   34.714  1
 1890.0 1890.0  1    2.730    2.730  1   34.714   34.714  1
 1892.0 1892.0  1    2.731    2.731  1   34.715   34.715  1
 1894.1 1894.1  1    2.730    2.730  1   34.716   34.716  1
 1896.0 1896.0  1    2.731    2.731  1   34.717   34.717  1
 1898.0 1898.0  1    2.731    2.731  1   34.717   34.717  1
 1900.0 1900.0  1    2.730    2.730  1   34.717   34.717  1
 1902.0 1902.0  1    2.731    2.731  1   34.719   34.719  1
 1904.0 1904.0  1    2.734    2.734  1   34.720   34.720  1
 1906.0 1906.0  1    2.737    2.737  1   34.721   34.721  1
 1908.0 1908.0  1    2.741    2.741  1   34.722   34.722  1
 1910.0 1910.0  1    2.746    2.746  1   34.724   34.724  1
 1912.0 1912.0  1    2.746    2.746  1   34.725   34.725  1
 1914.0 1914.0  1    2.747    2.747  1   34.725   34.725  1
 1916.0 1916.0  1    2.747    2.747  1   34.725   34.725  1
 1917.9 1917.9  1    2.748    2.748  1   34.726   34.726  1
 1920.0 1920.0  1    2.748    2.748  1   34.727   34.727  1
 1922.0 1922.0  1    2.749    2.749  1   34.727   34.727  1
 1924.0 1924.0  1    2.747    2.747  1   34.728   34.728  1
 1926.0 1926.0  1    2.746    2.746  1   34.728   34.728  1
 1928.0 1928.0  1    2.746    2.746  1   34.729   34.729  1
 1930.0 1930.0  1    2.747    2.747  1   34.730   34.730  1
 1932.0 1932.0  1    2.747    2.747  1   34.730   34.730  1
 1934.0 1934.0  1    2.748    2.748  1   34.731   34.731  1
 1936.0 1936.0  1    2.750    2.750  1   34.732   34.732  1
 1938.0 1938.0  1    2.749    2.749  1   34.733   34.733  1
 1940.0 1940.0  1    2.746    2.746  1   34.733   34.733  1
 1942.1 1942.1  1    2.743    2.743  1   34.733   34.733  1
 1944.1 1944.1  1    2.742    2.742  1   34.734   34.734  1
 1946.1 1946.1  1    2.742    2.742  1   34.734   34.734  1
 1948.0 1948.0  1    2.741    2.741  1   34.734   34.734  1
 1950.0 1950.0  1    2.741    2.741  1   34.734   34.734  1
 1952.0 1952.0  1    2.739    2.739  1   34.733   34.733  1
 1954.0 1954.0  1    2.738    2.738  1   34.734   34.734  1
 1956.0 1956.0  1    2.739    2.739  1   34.734   34.734  1
 1958.0 1958.0  1    2.741    2.741  1   34.737   34.737  1
 1960.0 1960.0  1    2.743    2.743  1   34.739   34.739  1
 1962.0 1962.0  1    2.751    2.751  1   34.740   34.740  1
 1964.0 1964.0  1    2.759    2.759  1   34.743   34.743  1
 1966.0 1966.0  1    2.758    2.758  1   34.743   34.743  1
 1968.0 1968.0  1    2.750    2.750  1   34.744   34.744  1
 1970.0 1970.0  1    2.748    2.748  1   34.744   34.744  1
 1972.0 1972.0  1    2.749    2.749  1   34.744   34.744  1
 1974.0 1974.0  1    2.749    2.749  1   34.745   34.745  1
 1976.0 1976.0  1    2.752    2.752  1   34.745   34.745  1
 1978.0 1978.0  1    2.756    2.756  1   34.747   34.747  1
 1980.0 1980.0  1    2.758    2.758  1   34.748   34.748  1
 1982.0 1982.0  1    2.760    2.760  1   34.751   34.751  1
 1984.1 1984.1  1    2.760    2.760  1   34.752   34.752  1
 1986.0 1986.0  1    2.760    2.760  1   34.753   34.753  1
 1988.0 1988.0  1    2.761    2.761  1   34.754   34.754  1
 1990.0 1990.0  1    2.762    2.762  1   34.755   34.755  1
 1992.0 1992.0  1    2.763    2.763  1   34.755   34.755  1
 1994.0 1994.0  1    2.764    2.764  1   34.757   34.757  1
 1996.0 1996.0  1    2.765    2.765  1   34.758   34.758  1
 1998.0 1998.0  1    2.766    2.766  1   34.759   34.759  1
 2000.0 2000.0  1    2.765    2.765  1   34.759   34.759  1
 2002.0 2002.0  1    2.765    2.765  1   34.759   34.759  1
 2003.9 2003.9  1    2.765    2.765  1   34.760   34.760  1
 2006.0 2006.0  1    2.765    2.765  1   34.760   34.760  1
 2008.0 2008.0  1    2.765    2.765  1   34.761   34.761  1
 2010.0 2010.0  1    2.765    2.765  1   34.761   34.761  1
 2011.8 2011.8  1    2.764    2.764  1   34.761   34.761  1
