*SoftWare Version 3.0  2018/12/27

*HEADER
     PLATFORM NUMBER       :2902182
     CYCLE NUMBER          :155
     DATE CREATION         :20191205083548
     DATE UPDATE           :20191205123530
     PROJECT NAME          :Argo INDIA
     PI NAME               :M Ravichandran
     INSTRUMENT TYPE       :APEX
     FLOAT SERIAL NO       :7524
     FIRMWARE VERSION      :012811
     WMO INSTRUMENT TYPE   :846
     TRANSMISSION SYSTEM   :IRIDIUM
     POSITIONING SYSTEM    :GPS
     SAMPLE DIRECTION      :A(A=Ascend; D=Descend)
     DATA MODE             :A(R=Real Time; D=Delayed Mode; A=Real Time Adjusted)
     JULIAN DAY            :25540.3582 (days since 1950-01-01 00:00:00 UTC)
     DATE                  :2019-12-05
     QC FLAG FOR DATE      :1
*LOCATION
     LATITUDE              :0.894   
     LONGITUDE             :83.225  
     QC FLAG FOR LOCATION  :1
*FILE
     COLUMN 1              :Pressure (dbar)                             F7.1
     COLUMN 2              :Corrected Pressure (dbar)                   F7.1
     COLUMN 3              :Quality on Pressure                         I3
     COLUMN 4              :Temperature (degree_Celsius)                F9.3
     COLUMN 5              :Corrected Temperature (degree_Celsius)      F9.3
     COLUMN 6              :Quality on Temperature                      I3
     COLUMN 7              :Salinity (PSU)                              F9.3
     COLUMN 8              :Corrected Salinity (PSU)                    F9.3
     COLUMN 9              :Quality on Salinity                         I3
==========================================================================
    4.3    4.2  1   29.261   29.261  1   33.408   33.408  1
    6.0    5.9  1   29.244   29.244  1   33.437   33.437  1
    8.0    7.9  1   29.273   29.273  1   33.559   33.559  1
   10.0    9.9  1   29.277   29.277  1   33.699   33.699  1
   12.0   11.9  1   29.245   29.245  1   33.728   33.728  1
   14.0   13.9  1   29.189   29.189  1   33.783   33.783  1
   16.0   15.9  1   29.134   29.134  1   33.810   33.810  1
   18.0   17.9  1   29.112   29.112  1   33.813   33.813  1
   20.0   19.9  1   29.060   29.060  1   33.812   33.812  1
   22.0   21.9  1   29.007   29.007  1   33.819   33.819  1
   24.1   24.0  1   28.969   28.969  1   33.822   33.822  1
   26.0   25.9  1   28.919   28.919  1   33.835   33.835  1
   28.0   27.9  1   28.791   28.791  1   33.963   33.963  1
   30.0   29.9  1   28.739   28.739  1   33.991   33.991  1
   32.0   31.9  1   28.699   28.699  1   34.014   34.014  1
   34.0   33.9  1   28.676   28.676  1   34.039   34.039  1
   36.0   35.9  1   28.714   28.714  1   34.089   34.089  1
   38.5   38.4  1   28.586   28.586  1   34.199   34.199  1
   39.7   39.6  1   28.575   28.575  1   34.255   34.255  1
   42.0   41.9  1   28.453   28.453  1   34.528   34.528  1
   44.6   44.5  1   27.947   27.947  1   34.580   34.580  1
   45.6   45.5  1   27.839   27.839  1   34.594   34.594  1
   48.0   47.9  1   27.714   27.714  1   34.725   34.725  1
   50.0   49.9  1   27.579   27.579  1   34.809   34.809  1
   52.1   52.0  1   27.481   27.481  1   34.925   34.925  1
   54.0   53.9  1   27.265   27.265  1   35.003   35.003  1
   56.1   56.0  1   26.171   26.171  1   35.026   35.026  1
   57.7   57.6  1   25.334   25.334  1   35.061   35.061  1
   60.0   59.9  1   24.302   24.302  1   35.400   35.400  1
   62.0   61.9  1   23.983   23.983  1   35.394   35.394  1
   64.0   63.9  1   23.678   23.678  1   35.377   35.377  1
   66.0   65.9  1   23.306   23.306  1   35.380   35.380  1
   68.0   67.9  1   23.078   23.078  1   35.374   35.374  1
   70.0   69.9  1   22.693   22.693  1   35.344   35.344  1
   72.1   72.0  1   22.296   22.296  1   35.334   35.334  1
   74.1   74.0  1   21.968   21.968  1   35.328   35.328  1
   76.0   75.9  1   21.057   21.057  1   35.289   35.289  1
   78.0   77.9  1   20.371   20.371  1   35.281   35.281  1
   80.0   79.9  1   20.183   20.183  1   35.273   35.273  1
   82.0   81.9  1   19.769   19.769  1   35.256   35.256  1
   84.0   83.9  1   19.433   19.433  1   35.232   35.232  1
   86.0   85.9  1   19.188   19.188  1   35.230   35.230  1
   88.0   87.9  1   19.053   19.053  1   35.244   35.244  1
   90.0   89.9  1   18.983   18.983  1   35.255   35.255  1
   92.0   91.9  1   18.922   18.922  1   35.261   35.261  1
   94.1   94.0  1   18.766   18.766  1   35.235   35.235  1
   96.1   96.0  1   18.690   18.690  1   35.235   35.235  1
   98.0   97.9  1   18.318   18.318  1   35.179   35.179  1
  100.0   99.9  1   17.985   17.985  1   35.159   35.159  1
  102.0  101.9  1   17.912   17.912  1   35.159   35.159  1
  104.0  103.9  1   17.821   17.821  1   35.158   35.158  1
  106.0  105.9  1   17.599   17.599  1   35.159   35.159  1
  108.0  107.9  1   17.423   17.423  1   35.158   35.158  1
  110.0  109.9  1   17.222   17.222  1   35.154   35.154  1
  112.0  111.9  1   17.056   17.056  1   35.151   35.151  1
  114.0  113.9  1   16.842   16.842  1   35.149   35.149  1
  116.0  115.9  1   16.656   16.656  1   35.145   35.145  1
  118.0  117.9  1   16.454   16.454  1   35.140   35.140  1
  120.0  119.9  1   16.163   16.163  1   35.139   35.139  1
  122.0  121.9  1   15.867   15.867  1   35.143   35.143  1
  124.0  123.9  1   15.660   15.660  1   35.143   35.143  1
  126.0  125.9  1   15.465   15.465  1   35.143   35.143  1
  128.0  127.9  1   15.301   15.301  1   35.141   35.141  1
  130.0  129.9  1   15.096   15.096  1   35.138   35.138  1
  132.0  131.9  1   14.816   14.816  1   35.139   35.139  1
  134.0  133.9  1   14.665   14.665  1   35.139   35.139  1
  136.0  135.9  1   14.600   14.600  1   35.139   35.139  1
  138.0  137.9  1   14.577   14.577  1   35.138   35.138  1
  140.0  139.9  1   14.565   14.565  1   35.138   35.138  1
  142.0  141.9  1   14.561   14.561  1   35.137   35.137  1
  144.0  143.9  1   14.558   14.558  1   35.137   35.137  1
  146.0  145.9  1   14.548   14.548  1   35.137   35.137  1
  148.0  147.9  1   14.530   14.530  1   35.136   35.136  1
  150.0  149.9  1   14.512   14.512  1   35.135   35.135  1
  152.0  151.9  1   14.467   14.467  1   35.133   35.133  1
  154.0  153.9  1   14.409   14.409  1   35.131   35.131  1
  156.0  155.9  1   14.340   14.340  1   35.129   35.129  1
  158.0  157.9  1   14.249   14.249  1   35.130   35.130  1
  160.0  159.9  1   14.183   14.183  1   35.131   35.131  1
  162.0  161.9  1   14.118   14.118  1   35.131   35.131  1
  164.0  163.9  1   14.035   14.035  1   35.131   35.131  1
  166.0  165.9  1   13.976   13.976  1   35.132   35.132  1
  168.0  167.9  1   13.934   13.934  1   35.131   35.131  1
  170.0  169.9  1   13.914   13.914  1   35.130   35.130  1
  172.0  171.9  1   13.881   13.881  1   35.130   35.130  1
  174.0  173.9  1   13.842   13.842  1   35.131   35.131  1
  176.0  175.9  1   13.828   13.828  1   35.130   35.130  1
  178.0  177.9  1   13.826   13.826  1   35.130   35.130  1
  180.0  179.9  1   13.825   13.825  1   35.130   35.130  1
  182.0  181.9  1   13.825   13.825  1   35.130   35.130  1
  184.0  183.9  1   13.824   13.824  1   35.131   35.131  1
  186.0  185.9  1   13.824   13.824  1   35.131   35.131  1
  188.0  187.9  1   13.822   13.822  1   35.131   35.131  1
  190.0  189.9  1   13.818   13.818  1   35.132   35.132  1
  192.0  191.9  1   13.812   13.812  1   35.131   35.131  1
  194.0  193.9  1   13.795   13.795  1   35.131   35.131  1
  196.0  195.9  1   13.711   13.711  1   35.129   35.129  1
  198.0  197.9  1   13.665   13.665  1   35.123   35.123  1
  200.0  199.9  1   13.636   13.636  1   35.119   35.119  1
  202.0  201.9  1   13.595   13.595  1   35.116   35.116  1
  204.0  203.9  1   13.594   13.594  1   35.116   35.116  1
  206.0  205.9  1   13.585   13.585  1   35.118   35.118  1
  208.0  207.9  1   13.548   13.548  1   35.125   35.125  1
  210.0  209.9  1   13.512   13.512  1   35.126   35.126  1
  212.0  211.9  1   13.488   13.488  1   35.124   35.124  1
  214.0  213.9  1   13.476   13.476  1   35.125   35.125  1
  216.0  215.9  1   13.472   13.472  1   35.129   35.129  1
  218.0  217.9  1   13.444   13.444  1   35.131   35.131  1
  220.0  219.9  1   13.411   13.411  1   35.135   35.135  1
  222.0  221.9  1   13.407   13.407  1   35.136   35.136  1
  224.0  223.9  1   13.398   13.398  1   35.138   35.138  1
  226.0  225.9  1   13.387   13.387  1   35.138   35.138  1
  228.0  227.9  1   13.348   13.348  1   35.140   35.140  1
  230.0  229.9  1   13.308   13.308  1   35.140   35.140  1
  232.0  231.9  1   13.267   13.267  1   35.141   35.141  1
  234.0  233.9  1   13.258   13.258  1   35.141   35.141  1
  236.0  235.9  1   13.244   13.244  1   35.140   35.140  1
  238.0  237.9  1   13.228   13.228  1   35.140   35.140  1
  240.0  239.9  1   13.212   13.212  1   35.140   35.140  1
  242.0  241.9  1   13.192   13.192  1   35.139   35.139  1
  244.0  243.9  1   13.112   13.112  1   35.139   35.139  1
  246.0  245.9  1   13.041   13.041  1   35.138   35.138  1
  248.0  247.9  1   12.999   12.999  1   35.138   35.138  1
  250.0  249.9  1   12.955   12.955  1   35.137   35.137  1
  252.0  251.9  1   12.930   12.930  1   35.136   35.136  1
  254.0  253.9  1   12.897   12.897  1   35.136   35.136  1
  256.0  255.9  1   12.870   12.870  1   35.135   35.135  1
  258.0  257.9  1   12.862   12.862  1   35.135   35.135  1
  260.0  259.9  1   12.858   12.858  1   35.135   35.135  1
  262.0  261.9  1   12.854   12.854  1   35.135   35.135  1
  264.1  264.0  1   12.831   12.831  1   35.134   35.134  1
  266.0  265.9  1   12.816   12.816  1   35.134   35.134  1
  268.0  267.9  1   12.800   12.800  1   35.134   35.134  1
  270.0  269.9  1   12.784   12.784  1   35.133   35.133  1
  272.0  271.9  1   12.773   12.773  1   35.133   35.133  1
  274.0  273.9  1   12.759   12.759  1   35.132   35.132  1
  276.0  275.9  1   12.706   12.706  1   35.130   35.130  1
  278.0  277.9  1   12.624   12.624  1   35.129   35.129  1
  280.0  279.9  1   12.590   12.590  1   35.128   35.128  1
  282.0  281.9  1   12.575   12.575  1   35.127   35.127  1
  284.0  283.9  1   12.569   12.569  1   35.128   35.128  1
  286.0  285.9  1   12.561   12.561  1   35.129   35.129  1
  288.0  287.9  1   12.533   12.533  1   35.130   35.130  1
  290.0  289.9  1   12.507   12.507  1   35.129   35.129  1
  292.0  291.9  1   12.438   12.438  1   35.130   35.130  1
  294.0  293.9  1   12.425   12.425  1   35.130   35.130  1
  296.0  295.9  1   12.422   12.422  1   35.129   35.129  1
  298.0  297.9  1   12.408   12.408  1   35.128   35.128  1
  300.0  299.9  1   12.360   12.360  1   35.127   35.127  1
  302.0  301.9  1   12.324   12.324  1   35.124   35.124  1
  304.0  303.9  1   12.266   12.266  1   35.119   35.119  1
  306.0  305.9  1   12.207   12.207  1   35.115   35.115  1
  308.0  307.9  1   12.192   12.192  1   35.114   35.114  1
  310.0  309.9  1   12.169   12.169  1   35.112   35.112  1
  312.0  311.9  1   12.129   12.129  1   35.111   35.111  1
  314.0  313.9  1   12.113   12.113  1   35.109   35.109  1
  316.0  315.9  1   12.072   12.072  1   35.107   35.107  1
  318.0  317.9  1   12.015   12.015  1   35.105   35.105  1
  320.0  319.9  1   11.985   11.985  1   35.104   35.104  1
  322.0  321.9  1   11.957   11.957  1   35.103   35.103  1
  324.0  323.9  1   11.936   11.936  1   35.102   35.102  1
  326.0  325.9  1   11.913   11.913  1   35.101   35.101  1
  328.0  327.9  1   11.897   11.897  1   35.099   35.099  1
  330.0  329.9  1   11.876   11.876  1   35.097   35.097  1
  332.0  331.9  1   11.835   11.835  1   35.095   35.095  1
  334.0  333.9  1   11.813   11.813  1   35.094   35.094  1
  336.0  335.9  1   11.803   11.803  1   35.093   35.093  1
  338.0  337.9  1   11.777   11.777  1   35.091   35.091  1
  340.0  339.9  1   11.758   11.758  1   35.090   35.090  1
  342.0  341.9  1   11.738   11.738  1   35.088   35.088  1
  344.0  343.9  1   11.677   11.677  1   35.088   35.088  1
  346.0  345.9  1   11.659   11.659  1   35.087   35.087  1
  348.0  347.9  1   11.642   11.642  1   35.086   35.086  1
  350.0  349.9  1   11.589   11.589  1   35.084   35.084  1
  352.0  351.9  1   11.523   11.523  1   35.081   35.081  1
  354.0  353.9  1   11.468   11.468  1   35.080   35.080  1
  356.0  355.9  1   11.430   11.430  1   35.078   35.078  1
  358.0  357.9  1   11.413   11.413  1   35.078   35.078  1
  359.9  359.8  1   11.403   11.403  1   35.077   35.077  1
  361.9  361.8  1   11.376   11.376  1   35.076   35.076  1
  364.0  363.9  1   11.295   11.295  1   35.075   35.075  1
  366.0  365.9  1   11.265   11.265  1   35.074   35.074  1
  368.0  367.9  1   11.250   11.250  1   35.073   35.073  1
  370.0  369.9  1   11.220   11.220  1   35.073   35.073  1
  372.0  371.9  1   11.188   11.188  1   35.073   35.073  1
  374.0  373.9  1   11.177   11.177  1   35.072   35.072  1
  376.0  375.9  1   11.172   11.172  1   35.072   35.072  1
  378.0  377.9  1   11.135   11.135  1   35.071   35.071  1
  380.0  379.9  1   11.094   11.094  1   35.069   35.069  1
  382.0  381.9  1   11.069   11.069  1   35.069   35.069  1
  384.0  383.9  1   11.055   11.055  1   35.068   35.068  1
  386.0  385.9  1   11.030   11.030  1   35.067   35.067  1
  388.0  387.9  1   11.003   11.003  1   35.067   35.067  1
  390.0  389.9  1   10.978   10.978  1   35.066   35.066  1
  392.0  391.9  1   10.938   10.938  1   35.060   35.060  1
  394.0  393.9  1   10.914   10.914  1   35.056   35.056  1
  396.0  395.9  1   10.889   10.889  1   35.053   35.053  1
  398.0  397.9  1   10.865   10.865  1   35.049   35.049  1
  400.0  399.9  1   10.859   10.859  1   35.049   35.049  1
  402.0  401.9  1   10.864   10.864  1   35.051   35.051  1
  404.0  403.9  1   10.872   10.872  1   35.054   35.054  1
  406.0  405.9  1   10.880   10.880  1   35.057   35.057  1
  408.0  407.9  1   10.874   10.874  1   35.058   35.058  1
  410.0  409.9  1   10.827   10.827  1   35.055   35.055  1
  412.0  411.9  1   10.784   10.784  1   35.053   35.053  1
  414.0  413.9  1   10.768   10.768  1   35.053   35.053  1
  416.0  415.9  1   10.757   10.757  1   35.054   35.054  1
  418.0  417.9  1   10.760   10.760  1   35.055   35.055  1
  420.0  419.9  1   10.774   10.774  1   35.063   35.063  1
  422.0  421.9  1   10.783   10.783  1   35.068   35.068  1
  424.0  423.9  1   10.784   10.784  1   35.071   35.071  1
  426.0  425.9  1   10.790   10.790  1   35.074   35.074  1
  428.0  427.9  1   10.764   10.764  1   35.074   35.074  1
  430.0  429.9  1   10.730   10.730  1   35.072   35.072  1
  432.0  431.9  1   10.712   10.712  1   35.069   35.069  1
  434.0  433.9  1   10.689   10.689  1   35.067   35.067  1
  436.0  435.9  1   10.688   10.688  1   35.067   35.067  1
  438.0  437.9  1   10.684   10.684  1   35.066   35.066  1
  440.0  439.9  1   10.677   10.677  1   35.064   35.064  1
  442.0  441.9  1   10.653   10.653  1   35.061   35.061  1
  444.0  443.9  1   10.644   10.644  1   35.060   35.060  1
  446.0  445.9  1   10.645   10.645  1   35.062   35.062  1
  448.0  447.9  1   10.631   10.631  1   35.061   35.061  1
  450.0  449.9  1   10.601   10.601  1   35.058   35.058  1
  452.0  451.9  1   10.601   10.601  1   35.061   35.061  1
  454.0  453.9  1   10.615   10.615  1   35.067   35.067  1
  456.0  455.9  1   10.618   10.618  1   35.071   35.071  1
  458.0  457.9  1   10.607   10.607  1   35.072   35.072  1
  460.0  459.9  1   10.589   10.589  1   35.072   35.072  1
  462.0  461.9  1   10.573   10.573  1   35.071   35.071  1
  464.0  463.9  1   10.556   10.556  1   35.069   35.069  1
  466.0  465.9  1   10.551   10.551  1   35.069   35.069  1
  468.0  467.9  1   10.541   10.541  1   35.069   35.069  1
  470.0  469.9  1   10.536   10.536  1   35.069   35.069  1
  472.0  471.9  1   10.528   10.528  1   35.070   35.070  1
  474.0  473.9  1   10.509   10.509  1   35.070   35.070  1
  476.0  475.9  1   10.503   10.503  1   35.070   35.070  1
  478.0  477.9  1   10.499   10.499  1   35.069   35.069  1
  480.0  479.9  1   10.482   10.482  1   35.067   35.067  1
  482.0  481.9  1   10.440   10.440  1   35.065   35.065  1
  484.0  483.9  1   10.422   10.422  1   35.065   35.065  1
  486.0  485.9  1   10.418   10.418  1   35.064   35.064  1
  488.0  487.9  1   10.392   10.392  1   35.065   35.065  1
  490.0  489.9  1   10.320   10.320  1   35.067   35.067  1
  498.5  498.4  1   10.042   10.042  3   35.059   35.059  3
  518.2  518.1  1    9.745    9.745  1   35.052   35.052  1
  537.5  537.4  1    9.607    9.607  1   35.037   35.037  1
  559.1  559.0  1    9.454    9.454  1   35.037   35.037  1
  578.4  578.2  1    9.268    9.268  1   35.029   35.029  1
  598.6  598.4  1    9.116    9.116  1   35.036   35.036  1
  618.3  618.2  1    9.083    9.083  1   35.035   35.035  1
  638.6  638.4  1    8.958    8.958  1   35.037   35.038  1
  658.3  658.2  1    8.858    8.858  1   35.039   35.039  1
  678.3  678.2  1    8.756    8.756  1   35.037   35.037  1
  697.8  697.7  1    8.627    8.627  1   35.033   35.033  1
  717.8  717.6  1    8.440    8.440  1   35.028   35.028  1
  737.6  737.5  1    8.329    8.329  1   35.028   35.028  1
  758.8  758.6  1    8.090    8.090  1   35.020   35.020  1
  778.7  778.5  1    7.827    7.827  1   35.014   35.014  1
  798.5  798.4  1    7.678    7.678  1   34.988   34.988  1
  818.2  818.1  1    7.623    7.623  1   35.001   35.001  1
  838.6  838.5  1    7.548    7.548  1   35.008   35.008  1
  858.5  858.4  1    7.411    7.411  1   35.004   35.004  1
  878.1  878.0  1    7.350    7.350  1   35.000   35.000  1
  898.0  897.9  1    7.247    7.247  1   34.995   34.995  1
  914.7  914.6  1    7.201    7.201  1   34.993   34.993  1
  938.7  938.6  1    7.045    7.045  1   34.985   34.985  1
  958.3  958.2  1    6.872    6.872  1   34.971   34.971  1
  978.8  978.6  1    6.665    6.665  1   34.958   34.958  1
  997.8  997.7  1    6.581    6.581  1   34.954   34.954  1
 1047.9 1047.7  1    6.171    6.171  1   34.933   34.933  1
 1097.9 1097.8  1    5.985    5.985  1   34.920   34.920  1
 1148.9 1148.7  1    5.765    5.765  1   34.914   34.914  1
 1198.3 1198.2  1    5.615    5.615  1   34.913   34.913  1
 1248.4 1248.3  1    5.455    5.455  1   34.911   34.912  1
 1297.9 1297.8  1    5.338    5.338  1   34.907   34.907  1
 1349.0 1348.9  1    5.003    5.003  1   34.893   34.893  1
 1398.4 1398.3  1    4.728    4.728  1   34.876   34.876  1
 1448.2 1448.1  1    4.518    4.518  1   34.865   34.865  1
 1498.7 1498.6  1    4.417    4.417  1   34.862   34.862  1
 1548.2 1548.1  1    4.237    4.237  1   34.857   34.857  1
 1598.1 1598.0  1    3.931    3.931  1   34.844   34.844  1
 1647.8 1647.6  1    3.675    3.675  1   34.832   34.832  1
 1698.3 1698.2  1    3.439    3.439  1   34.821   34.821  1
 1748.8 1748.7  1    3.423    3.423  1   34.819   34.819  1
 1798.3 1798.2  1    3.244    3.244  1   34.812   34.812  1
 1848.0 1847.8  1    3.003    3.003  1   34.803   34.803  1
 1898.0 1897.9  1    2.943    2.943  1   34.802   34.802  1
 1947.1 1947.0  1    2.884    2.884  1   34.799   34.799  1
