*SoftWare Version 3.0  2018/12/27

*HEADER
     PLATFORM NUMBER       :2902393
     CYCLE NUMBER          :152
     DATE CREATION         :20191229010033
     DATE UPDATE           :20191229010033
     PROJECT NAME          :US ARGO PROJECT
     PI NAME               :BRECK OWENS, STEVEN JAYNE, P.E. ROBBINS
     INSTRUMENT TYPE       :S2A
     FLOAT SERIAL NO       :7316
     FIRMWARE VERSION      :SBE602 ARM_v2.0_xmsg_ve
     WMO INSTRUMENT TYPE   :854
     TRANSMISSION SYSTEM   :IRIDIUM
     POSITIONING SYSTEM    :GPS
     SAMPLE DIRECTION      :A(A=Ascend; D=Descend)
     DATA MODE             :R(R=Real Time; D=Delayed Mode; A=Real Time Adjusted)
     JULIAN DAY            :25554.0635 (days since 1950-01-01 00:00:00 UTC)
     DATE                  :2019-12-19
     QC FLAG FOR DATE      :1
*LOCATION
     LATITUDE              :11.190  
     LONGITUDE             :68.327  
     QC FLAG FOR LOCATION  :1
*FILE
     COLUMN 1              :Pressure (dbar)                             F7.1
     COLUMN 2              :Corrected Pressure (dbar)                   F7.1
     COLUMN 3              :Quality on Pressure                         I3
     COLUMN 4              :Temperature (degree_Celsius)                F9.3
     COLUMN 5              :Corrected Temperature (degree_Celsius)      F9.3
     COLUMN 6              :Quality on Temperature                      I3
     COLUMN 7              :Salinity (PSU)                              F9.3
     COLUMN 8              :Corrected Salinity (PSU)                    F9.3
     COLUMN 9              :Quality on Salinity                         I3
==========================================================================
    1.2    1.2  1   28.506   28.506  1   36.561   36.561  1
    2.0    2.0  1   28.508   28.508  1   36.561   36.561  1
    3.0    3.0  1   28.508   28.508  1   36.561   36.561  1
    4.0    4.0  1   28.507   28.507  1   36.561   36.561  1
    4.9    4.9  1   28.506   28.506  1   36.562   36.562  1
    5.9    5.9  1   28.506   28.506  1   36.561   36.561  1
    6.9    6.9  1   28.505   28.505  1   36.562   36.562  1
    8.0    8.0  1   28.509   28.509  1   36.561   36.561  1
    9.0    9.0  1   28.510   28.510  1   36.562   36.562  1
   10.2   10.2  1   28.509   28.509  1   36.562   36.562  1
   12.0   12.0  1   28.507   28.507  1   36.561   36.561  1
   14.0   14.0  1   28.505   28.505  1   36.562   36.562  1
   16.0   16.0  1   28.513   28.513  1   36.561   36.561  1
   18.1   18.1  1   28.513   28.513  1   36.562   36.562  1
   20.0   20.0  1   28.513   28.513  1   36.562   36.562  1
   22.0   22.0  1   28.514   28.514  1   36.561   36.561  1
   24.0   24.0  1   28.514   28.514  1   36.561   36.561  1
   26.0   26.0  1   28.514   28.514  1   36.562   36.562  1
   28.0   28.0  1   28.514   28.514  1   36.562   36.562  1
   30.1   30.1  1   28.514   28.514  1   36.562   36.562  1
   32.0   32.0  1   28.513   28.513  1   36.562   36.562  1
   34.0   34.0  1   28.514   28.514  1   36.562   36.562  1
   36.0   36.0  1   28.515   28.515  1   36.562   36.562  1
   38.0   38.0  1   28.516   28.516  1   36.562   36.562  1
   40.0   40.0  1   28.517   28.517  1   36.562   36.562  1
   42.0   42.0  1   28.517   28.517  1   36.562   36.562  1
   44.0   44.0  1   28.514   28.514  1   36.562   36.562  1
   46.1   46.1  1   28.511   28.511  1   36.561   36.561  1
   48.0   48.0  1   28.514   28.514  1   36.562   36.562  1
   50.0   50.0  1   28.514   28.514  1   36.561   36.561  1
   52.0   52.0  1   28.516   28.516  1   36.560   36.560  1
   54.0   54.0  1   28.517   28.517  1   36.559   36.559  1
   56.0   56.0  1   28.502   28.502  1   36.552   36.552  1
   58.0   58.0  1   28.222   28.222  1   36.497   36.497  1
   60.0   60.0  1   27.461   27.461  1   36.360   36.360  1
   62.0   62.0  1   27.214   27.214  1   36.307   36.307  1
   64.0   64.0  1   27.076   27.076  1   36.294   36.294  1
   65.9   65.9  1   26.999   26.999  1   36.287   36.287  1
   68.0   68.0  1   26.898   26.898  1   36.284   36.284  1
   70.0   70.0  1   26.826   26.826  1   36.275   36.275  1
   72.0   72.0  1   26.756   26.756  1   36.274   36.274  1
   74.0   74.0  1   26.632   26.632  1   36.261   36.261  1
   76.0   76.0  1   26.409   26.409  1   36.237   36.237  1
   78.0   78.0  1   26.227   26.227  1   36.220   36.220  1
   80.0   80.0  1   25.894   25.894  1   36.199   36.199  1
   82.0   82.0  1   25.460   25.460  1   36.150   36.150  1
   84.0   84.0  1   25.183   25.183  1   36.139   36.139  1
   86.0   86.0  1   25.122   25.122  1   36.221   36.221  1
   88.0   88.0  1   24.915   24.915  1   36.351   36.351  1
   90.0   90.0  1   24.763   24.763  1   36.373   36.373  1
   91.9   91.9  1   24.592   24.592  1   36.398   36.398  1
   94.0   94.0  1   24.335   24.335  1   36.416   36.416  1
   96.0   96.0  1   24.248   24.248  1   36.406   36.406  1
   98.0   98.0  1   24.221   24.221  1   36.429   36.429  1
  100.0  100.0  1   24.085   24.085  1   36.421   36.421  1
  102.0  102.0  1   23.922   23.922  1   36.391   36.391  1
  104.0  104.0  1   23.893   23.893  1   36.385   36.385  1
  106.0  106.0  1   23.841   23.841  1   36.376   36.376  1
  108.0  108.0  1   23.479   23.479  1   36.328   36.328  1
  110.0  110.0  1   23.078   23.078  1   36.261   36.261  1
  112.0  112.0  1   22.915   22.915  1   36.227   36.227  1
  114.0  114.0  1   22.667   22.667  1   36.183   36.183  1
  115.9  115.9  1   22.458   22.458  1   36.153   36.153  1
  118.0  118.0  1   22.202   22.202  1   36.144   36.144  1
  120.1  120.1  1   22.095   22.095  1   36.123   36.123  1
  122.0  122.0  1   21.882   21.882  1   36.096   36.096  1
  124.0  124.0  1   21.663   21.663  1   36.063   36.063  1
  126.0  126.0  1   21.510   21.510  1   36.039   36.039  1
  128.0  128.0  1   21.152   21.152  1   35.986   35.986  1
  130.0  130.0  1   20.902   20.902  1   35.945   35.945  1
  132.1  132.1  1   20.610   20.610  1   35.897   35.897  1
  134.1  134.1  1   20.173   20.173  1   35.836   35.836  1
  136.0  136.0  1   19.857   19.857  1   35.791   35.791  1
  138.0  138.0  1   19.693   19.693  1   35.768   35.768  1
  140.0  140.0  1   19.416   19.416  1   35.729   35.729  1
  142.0  142.0  1   19.063   19.063  1   35.677   35.677  1
  144.0  144.0  1   18.893   18.893  1   35.657   35.657  1
  146.0  146.0  1   18.736   18.736  1   35.643   35.643  1
  148.0  148.0  1   18.512   18.512  1   35.637   35.637  1
  150.0  150.0  1   18.225   18.225  1   35.617   35.617  1
  152.0  152.0  1   18.083   18.083  1   35.607   35.607  1
  154.0  154.0  1   17.920   17.920  1   35.598   35.598  1
  156.0  156.0  1   17.891   17.891  1   35.595   35.595  1
  157.9  157.9  1   17.875   17.875  1   35.593   35.593  1
  160.0  160.0  1   17.797   17.797  1   35.592   35.592  1
  162.0  162.0  1   17.745   17.745  1   35.590   35.590  1
  164.0  164.0  1   17.696   17.696  1   35.591   35.591  1
  166.0  166.0  1   17.643   17.643  1   35.588   35.588  1
  168.0  168.0  1   17.456   17.456  1   35.578   35.578  1
  170.0  170.0  1   17.195   17.195  1   35.567   35.567  1
  172.1  172.1  1   17.115   17.115  1   35.562   35.562  1
  174.0  174.0  1   17.057   17.057  1   35.554   35.554  1
  175.9  175.9  1   16.914   16.914  1   35.543   35.543  1
  178.0  178.0  1   16.783   16.783  1   35.534   35.534  1
  180.0  180.0  1   16.662   16.662  1   35.529   35.529  1
  182.0  182.0  1   16.556   16.556  1   35.528   35.528  1
  184.0  184.0  1   16.439   16.439  1   35.527   35.527  1
  186.0  186.0  1   16.295   16.295  1   35.524   35.524  1
  188.1  188.1  1   16.273   16.273  1   35.522   35.522  1
  190.0  190.0  1   16.241   16.241  1   35.518   35.518  1
  192.0  192.0  1   16.172   16.172  1   35.512   35.512  1
  194.0  194.0  1   16.077   16.077  1   35.510   35.510  1
  196.0  196.0  1   15.980   15.980  1   35.508   35.508  1
  198.1  198.1  1   15.869   15.869  1   35.509   35.509  1
  200.1  200.1  1   15.792   15.792  1   35.510   35.510  1
  202.1  202.1  1   15.751   15.751  1   35.510   35.510  1
  204.0  204.0  1   15.687   15.687  1   35.509   35.509  1
  206.0  206.0  1   15.645   15.645  1   35.506   35.506  1
  208.0  208.0  1   15.565   15.565  1   35.499   35.499  1
  210.0  210.0  1   15.449   15.449  1   35.497   35.497  1
  212.0  212.0  1   15.325   15.325  1   35.492   35.492  1
  214.0  214.0  1   15.237   15.237  1   35.493   35.493  1
  216.0  216.0  1   15.185   15.185  1   35.497   35.497  1
  218.0  218.0  1   15.125   15.125  1   35.500   35.500  1
  220.0  220.0  1   14.996   14.996  1   35.494   35.494  1
  222.0  222.0  1   14.905   14.905  1   35.495   35.495  1
  224.0  224.0  1   14.849   14.849  1   35.492   35.492  1
  226.0  226.0  1   14.816   14.816  1   35.489   35.489  1
  228.0  228.0  1   14.767   14.767  1   35.481   35.481  1
  230.0  230.0  1   14.652   14.652  1   35.471   35.471  1
  232.0  232.0  1   14.567   14.567  1   35.465   35.465  1
  234.0  234.0  1   14.532   14.532  1   35.460   35.460  1
  236.0  236.0  1   14.486   14.486  1   35.455   35.455  1
  238.1  238.1  1   14.403   14.403  1   35.448   35.448  1
  240.1  240.1  1   14.366   14.366  1   35.452   35.452  1
  242.0  242.0  1   14.320   14.320  1   35.449   35.449  1
  244.0  244.0  1   14.271   14.271  1   35.448   35.448  1
  246.0  246.0  1   14.260   14.260  1   35.460   35.460  1
  248.0  248.0  1   14.276   14.276  1   35.484   35.484  1
  250.1  250.1  1   14.206   14.206  1   35.478   35.478  1
  252.0  252.0  1   14.205   14.205  1   35.480   35.480  1
  254.0  254.0  1   14.207   14.207  1   35.483   35.483  1
  256.0  256.0  1   14.201   14.201  1   35.484   35.484  1
  258.1  258.1  1   14.167   14.167  1   35.484   35.484  1
  260.0  260.0  1   14.122   14.122  1   35.481   35.481  1
  261.9  261.9  1   14.080   14.080  1   35.477   35.477  1
  264.0  264.0  1   14.012   14.012  1   35.470   35.470  1
  266.0  266.0  1   13.969   13.969  1   35.466   35.466  1
  268.0  268.0  1   13.905   13.905  1   35.464   35.464  1
  270.0  270.0  1   13.842   13.842  1   35.458   35.458  1
  272.0  272.0  1   13.766   13.766  1   35.454   35.454  1
  274.0  274.0  1   13.709   13.709  1   35.450   35.450  1
  276.0  276.0  1   13.689   13.689  1   35.450   35.450  1
  278.0  278.0  1   13.672   13.672  1   35.449   35.449  1
  280.0  280.0  1   13.643   13.643  1   35.447   35.447  1
  282.0  282.0  1   13.626   13.626  1   35.446   35.446  1
  284.0  284.0  1   13.586   13.586  1   35.442   35.442  1
  286.0  286.0  1   13.526   13.526  1   35.437   35.437  1
  288.0  288.0  1   13.475   13.475  1   35.432   35.432  1
  290.0  290.0  1   13.428   13.428  1   35.427   35.427  1
  292.0  292.0  1   13.277   13.277  1   35.406   35.406  1
  294.0  294.0  1   13.216   13.216  1   35.398   35.398  1
  296.0  296.0  1   13.224   13.224  1   35.402   35.402  1
  298.0  298.0  1   13.187   13.187  1   35.399   35.399  1
  300.0  300.0  1   13.139   13.139  1   35.391   35.391  1
  302.0  302.0  1   13.050   13.050  1   35.378   35.378  1
  303.9  303.9  1   12.981   12.981  1   35.370   35.370  1
  305.9  305.9  1   12.993   12.993  1   35.377   35.377  1
  307.9  307.9  1   12.967   12.967  1   35.376   35.376  1
  310.0  310.0  1   12.915   12.915  1   35.369   35.369  1
  312.0  312.0  1   12.898   12.898  1   35.369   35.369  1
  314.1  314.1  1   12.852   12.852  1   35.371   35.371  1
  316.0  316.0  1   12.823   12.823  1   35.374   35.374  1
  318.0  318.0  1   12.805   12.805  1   35.373   35.373  1
  320.0  320.0  1   12.790   12.790  1   35.372   35.372  1
  322.0  322.0  1   12.783   12.783  1   35.375   35.375  1
  324.0  324.0  1   12.771   12.771  1   35.376   35.376  1
  326.0  326.0  1   12.779   12.779  1   35.379   35.379  1
  328.0  328.0  1   12.800   12.800  1   35.391   35.391  1
  330.0  330.0  1   12.779   12.779  1   35.392   35.392  1
  332.0  332.0  1   12.744   12.744  1   35.387   35.387  1
  334.0  334.0  1   12.724   12.724  1   35.383   35.383  1
  336.0  336.0  1   12.671   12.671  1   35.379   35.379  1
  338.0  338.0  1   12.633   12.633  1   35.376   35.376  1
  339.9  339.9  1   12.625   12.625  1   35.375   35.375  1
  342.0  342.0  1   12.612   12.612  1   35.373   35.373  1
  344.1  344.1  1   12.581   12.581  1   35.369   35.369  1
  346.1  346.1  1   12.499   12.499  1   35.361   35.361  1
  348.0  348.0  1   12.487   12.487  1   35.360   35.360  1
  350.0  350.0  1   12.496   12.496  1   35.363   35.363  1
  352.0  352.0  1   12.508   12.508  1   35.367   35.367  1
  354.0  354.0  1   12.512   12.512  1   35.370   35.370  1
  356.0  356.0  1   12.492   12.492  1   35.372   35.372  1
  358.0  358.0  1   12.467   12.467  1   35.369   35.369  1
  360.0  360.0  1   12.447   12.447  1   35.366   35.366  1
  361.9  361.9  1   12.430   12.430  1   35.364   35.364  1
  364.0  364.0  1   12.410   12.410  1   35.360   35.360  1
  366.0  366.0  1   12.363   12.363  1   35.354   35.354  1
  368.0  368.0  1   12.335   12.335  1   35.351   35.351  1
  370.0  370.0  1   12.309   12.309  1   35.346   35.346  1
  372.0  372.0  1   12.296   12.296  1   35.344   35.344  1
  373.9  373.9  1   12.294   12.294  1   35.345   35.345  1
  376.0  376.0  1   12.297   12.297  1   35.349   35.349  1
  378.0  378.0  1   12.268   12.268  1   35.345   35.345  1
  380.0  380.0  1   12.217   12.217  1   35.338   35.338  1
  381.9  381.9  1   12.172   12.172  1   35.331   35.331  1
  384.0  384.0  1   12.155   12.155  1   35.335   35.335  1
  386.0  386.0  1   12.133   12.133  1   35.336   35.336  1
  388.0  388.0  1   12.089   12.089  1   35.333   35.333  1
  390.0  390.0  1   12.063   12.063  1   35.333   35.333  1
  392.0  392.0  1   12.025   12.025  1   35.330   35.330  1
  393.9  393.9  1   12.010   12.010  1   35.332   35.332  1
  396.0  396.0  1   11.981   11.981  1   35.331   35.331  1
  398.0  398.0  1   11.946   11.946  1   35.327   35.327  1
  399.9  399.9  1   11.934   11.934  1   35.327   35.327  1
  401.9  401.9  1   11.940   11.940  1   35.332   35.332  1
  404.0  404.0  1   11.923   11.923  1   35.332   35.332  1
  406.0  406.0  1   11.907   11.907  1   35.331   35.331  1
  408.0  408.0  1   11.877   11.877  1   35.329   35.329  1
  410.0  410.0  1   11.846   11.846  1   35.327   35.327  1
  412.0  412.0  1   11.832   11.832  1   35.326   35.326  1
  414.0  414.0  1   11.824   11.824  1   35.326   35.326  1
  416.0  416.0  1   11.812   11.812  1   35.326   35.326  1
  418.0  418.0  1   11.800   11.800  1   35.327   35.327  1
  420.0  420.0  1   11.786   11.786  1   35.327   35.327  1
  421.9  421.9  1   11.787   11.787  1   35.330   35.330  1
  423.9  423.9  1   11.783   11.783  1   35.334   35.334  1
  426.0  426.0  1   11.776   11.776  1   35.335   35.335  1
  428.0  428.0  1   11.765   11.765  1   35.335   35.335  1
  430.0  430.0  1   11.752   11.752  1   35.335   35.335  1
  432.0  432.0  1   11.741   11.741  1   35.335   35.335  1
  434.0  434.0  1   11.724   11.724  1   35.336   35.336  1
  436.0  436.0  1   11.720   11.720  1   35.336   35.336  1
  437.9  437.9  1   11.713   11.713  1   35.336   35.336  1
  439.9  439.9  1   11.700   11.700  1   35.337   35.337  1
  441.9  441.9  1   11.690   11.690  1   35.338   35.338  1
  443.9  443.9  1   11.676   11.676  1   35.340   35.340  1
  446.0  446.0  1   11.674   11.674  1   35.341   35.341  1
  448.0  448.0  1   11.672   11.672  1   35.344   35.344  1
  450.0  450.0  1   11.657   11.657  1   35.344   35.344  1
  452.0  452.0  1   11.646   11.646  1   35.346   35.346  1
  454.0  454.0  1   11.634   11.634  1   35.346   35.346  1
  456.0  456.0  1   11.627   11.627  1   35.348   35.348  1
  458.0  458.0  1   11.612   11.612  1   35.350   35.350  1
  460.0  460.0  1   11.589   11.589  1   35.351   35.351  1
  462.0  462.0  1   11.577   11.577  1   35.351   35.351  1
  464.0  464.0  1   11.563   11.563  1   35.352   35.352  1
  466.0  466.0  1   11.542   11.542  1   35.354   35.354  1
  468.0  468.0  1   11.523   11.523  1   35.356   35.356  1
  470.0  470.0  1   11.512   11.512  1   35.358   35.358  1
  472.0  472.0  1   11.499   11.499  1   35.359   35.359  1
  474.0  474.0  1   11.487   11.487  1   35.359   35.359  1
  476.0  476.0  1   11.484   11.484  1   35.360   35.360  1
  478.0  478.0  1   11.479   11.479  1   35.363   35.363  1
  480.0  480.0  1   11.471   11.471  1   35.363   35.363  1
  482.0  482.0  1   11.467   11.467  1   35.366   35.366  1
  483.9  483.9  1   11.454   11.454  1   35.366   35.366  1
  486.0  486.0  1   11.438   11.438  1   35.366   35.366  1
  488.1  488.1  1   11.429   11.429  1   35.366   35.366  1
  490.0  490.0  1   11.421   11.421  1   35.366   35.366  1
  492.0  492.0  1   11.414   11.414  1   35.367   35.367  1
  494.0  494.0  1   11.409   11.409  1   35.370   35.370  1
  495.9  495.9  1   11.402   11.402  1   35.373   35.373  1
  498.0  498.0  1   11.401   11.401  1   35.376   35.376  1
  500.1  500.1  1   11.393   11.393  1   35.379   35.379  1
  502.0  502.0  1   11.382   11.382  1   35.379   35.379  1
  504.0  504.0  1   11.374   11.374  1   35.379   35.379  1
  506.0  506.0  1   11.370   11.370  1   35.379   35.379  1
  508.1  508.1  1   11.355   11.355  1   35.379   35.379  1
  510.0  510.0  1   11.336   11.336  1   35.381   35.381  1
  512.0  512.0  1   11.326   11.326  1   35.382   35.382  1
  514.0  514.0  1   11.325   11.325  1   35.384   35.384  1
  516.0  516.0  1   11.321   11.321  1   35.386   35.386  1
  518.0  518.0  1   11.312   11.312  1   35.389   35.389  1
  520.0  520.0  1   11.300   11.300  1   35.393   35.393  1
  522.0  522.0  1   11.294   11.294  1   35.395   35.395  1
  524.0  524.0  1   11.285   11.285  1   35.396   35.396  1
  526.0  526.0  1   11.272   11.272  1   35.396   35.396  1
  528.0  528.0  1   11.254   11.254  1   35.398   35.398  1
  530.0  530.0  1   11.242   11.242  1   35.401   35.401  1
  532.0  532.0  1   11.224   11.224  1   35.400   35.400  1
  534.0  534.0  1   11.193   11.193  1   35.400   35.400  1
  536.0  536.0  1   11.179   11.179  1   35.400   35.400  1
  538.0  538.0  1   11.154   11.154  1   35.400   35.400  1
  540.0  540.0  1   11.119   11.119  1   35.398   35.398  1
  542.0  542.0  1   11.102   11.102  1   35.396   35.396  1
  544.0  544.0  1   11.081   11.081  1   35.396   35.396  1
  546.0  546.0  1   11.060   11.060  1   35.395   35.395  1
  548.0  548.0  1   11.043   11.043  1   35.394   35.394  1
  550.0  550.0  1   11.024   11.024  1   35.393   35.393  1
  551.9  551.9  1   11.009   11.009  1   35.392   35.392  1
  554.0  554.0  1   10.996   10.996  1   35.393   35.393  1
  556.0  556.0  1   10.989   10.989  1   35.393   35.393  1
  558.0  558.0  1   10.977   10.977  1   35.392   35.392  1
  560.0  560.0  1   10.965   10.965  1   35.392   35.392  1
  562.0  562.0  1   10.952   10.952  1   35.392   35.392  1
  564.0  564.0  1   10.940   10.940  1   35.392   35.392  1
  566.0  566.0  1   10.933   10.933  1   35.393   35.393  1
  568.0  568.0  1   10.927   10.927  1   35.393   35.393  1
  570.0  570.0  1   10.928   10.928  1   35.396   35.396  1
  572.0  572.0  1   10.938   10.938  1   35.401   35.401  1
  574.0  574.0  1   10.934   10.934  1   35.401   35.401  1
  576.0  576.0  1   10.900   10.900  1   35.399   35.399  1
  578.0  578.0  1   10.871   10.871  1   35.396   35.396  1
  580.0  580.0  1   10.860   10.860  1   35.395   35.395  1
  581.9  581.9  1   10.842   10.842  1   35.395   35.395  1
  584.0  584.0  1   10.810   10.810  1   35.392   35.392  1
  586.0  586.0  1   10.780   10.780  1   35.389   35.389  1
  588.0  588.0  1   10.759   10.759  1   35.388   35.388  1
  590.0  590.0  1   10.750   10.750  1   35.389   35.389  1
  592.0  592.0  1   10.750   10.750  1   35.390   35.390  1
  594.0  594.0  1   10.746   10.746  1   35.390   35.390  1
  596.0  596.0  1   10.730   10.730  1   35.391   35.391  1
  598.0  598.0  1   10.708   10.708  1   35.388   35.388  1
  600.0  600.0  1   10.688   10.688  1   35.388   35.388  1
  602.1  602.1  1   10.672   10.672  1   35.389   35.389  1
  604.0  604.0  1   10.672   10.672  1   35.391   35.391  1
  606.0  606.0  1   10.664   10.664  1   35.390   35.390  1
  608.0  608.0  1   10.654   10.654  1   35.390   35.390  1
  610.0  610.0  1   10.639   10.639  1   35.389   35.389  1
  612.0  612.0  1   10.632   10.632  1   35.387   35.387  1
  614.1  614.1  1   10.617   10.617  1   35.386   35.386  1
  616.0  616.0  1   10.604   10.604  1   35.385   35.385  1
  618.0  618.0  1   10.610   10.610  1   35.389   35.389  1
  620.0  620.0  1   10.598   10.598  1   35.389   35.389  1
  622.0  622.0  1   10.558   10.558  1   35.387   35.387  1
  624.0  624.0  1   10.545   10.545  1   35.386   35.386  1
  626.1  626.1  1   10.537   10.537  1   35.385   35.385  1
  628.0  628.0  1   10.539   10.539  1   35.388   35.388  1
  630.0  630.0  1   10.533   10.533  1   35.388   35.388  1
  631.9  631.9  1   10.515   10.515  1   35.386   35.386  1
  633.9  633.9  1   10.500   10.500  1   35.384   35.384  1
  635.9  635.9  1   10.475   10.475  1   35.382   35.382  1
  638.0  638.0  1   10.454   10.454  1   35.379   35.379  1
  640.1  640.1  1   10.428   10.428  1   35.377   35.377  1
  642.1  642.1  1   10.412   10.412  1   35.376   35.376  1
  644.0  644.0  1   10.401   10.401  1   35.376   35.376  1
  646.0  646.0  1   10.386   10.386  1   35.375   35.375  1
  648.0  648.0  1   10.381   10.381  1   35.375   35.375  1
  650.0  650.0  1   10.382   10.382  1   35.377   35.377  1
  652.0  652.0  1   10.383   10.383  1   35.378   35.378  1
  654.0  654.0  1   10.385   10.385  1   35.381   35.381  1
  656.0  656.0  1   10.387   10.387  1   35.383   35.383  1
  658.0  658.0  1   10.388   10.388  1   35.385   35.385  1
  660.1  660.1  1   10.387   10.387  1   35.386   35.386  1
  662.1  662.1  1   10.390   10.390  1   35.390   35.390  1
  664.0  664.0  1   10.377   10.377  1   35.390   35.390  1
  666.0  666.0  1   10.355   10.355  1   35.388   35.388  1
  668.0  668.0  1   10.326   10.326  1   35.385   35.385  1
  670.0  670.0  1   10.303   10.303  1   35.383   35.383  1
  671.9  671.9  1   10.283   10.283  1   35.381   35.381  1
  673.9  673.9  1   10.244   10.244  1   35.377   35.377  1
  676.0  676.0  1   10.228   10.228  1   35.375   35.375  1
  678.1  678.1  1   10.221   10.221  1   35.374   35.374  1
  680.0  680.0  1   10.190   10.190  1   35.372   35.372  1
  682.0  682.0  1   10.178   10.178  1   35.370   35.370  1
  684.0  684.0  1   10.152   10.152  1   35.368   35.368  1
  686.1  686.1  1   10.128   10.128  1   35.365   35.365  1
  688.0  688.0  1   10.117   10.117  1   35.365   35.365  1
  690.0  690.0  1   10.084   10.084  1   35.362   35.362  1
  692.0  692.0  1   10.067   10.067  1   35.359   35.359  1
  694.0  694.0  1   10.050   10.050  1   35.358   35.358  1
  695.9  695.9  1   10.036   10.036  1   35.357   35.357  1
  697.9  697.9  1   10.016   10.016  1   35.355   35.355  1
  700.0  700.0  1   10.002   10.002  1   35.354   35.354  1
  702.1  702.1  1    9.980    9.980  1   35.351   35.351  1
  704.0  704.0  1    9.970    9.970  1   35.350   35.350  1
  706.0  706.0  1    9.961    9.961  1   35.350   35.350  1
  708.0  708.0  1    9.945    9.945  1   35.349   35.349  1
  710.0  710.0  1    9.919    9.919  1   35.348   35.348  1
  711.9  711.9  1    9.900    9.900  1   35.346   35.346  1
  714.0  714.0  1    9.895    9.895  1   35.346   35.346  1
  716.0  716.0  1    9.887    9.887  1   35.345   35.345  1
  718.1  718.1  1    9.877    9.877  1   35.345   35.345  1
  720.0  720.0  1    9.868    9.868  1   35.344   35.344  1
  721.9  721.9  1    9.848    9.848  1   35.342   35.342  1
  724.0  724.0  1    9.830    9.830  1   35.341   35.341  1
  726.0  726.0  1    9.809    9.809  1   35.338   35.338  1
  728.0  728.0  1    9.800    9.800  1   35.337   35.337  1
  730.1  730.1  1    9.783    9.783  1   35.336   35.336  1
  732.1  732.1  1    9.767    9.767  1   35.335   35.335  1
  734.1  734.1  1    9.754    9.754  1   35.334   35.334  1
  736.0  736.0  1    9.741    9.741  1   35.334   35.334  1
  737.9  737.9  1    9.734    9.734  1   35.334   35.334  1
  740.0  740.0  1    9.738    9.738  1   35.336   35.336  1
  742.0  742.0  1    9.726    9.726  1   35.338   35.338  1
  744.0  744.0  1    9.698    9.698  1   35.334   35.334  1
  746.0  746.0  1    9.687    9.687  1   35.333   35.333  1
  748.0  748.0  1    9.700    9.700  1   35.340   35.340  1
  750.0  750.0  1    9.697    9.697  1   35.341   35.341  1
  752.1  752.1  1    9.681    9.681  1   35.338   35.338  1
  754.1  754.1  1    9.652    9.652  1   35.333   35.333  1
  756.0  756.0  1    9.624    9.624  1   35.330   35.330  1
  757.9  757.9  1    9.580    9.580  1   35.324   35.324  1
  759.9  759.9  1    9.567    9.567  1   35.321   35.321  1
  761.9  761.9  1    9.558    9.558  1   35.319   35.319  1
  764.0  764.0  1    9.542    9.542  1   35.317   35.317  1
  766.1  766.1  1    9.527    9.527  1   35.315   35.315  1
  768.0  768.0  1    9.515    9.515  1   35.314   35.314  1
  769.9  769.9  1    9.494    9.494  1   35.312   35.312  1
  771.9  771.9  1    9.468    9.468  1   35.312   35.312  1
  774.0  774.0  1    9.448    9.448  1   35.310   35.310  1
  776.0  776.0  1    9.462    9.462  1   35.313   35.313  1
  778.0  778.0  1    9.446    9.446  1   35.313   35.313  1
  779.9  779.9  1    9.404    9.404  1   35.308   35.308  1
  782.0  782.0  1    9.395    9.395  1   35.306   35.306  1
  784.0  784.0  1    9.371    9.371  1   35.304   35.304  1
  786.0  786.0  1    9.339    9.339  1   35.301   35.301  1
  788.0  788.0  1    9.319    9.319  1   35.301   35.301  1
  790.1  790.1  1    9.326    9.326  1   35.304   35.304  1
  792.1  792.1  1    9.370    9.370  1   35.316   35.316  1
  794.0  794.0  1    9.400    9.400  1   35.325   35.325  1
  796.0  796.0  1    9.405    9.405  1   35.326   35.326  1
  798.0  798.0  1    9.406    9.406  1   35.329   35.329  1
  800.0  800.0  1    9.386    9.386  1   35.327   35.327  1
  802.1  802.1  1    9.360    9.360  1   35.323   35.323  1
  804.1  804.1  1    9.330    9.330  1   35.319   35.319  1
  806.1  806.1  1    9.303    9.303  1   35.316   35.316  1
  808.0  808.0  1    9.277    9.277  1   35.312   35.312  1
  810.0  810.0  1    9.254    9.254  1   35.309   35.309  1
  811.9  811.9  1    9.239    9.239  1   35.306   35.306  1
  814.0  814.0  1    9.189    9.189  1   35.298   35.298  1
  816.0  816.0  1    9.096    9.096  1   35.285   35.285  1
  818.0  818.0  1    9.084    9.084  1   35.283   35.283  1
  820.0  820.0  1    9.084    9.084  1   35.283   35.283  1
  822.0  822.0  1    9.090    9.090  1   35.287   35.287  1
  824.0  824.0  1    9.094    9.094  1   35.289   35.289  1
  826.0  826.0  1    9.091    9.091  1   35.289   35.289  1
  828.0  828.0  1    9.087    9.087  1   35.288   35.288  1
  830.0  830.0  1    9.064    9.064  1   35.285   35.285  1
  832.0  832.0  1    9.029    9.029  1   35.282   35.282  1
  834.0  834.0  1    8.990    8.990  1   35.278   35.278  1
  836.0  836.0  1    8.980    8.980  1   35.278   35.278  1
  838.0  838.0  1    8.997    8.997  1   35.284   35.284  1
  840.0  840.0  1    8.989    8.989  1   35.284   35.284  1
  842.0  842.0  1    8.991    8.991  1   35.286   35.286  1
  844.0  844.0  1    8.966    8.966  1   35.283   35.283  1
  846.0  846.0  1    8.902    8.902  1   35.272   35.272  1
  848.0  848.0  1    8.884    8.884  1   35.271   35.271  1
  849.9  849.9  1    8.875    8.875  1   35.271   35.271  1
  851.9  851.9  1    8.879    8.879  1   35.275   35.275  1
  853.9  853.9  1    8.897    8.897  1   35.282   35.282  1
  855.9  855.9  1    8.908    8.908  1   35.284   35.284  1
  857.9  857.9  1    8.897    8.897  1   35.283   35.283  1
  859.9  859.9  1    8.800    8.800  1   35.271   35.271  1
  862.0  862.0  1    8.792    8.792  1   35.269   35.269  1
  864.0  864.0  1    8.776    8.776  1   35.266   35.266  1
  866.0  866.0  1    8.728    8.728  1   35.261   35.261  1
  868.0  868.0  1    8.710    8.710  1   35.260   35.260  1
  870.0  870.0  1    8.717    8.717  1   35.264   35.264  1
  872.0  872.0  1    8.702    8.702  1   35.261   35.261  1
  873.9  873.9  1    8.672    8.672  1   35.258   35.258  1
  876.0  876.0  1    8.664    8.664  1   35.257   35.257  1
  878.0  878.0  1    8.660    8.660  1   35.257   35.257  1
  880.0  880.0  1    8.650    8.650  1   35.256   35.256  1
  882.1  882.1  1    8.616    8.616  1   35.252   35.252  1
  884.0  884.0  1    8.605    8.605  1   35.251   35.251  1
  885.9  885.9  1    8.587    8.587  1   35.250   35.250  1
  888.0  888.0  1    8.579    8.579  1   35.249   35.249  1
  890.1  890.1  1    8.573    8.573  1   35.249   35.249  1
  892.1  892.1  1    8.611    8.611  1   35.261   35.261  1
  894.0  894.0  1    8.588    8.588  1   35.259   35.259  1
  896.0  896.0  1    8.571    8.571  1   35.256   35.256  1
  898.0  898.0  1    8.561    8.561  1   35.254   35.254  1
  900.0  900.0  1    8.557    8.557  1   35.253   35.253  1
  902.1  902.1  1    8.574    8.574  1   35.258   35.258  1
  904.0  904.0  1    8.589    8.589  1   35.263   35.263  1
  906.0  906.0  1    8.589    8.589  1   35.264   35.264  1
  907.9  907.9  1    8.589    8.589  1   35.266   35.266  1
  909.9  909.9  1    8.582    8.582  1   35.265   35.265  1
  912.0  912.0  1    8.575    8.575  1   35.264   35.264  1
  914.1  914.1  1    8.545    8.545  1   35.262   35.262  1
  916.1  916.1  1    8.532    8.532  1   35.260   35.260  1
  918.0  918.0  1    8.528    8.528  1   35.260   35.260  1
  920.0  920.0  1    8.522    8.522  1   35.259   35.259  1
  922.0  922.0  1    8.514    8.514  1   35.258   35.258  1
  924.0  924.0  1    8.508    8.508  1   35.257   35.257  1
  926.0  926.0  1    8.495    8.495  1   35.256   35.256  1
  927.9  927.9  1    8.487    8.487  1   35.254   35.254  1
  930.0  930.0  1    8.476    8.476  1   35.253   35.253  1
  932.0  932.0  1    8.459    8.459  1   35.251   35.251  1
  934.0  934.0  1    8.444    8.444  1   35.249   35.249  1
  936.0  936.0  1    8.431    8.431  1   35.247   35.247  1
  937.9  937.9  1    8.418    8.418  1   35.245   35.245  1
  940.0  940.0  1    8.418    8.418  1   35.244   35.244  1
  942.0  942.0  1    8.389    8.389  1   35.242   35.242  1
  943.9  943.9  1    8.361    8.361  1   35.238   35.238  1
  946.0  946.0  1    8.327    8.327  1   35.234   35.234  1
  948.0  948.0  1    8.297    8.297  1   35.231   35.231  1
  950.0  950.0  1    8.283    8.283  1   35.229   35.229  1
  952.0  952.0  1    8.272    8.272  1   35.229   35.229  1
  954.0  954.0  1    8.260    8.260  1   35.229   35.229  1
  956.0  956.0  1    8.250    8.250  1   35.228   35.228  1
  958.0  958.0  1    8.252    8.252  1   35.229   35.229  1
  960.0  960.0  1    8.252    8.252  1   35.230   35.230  1
  961.9  961.9  1    8.254    8.254  1   35.231   35.231  1
  964.0  964.0  1    8.257    8.257  1   35.234   35.234  1
  966.0  966.0  1    8.256    8.256  1   35.235   35.235  1
  968.0  968.0  1    8.257    8.257  1   35.235   35.235  1
  970.0  970.0  1    8.237    8.237  1   35.232   35.232  1
  971.9  971.9  1    8.207    8.207  1   35.228   35.228  1
  974.0  974.0  1    8.204    8.204  1   35.228   35.228  1
  976.0  976.0  1    8.204    8.204  1   35.228   35.228  1
  978.0  978.0  1    8.207    8.207  1   35.230   35.230  1
  980.0  980.0  1    8.194    8.194  1   35.230   35.230  1
  982.0  982.0  1    8.190    8.190  1   35.231   35.231  1
  984.0  984.0  1    8.164    8.164  1   35.227   35.227  1
  986.0  986.0  1    8.158    8.158  1   35.226   35.226  1
  988.0  988.0  1    8.160    8.160  1   35.228   35.228  1
  990.0  990.0  1    8.161    8.161  1   35.229   35.229  1
  992.0  992.0  1    8.136    8.136  1   35.226   35.226  1
  994.0  994.0  1    8.121    8.121  1   35.224   35.224  1
  996.1  996.1  1    8.095    8.095  1   35.221   35.221  1
  998.0  998.0  1    8.083    8.083  1   35.220   35.220  1
 1000.0 1000.0  1    8.073    8.073  1   35.221   35.221  1
 1002.0 1002.0  1    8.068    8.068  1   35.221   35.221  1
 1004.0 1004.0  1    8.077    8.077  1   35.226   35.226  1
 1006.0 1006.0  1    8.076    8.076  1   35.227   35.227  1
