*SoftWare Version 3.0  2018/12/27

*HEADER
     PLATFORM NUMBER       :2902391
     CYCLE NUMBER          :154
     DATE CREATION         :20191231100052
     DATE UPDATE           :20191231100052
     PROJECT NAME          :US ARGO PROJECT
     PI NAME               :BRECK OWENS, STEVEN JAYNE, P.E. ROBBINS
     INSTRUMENT TYPE       :S2A
     FLOAT SERIAL NO       :7331
     FIRMWARE VERSION      :SBE602 ARM_v2.0_xmsg_ve
     WMO INSTRUMENT TYPE   :854
     TRANSMISSION SYSTEM   :IRIDIUM
     POSITIONING SYSTEM    :GPS
     SAMPLE DIRECTION      :A(A=Ascend; D=Descend)
     DATA MODE             :R(R=Real Time; D=Delayed Mode; A=Real Time Adjusted)
     JULIAN DAY            :25566.3599 (days since 1950-01-01 00:00:00 UTC)
     DATE                  :2019-12-31
     QC FLAG FOR DATE      :1
*LOCATION
     LATITUDE              :14.649
     LONGITUDE             :57.088
     QC FLAG FOR LOCATION  :1
*FILE
     COLUMN 1              :Pressure (dbar)                             F7.1
     COLUMN 2              :Corrected Pressure (dbar)                   F7.1
     COLUMN 3              :Quality on Pressure                         I3
     COLUMN 4              :Temperature (degree_Celsius)                F9.3
     COLUMN 5              :Corrected Temperature (degree_Celsius)      F9.3
     COLUMN 6              :Quality on Temperature                      I3
     COLUMN 7              :Salinity (PSU)                              F9.3
     COLUMN 8              :Corrected Salinity (PSU)                    F9.3
     COLUMN 9              :Quality on Salinity                         I3
==========================================================================
    1.1    1.1  1   26.976   26.976  1   34.855   34.855  4
    1.9    1.9  1   26.956   26.956  1   34.854   34.854  4
    3.0    3.0  1   26.939   26.939  1   34.859   34.859  4
    4.0    4.0  1   26.924   26.924  1   34.860   34.860  4
    5.0    5.0  1   26.894   26.894  1   34.863   34.863  4
    6.0    6.0  1   26.847   26.847  1   34.871   34.871  4
    7.0    7.0  1   26.798   26.798  1   34.882   34.882  4
    8.0    8.0  1   26.781   26.781  1   34.884   34.884  4
    9.0    9.0  1   26.778   26.778  1   34.881   34.881  4
   10.2   10.2  1   26.770   26.770  1   34.887   34.887  4
   12.1   12.1  1   26.761   26.761  1   34.887   34.887  4
   14.0   14.0  1   26.754   26.754  1   34.895   34.895  4
   16.0   16.0  1   26.752   26.752  1   34.902   34.902  4
   18.0   18.0  1   26.749   26.749  1   34.910   34.910  4
   20.0   20.0  1   26.747   26.747  1   34.919   34.919  4
   22.0   22.0  1   26.744   26.744  1   34.928   34.928  4
   24.0   24.0  1   26.743   26.743  1   34.940   34.940  4
   26.0   26.0  1   26.742   26.742  1   34.950   34.950  4
   27.9   27.9  1   26.740   26.740  1   34.961   34.961  4
   30.0   30.0  1   26.738   26.738  1   34.972   34.972  4
   32.0   32.0  1   26.737   26.737  1   34.984   34.984  4
   34.0   34.0  1   26.733   26.733  1   34.999   34.999  4
   36.0   36.0  1   26.715   26.715  1   35.012   35.012  4
   38.0   38.0  1   26.686   26.686  1   35.030   35.030  4
   39.9   39.9  1   26.665   26.665  1   35.049   35.049  4
   41.9   41.9  1   26.658   26.658  1   35.068   35.068  4
   43.9   43.9  1   26.652   26.652  1   35.089   35.089  4
   46.0   46.0  1   26.631   26.631  1   35.113   35.113  4
   48.1   48.1  1   26.614   26.614  1   35.135   35.135  4
   50.0   50.0  1   26.612   26.612  1   35.155   35.155  4
   52.0   52.0  1   26.610   26.610  1   35.222   35.222  4
   54.0   54.0  1   26.606   26.606  1   35.606   35.606  4
   56.0   56.0  1   26.602   26.602  1   35.781   35.781  4
   58.1   58.1  1   26.593   26.593  1   35.833   35.833  4
   60.0   60.0  1   26.578   26.578  1   35.836   35.836  4
   62.0   62.0  1   26.548   26.548  1   35.846   35.846  4
   64.0   64.0  1   26.539   26.539  1   35.853   35.853  4
   66.0   66.0  1   26.537   26.537  1   35.857   35.857  4
   67.9   67.9  1   26.507   26.507  1   35.875   35.875  4
   70.0   70.0  1   26.486   26.486  1   35.888   35.888  4
   72.1   72.1  1   26.447   26.447  1   35.900   35.900  4
   74.0   74.0  1   26.302   26.302  1   35.934   35.934  4
   75.9   75.9  1   26.138   26.138  1   35.960   35.960  4
   77.9   77.9  1   25.785   25.785  1   35.984   35.984  4
   80.0   80.0  1   25.754   25.754  1   36.011   36.011  4
   82.0   82.0  1   25.679   25.679  1   36.037   36.037  4
   84.1   84.1  1   25.369   25.369  1   36.040   36.040  4
   86.0   86.0  1   25.263   25.263  1   36.048   36.048  4
   88.0   88.0  1   25.104   25.104  1   36.030   36.030  4
   90.0   90.0  1   24.910   24.910  1   36.010   36.010  4
   91.9   91.9  1   24.461   24.461  1   35.961   35.961  4
   94.0   94.0  1   24.237   24.237  1   35.937   35.937  4
   96.0   96.0  1   24.172   24.172  1   35.936   35.936  4
   98.1   98.1  1   24.095   24.095  1   35.936   35.936  4
  100.0  100.0  1   24.074   24.074  1   35.943   35.943  4
  101.9  101.9  1   24.045   24.045  1   35.947   35.947  4
  103.9  103.9  1   23.804   23.804  1   35.937   35.937  4
  106.0  106.0  1   23.616   23.616  1   35.917   35.917  4
  108.0  108.0  1   23.404   23.404  1   35.924   35.924  4
  110.0  110.0  1   23.159   23.159  1   35.928   35.928  4
  112.0  112.0  1   23.063   23.063  1   35.919   35.919  4
  114.0  114.0  1   22.992   22.992  1   35.919   35.919  4
  116.0  116.0  1   22.871   22.871  1   35.923   35.923  4
  118.0  118.0  1   22.746   22.746  1   35.938   35.938  4
  120.1  120.1  1   22.466   22.466  1   35.996   35.996  4
  122.0  122.0  1   22.372   22.372  1   36.044   36.044  4
  123.9  123.9  1   22.308   22.308  1   36.113   36.113  4
  125.9  125.9  1   22.227   22.227  1   36.205   36.205  4
  128.0  128.0  1   22.252   22.252  1   36.265   36.265  4
  130.1  130.1  1   22.050   22.050  1   36.281   36.281  4
  132.1  132.1  1   22.060   22.060  1   36.373   36.373  4
  134.0  134.0  1   21.832   21.832  1   36.393   36.393  4
  135.9  135.9  1   21.361   21.361  1   36.321   36.321  4
  138.0  138.0  1   21.111   21.111  1   36.307   36.307  4
  140.0  140.0  1   21.084   21.084  1   36.323   36.323  4
  141.9  141.9  1   20.792   20.792  1   36.291   36.291  4
  143.9  143.9  1   20.801   20.801  1   36.360   36.360  4
  145.9  145.9  1   20.785   20.785  1   36.387   36.387  4
  148.0  148.0  1   20.912   20.912  1   36.465   36.465  4
  150.0  150.0  1   21.013   21.013  1   36.528   36.528  4
  152.0  152.0  1   20.938   20.938  1   36.528   36.528  4
  154.0  154.0  1   20.848   20.848  1   36.526   36.526  4
  156.0  156.0  1   20.683   20.683  1   36.532   36.532  4
  158.0  158.0  1   20.396   20.396  1   36.520   36.520  4
  159.9  159.9  1   20.184   20.184  1   36.506   36.506  4
  162.0  162.0  1   20.052   20.052  1   36.496   36.496  4
  163.9  163.9  1   19.875   19.875  1   36.482   36.482  4
  165.9  165.9  1   19.370   19.370  1   36.434   36.434  4
  168.0  168.0  1   19.076   19.076  1   36.403   36.403  4
  170.0  170.0  1   18.854   18.854  1   36.387   36.387  4
  172.1  172.1  1   18.469   18.469  1   36.350   36.350  4
  174.0  174.0  1   18.202   18.202  1   36.326   36.326  4
  176.0  176.0  1   17.913   17.913  1   36.301   36.301  4
  178.0  178.0  1   17.665   17.665  1   36.281   36.281  4
  180.0  180.0  1   17.624   17.624  1   36.280   36.280  4
  182.0  182.0  1   17.584   17.584  1   36.281   36.281  4
  184.0  184.0  1   17.558   17.558  1   36.284   36.284  4
  186.0  186.0  1   17.550   17.550  1   36.288   36.288  4
  188.0  188.0  1   17.543   17.543  1   36.293   36.293  4
  190.0  190.0  1   17.407   17.407  1   36.291   36.291  4
  192.0  192.0  1   17.208   17.208  1   36.283   36.283  4
  194.0  194.0  1   16.825   16.825  1   36.261   36.261  4
  196.0  196.0  1   16.708   16.708  1   36.250   36.250  4
  198.1  198.1  1   16.699   16.699  1   36.251   36.251  4
  200.1  200.1  1   16.690   16.690  1   36.248   36.248  4
  202.1  202.1  1   16.218   16.218  1   36.227   36.227  4
  204.0  204.0  1   15.868   15.868  1   36.208   36.208  4
  206.0  206.0  1   15.794   15.794  1   36.206   36.206  4
  208.0  208.0  1   15.755   15.755  1   36.210   36.210  4
  210.0  210.0  1   15.747   15.747  1   36.215   36.215  4
  212.0  212.0  1   15.741   15.741  1   36.219   36.219  4
  214.0  214.0  1   15.716   15.716  1   36.224   36.224  4
  216.0  216.0  1   15.673   15.673  1   36.249   36.249  4
  217.9  217.9  1   15.603   15.603  1   36.278   36.278  4
  220.0  220.0  1   15.485   15.485  1   36.286   36.286  4
  222.0  222.0  1   15.267   15.267  1   36.253   36.253  4
  224.0  224.0  1   15.298   15.298  1   36.267   36.267  4
  226.0  226.0  1   15.323   15.323  1   36.278   36.278  4
  228.0  228.0  1   15.380   15.380  1   36.305   36.305  4
  230.0  230.0  1   15.342   15.342  1   36.331   36.331  4
  232.0  232.0  1   15.313   15.313  1   36.329   36.329  4
  234.0  234.0  1   15.295   15.295  1   36.326   36.326  4
  236.0  236.0  1   15.267   15.267  1   36.325   36.325  4
  238.0  238.0  1   15.216   15.216  1   36.325   36.325  4
  240.0  240.0  1   15.099   15.099  1   36.321   36.321  4
  242.0  242.0  1   14.921   14.921  1   36.312   36.312  4
  244.0  244.0  1   14.886   14.886  1   36.312   36.312  4
  246.0  246.0  1   14.856   14.856  1   36.310   36.310  4
  248.0  248.0  1   14.820   14.820  1   36.308   36.308  4
  250.0  250.0  1   14.787   14.787  1   36.306   36.306  4
  252.0  252.0  1   14.776   14.776  1   36.308   36.308  4
  254.0  254.0  1   14.769   14.769  1   36.309   36.309  4
  255.9  255.9  1   14.746   14.746  1   36.312   36.312  4
  257.9  257.9  1   14.738   14.738  1   36.314   36.314  4
  260.0  260.0  1   14.703   14.703  1   36.317   36.317  4
  262.1  262.1  1   14.623   14.623  1   36.316   36.316  4
  264.1  264.1  1   14.407   14.407  1   36.308   36.308  4
  266.1  266.1  1   14.371   14.371  1   36.305   36.305  4
  268.0  268.0  1   14.304   14.304  1   36.302   36.302  4
  270.0  270.0  1   14.240   14.240  1   36.299   36.299  4
  272.0  272.0  1   14.231   14.231  1   36.299   36.299  4
  274.0  274.0  1   14.222   14.222  1   36.300   36.300  4
  276.1  276.1  1   14.197   14.197  1   36.300   36.300  4
  278.0  278.0  1   14.178   14.178  1   36.300   36.300  4
  280.0  280.0  1   14.154   14.154  1   36.300   36.300  4
  282.0  282.0  1   14.109   14.109  1   36.300   36.300  4
  284.1  284.1  1   14.066   14.066  1   36.300   36.300  4
  286.0  286.0  1   13.976   13.976  1   36.300   36.300  4
  288.0  288.0  1   13.856   13.856  1   36.300   36.300  4
  290.1  290.1  1   13.745   13.745  1   36.294   36.294  4
  292.0  292.0  1   13.648   13.648  1   36.290   36.290  4
  293.9  293.9  1   13.539   13.539  1   36.284   36.284  4
  295.9  295.9  1   13.465   13.465  1   36.278   36.278  4
  298.0  298.0  1   13.439   13.439  1   36.276   36.276  4
  300.0  300.0  1   13.430   13.430  1   36.276   36.276  4
  302.0  302.0  1   13.421   13.421  1   36.276   36.276  4
  304.0  304.0  1   13.412   13.412  1   36.276   36.276  4
  306.0  306.0  1   13.398   13.398  1   36.276   36.276  4
  307.9  307.9  1   13.377   13.377  1   36.277   36.277  4
  310.0  310.0  1   13.353   13.353  1   36.277   36.277  4
  312.0  312.0  1   13.334   13.334  1   36.278   36.278  4
  314.0  314.0  1   13.320   13.320  1   36.279   36.279  4
  316.0  316.0  1   13.301   13.301  1   36.280   36.280  4
  318.0  318.0  1   13.220   13.220  1   36.279   36.279  4
  320.0  320.0  1   13.196   13.196  1   36.284   36.284  4
  321.9  321.9  1   13.164   13.164  1   36.294   36.294  4
  324.0  324.0  1   13.166   13.166  1   36.300   36.300  4
  325.9  325.9  1   13.165   13.165  1   36.304   36.304  4
  328.0  328.0  1   13.172   13.172  1   36.312   36.312  4
  330.0  330.0  1   13.173   13.173  1   36.319   36.319  4
  331.9  331.9  1   13.154   13.154  1   36.322   36.322  4
  333.9  333.9  1   13.120   13.120  1   36.330   36.330  4
  335.9  335.9  1   13.096   13.096  1   36.333   36.333  4
  338.0  338.0  1   13.062   13.062  1   36.332   36.332  4
  340.0  340.0  1   13.047   13.047  1   36.331   36.331  4
  342.0  342.0  1   13.022   13.022  1   36.330   36.330  4
  344.0  344.0  1   12.984   12.984  1   36.332   36.332  4
  346.0  346.0  1   12.967   12.967  1   36.335   36.335  4
  347.9  347.9  1   12.930   12.930  1   36.334   36.334  4
  349.9  349.9  1   12.905   12.905  1   36.333   36.333  4
  352.0  352.0  1   12.873   12.873  1   36.333   36.333  4
  354.0  354.0  1   12.863   12.863  1   36.335   36.335  4
  355.9  355.9  1   12.853   12.853  1   36.338   36.338  4
  357.9  357.9  1   12.826   12.826  1   36.344   36.344  4
  360.0  360.0  1   12.797   12.797  1   36.345   36.345  4
  362.0  362.0  1   12.775   12.775  1   36.344   36.344  4
  364.0  364.0  1   12.708   12.708  1   36.341   36.341  4
  366.0  366.0  1   12.684   12.684  1   36.340   36.340  4
  367.9  367.9  1   12.682   12.682  1   36.341   36.341  4
  370.0  370.0  1   12.672   12.672  1   36.344   36.344  4
  372.0  372.0  1   12.639   12.639  1   36.346   36.346  4
  373.9  373.9  1   12.617   12.617  1   36.345   36.345  4
  375.9  375.9  1   12.587   12.587  1   36.347   36.347  4
  377.9  377.9  1   12.567   12.567  1   36.354   36.354  4
  380.0  380.0  1   12.562   12.562  1   36.355   36.355  4
  382.0  382.0  1   12.562   12.562  1   36.357   36.357  4
  384.0  384.0  1   12.529   12.529  1   36.357   36.357  4
  386.0  386.0  1   12.475   12.475  1   36.351   36.351  4
  387.9  387.9  1   12.446   12.446  1   36.347   36.347  4
  389.9  389.9  1   12.445   12.445  1   36.351   36.351  4
  392.0  392.0  1   12.455   12.455  1   36.364   36.364  4
  394.0  394.0  1   12.448   12.448  1   36.365   36.365  4
  396.0  396.0  1   12.458   12.458  1   36.368   36.368  4
  398.0  398.0  1   12.484   12.484  1   36.375   36.375  4
  400.0  400.0  1   12.508   12.508  1   36.384   36.384  4
  402.0  402.0  1   12.538   12.538  1   36.393   36.393  4
  404.0  404.0  1   12.600   12.600  1   36.411   36.411  4
  406.0  406.0  1   12.624   12.624  1   36.423   36.423  4
  408.0  408.0  1   12.625   12.625  1   36.426   36.426  4
  410.0  410.0  1   12.626   12.626  1   36.430   36.430  4
  412.0  412.0  1   12.640   12.640  1   36.438   36.438  4
  414.0  414.0  1   12.654   12.654  1   36.445   36.445  4
  416.0  416.0  1   12.655   12.655  1   36.452   36.452  4
  418.0  418.0  1   12.661   12.661  1   36.460   36.460  4
  420.0  420.0  1   12.664   12.664  1   36.462   36.462  4
  422.0  422.0  1   12.661   12.661  1   36.462   36.462  4
  424.1  424.1  1   12.645   12.645  1   36.465   36.465  4
  426.0  426.0  1   12.631   12.631  1   36.466   36.466  4
  428.0  428.0  1   12.621   12.621  1   36.467   36.467  4
  430.0  430.0  1   12.610   12.610  1   36.466   36.466  4
  432.0  432.0  1   12.596   12.596  1   36.466   36.466  4
  434.1  434.1  1   12.576   12.576  1   36.465   36.465  4
  436.0  436.0  1   12.564   12.564  1   36.465   36.465  4
  438.0  438.0  1   12.534   12.534  1   36.463   36.463  4
  440.1  440.1  1   12.486   12.486  1   36.462   36.462  4
  442.1  442.1  1   12.469   12.469  1   36.463   36.463  4
  444.0  444.0  1   12.460   12.460  1   36.463   36.463  4
  446.0  446.0  1   12.467   12.467  1   36.466   36.466  4
  448.0  448.0  1   12.489   12.489  1   36.472   36.472  4
  450.0  450.0  1   12.490   12.490  1   36.475   36.475  4
  452.0  452.0  1   12.488   12.488  1   36.477   36.477  4
  454.0  454.0  1   12.504   12.504  1   36.481   36.481  4
  456.0  456.0  1   12.510   12.510  1   36.485   36.485  4
  457.9  457.9  1   12.517   12.517  1   36.489   36.489  4
  460.0  460.0  1   12.500   12.500  1   36.486   36.486  4
  462.0  462.0  1   12.496   12.496  1   36.486   36.486  4
  464.0  464.0  1   12.516   12.516  1   36.493   36.493  4
  466.0  466.0  1   12.545   12.545  1   36.502   36.502  4
  468.0  468.0  1   12.571   12.571  1   36.513   36.513  4
  470.0  470.0  1   12.539   12.539  1   36.513   36.513  4
  471.9  471.9  1   12.468   12.468  1   36.510   36.510  4
  473.9  473.9  1   12.308   12.308  1   36.490   36.490  4
  475.9  475.9  1   12.299   12.299  1   36.494   36.494  4
  478.0  478.0  1   12.306   12.306  1   36.503   36.503  4
  480.0  480.0  1   12.286   12.286  1   36.507   36.507  4
  482.0  482.0  1   12.291   12.291  1   36.512   36.512  4
  484.0  484.0  1   12.287   12.287  1   36.514   36.514  4
  486.1  486.1  1   12.266   12.266  1   36.514   36.514  4
  488.1  488.1  1   12.282   12.282  1   36.523   36.523  4
  490.1  490.1  1   12.245   12.245  1   36.524   36.524  4
  492.0  492.0  1   12.203   12.203  1   36.520   36.520  4
  493.9  493.9  1   12.179   12.179  1   36.516   36.516  4
  496.0  496.0  1   12.163   12.163  1   36.514   36.514  4
  497.9  497.9  1   12.150   12.150  1   36.513   36.513  4
  499.9  499.9  1   12.146   12.146  1   36.515   36.515  4
  501.9  501.9  1   12.145   12.145  1   36.517   36.517  4
  503.9  503.9  1   12.170   12.170  1   36.529   36.529  4
  506.0  506.0  1   12.184   12.184  1   36.536   36.536  4
  508.1  508.1  1   12.207   12.207  1   36.541   36.541  4
  510.0  510.0  1   12.221   12.221  1   36.545   36.545  4
  512.0  512.0  1   12.235   12.235  1   36.550   36.550  4
  514.0  514.0  1   12.246   12.246  1   36.556   36.556  4
  516.0  516.0  1   12.313   12.313  1   36.580   36.580  4
  518.0  518.0  1   12.315   12.315  1   36.581   36.581  4
  520.0  520.0  1   12.333   12.333  1   36.588   36.588  4
  522.0  522.0  1   12.512   12.512  1   36.636   36.636  4
  523.9  523.9  1   12.538   12.538  1   36.645   36.645  4
  526.0  526.0  1   12.623   12.623  1   36.667   36.667  4
  528.0  528.0  1   12.652   12.652  1   36.675   36.675  4
  530.0  530.0  1   12.667   12.667  1   36.680   36.680  4
  532.0  532.0  1   12.659   12.659  1   36.680   36.680  4
  534.0  534.0  1   12.644   12.644  1   36.681   36.681  4
  536.0  536.0  1   12.624   12.624  1   36.684   36.684  4
  538.0  538.0  1   12.596   12.596  1   36.686   36.686  4
  540.0  540.0  1   12.595   12.595  1   36.692   36.692  4
  542.0  542.0  1   12.565   12.565  1   36.693   36.693  4
  544.0  544.0  1   12.473   12.473  1   36.685   36.685  4
  546.0  546.0  1   12.454   12.454  1   36.689   36.689  4
  548.0  548.0  1   12.406   12.406  1   36.688   36.688  4
  549.9  549.9  1   12.405   12.405  1   36.692   36.692  4
  552.0  552.0  1   12.411   12.411  1   36.695   36.695  4
  554.0  554.0  1   12.381   12.381  1   36.696   36.696  4
  556.0  556.0  1   12.313   12.313  1   36.692   36.692  4
  558.1  558.1  1   12.330   12.330  1   36.698   36.698  4
  560.0  560.0  1   12.343   12.343  1   36.703   36.703  4
  562.0  562.0  1   12.353   12.353  1   36.705   36.705  4
  564.0  564.0  1   12.359   12.359  1   36.708   36.708  4
  566.0  566.0  1   12.364   12.364  1   36.713   36.713  4
  568.0  568.0  1   12.351   12.351  1   36.718   36.718  4
  570.0  570.0  1   12.341   12.341  1   36.720   36.720  4
  572.0  572.0  1   12.322   12.322  1   36.722   36.722  4
  574.1  574.1  1   12.254   12.254  1   36.723   36.723  4
  576.0  576.0  1   12.188   12.188  1   36.719   36.719  4
  578.0  578.0  1   12.124   12.124  1   36.713   36.713  4
  580.0  580.0  1   12.087   12.087  1   36.714   36.714  4
  582.0  582.0  1   12.070   12.070  1   36.715   36.715  4
  583.9  583.9  1   12.045   12.045  1   36.714   36.714  4
  585.9  585.9  1   12.012   12.012  1   36.712   36.712  4
  588.0  588.0  1   11.971   11.971  1   36.711   36.711  4
  590.0  590.0  1   11.916   11.916  1   36.711   36.711  4
  592.0  592.0  1   11.900   11.900  1   36.716   36.716  4
  594.0  594.0  1   11.892   11.892  1   36.718   36.718  4
  596.0  596.0  1   11.889   11.889  1   36.720   36.720  4
  597.9  597.9  1   11.886   11.886  1   36.721   36.721  4
  600.0  600.0  1   11.866   11.866  1   36.723   36.723  4
  602.0  602.0  1   11.834   11.834  1   36.723   36.723  4
  603.9  603.9  1   11.808   11.808  1   36.724   36.724  4
  606.0  606.0  1   11.776   11.776  1   36.725   36.725  4
  608.0  608.0  1   11.795   11.795  1   36.731   36.731  4
  610.0  610.0  1   11.815   11.815  1   36.739   36.739  4
  612.0  612.0  1   11.779   11.779  1   36.737   36.737  4
  614.0  614.0  1   11.724   11.724  1   36.732   36.732  4
  616.0  616.0  1   11.715   11.715  1   36.730   36.730  4
  618.0  618.0  1   11.718   11.718  1   36.732   36.732  4
  619.9  619.9  1   11.722   11.722  1   36.734   36.734  4
  622.0  622.0  1   11.717   11.717  1   36.734   36.734  4
  624.0  624.0  1   11.716   11.716  1   36.734   36.734  4
  626.0  626.0  1   11.715   11.715  1   36.735   36.735  4
  628.0  628.0  1   11.713   11.713  1   36.737   36.737  4
  629.9  629.9  1   11.700   11.700  1   36.738   36.738  4
  632.0  632.0  1   11.694   11.694  1   36.738   36.738  4
  634.1  634.1  1   11.703   11.703  1   36.743   36.743  4
  636.0  636.0  1   11.747   11.747  1   36.756   36.756  4
  638.0  638.0  1   11.758   11.758  1   36.760   36.760  4
  640.0  640.0  1   11.763   11.763  1   36.762   36.762  4
  641.9  641.9  1   11.787   11.787  1   36.769   36.769  4
  643.9  643.9  1   11.816   11.816  1   36.778   36.778  4
  646.0  646.0  1   11.836   11.836  1   36.787   36.787  4
  648.0  648.0  1   11.823   11.823  1   36.786   36.786  4
  650.0  650.0  1   11.802   11.802  1   36.784   36.784  4
  652.0  652.0  1   11.779   11.779  1   36.784   36.784  4
  654.0  654.0  1   11.766   11.766  1   36.791   36.791  4
  656.0  656.0  1   11.762   11.762  1   36.796   36.796  4
  658.0  658.0  1   11.770   11.770  1   36.802   36.802  4
  660.1  660.1  1   11.802   11.802  1   36.813   36.813  4
  662.1  662.1  1   11.815   11.815  1   36.820   36.820  4
  664.1  664.1  1   11.811   11.811  1   36.823   36.823  4
  666.0  666.0  1   11.797   11.797  1   36.823   36.823  4
  668.0  668.0  1   11.781   11.781  1   36.824   36.824  4
  670.0  670.0  1   11.759   11.759  1   36.824   36.824  4
  671.9  671.9  1   11.747   11.747  1   36.823   36.823  4
  673.9  673.9  1   11.735   11.735  1   36.823   36.823  4
  676.0  676.0  1   11.709   11.709  1   36.822   36.822  4
  678.0  678.0  1   11.681   11.681  1   36.821   36.821  4
  680.0  680.0  1   11.655   11.655  1   36.820   36.820  4
  681.9  681.9  1   11.639   11.639  1   36.820   36.820  4
  684.0  684.0  1   11.637   11.637  1   36.821   36.821  4
  686.0  686.0  1   11.634   11.634  1   36.822   36.822  4
  688.0  688.0  1   11.603   11.603  1   36.827   36.827  4
  689.9  689.9  1   11.584   11.584  1   36.829   36.829  4
  692.0  692.0  1   11.575   11.575  1   36.830   36.830  4
  694.0  694.0  1   11.566   11.566  1   36.831   36.831  4
  696.0  696.0  1   11.560   11.560  1   36.832   36.832  4
  698.0  698.0  1   11.557   11.557  1   36.832   36.832  4
  700.1  700.1  1   11.556   11.556  1   36.834   36.834  4
  702.0  702.0  1   11.551   11.551  1   36.836   36.836  4
  704.0  704.0  1   11.540   11.540  1   36.840   36.840  4
  706.1  706.1  1   11.530   11.530  1   36.844   36.844  4
  708.0  708.0  1   11.516   11.516  1   36.845   36.845  4
  710.0  710.0  1   11.514   11.514  1   36.846   36.846  4
  712.0  712.0  1   11.509   11.509  1   36.846   36.846  4
  714.0  714.0  1   11.503   11.503  1   36.848   36.848  4
  716.1  716.1  1   11.498   11.498  1   36.849   36.849  4
  718.1  718.1  1   11.475   11.475  1   36.854   36.854  4
  720.0  720.0  1   11.446   11.446  1   36.853   36.853  4
  721.9  721.9  1   11.425   11.425  1   36.850   36.850  4
  724.0  724.0  1   11.400   11.400  1   36.845   36.845  4
  726.1  726.1  1   11.314   11.314  1   36.832   36.832  4
  728.1  728.1  1   11.106   11.106  1   36.799   36.799  4
  730.0  730.0  1   10.980   10.980  1   36.777   36.777  4
  731.8  731.8  1   10.891   10.891  1   36.766   36.766  4
  734.0  734.0  1   10.959   10.959  1   36.779   36.779  4
  736.1  736.1  1   11.057   11.057  1   36.801   36.801  4
  738.0  738.0  1   11.131   11.131  1   36.817   36.817  4
  740.0  740.0  1   11.200   11.200  1   36.831   36.831  4
  742.0  742.0  1   11.259   11.259  1   36.843   36.843  4
  744.0  744.0  1   11.273   11.273  1   36.851   36.851  4
  746.0  746.0  1   11.258   11.258  1   36.853   36.853  4
  748.1  748.1  1   11.253   11.253  1   36.854   36.854  4
  750.1  750.1  1   11.250   11.250  1   36.855   36.855  4
  752.1  752.1  1   11.246   11.246  1   36.856   36.856  4
  754.0  754.0  1   11.242   11.242  1   36.856   36.856  4
  755.9  755.9  1   11.235   11.235  1   36.858   36.858  4
  758.0  758.0  1   11.227   11.227  1   36.863   36.863  4
  760.1  760.1  1   11.207   11.207  1   36.862   36.862  4
  762.1  762.1  1   11.186   11.186  1   36.861   36.861  4
  764.1  764.1  1   11.148   11.148  1   36.856   36.856  4
  766.1  766.1  1   11.114   11.114  1   36.850   36.850  4
  768.1  768.1  1   11.073   11.073  1   36.843   36.843  4
  770.1  770.1  1   11.027   11.027  1   36.837   36.837  4
  772.0  772.0  1   11.011   11.011  1   36.836   36.836  4
  774.0  774.0  1   11.006   11.006  1   36.838   36.838  4
  775.9  775.9  1   11.036   11.036  1   36.848   36.848  4
  777.9  777.9  1   11.010   11.010  1   36.846   36.846  4
  780.0  780.0  1   10.980   10.980  1   36.844   36.844  4
  782.1  782.1  1   10.987   10.987  1   36.850   36.850  4
  784.0  784.0  1   10.924   10.924  1   36.844   36.844  4
  786.0  786.0  1   10.935   10.935  1   36.849   36.849  4
  788.1  788.1  1   10.945   10.945  1   36.853   36.853  4
  790.0  790.0  1   10.956   10.956  1   36.859   36.859  4
  792.0  792.0  1   10.969   10.969  1   36.862   36.862  4
  794.0  794.0  1   10.978   10.978  1   36.866   36.866  4
  795.9  795.9  1   10.974   10.974  1   36.866   36.866  4
  798.0  798.0  1   10.963   10.963  1   36.868   36.868  4
  800.0  800.0  1   10.958   10.958  1   36.869   36.869  4
  802.0  802.0  1   10.954   10.954  1   36.869   36.869  4
  804.0  804.0  1   10.943   10.943  1   36.869   36.869  4
  806.0  806.0  1   10.922   10.922  1   36.867   36.867  4
  808.0  808.0  1   10.844   10.844  1   36.860   36.860  4
  810.0  810.0  1   10.817   10.817  1   36.856   36.856  4
  812.0  812.0  1   10.816   10.816  1   36.858   36.858  4
  813.9  813.9  1   10.823   10.823  1   36.864   36.864  4
  815.9  815.9  1   10.802   10.802  1   36.866   36.866  4
  818.0  818.0  1   10.767   10.767  1   36.865   36.865  4
  820.0  820.0  1   10.750   10.750  1   36.865   36.865  4
  822.0  822.0  1   10.745   10.745  1   36.865   36.865  4
  824.1  824.1  1   10.733   10.733  1   36.865   36.865  4
  826.1  826.1  1   10.712   10.712  1   36.863   36.863  4
  828.1  828.1  1   10.631   10.631  1   36.856   36.856  4
  830.0  830.0  1   10.583   10.583  1   36.851   36.851  4
  832.0  832.0  1   10.531   10.531  1   36.846   36.846  4
  834.0  834.0  1   10.490   10.490  1   36.841   36.841  4
  836.0  836.0  1   10.475   10.475  1   36.841   36.841  4
  838.0  838.0  1   10.466   10.466  1   36.841   36.841  4
  840.0  840.0  1   10.456   10.456  1   36.840   36.840  4
  842.0  842.0  1   10.440   10.440  1   36.839   36.839  4
  844.0  844.0  1   10.416   10.416  1   36.837   36.837  4
  846.0  846.0  1   10.390   10.390  1   36.835   36.835  4
  848.0  848.0  1   10.392   10.392  1   36.837   36.837  4
  850.0  850.0  1   10.417   10.417  1   36.844   36.844  4
  852.0  852.0  1   10.430   10.430  1   36.847   36.847  4
  854.0  854.0  1   10.444   10.444  1   36.852   36.852  4
  856.0  856.0  1   10.460   10.460  1   36.857   36.857  4
  857.9  857.9  1   10.474   10.474  1   36.863   36.863  4
  860.0  860.0  1   10.474   10.474  1   36.867   36.867  4
  862.0  862.0  1   10.477   10.477  1   36.874   36.874  4
  864.0  864.0  1   10.460   10.460  1   36.875   36.875  4
  866.1  866.1  1   10.425   10.425  1   36.874   36.874  4
  868.0  868.0  1   10.416   10.416  1   36.874   36.874  4
  870.0  870.0  1   10.401   10.401  1   36.874   36.874  4
  872.1  872.1  1   10.388   10.388  1   36.874   36.874  4
  874.0  874.0  1   10.363   10.363  1   36.873   36.873  4
  876.0  876.0  1   10.334   10.334  1   36.872   36.872  4
  878.1  878.1  1   10.321   10.321  1   36.871   36.871  4
  880.1  880.1  1   10.313   10.313  1   36.872   36.872  4
  882.0  882.0  1   10.315   10.315  1   36.873   36.873  4
  884.1  884.1  1   10.318   10.318  1   36.874   36.874  4
  886.0  886.0  1   10.321   10.321  1   36.876   36.876  4
  888.0  888.0  1   10.324   10.324  1   36.877   36.877  4
  889.9  889.9  1   10.317   10.317  1   36.878   36.878  4
  892.0  892.0  1   10.300   10.300  1   36.878   36.878  4
  894.0  894.0  1   10.264   10.264  1   36.876   36.876  4
  896.0  896.0  1   10.248   10.248  1   36.875   36.875  4
  898.0  898.0  1   10.210   10.210  1   36.871   36.871  4
  900.0  900.0  1   10.132   10.132  1   36.864   36.864  4
  902.0  902.0  1   10.093   10.093  1   36.859   36.859  4
  904.0  904.0  1   10.078   10.078  1   36.858   36.858  4
  906.0  906.0  1   10.071   10.071  1   36.858   36.858  4
  908.0  908.0  1   10.042   10.042  1   36.855   36.855  4
  910.0  910.0  1   10.022   10.022  1   36.853   36.853  4
  911.9  911.9  1   10.009   10.009  1   36.852   36.852  4
  913.9  913.9  1   10.001   10.001  1   36.852   36.852  4
  916.0  916.0  1    9.988    9.988  1   36.851   36.851  4
  918.0  918.0  1    9.984    9.984  1   36.851   36.851  4
  919.9  919.9  1    9.983    9.983  1   36.851   36.851  4
  921.9  921.9  1    9.974    9.974  1   36.850   36.850  4
  924.0  924.0  1    9.954    9.954  1   36.848   36.848  4
  926.0  926.0  1    9.926    9.926  1   36.846   36.846  4
  928.0  928.0  1    9.899    9.899  1   36.843   36.843  4
  930.0  930.0  1    9.891    9.891  1   36.843   36.843  4
  932.0  932.0  1    9.891    9.891  1   36.844   36.844  4
  934.0  934.0  1    9.888    9.888  1   36.844   36.844  4
  936.0  936.0  1    9.886    9.886  1   36.845   36.845  4
  938.0  938.0  1    9.876    9.876  1   36.844   36.844  4
  940.0  940.0  1    9.864    9.864  1   36.844   36.844  4
  942.0  942.0  1    9.838    9.838  1   36.843   36.843  4
  944.0  944.0  1    9.815    9.815  1   36.845   36.845  4
  946.0  946.0  1    9.804    9.804  1   36.848   36.848  4
  948.0  948.0  1    9.760    9.760  1   36.847   36.847  4
  950.0  950.0  1    9.751    9.751  1   36.846   36.846  4
  952.0  952.0  1    9.747    9.747  1   36.846   36.846  4
  954.0  954.0  1    9.744    9.744  1   36.846   36.846  4
  956.0  956.0  1    9.741    9.741  1   36.846   36.846  4
  958.0  958.0  1    9.733    9.733  1   36.846   36.846  4
  960.0  960.0  1    9.722    9.722  1   36.846   36.846  4
  962.0  962.0  1    9.717    9.717  1   36.846   36.846  4
  964.0  964.0  1    9.715    9.715  1   36.847   36.847  4
  966.0  966.0  1    9.712    9.712  1   36.847   36.847  4
  968.0  968.0  1    9.709    9.709  1   36.847   36.847  4
  970.0  970.0  1    9.706    9.706  1   36.847   36.847  4
  972.0  972.0  1    9.705    9.705  1   36.847   36.847  4
  974.0  974.0  1    9.702    9.702  1   36.847   36.847  4
  976.0  976.0  1    9.697    9.697  1   36.848   36.848  4
  978.1  978.1  1    9.696    9.696  1   36.848   36.848  4
  980.0  980.0  1    9.697    9.697  1   36.849   36.849  4
  982.0  982.0  1    9.694    9.694  1   36.849   36.849  4
  984.0  984.0  1    9.687    9.687  1   36.849   36.849  4
  986.0  986.0  1    9.682    9.682  1   36.850   36.850  4
  988.0  988.0  1    9.678    9.678  1   36.851   36.851  4
  990.0  990.0  1    9.663    9.663  1   36.850   36.850  4
  992.0  992.0  1    9.648    9.648  1   36.849   36.849  4
  994.0  994.0  1    9.630    9.630  1   36.849   36.849  4
  996.0  996.0  1    9.607    9.607  1   36.849   36.849  4
  998.0  998.0  1    9.557    9.557  1   36.846   36.846  4
 1000.0 1000.0  1    9.512    9.512  1   36.842   36.842  4
 1002.0 1002.0  1    9.497    9.497  1   36.840   36.840  4
 1004.0 1004.0  1    9.489    9.489  1   36.840   36.840  4
 1006.0 1006.0  1    9.485    9.485  1   36.841   36.841  4
 1008.0 1008.0  1    9.483    9.483  1   36.841   36.841  4
 1010.0 1010.0  1    9.472    9.472  1   36.841   36.841  4
 1012.0 1012.0  1    9.460    9.460  1   36.841   36.841  4
 1014.0 1014.0  1    9.444    9.444  1   36.840   36.840  4
 1016.0 1016.0  1    9.403    9.403  1   36.838   36.838  4
 1018.0 1018.0  1    9.386    9.386  1   36.837   36.837  4
 1020.2 1020.2  1    9.348    9.348  1   36.835   36.835  4
