*SoftWare Version 3.0  2018/12/27

*HEADER
     PLATFORM NUMBER       :2902394
     CYCLE NUMBER          :152
     DATE CREATION         :20191227060027
     DATE UPDATE           :20191227060027
     PROJECT NAME          :US ARGO PROJECT
     PI NAME               :BRECK OWENS, STEVEN JAYNE, P.E. ROBBINS
     INSTRUMENT TYPE       :S2A
     FLOAT SERIAL NO       :7322
     FIRMWARE VERSION      :SBE602 ARM_v2.0_xmsg_ve
     WMO INSTRUMENT TYPE   :854
     TRANSMISSION SYSTEM   :IRIDIUM
     POSITIONING SYSTEM    :GPS
     SAMPLE DIRECTION      :A(A=Ascend; D=Descend)
     DATA MODE             :R(R=Real Time; D=Delayed Mode; A=Real Time Adjusted)
     JULIAN DAY            :25562.1684 (days since 1950-01-01 00:00:00 UTC)
     DATE                  :2019-12-27
     QC FLAG FOR DATE      :1
*LOCATION
     LATITUDE              :5.199   
     LONGITUDE             :79.843  
     QC FLAG FOR LOCATION  :1
*FILE
     COLUMN 1              :Pressure (dbar)                             F7.1
     COLUMN 2              :Corrected Pressure (dbar)                   F7.1
     COLUMN 3              :Quality on Pressure                         I3
     COLUMN 4              :Temperature (degree_Celsius)                F9.3
     COLUMN 5              :Corrected Temperature (degree_Celsius)      F9.3
     COLUMN 6              :Quality on Temperature                      I3
     COLUMN 7              :Salinity (PSU)                              F9.3
     COLUMN 8              :Corrected Salinity (PSU)                    F9.3
     COLUMN 9              :Quality on Salinity                         I3
==========================================================================
    1.0    1.0  1   28.524   28.524  1   32.981   32.981  1
    2.0    2.0  1   28.519   28.519  1   32.980   32.980  1
    3.0    3.0  1   28.512   28.512  1   32.980   32.980  1
    4.1    4.1  1   28.506   28.506  1   32.980   32.980  1
    5.1    5.1  1   28.498   28.498  1   32.981   32.981  1
    6.0    6.0  1   28.492   28.492  1   32.981   32.981  1
    7.0    7.0  1   28.490   28.490  1   32.982   32.982  1
    8.0    8.0  1   28.490   28.490  1   32.984   32.984  1
    9.0    9.0  1   28.490   28.490  1   32.984   32.984  1
   10.4   10.4  1   28.495   28.495  1   32.989   32.989  1
   12.0   12.0  1   28.500   28.500  1   32.993   32.993  1
   14.0   14.0  1   28.493   28.493  1   32.995   32.995  1
   16.0   16.0  1   28.488   28.488  1   33.012   33.012  1
   18.0   18.0  1   28.493   28.493  1   33.049   33.049  1
   20.0   20.0  1   28.493   28.493  1   33.089   33.089  1
   22.0   22.0  1   28.493   28.493  1   33.136   33.136  1
   24.0   24.0  1   28.498   28.498  1   33.178   33.178  1
   25.9   25.9  1   28.504   28.504  1   33.217   33.217  1
   28.0   28.0  1   28.512   28.512  1   33.243   33.243  1
   30.0   30.0  1   28.536   28.536  1   33.288   33.288  1
   32.0   32.0  1   28.556   28.556  1   33.334   33.334  1
   34.0   34.0  1   28.541   28.541  1   33.418   33.418  1
   36.0   36.0  1   28.459   28.459  1   33.498   33.498  1
   38.0   38.0  1   28.416   28.416  1   33.536   33.536  1
   40.1   40.1  1   28.401   28.401  1   33.563   33.563  1
   42.0   42.0  1   28.376   28.376  1   33.608   33.608  1
   44.0   44.0  1   28.036   28.036  1   33.992   33.992  1
   46.0   46.0  1   27.685   27.685  1   34.378   34.378  1
   48.0   48.0  1   27.601   27.601  1   34.431   34.431  1
   50.0   50.0  1   27.539   27.539  1   34.454   34.454  1
   51.9   51.9  1   27.515   27.515  1   34.479   34.479  1
   54.0   54.0  1   27.526   27.526  1   34.498   34.498  1
   56.0   56.0  1   27.536   27.536  1   34.502   34.502  1
   57.9   57.9  1   27.201   27.201  1   34.531   34.531  1
   60.0   60.0  1   24.963   24.963  1   34.714   34.714  1
   62.0   62.0  1   24.798   24.798  1   34.723   34.723  1
   64.0   64.0  1   24.784   24.784  1   34.724   34.724  1
   66.0   66.0  1   24.757   24.757  1   34.726   34.726  1
   68.0   68.0  1   24.669   24.669  1   34.731   34.731  1
   70.1   70.1  1   24.462   24.462  1   34.754   34.754  1
   72.0   72.0  1   24.338   24.338  1   34.787   34.787  1
   74.0   74.0  1   24.372   24.372  1   34.906   34.906  1
   76.0   76.0  1   24.265   24.265  1   35.028   35.028  1
   78.0   78.0  1   23.428   23.428  1   34.986   34.986  1
   80.0   80.0  1   22.559   22.559  1   34.864   34.864  1
   82.0   82.0  1   22.475   22.475  1   34.938   34.938  1
   84.0   84.0  1   22.311   22.311  1   34.972   34.972  1
   86.0   86.0  1   21.971   21.971  1   34.977   34.977  1
   88.0   88.0  1   21.552   21.552  1   34.948   34.948  1
   90.0   90.0  1   21.350   21.350  1   34.945   34.945  1
   91.9   91.9  1   21.169   21.169  1   34.971   34.971  1
   94.0   94.0  1   21.063   21.063  1   34.995   34.995  1
   96.0   96.0  1   20.970   20.970  1   34.994   34.994  1
   98.1   98.1  1   20.568   20.568  1   34.970   34.970  1
  100.1  100.1  1   20.451   20.451  1   34.991   34.991  1
  102.1  102.1  1   20.225   20.225  1   34.986   34.986  1
  104.0  104.0  1   20.112   20.112  1   34.976   34.976  1
  106.0  106.0  1   19.591   19.591  1   34.931   34.931  1
  108.0  108.0  1   19.296   19.296  1   34.923   34.923  1
  110.0  110.0  1   18.975   18.975  1   34.933   34.933  1
  112.0  112.0  1   18.574   18.574  1   34.926   34.926  1
  114.0  114.0  1   18.353   18.353  1   34.914   34.914  1
  116.0  116.0  1   18.113   18.113  1   34.900   34.900  1
  118.0  118.0  1   17.573   17.573  1   34.897   34.897  1
  120.0  120.0  1   17.387   17.387  1   34.902   34.902  1
  122.0  122.0  1   17.158   17.158  1   34.896   34.896  1
  124.0  124.0  1   17.018   17.018  1   34.904   34.904  1
  126.0  126.0  1   16.872   16.872  1   34.905   34.905  1
  128.0  128.0  1   16.820   16.820  1   34.909   34.909  1
  130.0  130.0  1   16.773   16.773  1   34.913   34.913  1
  132.0  132.0  1   16.742   16.742  1   34.914   34.914  1
  134.0  134.0  1   16.704   16.704  1   34.914   34.914  1
  136.0  136.0  1   16.672   16.672  1   34.910   34.910  1
  138.0  138.0  1   16.362   16.362  1   34.927   34.927  1
  140.0  140.0  1   16.203   16.203  1   34.932   34.932  1
  141.9  141.9  1   15.982   15.982  1   34.938   34.938  1
  144.0  144.0  1   15.807   15.807  1   34.939   34.939  1
  146.0  146.0  1   15.734   15.734  1   34.942   34.942  1
  147.9  147.9  1   15.600   15.600  1   34.950   34.950  1
  150.0  150.0  1   15.400   15.400  1   34.964   34.964  1
  152.1  152.1  1   15.368   15.368  1   34.966   34.966  1
  154.1  154.1  1   15.361   15.361  1   34.967   34.967  1
  156.1  156.1  1   15.355   15.355  1   34.968   34.968  1
  158.0  158.0  1   15.353   15.353  1   34.967   34.967  1
  160.1  160.1  1   15.335   15.335  1   34.965   34.965  1
  162.1  162.1  1   15.209   15.209  1   34.972   34.972  1
  163.9  163.9  1   15.053   15.053  1   34.982   34.982  1
  166.0  166.0  1   14.860   14.860  1   35.011   35.011  1
  168.0  168.0  1   14.515   14.515  1   35.028   35.028  1
  169.9  169.9  1   14.321   14.321  1   35.044   35.044  1
  172.0  172.0  1   14.255   14.255  1   35.052   35.052  1
  174.0  174.0  1   14.194   14.194  1   35.059   35.059  1
  176.0  176.0  1   14.125   14.125  1   35.065   35.065  1
  178.1  178.1  1   14.096   14.096  1   35.066   35.066  1
  180.0  180.0  1   14.086   14.086  1   35.066   35.066  1
  182.0  182.0  1   14.074   14.074  1   35.065   35.065  1
  184.0  184.0  1   14.025   14.025  1   35.066   35.066  1
  186.0  186.0  1   13.819   13.819  1   35.069   35.069  1
  188.0  188.0  1   13.614   13.614  1   35.077   35.077  1
  190.0  190.0  1   13.446   13.446  1   35.090   35.090  1
  192.0  192.0  1   13.343   13.343  1   35.095   35.095  1
  194.0  194.0  1   13.202   13.202  1   35.094   35.094  1
  196.0  196.0  1   13.163   13.163  1   35.093   35.093  1
  198.1  198.1  1   13.117   13.117  1   35.098   35.098  1
  200.0  200.0  1   13.070   13.070  1   35.101   35.101  1
  202.0  202.0  1   12.993   12.993  1   35.102   35.102  1
  204.0  204.0  1   12.948   12.948  1   35.106   35.106  1
  206.0  206.0  1   12.941   12.941  1   35.111   35.111  1
  208.0  208.0  1   12.920   12.920  1   35.114   35.114  1
  210.1  210.1  1   12.876   12.876  1   35.115   35.115  1
  212.0  212.0  1   12.835   12.835  1   35.119   35.119  1
  214.0  214.0  1   12.817   12.817  1   35.129   35.129  1
  216.0  216.0  1   12.793   12.793  1   35.134   35.134  1
  218.1  218.1  1   12.748   12.748  1   35.140   35.140  1
  220.0  220.0  1   12.727   12.727  1   35.147   35.147  1
  222.0  222.0  1   12.724   12.724  1   35.148   35.148  1
  224.0  224.0  1   12.685   12.685  1   35.148   35.148  1
  225.9  225.9  1   12.627   12.627  1   35.145   35.145  1
  228.0  228.0  1   12.574   12.574  1   35.145   35.145  1
  230.1  230.1  1   12.548   12.548  1   35.144   35.144  1
  232.0  232.0  1   12.521   12.521  1   35.142   35.142  1
  234.0  234.0  1   12.513   12.513  1   35.141   35.141  1
  235.9  235.9  1   12.474   12.474  1   35.140   35.140  1
  238.0  238.0  1   12.406   12.406  1   35.137   35.137  1
  240.1  240.1  1   12.323   12.323  1   35.134   35.134  1
  242.0  242.0  1   12.262   12.262  1   35.133   35.133  1
  244.0  244.0  1   12.181   12.181  1   35.128   35.128  1
  246.0  246.0  1   12.167   12.167  1   35.126   35.126  1
  248.0  248.0  1   12.159   12.159  1   35.124   35.124  1
  250.0  250.0  1   12.151   12.151  1   35.123   35.123  1
  252.0  252.0  1   12.144   12.144  1   35.122   35.122  1
  254.0  254.0  1   12.131   12.131  1   35.121   35.121  1
  256.0  256.0  1   12.104   12.104  1   35.121   35.121  1
  258.0  258.0  1   12.092   12.092  1   35.119   35.119  1
  260.0  260.0  1   12.016   12.016  1   35.112   35.112  1
  262.0  262.0  1   11.996   11.996  1   35.111   35.111  1
  264.0  264.0  1   11.990   11.990  1   35.112   35.112  1
  266.0  266.0  1   11.983   11.983  1   35.113   35.113  1
  268.0  268.0  1   11.968   11.968  1   35.112   35.112  1
  270.0  270.0  1   11.927   11.927  1   35.107   35.107  1
  272.0  272.0  1   11.874   11.874  1   35.103   35.103  1
  273.9  273.9  1   11.864   11.864  1   35.102   35.102  1
  276.0  276.0  1   11.862   11.862  1   35.107   35.107  1
  278.1  278.1  1   11.876   11.876  1   35.123   35.123  1
  280.0  280.0  1   11.865   11.865  1   35.128   35.128  1
  282.0  282.0  1   11.853   11.853  1   35.127   35.127  1
  283.9  283.9  1   11.850   11.850  1   35.127   35.127  1
  286.0  286.0  1   11.807   11.807  1   35.125   35.125  1
  288.1  288.1  1   11.784   11.784  1   35.123   35.123  1
  290.0  290.0  1   11.773   11.773  1   35.123   35.123  1
  292.0  292.0  1   11.759   11.759  1   35.122   35.122  1
  294.0  294.0  1   11.747   11.747  1   35.122   35.122  1
  296.0  296.0  1   11.740   11.740  1   35.121   35.121  1
  298.0  298.0  1   11.717   11.717  1   35.120   35.120  1
  300.0  300.0  1   11.698   11.698  1   35.120   35.120  1
  302.0  302.0  1   11.671   11.671  1   35.120   35.120  1
  303.9  303.9  1   11.644   11.644  1   35.119   35.119  1
  305.9  305.9  1   11.633   11.633  1   35.119   35.119  1
  307.9  307.9  1   11.628   11.628  1   35.119   35.119  1
  309.9  309.9  1   11.609   11.609  1   35.119   35.119  1
  311.9  311.9  1   11.601   11.601  1   35.118   35.118  1
  314.0  314.0  1   11.593   11.593  1   35.118   35.118  1
  316.1  316.1  1   11.583   11.583  1   35.118   35.118  1
  318.1  318.1  1   11.567   11.567  1   35.120   35.120  1
  320.0  320.0  1   11.549   11.549  1   35.121   35.121  1
  322.0  322.0  1   11.522   11.522  1   35.120   35.120  1
  324.0  324.0  1   11.490   11.490  1   35.118   35.118  1
  326.0  326.0  1   11.482   11.482  1   35.117   35.117  1
  328.0  328.0  1   11.471   11.471  1   35.116   35.116  1
  330.0  330.0  1   11.446   11.446  1   35.113   35.113  1
  332.0  332.0  1   11.413   11.413  1   35.111   35.111  1
  334.1  334.1  1   11.385   11.385  1   35.109   35.109  1
  336.0  336.0  1   11.378   11.378  1   35.109   35.109  1
  338.0  338.0  1   11.368   11.368  1   35.113   35.113  1
  340.0  340.0  1   11.362   11.362  1   35.112   35.112  1
  342.1  342.1  1   11.345   11.345  1   35.111   35.111  1
  344.0  344.0  1   11.311   11.311  1   35.106   35.106  1
  346.0  346.0  1   11.309   11.309  1   35.110   35.110  1
  348.0  348.0  1   11.326   11.326  1   35.117   35.117  1
  350.0  350.0  1   11.324   11.324  1   35.117   35.117  1
  351.9  351.9  1   11.320   11.320  1   35.117   35.117  1
  353.9  353.9  1   11.316   11.316  1   35.117   35.117  1
  355.9  355.9  1   11.311   11.311  1   35.116   35.116  1
  358.0  358.0  1   11.302   11.302  1   35.115   35.115  1
  360.0  360.0  1   11.292   11.292  1   35.114   35.114  1
  362.1  362.1  1   11.281   11.281  1   35.113   35.113  1
  364.0  364.0  1   11.272   11.272  1   35.113   35.113  1
  366.0  366.0  1   11.267   11.267  1   35.115   35.115  1
  368.0  368.0  1   11.268   11.268  1   35.122   35.122  1
  370.0  370.0  1   11.267   11.267  1   35.127   35.127  1
  372.0  372.0  1   11.269   11.269  1   35.129   35.129  1
  374.0  374.0  1   11.270   11.270  1   35.129   35.129  1
  376.0  376.0  1   11.272   11.272  1   35.132   35.132  1
  378.0  378.0  1   11.296   11.296  1   35.151   35.151  1
  380.0  380.0  1   11.300   11.300  1   35.160   35.160  1
  382.0  382.0  1   11.300   11.300  1   35.161   35.161  1
  384.0  384.0  1   11.301   11.301  1   35.161   35.161  1
  386.0  386.0  1   11.299   11.299  1   35.162   35.162  1
  388.0  388.0  1   11.298   11.298  1   35.165   35.165  1
  390.0  390.0  1   11.300   11.300  1   35.167   35.167  1
  392.1  392.1  1   11.293   11.293  1   35.166   35.166  1
  394.0  394.0  1   11.284   11.284  1   35.165   35.165  1
  396.0  396.0  1   11.254   11.254  1   35.163   35.163  1
  398.0  398.0  1   11.220   11.220  1   35.161   35.161  1
  400.0  400.0  1   11.206   11.206  1   35.159   35.159  1
  402.1  402.1  1   11.199   11.199  1   35.158   35.158  1
  404.0  404.0  1   11.199   11.199  1   35.158   35.158  1
  406.0  406.0  1   11.188   11.188  1   35.157   35.157  1
  407.9  407.9  1   11.163   11.163  1   35.155   35.155  1
  410.0  410.0  1   11.153   11.153  1   35.154   35.154  1
  412.0  412.0  1   11.144   11.144  1   35.154   35.154  1
  414.0  414.0  1   11.116   11.116  1   35.153   35.153  1
  416.0  416.0  1   11.096   11.096  1   35.152   35.152  1
  418.0  418.0  1   11.089   11.089  1   35.151   35.151  1
  420.0  420.0  1   11.052   11.052  1   35.149   35.149  1
  422.0  422.0  1   11.010   11.010  1   35.147   35.147  1
  424.0  424.0  1   10.979   10.979  1   35.145   35.145  1
  426.0  426.0  1   10.962   10.962  1   35.143   35.143  1
  428.0  428.0  1   10.927   10.927  1   35.139   35.139  1
  430.0  430.0  1   10.884   10.884  1   35.136   35.136  1
  432.0  432.0  1   10.857   10.857  1   35.138   35.138  1
  434.0  434.0  1   10.830   10.830  1   35.138   35.138  1
  436.0  436.0  1   10.810   10.810  1   35.138   35.138  1
  438.0  438.0  1   10.766   10.766  1   35.135   35.135  1
  440.0  440.0  1   10.730   10.730  1   35.132   35.132  1
  442.0  442.0  1   10.730   10.730  1   35.131   35.131  1
  444.0  444.0  1   10.719   10.719  1   35.130   35.130  1
  446.0  446.0  1   10.647   10.647  1   35.123   35.123  1
  447.9  447.9  1   10.615   10.615  1   35.122   35.122  1
  450.0  450.0  1   10.606   10.606  1   35.121   35.121  1
  452.0  452.0  1   10.605   10.605  1   35.123   35.123  1
  454.0  454.0  1   10.603   10.603  1   35.125   35.125  1
  456.0  456.0  1   10.623   10.623  1   35.137   35.137  1
  458.0  458.0  1   10.625   10.625  1   35.137   35.137  1
  460.0  460.0  1   10.605   10.605  1   35.134   35.134  1
  462.0  462.0  1   10.561   10.561  1   35.129   35.129  1
  464.0  464.0  1   10.554   10.554  1   35.130   35.130  1
  466.0  466.0  1   10.540   10.540  1   35.130   35.130  1
  468.0  468.0  1   10.484   10.484  1   35.123   35.123  1
  470.0  470.0  1   10.424   10.424  1   35.116   35.116  1
  472.0  472.0  1   10.408   10.408  1   35.114   35.114  1
  474.0  474.0  1   10.395   10.395  1   35.113   35.113  1
  476.0  476.0  1   10.381   10.381  1   35.113   35.113  1
  478.0  478.0  1   10.376   10.376  1   35.114   35.114  1
  480.0  480.0  1   10.365   10.365  1   35.113   35.113  1
  482.0  482.0  1   10.338   10.338  1   35.111   35.111  1
  484.0  484.0  1   10.319   10.319  1   35.110   35.110  1
  486.0  486.0  1   10.304   10.304  1   35.110   35.110  1
  488.0  488.0  1   10.284   10.284  1   35.110   35.110  1
  490.0  490.0  1   10.279   10.279  1   35.112   35.112  1
  492.0  492.0  1   10.281   10.281  1   35.115   35.115  1
  494.0  494.0  1   10.273   10.273  1   35.117   35.117  1
  496.0  496.0  1   10.267   10.267  1   35.118   35.118  1
  498.0  498.0  1   10.257   10.257  1   35.118   35.118  1
  500.0  500.0  1   10.231   10.231  1   35.116   35.116  1
  502.0  502.0  1   10.205   10.205  1   35.115   35.115  1
  504.0  504.0  1   10.203   10.203  1   35.116   35.116  1
  506.0  506.0  1   10.209   10.209  1   35.120   35.120  1
  508.0  508.0  1   10.229   10.229  1   35.126   35.126  1
  510.0  510.0  1   10.222   10.222  1   35.125   35.125  1
  512.0  512.0  1   10.213   10.213  1   35.124   35.124  1
  514.1  514.1  1   10.212   10.212  1   35.124   35.124  1
  516.0  516.0  1   10.207   10.207  1   35.127   35.127  1
  518.0  518.0  1   10.196   10.196  1   35.127   35.127  1
  519.9  519.9  1   10.208   10.208  1   35.135   35.135  1
  522.0  522.0  1   10.207   10.207  1   35.140   35.140  1
  524.0  524.0  1   10.212   10.212  1   35.144   35.144  1
  526.0  526.0  1   10.214   10.214  1   35.147   35.147  1
  527.9  527.9  1   10.183   10.183  1   35.147   35.147  1
  530.0  530.0  1   10.165   10.165  1   35.146   35.146  1
  532.0  532.0  1   10.152   10.152  1   35.147   35.147  1
  533.9  533.9  1   10.123   10.123  1   35.148   35.148  1
  536.0  536.0  1   10.101   10.101  1   35.152   35.152  1
  538.0  538.0  1   10.088   10.088  1   35.150   35.150  1
  539.9  539.9  1   10.071   10.071  1   35.150   35.150  1
  542.0  542.0  1   10.060   10.060  1   35.152   35.152  1
  544.1  544.1  1   10.048   10.048  1   35.154   35.154  1
  546.0  546.0  1   10.036   10.036  1   35.153   35.153  1
  548.0  548.0  1   10.011   10.011  1   35.151   35.151  1
  550.0  550.0  1    9.997    9.997  1   35.149   35.149  1
  552.0  552.0  1    9.985    9.985  1   35.148   35.148  1
  554.0  554.0  1    9.951    9.951  1   35.148   35.148  1
  556.0  556.0  1    9.889    9.889  1   35.141   35.141  1
  558.0  558.0  1    9.862    9.862  1   35.137   35.137  1
  560.0  560.0  1    9.850    9.850  1   35.135   35.135  1
  562.0  562.0  1    9.844    9.844  1   35.135   35.135  1
  564.1  564.1  1    9.834    9.834  1   35.133   35.133  1
  566.1  566.1  1    9.824    9.824  1   35.132   35.132  1
  568.0  568.0  1    9.821    9.821  1   35.133   35.133  1
  570.0  570.0  1    9.814    9.814  1   35.133   35.133  1
  572.0  572.0  1    9.792    9.792  1   35.131   35.131  1
  574.0  574.0  1    9.765    9.765  1   35.128   35.128  1
  576.0  576.0  1    9.713    9.713  1   35.123   35.123  1
  578.0  578.0  1    9.645    9.645  1   35.114   35.114  1
  580.0  580.0  1    9.602    9.602  1   35.107   35.107  1
  581.9  581.9  1    9.562    9.562  1   35.104   35.104  1
  583.9  583.9  1    9.521    9.521  1   35.100   35.100  1
  585.9  585.9  1    9.505    9.505  1   35.098   35.098  1
  587.9  587.9  1    9.492    9.492  1   35.097   35.097  1
  589.9  589.9  1    9.488    9.488  1   35.097   35.097  1
  592.0  592.0  1    9.487    9.487  1   35.097   35.097  1
  594.0  594.0  1    9.497    9.497  1   35.102   35.102  1
  595.9  595.9  1    9.521    9.521  1   35.111   35.111  1
  597.9  597.9  1    9.521    9.521  1   35.111   35.111  1
  599.9  599.9  1    9.508    9.508  1   35.109   35.109  1
  602.0  602.0  1    9.498    9.498  1   35.108   35.108  1
  604.0  604.0  1    9.492    9.492  1   35.107   35.107  1
  605.9  605.9  1    9.481    9.481  1   35.105   35.105  1
  607.9  607.9  1    9.458    9.458  1   35.102   35.102  1
  609.9  609.9  1    9.429    9.429  1   35.099   35.099  1
  611.9  611.9  1    9.408    9.408  1   35.096   35.096  1
  614.0  614.0  1    9.382    9.382  1   35.093   35.093  1
  616.0  616.0  1    9.346    9.346  1   35.089   35.089  1
  618.1  618.1  1    9.335    9.335  1   35.087   35.087  1
  620.0  620.0  1    9.321    9.321  1   35.086   35.086  1
  621.9  621.9  1    9.304    9.304  1   35.084   35.084  1
  624.0  624.0  1    9.282    9.282  1   35.082   35.082  1
  626.1  626.1  1    9.280    9.280  1   35.081   35.081  1
  628.0  628.0  1    9.279    9.279  1   35.081   35.081  1
  630.0  630.0  1    9.276    9.276  1   35.080   35.080  1
  632.0  632.0  1    9.268    9.268  1   35.080   35.080  1
  634.0  634.0  1    9.262    9.262  1   35.079   35.079  1
  636.0  636.0  1    9.255    9.255  1   35.079   35.079  1
  638.0  638.0  1    9.252    9.252  1   35.079   35.079  1
  640.0  640.0  1    9.241    9.241  1   35.080   35.080  1
  641.9  641.9  1    9.240    9.240  1   35.080   35.080  1
  644.0  644.0  1    9.237    9.237  1   35.081   35.081  1
  646.0  646.0  1    9.231    9.231  1   35.083   35.083  1
  648.0  648.0  1    9.218    9.218  1   35.085   35.085  1
  650.0  650.0  1    9.211    9.211  1   35.086   35.086  1
  652.0  652.0  1    9.204    9.204  1   35.087   35.087  1
  654.0  654.0  1    9.186    9.186  1   35.089   35.089  1
  656.0  656.0  1    9.172    9.172  1   35.089   35.089  1
  658.0  658.0  1    9.168    9.168  1   35.089   35.089  1
  660.1  660.1  1    9.161    9.161  1   35.089   35.089  1
  662.0  662.0  1    9.146    9.146  1   35.089   35.089  1
  663.9  663.9  1    9.115    9.115  1   35.087   35.087  1
  665.9  665.9  1    9.086    9.086  1   35.085   35.085  1
  667.9  667.9  1    9.065    9.065  1   35.082   35.082  1
  670.0  670.0  1    9.053    9.053  1   35.079   35.079  1
  672.0  672.0  1    9.028    9.028  1   35.076   35.076  1
  674.0  674.0  1    8.986    8.986  1   35.071   35.071  1
  675.9  675.9  1    8.961    8.961  1   35.067   35.067  1
  678.0  678.0  1    8.955    8.955  1   35.066   35.066  1
  680.0  680.0  1    8.957    8.957  1   35.068   35.068  1
  682.0  682.0  1    8.921    8.921  1   35.065   35.065  1
  684.0  684.0  1    8.865    8.865  1   35.057   35.057  1
  686.0  686.0  1    8.834    8.834  1   35.052   35.052  1
  688.0  688.0  1    8.810    8.810  1   35.050   35.050  1
  689.9  689.9  1    8.796    8.796  1   35.048   35.048  1
  692.0  692.0  1    8.804    8.804  1   35.052   35.052  1
  694.0  694.0  1    8.837    8.837  1   35.067   35.067  1
  696.0  696.0  1    8.837    8.837  1   35.067   35.067  1
  697.9  697.9  1    8.837    8.837  1   35.067   35.067  1
  700.0  700.0  1    8.829    8.829  1   35.066   35.066  1
  702.1  702.1  1    8.816    8.816  1   35.064   35.064  1
  704.0  704.0  1    8.806    8.806  1   35.064   35.064  1
  706.0  706.0  1    8.797    8.797  1   35.066   35.066  1
  708.1  708.1  1    8.779    8.779  1   35.068   35.068  1
  710.0  710.0  1    8.756    8.756  1   35.067   35.067  1
  711.9  711.9  1    8.735    8.735  1   35.066   35.066  1
  713.9  713.9  1    8.708    8.708  1   35.064   35.064  1
  716.0  716.0  1    8.675    8.675  1   35.061   35.061  1
  718.0  718.0  1    8.659    8.659  1   35.058   35.058  1
  720.0  720.0  1    8.633    8.633  1   35.055   35.055  1
  722.0  722.0  1    8.624    8.624  1   35.054   35.054  1
  724.0  724.0  1    8.614    8.614  1   35.053   35.053  1
  726.1  726.1  1    8.613    8.613  1   35.052   35.052  1
  728.0  728.0  1    8.614    8.614  1   35.052   35.052  1
  729.9  729.9  1    8.568    8.568  1   35.050   35.050  1
  732.0  732.0  1    8.516    8.516  1   35.047   35.047  1
  734.0  734.0  1    8.503    8.503  1   35.046   35.046  1
  736.0  736.0  1    8.478    8.478  1   35.044   35.044  1
  738.1  738.1  1    8.461    8.461  1   35.041   35.041  1
  740.0  740.0  1    8.446    8.446  1   35.040   35.040  1
  742.0  742.0  1    8.420    8.420  1   35.037   35.037  1
  744.0  744.0  1    8.402    8.402  1   35.034   35.034  1
  746.0  746.0  1    8.392    8.392  1   35.033   35.033  1
  748.0  748.0  1    8.392    8.392  1   35.036   35.036  1
  750.0  750.0  1    8.385    8.385  1   35.039   35.039  1
  752.0  752.0  1    8.375    8.375  1   35.041   35.041  1
  754.0  754.0  1    8.367    8.367  1   35.042   35.042  1
  756.0  756.0  1    8.354    8.354  1   35.042   35.042  1
  758.0  758.0  1    8.339    8.339  1   35.041   35.041  1
  759.9  759.9  1    8.326    8.326  1   35.040   35.040  1
  762.0  762.0  1    8.300    8.300  1   35.039   35.039  1
  764.0  764.0  1    8.265    8.265  1   35.037   35.037  1
  766.0  766.0  1    8.244    8.244  1   35.035   35.035  1
  768.0  768.0  1    8.227    8.227  1   35.034   35.034  1
  770.1  770.1  1    8.199    8.199  1   35.032   35.032  1
  772.0  772.0  1    8.179    8.179  1   35.030   35.030  1
  774.0  774.0  1    8.161    8.161  1   35.029   35.029  1
  776.0  776.0  1    8.143    8.143  1   35.028   35.028  1
  778.0  778.0  1    8.132    8.132  1   35.026   35.026  1
  780.0  780.0  1    8.100    8.100  1   35.025   35.025  1
  782.0  782.0  1    8.080    8.080  1   35.023   35.023  1
  784.0  784.0  1    8.058    8.058  1   35.021   35.021  1
  786.0  786.0  1    8.037    8.037  1   35.019   35.019  1
  788.1  788.1  1    8.005    8.005  1   35.017   35.017  1
  790.1  790.1  1    7.971    7.971  1   35.016   35.016  1
  792.0  792.0  1    7.960    7.960  1   35.015   35.015  1
  793.9  793.9  1    7.953    7.953  1   35.014   35.014  1
  796.0  796.0  1    7.940    7.940  1   35.014   35.014  1
  798.0  798.0  1    7.925    7.925  1   35.013   35.013  1
  800.0  800.0  1    7.916    7.916  1   35.013   35.013  1
  802.0  802.0  1    7.909    7.909  1   35.013   35.013  1
  804.0  804.0  1    7.903    7.903  1   35.015   35.015  1
  806.0  806.0  1    7.911    7.911  1   35.020   35.020  1
  808.0  808.0  1    7.908    7.908  1   35.020   35.020  1
  810.0  810.0  1    7.904    7.904  1   35.019   35.019  1
  812.0  812.0  1    7.897    7.897  1   35.018   35.018  1
  814.0  814.0  1    7.895    7.895  1   35.020   35.020  1
  816.0  816.0  1    7.876    7.876  1   35.019   35.019  1
  818.0  818.0  1    7.853    7.853  1   35.017   35.017  1
  820.0  820.0  1    7.834    7.834  1   35.016   35.016  1
  822.0  822.0  1    7.828    7.828  1   35.016   35.016  1
  824.0  824.0  1    7.821    7.821  1   35.018   35.018  1
  826.0  826.0  1    7.816    7.816  1   35.020   35.020  1
  828.0  828.0  1    7.817    7.817  1   35.022   35.022  1
  830.0  830.0  1    7.813    7.813  1   35.022   35.022  1
  832.0  832.0  1    7.806    7.806  1   35.021   35.021  1
  834.0  834.0  1    7.785    7.785  1   35.021   35.021  1
  836.0  836.0  1    7.776    7.776  1   35.021   35.021  1
  837.9  837.9  1    7.777    7.777  1   35.021   35.021  1
  840.0  840.0  1    7.763    7.763  1   35.020   35.020  1
  842.0  842.0  1    7.748    7.748  1   35.019   35.019  1
  844.0  844.0  1    7.734    7.734  1   35.018   35.018  1
  846.0  846.0  1    7.724    7.724  1   35.016   35.016  1
  847.9  847.9  1    7.718    7.718  1   35.016   35.016  1
  849.9  849.9  1    7.707    7.707  1   35.015   35.015  1
  851.9  851.9  1    7.689    7.689  1   35.013   35.013  1
  854.0  854.0  1    7.685    7.685  1   35.012   35.012  1
  856.0  856.0  1    7.671    7.671  1   35.011   35.011  1
  858.0  858.0  1    7.640    7.640  1   35.010   35.010  1
  860.0  860.0  1    7.620    7.620  1   35.009   35.009  1
  862.0  862.0  1    7.618    7.618  1   35.009   35.009  1
  864.1  864.1  1    7.617    7.617  1   35.009   35.009  1
  866.0  866.0  1    7.613    7.613  1   35.008   35.008  1
  867.9  867.9  1    7.605    7.605  1   35.008   35.008  1
  870.0  870.0  1    7.589    7.589  1   35.007   35.007  1
  872.0  872.0  1    7.569    7.569  1   35.006   35.006  1
  874.0  874.0  1    7.555    7.555  1   35.005   35.005  1
  876.1  876.1  1    7.542    7.542  1   35.005   35.005  1
  878.0  878.0  1    7.524    7.524  1   35.003   35.003  1
  879.9  879.9  1    7.502    7.502  1   35.002   35.002  1
  882.0  882.0  1    7.486    7.486  1   35.001   35.001  1
  884.0  884.0  1    7.474    7.474  1   35.000   35.000  1
  886.0  886.0  1    7.468    7.468  1   35.000   35.000  1
  888.0  888.0  1    7.453    7.453  1   34.999   34.999  1
  890.0  890.0  1    7.434    7.434  1   34.998   34.998  1
  892.1  892.1  1    7.417    7.417  1   34.996   34.996  1
  894.1  894.1  1    7.400    7.400  1   34.995   34.995  1
  896.0  896.0  1    7.387    7.387  1   34.995   34.995  1
  897.9  897.9  1    7.381    7.381  1   34.994   34.994  1
  900.0  900.0  1    7.380    7.380  1   34.994   34.994  1
  902.0  902.0  1    7.379    7.379  1   34.994   34.994  1
  904.0  904.0  1    7.375    7.375  1   34.993   34.993  1
  906.0  906.0  1    7.349    7.349  1   34.992   34.992  1
  908.0  908.0  1    7.344    7.344  1   34.992   34.992  1
  910.0  910.0  1    7.341    7.341  1   34.991   34.991  1
  911.9  911.9  1    7.331    7.331  1   34.990   34.990  1
  913.9  913.9  1    7.302    7.302  1   34.989   34.989  1
  916.0  916.0  1    7.279    7.279  1   34.988   34.988  1
  918.0  918.0  1    7.274    7.274  1   34.987   34.987  1
  919.9  919.9  1    7.267    7.267  1   34.986   34.986  1
  922.0  922.0  1    7.244    7.244  1   34.985   34.985  1
  924.0  924.0  1    7.231    7.231  1   34.984   34.984  1
  926.0  926.0  1    7.219    7.219  1   34.984   34.984  1
  927.9  927.9  1    7.214    7.214  1   34.983   34.983  1
  930.0  930.0  1    7.192    7.192  1   34.983   34.983  1
  932.0  932.0  1    7.180    7.180  1   34.983   34.983  1
  934.0  934.0  1    7.175    7.175  1   34.982   34.982  1
  936.0  936.0  1    7.164    7.164  1   34.982   34.982  1
  938.0  938.0  1    7.149    7.149  1   34.981   34.981  1
  940.0  940.0  1    7.134    7.134  1   34.981   34.981  1
  942.0  942.0  1    7.128    7.128  1   34.980   34.980  1
  944.0  944.0  1    7.118    7.118  1   34.980   34.980  1
  945.9  945.9  1    7.114    7.114  1   34.979   34.979  1
  947.9  947.9  1    7.107    7.107  1   34.979   34.979  1
  950.0  950.0  1    7.098    7.098  1   34.978   34.978  1
  952.0  952.0  1    7.090    7.090  1   34.978   34.978  1
  954.0  954.0  1    7.088    7.088  1   34.977   34.977  1
  955.9  955.9  1    7.087    7.087  1   34.977   34.977  1
  958.0  958.0  1    7.082    7.082  1   34.976   34.976  1
  960.0  960.0  1    7.070    7.070  1   34.976   34.976  1
  962.0  962.0  1    7.066    7.066  1   34.975   34.975  1
  964.0  964.0  1    7.056    7.056  1   34.975   34.975  1
  966.0  966.0  1    7.045    7.045  1   34.975   34.975  1
  968.0  968.0  1    7.028    7.028  1   34.974   34.974  1
  970.0  970.0  1    7.024    7.024  1   34.974   34.974  1
  972.0  972.0  1    7.020    7.020  1   34.974   34.974  1
  974.0  974.0  1    7.013    7.013  1   34.974   34.974  1
  976.0  976.0  1    7.000    7.000  1   34.973   34.973  1
  978.0  978.0  1    6.990    6.990  1   34.972   34.972  1
  980.0  980.0  1    6.979    6.979  1   34.972   34.972  1
  982.0  982.0  1    6.969    6.969  1   34.972   34.972  1
  984.0  984.0  1    6.975    6.975  1   34.975   34.975  1
  985.9  985.9  1    6.948    6.948  1   34.976   34.976  1
  988.0  988.0  1    6.958    6.958  1   34.981   34.981  1
  990.1  990.1  1    6.970    6.970  1   34.984   34.984  1
  992.0  992.0  1    6.965    6.965  1   34.984   34.984  1
  994.1  994.1  1    6.951    6.951  1   34.982   34.982  1
  996.1  996.1  1    6.925    6.925  1   34.978   34.978  1
  998.1  998.1  1    6.927    6.927  1   34.979   34.979  1
 1000.1 1000.1  1    6.917    6.917  1   34.978   34.978  1
 1002.0 1002.0  1    6.905    6.905  1   34.977   34.977  1
 1003.9 1003.9  1    6.898    6.898  1   34.977   34.977  1
 1006.0 1006.0  1    6.904    6.904  1   34.980   34.980  1
 1008.0 1008.0  1    6.904    6.904  1   34.982   34.982  1
 1010.1 1010.1  1    6.893    6.893  1   34.983   34.983  1
 1012.0 1012.0  1    6.886    6.886  1   34.984   34.984  1
 1013.9 1013.9  1    6.892    6.892  1   34.986   34.986  1
 1016.0 1016.0  1    6.893    6.893  1   34.986   34.986  1
 1018.0 1018.0  1    6.895    6.895  1   34.987   34.987  1
 1020.0 1020.0  1    6.898    6.898  1   34.987   34.987  1
 1022.0 1022.0  1    6.896    6.896  1   34.987   34.987  1
 1024.0 1024.0  1    6.861    6.861  1   34.986   34.986  1
 1026.0 1026.0  1    6.828    6.828  1   34.984   34.984  1
 1028.1 1028.1  1    6.820    6.820  1   34.982   34.982  1
 1030.0 1030.0  1    6.813    6.813  1   34.981   34.981  1
 1032.0 1032.0  1    6.803    6.803  1   34.980   34.980  1
 1034.0 1034.0  1    6.793    6.793  1   34.978   34.978  1
 1036.0 1036.0  1    6.762    6.762  1   34.977   34.977  1
 1038.0 1038.0  1    6.727    6.727  1   34.974   34.974  1
 1040.0 1040.0  1    6.711    6.711  1   34.973   34.973  1
 1042.1 1042.1  1    6.700    6.700  1   34.971   34.971  1
 1044.1 1044.1  1    6.658    6.658  1   34.968   34.968  1
 1046.1 1046.1  1    6.628    6.628  1   34.965   34.965  1
 1048.0 1048.0  1    6.615    6.615  1   34.964   34.964  1
 1049.9 1049.9  1    6.579    6.579  1   34.962   34.962  1
 1052.0 1052.0  1    6.559    6.559  1   34.960   34.960  1
 1054.0 1054.0  1    6.548    6.548  1   34.960   34.960  1
 1056.1 1056.1  1    6.529    6.529  1   34.958   34.958  1
 1058.0 1058.0  1    6.522    6.522  1   34.957   34.957  1
 1060.0 1060.0  1    6.489    6.489  1   34.954   34.954  1
 1062.1 1062.1  1    6.481    6.481  1   34.953   34.953  1
 1064.0 1064.0  1    6.464    6.464  1   34.951   34.951  1
 1066.0 1066.0  1    6.443    6.443  1   34.948   34.948  1
 1068.1 1068.1  1    6.437    6.437  1   34.947   34.947  1
 1070.1 1070.1  1    6.435    6.435  1   34.947   34.947  1
 1072.0 1072.0  1    6.433    6.433  1   34.946   34.946  1
 1074.0 1074.0  1    6.427    6.427  1   34.945   34.945  1
 1076.0 1076.0  1    6.416    6.416  1   34.944   34.944  1
 1077.9 1077.9  1    6.407    6.407  1   34.944   34.944  1
 1080.0 1080.0  1    6.404    6.404  1   34.943   34.943  1
 1082.0 1082.0  1    6.386    6.386  1   34.943   34.943  1
 1084.0 1084.0  1    6.368    6.368  1   34.942   34.942  1
 1086.1 1086.1  1    6.343    6.343  1   34.941   34.941  1
 1088.0 1088.0  1    6.324    6.324  1   34.941   34.941  1
 1090.0 1090.0  1    6.310    6.310  1   34.940   34.940  1
 1092.0 1092.0  1    6.290    6.290  1   34.939   34.939  1
 1094.0 1094.0  1    6.280    6.280  1   34.938   34.938  1
 1096.0 1096.0  1    6.265    6.265  1   34.938   34.938  1
 1098.0 1098.0  1    6.260    6.260  1   34.937   34.937  1
 1100.0 1100.0  1    6.247    6.247  1   34.937   34.937  1
 1102.0 1102.0  1    6.231    6.231  1   34.937   34.937  1
 1104.0 1104.0  1    6.224    6.224  1   34.937   34.937  1
 1106.0 1106.0  1    6.211    6.211  1   34.936   34.936  1
 1108.0 1108.0  1    6.196    6.196  1   34.935   34.935  1
 1110.0 1110.0  1    6.173    6.173  1   34.933   34.933  1
 1112.0 1112.0  1    6.157    6.157  1   34.933   34.933  1
 1113.9 1113.9  1    6.150    6.150  1   34.934   34.934  1
 1116.0 1116.0  1    6.140    6.140  1   34.933   34.933  1
 1118.0 1118.0  1    6.125    6.125  1   34.932   34.932  1
 1120.0 1120.0  1    6.122    6.122  1   34.932   34.932  1
 1122.1 1122.1  1    6.122    6.122  1   34.933   34.933  1
 1124.0 1124.0  1    6.106    6.106  1   34.931   34.931  1
 1126.0 1126.0  1    6.091    6.091  1   34.930   34.930  1
 1128.0 1128.0  1    6.079    6.079  1   34.929   34.929  1
 1130.1 1130.1  1    6.071    6.071  1   34.929   34.929  1
 1132.0 1132.0  1    6.069    6.069  1   34.930   34.930  1
 1134.0 1134.0  1    6.058    6.058  1   34.929   34.929  1
 1135.9 1135.9  1    6.053    6.053  1   34.929   34.929  1
 1137.9 1137.9  1    6.055    6.055  1   34.930   34.930  1
 1139.9 1139.9  1    6.062    6.062  1   34.932   34.932  1
 1141.9 1141.9  1    6.065    6.065  1   34.935   34.935  1
 1144.0 1144.0  1    6.052    6.052  1   34.935   34.935  1
 1146.1 1146.1  1    6.039    6.039  1   34.935   34.935  1
 1148.0 1148.0  1    6.034    6.034  1   34.935   34.935  1
 1149.9 1149.9  1    6.029    6.029  1   34.934   34.934  1
 1151.9 1151.9  1    6.021    6.021  1   34.934   34.934  1
 1154.0 1154.0  1    6.015    6.015  1   34.934   34.934  1
 1156.0 1156.0  1    6.009    6.009  1   34.934   34.934  1
 1158.0 1158.0  1    6.002    6.002  1   34.933   34.933  1
 1160.0 1160.0  1    6.000    6.000  1   34.934   34.934  1
 1162.0 1162.0  1    5.998    5.998  1   34.934   34.934  1
 1164.0 1164.0  1    5.987    5.987  1   34.934   34.934  1
 1166.0 1166.0  1    5.977    5.977  1   34.933   34.933  1
 1168.0 1168.0  1    5.968    5.968  1   34.933   34.933  1
 1170.0 1170.0  1    5.963    5.963  1   34.933   34.933  1
 1171.9 1171.9  1    5.958    5.958  1   34.932   34.932  1
 1174.0 1174.0  1    5.952    5.952  1   34.932   34.932  1
 1176.1 1176.1  1    5.939    5.939  1   34.932   34.932  1
 1178.0 1178.0  1    5.937    5.937  1   34.931   34.931  1
 1180.0 1180.0  1    5.926    5.926  1   34.931   34.931  1
 1182.0 1182.0  1    5.919    5.919  1   34.930   34.930  1
 1184.0 1184.0  1    5.908    5.908  1   34.929   34.929  1
 1185.9 1185.9  1    5.882    5.882  1   34.926   34.926  1
 1188.0 1188.0  1    5.868    5.868  1   34.924   34.924  1
 1190.0 1190.0  1    5.857    5.857  1   34.923   34.923  1
 1192.1 1192.1  1    5.849    5.849  1   34.923   34.923  1
 1194.0 1194.0  1    5.843    5.843  1   34.922   34.922  1
 1196.0 1196.0  1    5.838    5.838  1   34.922   34.922  1
 1198.0 1198.0  1    5.834    5.834  1   34.921   34.921  1
 1200.1 1200.1  1    5.819    5.819  1   34.920   34.920  1
 1202.0 1202.0  1    5.803    5.803  1   34.919   34.919  1
 1204.0 1204.0  1    5.800    5.800  1   34.919   34.919  1
 1206.0 1206.0  1    5.798    5.798  1   34.919   34.919  1
 1208.1 1208.1  1    5.796    5.796  1   34.919   34.919  1
 1210.0 1210.0  1    5.795    5.795  1   34.919   34.919  1
 1212.0 1212.0  1    5.796    5.796  1   34.920   34.920  1
 1214.1 1214.1  1    5.799    5.799  1   34.920   34.920  1
 1216.0 1216.0  1    5.792    5.792  1   34.920   34.920  1
 1217.9 1217.9  1    5.783    5.783  1   34.919   34.919  1
 1220.0 1220.0  1    5.768    5.768  1   34.918   34.918  1
 1222.1 1222.1  1    5.754    5.754  1   34.917   34.917  1
 1224.0 1224.0  1    5.734    5.734  1   34.915   34.915  1
 1225.9 1225.9  1    5.722    5.722  1   34.914   34.914  1
 1227.9 1227.9  1    5.719    5.719  1   34.914   34.914  1
 1230.0 1230.0  1    5.718    5.718  1   34.914   34.914  1
 1232.0 1232.0  1    5.716    5.716  1   34.914   34.914  1
 1234.1 1234.1  1    5.698    5.698  1   34.913   34.913  1
 1236.1 1236.1  1    5.682    5.682  1   34.913   34.913  1
 1238.0 1238.0  1    5.676    5.676  1   34.913   34.913  1
 1240.0 1240.0  1    5.668    5.668  1   34.913   34.913  1
 1242.0 1242.0  1    5.661    5.661  1   34.912   34.912  1
 1244.0 1244.0  1    5.656    5.656  1   34.912   34.912  1
 1245.9 1245.9  1    5.638    5.638  1   34.911   34.911  1
 1248.0 1248.0  1    5.621    5.621  1   34.911   34.911  1
 1250.0 1250.0  1    5.614    5.614  1   34.911   34.911  1
 1252.1 1252.1  1    5.616    5.616  1   34.911   34.911  1
 1254.0 1254.0  1    5.609    5.609  1   34.910   34.910  1
 1255.9 1255.9  1    5.606    5.606  1   34.910   34.910  1
 1258.0 1258.0  1    5.597    5.597  1   34.909   34.909  1
 1260.0 1260.0  1    5.587    5.587  1   34.909   34.909  1
 1262.1 1262.1  1    5.571    5.571  1   34.909   34.909  1
 1264.0 1264.0  1    5.568    5.568  1   34.908   34.908  1
 1265.9 1265.9  1    5.561    5.561  1   34.908   34.908  1
 1268.0 1268.0  1    5.551    5.551  1   34.908   34.908  1
 1270.0 1270.0  1    5.544    5.544  1   34.908   34.908  1
 1272.0 1272.0  1    5.539    5.539  1   34.908   34.908  1
 1274.0 1274.0  1    5.520    5.520  1   34.908   34.908  1
 1276.0 1276.0  1    5.501    5.501  1   34.908   34.908  1
 1278.0 1278.0  1    5.492    5.492  1   34.908   34.908  1
 1279.9 1279.9  1    5.482    5.482  1   34.908   34.908  1
 1282.0 1282.0  1    5.475    5.475  1   34.907   34.907  1
 1284.0 1284.0  1    5.472    5.472  1   34.908   34.908  1
 1286.0 1286.0  1    5.462    5.462  1   34.909   34.909  1
 1288.0 1288.0  1    5.453    5.453  1   34.908   34.908  1
 1290.0 1290.0  1    5.447    5.447  1   34.908   34.908  1
 1292.0 1292.0  1    5.438    5.438  1   34.907   34.907  1
 1294.0 1294.0  1    5.414    5.414  1   34.906   34.906  1
 1296.0 1296.0  1    5.406    5.406  1   34.905   34.905  1
 1298.0 1298.0  1    5.386    5.386  1   34.903   34.903  1
 1299.9 1299.9  1    5.332    5.332  1   34.900   34.900  1
 1301.9 1301.9  1    5.306    5.306  1   34.898   34.898  1
 1304.0 1304.0  1    5.287    5.287  1   34.897   34.897  1
 1306.1 1306.1  1    5.266    5.266  1   34.896   34.896  1
 1308.0 1308.0  1    5.240    5.240  1   34.896   34.896  1
 1310.0 1310.0  1    5.217    5.217  1   34.895   34.895  1
 1312.0 1312.0  1    5.192    5.192  1   34.895   34.895  1
 1313.9 1313.9  1    5.190    5.190  1   34.895   34.895  1
 1315.9 1315.9  1    5.190    5.190  1   34.895   34.895  1
 1318.0 1318.0  1    5.186    5.186  1   34.896   34.896  1
 1320.0 1320.0  1    5.169    5.169  1   34.896   34.896  1
 1322.0 1322.0  1    5.154    5.154  1   34.894   34.894  1
 1324.0 1324.0  1    5.144    5.144  1   34.894   34.894  1
 1326.0 1326.0  1    5.134    5.134  1   34.893   34.893  1
 1328.0 1328.0  1    5.105    5.105  1   34.892   34.892  1
 1330.0 1330.0  1    5.075    5.075  1   34.891   34.891  1
 1332.0 1332.0  1    5.047    5.047  1   34.890   34.890  1
 1334.0 1334.0  1    5.020    5.020  1   34.888   34.888  1
 1336.0 1336.0  1    5.013    5.013  1   34.888   34.888  1
 1338.1 1338.1  1    5.009    5.009  1   34.888   34.888  1
 1340.0 1340.0  1    5.007    5.007  1   34.888   34.888  1
 1341.9 1341.9  1    5.004    5.004  1   34.888   34.888  1
 1344.0 1344.0  1    5.000    5.000  1   34.888   34.888  1
 1346.0 1346.0  1    4.998    4.998  1   34.887   34.887  1
 1348.0 1348.0  1    4.992    4.992  1   34.887   34.887  1
 1350.0 1350.0  1    4.976    4.976  1   34.887   34.887  1
 1352.0 1352.0  1    4.956    4.956  1   34.886   34.886  1
 1354.0 1354.0  1    4.951    4.951  1   34.886   34.886  1
 1356.1 1356.1  1    4.949    4.949  1   34.886   34.886  1
 1358.0 1358.0  1    4.949    4.949  1   34.885   34.885  1
 1360.0 1360.0  1    4.947    4.947  1   34.885   34.885  1
 1362.0 1362.0  1    4.944    4.944  1   34.885   34.885  1
 1364.0 1364.0  1    4.941    4.941  1   34.885   34.885  1
 1365.9 1365.9  1    4.939    4.939  1   34.885   34.885  1
 1368.0 1368.0  1    4.938    4.938  1   34.885   34.885  1
 1370.0 1370.0  1    4.935    4.935  1   34.884   34.884  1
 1372.0 1372.0  1    4.927    4.927  1   34.884   34.884  1
 1374.0 1374.0  1    4.913    4.913  1   34.883   34.883  1
 1376.0 1376.0  1    4.900    4.900  1   34.883   34.883  1
 1378.0 1378.0  1    4.895    4.895  1   34.883   34.883  1
 1380.0 1380.0  1    4.890    4.890  1   34.883   34.883  1
 1382.0 1382.0  1    4.889    4.889  1   34.883   34.883  1
 1384.0 1384.0  1    4.888    4.888  1   34.883   34.883  1
 1386.0 1386.0  1    4.886    4.886  1   34.882   34.882  1
 1388.0 1388.0  1    4.883    4.883  1   34.882   34.882  1
 1390.0 1390.0  1    4.881    4.881  1   34.882   34.882  1
 1392.0 1392.0  1    4.879    4.879  1   34.882   34.882  1
 1393.9 1393.9  1    4.878    4.878  1   34.882   34.882  1
 1396.0 1396.0  1    4.875    4.875  1   34.882   34.882  1
 1398.0 1398.0  1    4.866    4.866  1   34.881   34.881  1
 1400.0 1400.0  1    4.857    4.857  1   34.881   34.881  1
 1402.0 1402.0  1    4.845    4.845  1   34.881   34.881  1
 1404.1 1404.1  1    4.835    4.835  1   34.881   34.881  1
 1406.1 1406.1  1    4.833    4.833  1   34.880   34.880  1
 1408.0 1408.0  1    4.829    4.829  1   34.880   34.880  1
 1410.0 1410.0  1    4.821    4.821  1   34.880   34.880  1
 1412.0 1412.0  1    4.807    4.807  1   34.879   34.879  1
 1413.9 1413.9  1    4.791    4.791  1   34.879   34.879  1
 1415.9 1415.9  1    4.779    4.779  1   34.878   34.878  1
 1418.0 1418.0  1    4.774    4.774  1   34.878   34.878  1
 1420.0 1420.0  1    4.765    4.765  1   34.878   34.878  1
 1422.0 1422.0  1    4.756    4.756  1   34.877   34.877  1
 1424.0 1424.0  1    4.752    4.752  1   34.877   34.877  1
 1426.0 1426.0  1    4.750    4.750  1   34.877   34.877  1
 1428.0 1428.0  1    4.745    4.745  1   34.877   34.877  1
 1430.0 1430.0  1    4.741    4.741  1   34.877   34.877  1
 1432.0 1432.0  1    4.738    4.738  1   34.877   34.877  1
 1434.0 1434.0  1    4.727    4.727  1   34.876   34.876  1
 1436.0 1436.0  1    4.723    4.723  1   34.876   34.876  1
 1438.0 1438.0  1    4.716    4.716  1   34.876   34.876  1
 1440.1 1440.1  1    4.710    4.710  1   34.875   34.875  1
 1442.0 1442.0  1    4.698    4.698  1   34.875   34.875  1
 1444.1 1444.1  1    4.666    4.666  1   34.874   34.874  1
 1446.1 1446.1  1    4.646    4.646  1   34.873   34.873  1
 1448.0 1448.0  1    4.639    4.639  1   34.873   34.873  1
 1449.9 1449.9  1    4.634    4.634  1   34.873   34.873  1
 1452.0 1452.0  1    4.628    4.628  1   34.873   34.873  1
 1454.0 1454.0  1    4.620    4.620  1   34.872   34.872  1
 1456.0 1456.0  1    4.616    4.616  1   34.872   34.872  1
 1458.0 1458.0  1    4.612    4.612  1   34.872   34.872  1
 1460.0 1460.0  1    4.610    4.610  1   34.872   34.872  1
 1462.1 1462.1  1    4.610    4.610  1   34.871   34.871  1
 1464.0 1464.0  1    4.604    4.604  1   34.870   34.870  1
 1466.0 1466.0  1    4.563    4.563  1   34.870   34.870  1
 1468.0 1468.0  1    4.551    4.551  1   34.870   34.870  1
 1470.0 1470.0  1    4.539    4.539  1   34.869   34.869  1
 1472.0 1472.0  1    4.534    4.534  1   34.869   34.869  1
 1474.0 1474.0  1    4.526    4.526  1   34.869   34.869  1
 1476.0 1476.0  1    4.517    4.517  1   34.868   34.868  1
 1478.0 1478.0  1    4.508    4.508  1   34.868   34.868  1
 1480.0 1480.0  1    4.503    4.503  1   34.868   34.868  1
 1482.0 1482.0  1    4.502    4.502  1   34.868   34.868  1
 1484.0 1484.0  1    4.501    4.501  1   34.868   34.868  1
 1486.0 1486.0  1    4.500    4.500  1   34.868   34.868  1
 1488.0 1488.0  1    4.495    4.495  1   34.867   34.867  1
 1490.0 1490.0  1    4.480    4.480  1   34.867   34.867  1
 1492.0 1492.0  1    4.476    4.476  1   34.867   34.867  1
 1494.0 1494.0  1    4.473    4.473  1   34.867   34.867  1
 1496.0 1496.0  1    4.472    4.472  1   34.867   34.867  1
 1498.0 1498.0  1    4.467    4.467  1   34.866   34.866  1
 1500.0 1500.0  1    4.459    4.459  1   34.866   34.866  1
 1502.0 1502.0  1    4.457    4.457  1   34.866   34.866  1
 1504.0 1504.0  1    4.455    4.455  1   34.866   34.866  1
 1506.0 1506.0  1    4.454    4.454  1   34.866   34.866  1
 1507.9 1507.9  1    4.453    4.453  1   34.866   34.866  1
 1510.0 1510.0  1    4.452    4.452  1   34.866   34.866  1
 1512.0 1512.0  1    4.449    4.449  1   34.866   34.866  1
 1514.0 1514.0  1    4.448    4.448  1   34.866   34.866  1
 1516.0 1516.0  1    4.448    4.448  1   34.866   34.866  1
 1518.0 1518.0  1    4.447    4.447  1   34.866   34.866  1
 1520.0 1520.0  1    4.446    4.446  1   34.866   34.866  1
 1522.0 1522.0  1    4.445    4.445  1   34.866   34.866  1
 1524.0 1524.0  1    4.444    4.444  1   34.866   34.866  1
 1526.0 1526.0  1    4.442    4.442  1   34.865   34.865  1
 1528.0 1528.0  1    4.440    4.440  1   34.865   34.865  1
 1529.9 1529.9  1    4.435    4.435  1   34.865   34.865  1
 1532.0 1532.0  1    4.430    4.430  1   34.865   34.865  1
 1534.0 1534.0  1    4.429    4.429  1   34.865   34.865  1
 1536.0 1536.0  1    4.428    4.428  1   34.864   34.864  1
 1538.0 1538.0  1    4.413    4.413  1   34.864   34.864  1
 1540.0 1540.0  1    4.403    4.403  1   34.864   34.864  1
 1542.0 1542.0  1    4.392    4.392  1   34.863   34.863  1
 1544.0 1544.0  1    4.386    4.386  1   34.863   34.863  1
 1546.0 1546.0  1    4.377    4.377  1   34.863   34.863  1
 1548.0 1548.0  1    4.370    4.370  1   34.862   34.862  1
 1550.0 1550.0  1    4.364    4.364  1   34.862   34.862  1
 1551.9 1551.9  1    4.353    4.353  1   34.861   34.861  1
 1554.0 1554.0  1    4.327    4.327  1   34.861   34.861  1
 1556.0 1556.0  1    4.314    4.314  1   34.860   34.860  1
 1558.0 1558.0  1    4.309    4.309  1   34.860   34.860  1
 1560.0 1560.0  1    4.300    4.300  1   34.861   34.861  1
 1562.0 1562.0  1    4.299    4.299  1   34.862   34.862  1
 1564.0 1564.0  1    4.300    4.300  1   34.863   34.863  1
 1566.0 1566.0  1    4.297    4.297  1   34.863   34.863  1
 1568.0 1568.0  1    4.280    4.280  1   34.861   34.861  1
 1570.0 1570.0  1    4.268    4.268  1   34.861   34.861  1
 1572.0 1572.0  1    4.251    4.251  1   34.861   34.861  1
 1573.9 1573.9  1    4.235    4.235  1   34.860   34.860  1
 1576.0 1576.0  1    4.215    4.215  1   34.858   34.858  1
 1578.0 1578.0  1    4.188    4.188  1   34.856   34.856  1
 1580.0 1580.0  1    4.177    4.177  1   34.856   34.856  1
 1582.0 1582.0  1    4.171    4.171  1   34.856   34.856  1
 1584.0 1584.0  1    4.163    4.163  1   34.856   34.856  1
 1586.0 1586.0  1    4.143    4.143  1   34.856   34.856  1
 1588.0 1588.0  1    4.120    4.120  1   34.855   34.855  1
 1590.0 1590.0  1    4.114    4.114  1   34.855   34.855  1
 1592.0 1592.0  1    4.107    4.107  1   34.854   34.854  1
 1593.9 1593.9  1    4.104    4.104  1   34.854   34.854  1
 1596.0 1596.0  1    4.101    4.101  1   34.853   34.853  1
 1597.9 1597.9  1    4.088    4.088  1   34.853   34.853  1
 1599.9 1599.9  1    4.082    4.082  1   34.852   34.852  1
 1602.0 1602.0  1    4.065    4.065  1   34.852   34.852  1
 1604.1 1604.1  1    4.042    4.042  1   34.851   34.851  1
 1606.0 1606.0  1    4.018    4.018  1   34.851   34.851  1
 1607.9 1607.9  1    4.004    4.004  1   34.851   34.851  1
 1610.0 1610.0  1    3.974    3.974  1   34.849   34.849  1
 1612.0 1612.0  1    3.957    3.957  1   34.849   34.849  1
 1614.0 1614.0  1    3.940    3.940  1   34.848   34.848  1
 1616.0 1616.0  1    3.934    3.934  1   34.848   34.848  1
 1617.9 1617.9  1    3.929    3.929  1   34.848   34.848  1
 1620.0 1620.0  1    3.919    3.919  1   34.847   34.847  1
 1622.0 1622.0  1    3.909    3.909  1   34.846   34.846  1
 1624.1 1624.1  1    3.886    3.886  1   34.845   34.845  1
 1626.0 1626.0  1    3.864    3.864  1   34.845   34.845  1
 1628.0 1628.0  1    3.860    3.860  1   34.845   34.845  1
 1630.0 1630.0  1    3.858    3.858  1   34.845   34.845  1
 1632.0 1632.0  1    3.853    3.853  1   34.844   34.844  1
 1634.0 1634.0  1    3.843    3.843  1   34.844   34.844  1
 1636.0 1636.0  1    3.837    3.837  1   34.843   34.843  1
 1638.0 1638.0  1    3.827    3.827  1   34.843   34.843  1
 1640.0 1640.0  1    3.815    3.815  1   34.842   34.842  1
 1641.9 1641.9  1    3.804    3.804  1   34.842   34.842  1
 1644.0 1644.0  1    3.796    3.796  1   34.841   34.841  1
 1646.1 1646.1  1    3.787    3.787  1   34.841   34.841  1
 1648.0 1648.0  1    3.775    3.775  1   34.840   34.840  1
 1650.0 1650.0  1    3.769    3.769  1   34.840   34.840  1
 1652.0 1652.0  1    3.764    3.764  1   34.840   34.840  1
 1654.0 1654.0  1    3.756    3.756  1   34.839   34.839  1
 1656.1 1656.1  1    3.748    3.748  1   34.839   34.839  1
 1658.1 1658.1  1    3.740    3.740  1   34.839   34.839  1
 1660.0 1660.0  1    3.730    3.730  1   34.839   34.839  1
 1662.0 1662.0  1    3.725    3.725  1   34.839   34.839  1
 1664.0 1664.0  1    3.724    3.724  1   34.839   34.839  1
 1666.0 1666.0  1    3.722    3.722  1   34.839   34.839  1
 1668.0 1668.0  1    3.719    3.719  1   34.838   34.838  1
 1670.0 1670.0  1    3.717    3.717  1   34.838   34.838  1
 1671.9 1671.9  1    3.705    3.705  1   34.838   34.838  1
 1674.0 1674.0  1    3.695    3.695  1   34.837   34.837  1
 1676.0 1676.0  1    3.692    3.692  1   34.837   34.837  1
 1677.9 1677.9  1    3.681    3.681  1   34.836   34.836  1
 1680.0 1680.0  1    3.663    3.663  1   34.835   34.835  1
 1682.0 1682.0  1    3.647    3.647  1   34.835   34.835  1
 1683.9 1683.9  1    3.631    3.631  1   34.834   34.834  1
 1686.0 1686.0  1    3.620    3.620  1   34.834   34.834  1
 1688.0 1688.0  1    3.609    3.609  1   34.833   34.833  1
 1689.9 1689.9  1    3.597    3.597  1   34.833   34.833  1
 1692.0 1692.0  1    3.586    3.586  1   34.832   34.832  1
 1694.0 1694.0  1    3.577    3.577  1   34.832   34.832  1
 1696.0 1696.0  1    3.572    3.572  1   34.832   34.832  1
 1698.0 1698.0  1    3.565    3.565  1   34.832   34.832  1
 1700.0 1700.0  1    3.556    3.556  1   34.831   34.831  1
 1702.0 1702.0  1    3.553    3.553  1   34.831   34.831  1
 1704.0 1704.0  1    3.544    3.544  1   34.830   34.830  1
 1706.0 1706.0  1    3.528    3.528  1   34.830   34.830  1
 1707.9 1707.9  1    3.515    3.515  1   34.829   34.829  1
 1710.0 1710.0  1    3.503    3.503  1   34.829   34.829  1
 1712.1 1712.1  1    3.497    3.497  1   34.829   34.829  1
 1714.1 1714.1  1    3.496    3.496  1   34.829   34.829  1
 1716.1 1716.1  1    3.494    3.494  1   34.829   34.829  1
 1718.1 1718.1  1    3.489    3.489  1   34.828   34.828  1
 1720.1 1720.1  1    3.481    3.481  1   34.828   34.828  1
 1722.1 1722.1  1    3.464    3.464  1   34.828   34.828  1
 1724.1 1724.1  1    3.460    3.460  1   34.827   34.827  1
 1726.1 1726.1  1    3.457    3.457  1   34.827   34.827  1
 1728.1 1728.1  1    3.432    3.432  1   34.826   34.826  1
 1730.1 1730.1  1    3.423    3.423  1   34.825   34.825  1
 1732.1 1732.1  1    3.420    3.420  1   34.825   34.825  1
 1734.1 1734.1  1    3.415    3.415  1   34.825   34.825  1
 1736.1 1736.1  1    3.412    3.412  1   34.824   34.824  1
 1738.1 1738.1  1    3.410    3.410  1   34.824   34.824  1
 1740.1 1740.1  1    3.407    3.407  1   34.824   34.824  1
 1742.0 1742.0  1    3.404    3.404  1   34.824   34.824  1
 1743.9 1743.9  1    3.396    3.396  1   34.823   34.823  1
 1746.0 1746.0  1    3.392    3.392  1   34.823   34.823  1
 1748.0 1748.0  1    3.390    3.390  1   34.823   34.823  1
 1750.0 1750.0  1    3.383    3.383  1   34.822   34.822  1
 1752.1 1752.1  1    3.374    3.374  1   34.823   34.823  1
 1754.0 1754.0  1    3.367    3.367  1   34.822   34.822  1
 1755.9 1755.9  1    3.361    3.361  1   34.822   34.822  1
 1757.9 1757.9  1    3.360    3.360  1   34.822   34.822  1
 1760.0 1760.0  1    3.356    3.356  1   34.822   34.822  1
 1762.0 1762.0  1    3.343    3.343  1   34.821   34.821  1
 1764.0 1764.0  1    3.337    3.337  1   34.821   34.821  1
 1766.0 1766.0  1    3.331    3.331  1   34.821   34.821  1
 1768.1 1768.1  1    3.328    3.328  1   34.821   34.821  1
 1770.0 1770.0  1    3.328    3.328  1   34.821   34.821  1
 1771.9 1771.9  1    3.327    3.327  1   34.821   34.821  1
 1774.0 1774.0  1    3.327    3.327  1   34.821   34.821  1
 1776.0 1776.0  1    3.326    3.326  1   34.821   34.821  1
 1778.1 1778.1  1    3.323    3.323  1   34.821   34.821  1
 1780.0 1780.0  1    3.310    3.310  1   34.822   34.822  1
 1781.9 1781.9  1    3.303    3.303  1   34.822   34.822  1
 1783.9 1783.9  1    3.303    3.303  1   34.821   34.821  1
 1786.0 1786.0  1    3.302    3.302  1   34.821   34.821  1
 1788.0 1788.0  1    3.302    3.302  1   34.821   34.821  1
 1790.0 1790.0  1    3.301    3.301  1   34.821   34.821  1
 1792.0 1792.0  1    3.301    3.301  1   34.821   34.821  1
 1794.0 1794.0  1    3.300    3.300  1   34.821   34.821  1
 1795.9 1795.9  1    3.297    3.297  1   34.821   34.821  1
 1798.0 1798.0  1    3.293    3.293  1   34.820   34.820  1
 1800.1 1800.1  1    3.290    3.290  1   34.820   34.820  1
 1802.0 1802.0  1    3.283    3.283  1   34.819   34.819  1
 1804.0 1804.0  1    3.278    3.278  1   34.819   34.819  1
 1806.0 1806.0  1    3.271    3.271  1   34.819   34.819  1
 1807.9 1807.9  1    3.262    3.262  1   34.819   34.819  1
 1810.0 1810.0  1    3.250    3.250  1   34.818   34.818  1
 1812.1 1812.1  1    3.232    3.232  1   34.818   34.818  1
 1814.0 1814.0  1    3.228    3.228  1   34.818   34.818  1
 1815.9 1815.9  1    3.226    3.226  1   34.818   34.818  1
 1818.0 1818.0  1    3.223    3.223  1   34.817   34.817  1
 1820.0 1820.0  1    3.221    3.221  1   34.817   34.817  1
 1821.9 1821.9  1    3.218    3.218  1   34.817   34.817  1
 1824.0 1824.0  1    3.210    3.210  1   34.817   34.817  1
 1826.0 1826.0  1    3.204    3.204  1   34.817   34.817  1
 1828.0 1828.0  1    3.201    3.201  1   34.816   34.816  1
 1830.1 1830.1  1    3.197    3.197  1   34.816   34.816  1
 1832.1 1832.1  1    3.189    3.189  1   34.816   34.816  1
 1834.0 1834.0  1    3.176    3.176  1   34.816   34.816  1
 1836.0 1836.0  1    3.171    3.171  1   34.816   34.816  1
 1838.0 1838.0  1    3.163    3.163  1   34.815   34.815  1
 1840.0 1840.0  1    3.160    3.160  1   34.815   34.815  1
 1842.0 1842.0  1    3.158    3.158  1   34.815   34.815  1
 1844.0 1844.0  1    3.154    3.154  1   34.815   34.815  1
 1846.0 1846.0  1    3.150    3.150  1   34.814   34.814  1
 1848.0 1848.0  1    3.135    3.135  1   34.814   34.814  1
 1850.0 1850.0  1    3.118    3.118  1   34.813   34.813  1
 1852.0 1852.0  1    3.115    3.115  1   34.813   34.813  1
 1854.0 1854.0  1    3.112    3.112  1   34.813   34.813  1
 1856.0 1856.0  1    3.110    3.110  1   34.813   34.813  1
 1857.9 1857.9  1    3.103    3.103  1   34.813   34.813  1
 1860.0 1860.0  1    3.100    3.100  1   34.813   34.813  1
 1862.0 1862.0  1    3.098    3.098  1   34.813   34.813  1
 1864.0 1864.0  1    3.095    3.095  1   34.813   34.813  1
 1866.0 1866.0  1    3.091    3.091  1   34.812   34.812  1
 1868.0 1868.0  1    3.086    3.086  1   34.812   34.812  1
 1870.0 1870.0  1    3.081    3.081  1   34.812   34.812  1
 1872.0 1872.0  1    3.075    3.075  1   34.812   34.812  1
 1874.1 1874.1  1    3.072    3.072  1   34.811   34.811  1
 1876.0 1876.0  1    3.065    3.065  1   34.811   34.811  1
 1878.0 1878.0  1    3.059    3.059  1   34.811   34.811  1
 1880.0 1880.0  1    3.055    3.055  1   34.811   34.811  1
 1882.0 1882.0  1    3.051    3.051  1   34.810   34.810  1
 1884.0 1884.0  1    3.047    3.047  1   34.810   34.810  1
 1886.0 1886.0  1    3.044    3.044  1   34.810   34.810  1
 1888.0 1888.0  1    3.038    3.038  1   34.810   34.810  1
 1890.0 1890.0  1    3.030    3.030  1   34.809   34.809  1
 1892.0 1892.0  1    3.028    3.028  1   34.809   34.809  1
 1894.0 1894.0  1    3.022    3.022  1   34.809   34.809  1
 1896.0 1896.0  1    3.013    3.013  1   34.809   34.809  1
 1898.0 1898.0  1    3.013    3.013  1   34.808   34.808  1
 1900.1 1900.1  1    3.012    3.012  1   34.808   34.808  1
 1902.0 1902.0  1    3.001    3.001  1   34.808   34.808  1
 1904.0 1904.0  1    2.993    2.993  1   34.807   34.807  1
 1906.0 1906.0  1    2.983    2.983  1   34.807   34.807  1
 1908.0 1908.0  1    2.979    2.979  1   34.807   34.807  1
 1910.0 1910.0  1    2.978    2.978  1   34.807   34.807  1
 1912.0 1912.0  1    2.975    2.975  1   34.807   34.807  1
 1914.1 1914.1  1    2.970    2.970  1   34.806   34.806  1
 1916.0 1916.0  1    2.966    2.966  1   34.806   34.806  1
 1917.9 1917.9  1    2.961    2.961  1   34.806   34.806  1
 1920.0 1920.0  1    2.958    2.958  1   34.806   34.806  1
 1922.0 1922.0  1    2.953    2.953  1   34.805   34.805  1
 1924.0 1924.0  1    2.949    2.949  1   34.805   34.805  1
 1926.0 1926.0  1    2.945    2.945  1   34.805   34.805  1
 1928.0 1928.0  1    2.940    2.940  1   34.805   34.805  1
 1930.0 1930.0  1    2.931    2.931  1   34.804   34.804  1
 1932.0 1932.0  1    2.927    2.927  1   34.804   34.804  1
 1934.0 1934.0  1    2.919    2.919  1   34.804   34.804  1
 1936.0 1936.0  1    2.910    2.910  1   34.803   34.803  1
 1938.0 1938.0  1    2.906    2.906  1   34.803   34.803  1
 1940.0 1940.0  1    2.904    2.904  1   34.803   34.803  1
 1942.0 1942.0  1    2.903    2.903  1   34.803   34.803  1
 1944.0 1944.0  1    2.900    2.900  1   34.803   34.803  1
 1946.0 1946.0  1    2.892    2.892  1   34.802   34.802  1
 1948.0 1948.0  1    2.882    2.882  1   34.802   34.802  1
 1950.0 1950.0  1    2.877    2.877  1   34.802   34.802  1
 1952.0 1952.0  1    2.867    2.867  1   34.801   34.801  1
 1954.0 1954.0  1    2.860    2.860  1   34.801   34.801  1
 1956.0 1956.0  1    2.854    2.854  1   34.801   34.801  1
 1958.0 1958.0  1    2.851    2.851  1   34.801   34.801  1
 1960.0 1960.0  1    2.847    2.847  1   34.800   34.800  1
 1962.0 1962.0  1    2.842    2.842  1   34.800   34.800  1
 1964.0 1964.0  1    2.834    2.834  1   34.800   34.800  1
 1966.0 1966.0  1    2.828    2.828  1   34.799   34.799  1
 1968.0 1968.0  1    2.820    2.820  1   34.799   34.799  1
 1970.0 1970.0  1    2.819    2.819  1   34.799   34.799  1
 1972.0 1972.0  1    2.816    2.816  1   34.799   34.799  1
 1974.0 1974.0  1    2.813    2.813  1   34.799   34.799  1
 1976.0 1976.0  1    2.812    2.812  1   34.799   34.799  1
 1978.0 1978.0  1    2.810    2.810  1   34.799   34.799  1
 1980.0 1980.0  1    2.809    2.809  1   34.799   34.799  1
 1981.9 1981.9  1    2.809    2.809  1   34.798   34.798  1
 1984.0 1984.0  1    2.808    2.808  1   34.798   34.798  1
 1986.0 1986.0  1    2.806    2.806  1   34.798   34.798  1
 1988.0 1988.0  1    2.804    2.804  1   34.798   34.798  1
 1990.0 1990.0  1    2.801    2.801  1   34.798   34.798  1
 1992.0 1992.0  1    2.797    2.797  1   34.798   34.798  1
 1994.0 1994.0  1    2.790    2.790  1   34.798   34.798  1
 1996.0 1996.0  1    2.787    2.787  1   34.797   34.797  1
 1998.0 1998.0  1    2.786    2.786  1   34.797   34.797  1
 2000.0 2000.0  1    2.784    2.784  1   34.797   34.797  1
 2002.0 2002.0  1    2.783    2.783  1   34.797   34.797  1
 2004.0 2004.0  1    2.780    2.780  1   34.797   34.797  1
 2006.2 2006.2  1    2.778    2.778  1   34.797   34.797  1
 2008.0 2008.0  1    2.778    2.778  1   34.797   34.797  1
 2010.0 2010.0  1    2.776    2.776  1   34.797   34.797  1
 2012.0 2012.0  1    2.773    2.773  1   34.797   34.797  1
 2014.0 2014.0  1    2.771    2.771  1   34.797   34.797  1
 2016.0 2016.0  1    2.770    2.770  1   34.797   34.797  1
 2018.0 2018.0  1    2.767    2.767  1   34.796   34.796  1
 2020.0 2020.0  1    2.765    2.765  1   34.796   34.796  1
 2022.0 2022.0  1    2.763    2.763  1   34.796   34.796  1
 2024.0 2024.0  1    2.760    2.760  1   34.796   34.796  1
 2026.0 2026.0  1    2.758    2.758  1   34.796   34.796  1
 2028.0 2028.0  1    2.756    2.756  1   34.796   34.796  1
 2030.0 2030.0  1    2.755    2.755  1   34.796   34.796  1
 2032.0 2032.0  1    2.754    2.754  1   34.796   34.796  1
 2034.0 2034.0  1    2.753    2.753  1   34.796   34.796  1
 2036.0 2036.0  1    2.751    2.751  1   34.796   34.796  1
