*SoftWare Version 3.0  2018/12/27

*HEADER
     PLATFORM NUMBER       :3901496
     CYCLE NUMBER          :293
     DATE CREATION         :20191205143628
     DATE UPDATE           :20191205144135
     PROJECT NAME          :Uk-Bioargo
     PI NAME               :Giorgio Dall'Olmo
     INSTRUMENT TYPE       :PROVOR_III
     FLOAT SERIAL NO       :OIN14EN-S4-05
     FIRMWARE VERSION      :1.08
     WMO INSTRUMENT TYPE   :836
     TRANSMISSION SYSTEM   :IRIDIUM
     POSITIONING SYSTEM    :GPS
     SAMPLE DIRECTION      :A(A=Ascend; D=Descend)
     DATA MODE             :A(R=Real Time; D=Delayed Mode; A=Real Time Adjusted)
     JULIAN DAY            :25540.5660 (days since 1950-01-01 00:00:00 UTC)
     DATE                  :2019-12-05
     QC FLAG FOR DATE      :1
*LOCATION
     LATITUDE              :-19.534 
     LONGITUDE             :-36.360 
     QC FLAG FOR LOCATION  :1
*FILE
     COLUMN 1              :Pressure (dbar)                             F7.1
     COLUMN 2              :Corrected Pressure (dbar)                   F7.1
     COLUMN 3              :Quality on Pressure                         I3
     COLUMN 4              :Temperature (degree_Celsius)                F9.3
     COLUMN 5              :Corrected Temperature (degree_Celsius)      F9.3
     COLUMN 6              :Quality on Temperature                      I3
     COLUMN 7              :Salinity (PSU)                              F9.3
     COLUMN 8              :Corrected Salinity (PSU)                    F9.3
     COLUMN 9              :Quality on Salinity                         I3
==========================================================================
    2.3    2.3  1   26.234   26.234  1   37.243   37.243  1
    2.9    2.9  1   26.232   26.232  1   37.243   37.243  1
    3.6    3.6  1   26.226   26.226  1   37.243   37.243  1
    4.5    4.5  1   26.191   26.191  1   37.241   37.241  1
    5.3    5.3  1   26.183   26.183  1   37.241   37.241  1
    6.3    6.3  1   26.176   26.176  1   37.241   37.241  1
    7.4    7.4  1   26.171   26.171  1   37.241   37.241  1
    8.5    8.5  1   26.168   26.168  1   37.241   37.241  1
    9.7    9.7  1   26.165   26.165  1   37.241   37.241  1
   10.6   10.6  1   26.163   26.163  1   37.243   37.243  1
   11.4   11.4  1   26.162   26.162  1   37.242   37.242  1
   12.7   12.7  1   26.162   26.162  1   37.241   37.241  1
   13.6   13.6  1   26.159   26.159  1   37.242   37.242  1
   14.5   14.5  1   26.157   26.157  1   37.243   37.243  1
   15.4   15.4  1   26.157   26.157  1   37.242   37.242  1
   16.4   16.4  1   26.153   26.153  1   37.243   37.243  1
   17.6   17.6  1   26.150   26.150  1   37.243   37.243  1
   18.5   18.5  1   26.147   26.147  1   37.243   37.243  1
   19.5   19.5  1   26.144   26.144  1   37.244   37.244  1
   20.5   20.5  1   26.142   26.142  1   37.244   37.244  1
   21.5   21.5  1   26.142   26.142  1   37.245   37.245  1
   22.4   22.4  1   26.143   26.143  1   37.245   37.245  1
   23.4   23.4  1   26.142   26.142  1   37.246   37.246  1
   24.4   24.4  1   26.142   26.142  1   37.246   37.246  1
   25.7   25.7  1   26.140   26.140  1   37.247   37.247  1
   26.4   26.4  1   26.139   26.139  1   37.248   37.248  1
   27.3   27.3  1   26.140   26.140  1   37.248   37.248  1
   28.5   28.5  1   26.140   26.140  1   37.248   37.248  1
   29.7   29.7  1   26.141   26.141  1   37.248   37.248  1
   30.4   30.4  1   26.141   26.141  1   37.250   37.250  1
   31.3   31.3  1   26.141   26.141  1   37.249   37.249  1
   32.6   32.6  1   26.141   26.141  1   37.250   37.250  1
   33.6   33.6  1   26.141   26.141  1   37.252   37.252  1
   34.5   34.5  1   26.142   26.142  1   37.253   37.253  1
   35.5   35.5  1   26.143   26.143  1   37.254   37.254  1
   36.3   36.3  1   26.144   26.144  1   37.255   37.255  1
   37.5   37.5  1   26.146   26.146  1   37.257   37.257  1
   38.6   38.6  1   26.150   26.150  1   37.259   37.259  1
   39.4   39.4  1   26.151   26.151  1   37.262   37.262  1
   40.4   40.4  1   26.150   26.150  1   37.266   37.266  1
   41.6   41.6  1   26.148   26.148  1   37.272   37.272  1
   42.6   42.6  1   26.141   26.141  1   37.288   37.288  1
   43.6   43.6  1   26.107   26.107  1   37.335   37.335  1
   44.4   44.4  1   26.094   26.094  1   37.342   37.342  1
   45.4   45.4  1   26.080   26.080  1   37.344   37.344  1
   46.6   46.6  1   26.068   26.068  1   37.343   37.343  1
   47.5   47.5  1   26.059   26.059  1   37.343   37.343  1
   48.4   48.4  1   26.055   26.055  1   37.343   37.343  1
   49.5   49.5  1   26.048   26.048  1   37.342   37.342  1
   50.6   50.6  1   26.017   26.017  1   37.341   37.341  1
   51.5   51.5  1   25.941   25.941  1   37.341   37.341  1
   52.5   52.5  1   25.823   25.823  1   37.344   37.344  1
   53.5   53.5  1   25.758   25.758  1   37.341   37.341  1
   54.4   54.4  1   25.731   25.731  1   37.341   37.341  1
   55.4   55.4  1   25.714   25.714  1   37.340   37.340  1
   56.6   56.6  1   25.703   25.703  1   37.339   37.339  1
   57.7   57.7  1   25.697   25.697  1   37.338   37.338  1
   58.4   58.4  1   25.693   25.693  1   37.339   37.339  1
   59.3   59.3  1   25.690   25.690  1   37.338   37.338  1
   60.5   60.5  1   25.681   25.681  1   37.338   37.338  1
   61.6   61.6  1   25.671   25.671  1   37.336   37.336  1
   62.6   62.6  1   25.649   25.649  1   37.336   37.336  1
   63.3   63.3  1   25.629   25.629  1   37.335   37.335  1
   64.4   64.4  1   25.594   25.594  1   37.331   37.331  1
   65.7   65.7  1   25.541   25.541  1   37.326   37.326  1
   66.6   66.6  1   25.494   25.494  1   37.321   37.321  1
   67.3   67.3  1   25.466   25.466  1   37.316   37.316  1
   68.5   68.5  1   25.390   25.390  1   37.309   37.309  1
   69.7   69.7  1   25.304   25.304  1   37.307   37.307  1
   70.7   70.7  1   25.226   25.226  1   37.304   37.304  1
   71.6   71.6  1   25.173   25.173  1   37.304   37.304  1
   72.5   72.5  1   25.132   25.132  1   37.307   37.307  1
   73.6   73.6  1   24.997   24.997  1   37.300   37.300  1
   74.7   74.7  1   24.972   24.972  1   37.298   37.298  1
   75.6   75.6  1   24.931   24.931  1   37.296   37.296  1
   76.6   76.6  1   24.903   24.903  1   37.297   37.297  1
   77.7   77.7  1   24.856   24.856  1   37.300   37.300  1
   78.6   78.6  1   24.804   24.804  1   37.300   37.300  1
   79.6   79.6  1   24.775   24.775  1   37.300   37.300  1
   80.3   80.3  1   24.741   24.741  1   37.304   37.304  1
   81.3   81.3  1   24.675   24.675  1   37.300   37.300  1
   82.3   82.3  1   24.648   24.648  1   37.297   37.297  1
   83.3   83.3  1   24.629   24.629  1   37.296   37.296  1
   84.3   84.3  1   24.612   24.612  1   37.292   37.292  1
   85.3   85.3  1   24.583   24.583  1   37.290   37.290  1
   86.3   86.3  1   24.578   24.578  1   37.288   37.288  1
   87.3   87.3  1   24.573   24.573  1   37.288   37.288  1
   88.3   88.3  1   24.573   24.573  1   37.288   37.288  1
   89.3   89.3  1   24.571   24.571  1   37.288   37.288  1
   90.3   90.3  1   24.568   24.568  1   37.287   37.287  1
   91.3   91.3  1   24.567   24.567  1   37.286   37.286  1
   92.3   92.3  1   24.559   24.559  1   37.286   37.286  1
   93.3   93.3  1   24.534   24.534  1   37.287   37.287  1
   94.3   94.3  1   24.517   24.517  1   37.285   37.285  1
   95.3   95.3  1   24.496   24.496  1   37.286   37.286  1
   96.3   96.3  1   24.477   24.477  1   37.282   37.282  1
   97.3   97.3  1   24.459   24.459  1   37.280   37.280  1
   98.3   98.3  1   24.436   24.436  1   37.279   37.279  1
   99.3   99.3  1   24.405   24.405  1   37.274   37.274  1
  100.3  100.3  1   24.368   24.368  1   37.270   37.270  1
  101.3  101.3  1   24.335   24.335  1   37.266   37.266  1
  102.3  102.3  1   24.318   24.318  1   37.263   37.263  1
  103.3  103.3  1   24.303   24.303  1   37.262   37.262  1
  104.3  104.3  1   24.297   24.297  1   37.261   37.261  1
  105.3  105.3  1   24.291   24.291  1   37.261   37.261  1
  106.3  106.3  1   24.284   24.284  1   37.261   37.261  1
  107.6  107.6  1   24.264   24.264  1   37.257   37.257  1
  108.7  108.7  1   24.256   24.256  1   37.254   37.254  1
  109.7  109.7  1   24.239   24.239  1   37.253   37.253  1
  110.6  110.6  1   24.209   24.209  1   37.246   37.246  1
  111.4  111.4  1   24.169   24.169  1   37.236   37.236  1
  112.5  112.5  1   24.127   24.127  1   37.225   37.225  1
  113.6  113.6  1   24.078   24.078  1   37.214   37.214  1
  114.7  114.7  1   24.057   24.057  1   37.208   37.208  1
  115.6  115.6  1   24.016   24.016  1   37.199   37.199  1
  116.4  116.4  1   23.998   23.998  1   37.195   37.195  1
  117.5  117.5  1   23.970   23.970  1   37.188   37.188  1
  118.5  118.5  1   23.956   23.956  1   37.183   37.183  1
  119.5  119.5  1   23.915   23.915  1   37.173   37.173  1
  120.7  120.7  1   23.807   23.807  1   37.153   37.153  1
  121.5  121.5  1   23.689   23.689  1   37.131   37.131  1
  122.3  122.3  1   23.651   23.651  1   37.120   37.120  1
  123.3  123.3  1   23.616   23.616  1   37.111   37.111  1
  124.4  124.4  1   23.602   23.602  1   37.108   37.108  1
  125.4  125.4  1   23.594   23.594  1   37.105   37.105  1
  126.4  126.4  1   23.583   23.583  1   37.103   37.103  1
  127.5  127.5  1   23.568   23.568  1   37.098   37.098  1
  128.6  128.6  1   23.533   23.533  1   37.088   37.088  1
  129.6  129.6  1   23.416   23.416  1   37.067   37.067  1
  130.7  130.7  1   23.339   23.339  1   37.048   37.048  1
  131.7  131.7  1   23.274   23.274  1   37.032   37.032  1
  132.7  132.7  1   23.259   23.259  1   37.026   37.026  1
  133.7  133.7  1   23.183   23.183  1   37.011   37.011  1
  134.5  134.5  1   23.103   23.103  1   36.996   36.996  1
  135.3  135.3  1   23.059   23.059  1   36.985   36.985  1
  136.3  136.3  1   23.019   23.019  1   36.975   36.975  1
  137.4  137.4  1   22.919   22.919  1   36.957   36.957  1
  138.4  138.4  1   22.885   22.885  1   36.948   36.948  1
  139.4  139.4  1   22.879   22.879  1   36.946   36.946  1
  140.5  140.5  1   22.828   22.828  1   36.934   36.934  1
  141.5  141.5  1   22.773   22.773  1   36.923   36.923  1
  142.6  142.6  1   22.672   22.672  1   36.906   36.906  1
  143.7  143.7  1   22.595   22.595  1   36.889   36.889  1
  144.5  144.5  1   22.561   22.561  1   36.881   36.881  1
  145.3  145.3  1   22.538   22.538  1   36.876   36.876  1
  146.4  146.4  1   22.467   22.467  1   36.860   36.860  1
  147.5  147.5  1   22.391   22.391  1   36.846   36.846  1
  148.6  148.6  1   22.294   22.294  1   36.826   36.826  1
  149.5  149.5  1   22.217   22.217  1   36.812   36.812  1
  150.3  150.3  1   22.181   22.181  1   36.800   36.800  1
  151.4  151.4  1   22.089   22.089  1   36.779   36.779  1
  152.4  152.4  1   21.977   21.977  1   36.759   36.759  1
  153.5  153.5  1   21.903   21.903  1   36.742   36.742  1
  154.6  154.6  1   21.745   21.745  1   36.708   36.708  1
  155.4  155.4  1   21.696   21.696  1   36.699   36.699  1
  156.3  156.3  1   21.687   21.687  1   36.695   36.695  1
  157.4  157.4  1   21.679   21.679  1   36.692   36.692  1
  158.5  158.5  1   21.657   21.657  1   36.688   36.688  1
  159.5  159.5  1   21.637   21.637  1   36.682   36.682  1
  160.6  160.6  1   21.616   21.616  1   36.676   36.676  1
  161.7  161.7  1   21.605   21.605  1   36.671   36.671  1
  162.5  162.5  1   21.574   21.574  1   36.663   36.663  1
  163.3  163.3  1   21.391   21.391  1   36.632   36.632  1
  164.4  164.4  1   21.243   21.243  1   36.601   36.601  1
  165.4  165.4  1   21.184   21.184  1   36.584   36.584  1
  166.5  166.5  1   21.060   21.060  1   36.565   36.565  1
  167.6  167.6  1   20.960   20.960  1   36.544   36.544  1
  168.7  168.7  1   20.909   20.909  1   36.532   36.532  1
  169.5  169.5  1   20.897   20.897  1   36.530   36.530  1
  170.3  170.3  1   20.877   20.877  1   36.523   36.523  1
  171.4  171.4  1   20.844   20.844  1   36.516   36.516  1
  172.4  172.4  1   20.782   20.782  1   36.504   36.504  1
  173.5  173.5  1   20.740   20.740  1   36.496   36.496  1
  174.5  174.5  1   20.713   20.713  1   36.489   36.489  1
  175.5  175.5  1   20.684   20.684  1   36.481   36.481  1
  176.5  176.5  1   20.597   20.597  1   36.465   36.465  1
  177.5  177.5  1   20.531   20.531  1   36.452   36.452  1
  178.5  178.5  1   20.511   20.511  1   36.444   36.444  1
  179.5  179.5  1   20.458   20.458  1   36.436   36.436  1
  180.6  180.6  1   20.314   20.314  1   36.408   36.408  1
  181.7  181.7  1   20.070   20.070  1   36.367   36.367  1
  182.4  182.4  1   20.008   20.008  1   36.353   36.353  1
  183.3  183.3  1   19.985   19.985  1   36.345   36.345  1
  184.3  184.3  1   19.941   19.941  1   36.336   36.336  1
  185.4  185.4  1   19.882   19.882  1   36.326   36.326  1
  186.4  186.4  1   19.804   19.804  1   36.309   36.309  1
  187.4  187.4  1   19.742   19.742  1   36.295   36.295  1
  188.5  188.5  1   19.712   19.712  1   36.287   36.287  1
  189.5  189.5  1   19.668   19.668  1   36.275   36.275  1
  190.6  190.6  1   19.495   19.495  1   36.245   36.245  1
  191.5  191.5  1   19.335   19.335  1   36.213   36.213  1
  192.3  192.3  1   19.189   19.189  1   36.191   36.191  1
  193.5  193.5  1   19.047   19.047  1   36.165   36.165  1
  194.7  194.7  1   18.927   18.927  1   36.143   36.143  1
  195.5  195.5  1   18.829   18.829  1   36.124   36.124  1
  196.5  196.5  1   18.759   18.759  1   36.112   36.112  1
  197.7  197.7  1   18.646   18.646  1   36.090   36.090  1
  198.4  198.4  1   18.628   18.628  1   36.086   36.086  1
  199.4  199.4  1   18.616   18.616  1   36.085   36.085  1
  200.6  200.6  1   18.609   18.609  1   36.084   36.084  1
  201.6  201.6  1   18.596   18.596  1   36.081   36.081  1
  202.6  202.6  1   18.580   18.580  1   36.076   36.076  1
  203.5  203.5  1   18.573   18.573  1   36.075   36.075  1
  204.7  204.7  1   18.573   18.573  1   36.074   36.074  1
  205.6  205.6  1   18.560   18.560  1   36.069   36.069  1
  206.5  206.5  1   18.533   18.533  1   36.062   36.062  1
  207.5  207.5  1   18.398   18.398  1   36.048   36.048  1
  208.4  208.4  1   18.360   18.360  1   36.033   36.033  1
  209.6  209.6  1   18.349   18.349  1   36.031   36.031  1
  210.6  210.6  1   18.322   18.322  1   36.026   36.026  1
  211.4  211.4  1   18.303   18.303  1   36.020   36.020  1
  212.6  212.6  1   18.224   18.224  1   36.009   36.009  1
  213.5  213.5  1   18.166   18.166  1   35.999   35.999  1
  214.4  214.4  1   18.106   18.106  1   35.988   35.988  1
  215.7  215.7  1   18.009   18.009  1   35.976   35.976  1
  216.6  216.6  1   17.939   17.939  1   35.964   35.964  1
  217.3  217.3  1   17.912   17.912  1   35.958   35.958  1
  218.5  218.5  1   17.886   17.886  1   35.952   35.952  1
  219.7  219.7  1   17.863   17.863  1   35.948   35.948  1
  220.6  220.6  1   17.840   17.840  1   35.946   35.946  1
  221.5  221.5  1   17.817   17.817  1   35.942   35.942  1
  222.6  222.6  1   17.687   17.687  1   35.923   35.923  1
  223.4  223.4  1   17.625   17.625  1   35.912   35.912  1
  224.4  224.4  1   17.586   17.586  1   35.906   35.906  1
  225.6  225.6  1   17.485   17.485  1   35.887   35.887  1
  226.6  226.6  1   17.465   17.465  1   35.882   35.882  1
  227.5  227.5  1   17.453   17.453  1   35.880   35.880  1
  228.4  228.4  1   17.430   17.430  1   35.877   35.877  1
  229.6  229.6  1   17.390   17.390  1   35.868   35.868  1
  230.4  230.4  1   17.391   17.391  1   35.868   35.868  1
  231.4  231.4  1   17.359   17.359  1   35.863   35.863  1
  232.6  232.6  1   17.352   17.352  1   35.859   35.859  1
  233.6  233.6  1   17.347   17.347  1   35.858   35.858  1
  234.5  234.5  1   17.342   17.342  1   35.857   35.857  1
  235.5  235.5  1   17.333   17.333  1   35.854   35.854  1
  236.7  236.7  1   17.233   17.233  1   35.840   35.840  1
  237.6  237.6  1   17.205   17.205  1   35.833   35.833  1
  238.3  238.3  1   17.186   17.186  1   35.828   35.828  1
  239.5  239.5  1   17.136   17.136  1   35.817   35.817  1
  240.5  240.5  1   16.969   16.969  1   35.795   35.795  1
  241.4  241.4  1   16.912   16.912  1   35.784   35.784  1
  242.4  242.4  1   16.853   16.853  1   35.778   35.778  1
  243.7  243.7  1   16.774   16.774  1   35.763   35.763  1
  244.4  244.4  1   16.748   16.748  1   35.757   35.757  1
  245.3  245.3  1   16.739   16.739  1   35.753   35.753  1
  246.6  246.6  1   16.605   16.605  1   35.734   35.734  1
  247.6  247.6  1   16.531   16.531  1   35.722   35.722  1
  248.5  248.5  1   16.506   16.506  1   35.717   35.717  1
  249.7  249.7  1   16.472   16.472  1   35.712   35.712  1
  254.9  254.9  1   16.340   16.340  1   35.691   35.691  1
  264.9  264.9  1   16.070   16.070  1   35.649   35.649  1
  274.9  274.9  1   15.652   15.652  1   35.587   35.587  1
  285.2  285.2  1   15.279   15.279  1   35.530   35.530  1
  294.6  294.6  1   15.109   15.109  1   35.502   35.502  1
  304.9  304.9  1   14.766   14.766  1   35.452   35.452  1
  315.1  315.1  1   14.554   14.554  1   35.419   35.419  1
  325.1  325.1  1   14.058   14.058  1   35.349   35.349  1
  335.0  335.0  1   13.583   13.583  1   35.284   35.284  1
  345.2  345.2  1   13.356   13.356  1   35.254   35.254  1
  355.3  355.3  1   13.168   13.168  1   35.229   35.229  1
  365.2  365.2  1   13.032   13.032  1   35.210   35.210  1
  375.0  375.0  1   12.890   12.890  1   35.191   35.191  1
  384.8  384.8  1   12.732   12.732  1   35.170   35.170  1
  394.9  394.9  1   12.551   12.551  1   35.146   35.146  1
  404.9  404.9  1   12.327   12.327  1   35.118   35.118  1
  415.1  415.1  1   12.179   12.179  1   35.099   35.099  1
  424.9  424.9  1   11.987   11.987  1   35.073   35.073  1
  435.0  435.0  1   11.559   11.559  1   35.019   35.019  1
  444.9  444.9  1   11.336   11.336  1   34.991   34.991  1
  454.8  454.8  1   11.179   11.179  1   34.970   34.970  1
  464.9  464.9  1   10.891   10.891  1   34.932   34.932  1
  475.0  475.0  1   10.515   10.515  1   34.886   34.886  1
  485.1  485.1  1   10.071   10.071  1   34.835   34.835  1
  495.2  495.2  1    9.781    9.781  1   34.800   34.800  1
  504.9  504.9  1    9.443    9.443  1   34.762   34.762  1
  515.0  515.0  1    9.084    9.084  1   34.723   34.723  1
  525.0  525.0  1    8.782    8.782  1   34.690   34.690  1
  535.2  535.2  1    8.500    8.500  1   34.660   34.660  1
  545.0  545.0  1    8.133    8.133  1   34.622   34.622  1
  554.8  554.8  1    7.967    7.967  1   34.605   34.605  1
  565.0  565.0  1    7.868    7.868  1   34.594   34.594  1
  575.0  575.0  1    7.619    7.619  1   34.570   34.570  1
  585.0  585.0  1    7.433    7.433  1   34.553   34.553  1
  595.2  595.2  1    7.216    7.216  1   34.532   34.532  1
  605.1  605.1  1    6.966    6.966  1   34.511   34.511  1
  615.2  615.2  1    6.765    6.765  1   34.494   34.494  1
  625.2  625.2  1    6.527    6.527  1   34.475   34.475  1
  635.3  635.3  1    6.368    6.368  1   34.462   34.462  1
  645.0  645.0  1    6.188    6.188  1   34.448   34.448  1
  655.4  655.4  1    5.961    5.961  1   34.433   34.433  1
  665.2  665.2  1    5.777    5.777  1   34.421   34.421  1
  674.9  674.9  1    5.639    5.639  1   34.414   34.414  1
  685.1  685.1  1    5.574    5.574  1   34.411   34.411  1
  694.9  694.9  1    5.525    5.525  1   34.408   34.408  1
  704.8  704.8  1    5.470    5.470  1   34.404   34.404  1
  715.1  715.1  1    5.336    5.336  1   34.399   34.399  1
  725.0  725.0  1    5.220    5.220  1   34.395   34.395  1
  735.1  735.1  1    5.132    5.132  1   34.390   34.390  1
  744.9  744.9  1    4.974    4.974  1   34.382   34.382  1
  754.8  754.8  1    4.850    4.850  1   34.380   34.380  1
  764.9  764.9  1    4.731    4.731  1   34.379   34.379  1
  775.1  775.1  1    4.653    4.653  1   34.380   34.380  1
  784.8  784.8  1    4.586    4.586  1   34.381   34.381  1
  794.7  794.7  1    4.542    4.542  1   34.382   34.382  1
  804.7  804.7  1    4.518    4.518  1   34.390   34.390  1
  815.1  815.1  1    4.501    4.501  1   34.403   34.403  1
  825.0  825.0  1    4.393    4.393  1   34.401   34.401  1
  835.0  835.0  1    4.337    4.337  1   34.400   34.400  1
  845.3  845.3  1    4.236    4.236  1   34.403   34.403  1
  855.1  855.1  1    4.143    4.143  1   34.407   34.407  1
  864.9  864.9  1    4.107    4.107  1   34.409   34.409  1
  875.0  875.0  1    4.082    4.082  1   34.411   34.411  1
  885.2  885.2  1    4.041    4.041  1   34.415   34.415  1
  895.1  895.1  1    4.029    4.029  1   34.417   34.417  1
  905.2  905.2  1    4.020    4.020  1   34.420   34.420  1
  915.0  915.0  1    3.979    3.979  1   34.425   34.425  1
  924.8  924.8  1    3.942    3.942  1   34.430   34.430  1
  935.1  935.1  1    3.915    3.915  1   34.434   34.434  1
  945.1  945.1  1    3.851    3.851  1   34.443   34.443  1
  955.0  955.0  1    3.819    3.819  1   34.446   34.446  1
  964.8  964.8  1    3.811    3.811  1   34.448   34.448  1
  974.9  974.9  1    3.796    3.796  1   34.449   34.449  1
  985.0  985.0  1    3.756    3.756  1   34.452   34.452  1
  994.8  994.8  1    3.736    3.736  1   34.457   34.457  1
 1003.3 1003.3  1    3.729    3.729  1   34.464   34.464  1
