*SoftWare Version 3.0  2018/12/27

*HEADER
     PLATFORM NUMBER       :3901985
     CYCLE NUMBER          :226
     DATE CREATION         :20191217072113
     DATE UPDATE           :20191217072125
     PROJECT NAME          :MOCCA-EU
     PI NAME               :Femke de Jong
     INSTRUMENT TYPE       :ARVOR
     FLOAT SERIAL NO       :AI2600-16FR128
     FIRMWARE VERSION      :5900A01
     WMO INSTRUMENT TYPE   :844
     TRANSMISSION SYSTEM   :IRIDIUM
     POSITIONING SYSTEM    :GPS
     SAMPLE DIRECTION      :A(A=Ascend; D=Descend)
     DATA MODE             :R(R=Real Time; D=Delayed Mode; A=Real Time Adjusted)
     JULIAN DAY            :25551.5337 (days since 1950-01-01 00:00:00 UTC)
     DATE                  :2019-12-16
     QC FLAG FOR DATE      :1
*LOCATION
     LATITUDE              :18.073  
     LONGITUDE             :-81.279 
     QC FLAG FOR LOCATION  :1
*FILE
     COLUMN 1              :Pressure (dbar)                             F7.1
     COLUMN 2              :Corrected Pressure (dbar)                   F7.1
     COLUMN 3              :Quality on Pressure                         I3
     COLUMN 4              :Temperature (degree_Celsius)                F9.3
     COLUMN 5              :Corrected Temperature (degree_Celsius)      F9.3
     COLUMN 6              :Quality on Temperature                      I3
     COLUMN 7              :Salinity (PSU)                              F9.3
     COLUMN 8              :Corrected Salinity (PSU)                    F9.3
     COLUMN 9              :Quality on Salinity                         I3
==========================================================================
    2.9    2.9  1   28.594   28.594  1   35.806   35.806  1
    4.0    4.0  1   28.601   28.601  1   35.805   35.805  1
    5.3    5.3  1   28.601   28.601  1   35.805   35.805  1
    6.2    6.2  1   28.602   28.602  1   35.805   35.805  1
    7.2    7.2  1   28.602   28.602  1   35.805   35.805  1
    8.3    8.3  1   28.602   28.602  1   35.804   35.804  1
    9.4    9.4  1   28.602   28.602  1   35.805   35.805  1
   10.5   10.5  1   28.602   28.602  1   35.806   35.806  1
   11.7   11.7  1   28.603   28.603  1   35.805   35.805  1
   12.8   12.8  1   28.603   28.603  1   35.806   35.806  1
   13.9   13.9  1   28.602   28.602  1   35.806   35.806  1
   15.1   15.1  1   28.604   28.604  1   35.805   35.805  1
   16.1   16.1  1   28.604   28.604  1   35.805   35.805  1
   17.1   17.1  1   28.603   28.603  1   35.805   35.805  1
   18.1   18.1  1   28.602   28.602  1   35.805   35.805  1
   19.1   19.1  1   28.602   28.602  1   35.805   35.805  1
   20.2   20.2  1   28.601   28.601  1   35.806   35.806  1
   21.4   21.4  1   28.603   28.603  1   35.807   35.807  1
   22.6   22.6  1   28.604   28.604  1   35.807   35.807  1
   23.9   23.9  1   28.604   28.604  1   35.807   35.807  1
   25.2   25.2  1   28.604   28.604  1   35.808   35.808  1
   26.4   26.4  1   28.603   28.603  1   35.809   35.809  1
   27.6   27.6  1   28.605   28.605  1   35.807   35.807  1
   28.8   28.8  1   28.606   28.606  1   35.807   35.807  1
   30.1   30.1  1   28.606   28.606  1   35.807   35.807  1
   31.4   31.4  1   28.606   28.606  1   35.808   35.808  1
   32.6   32.6  1   28.606   28.606  1   35.808   35.808  1
   33.9   33.9  1   28.608   28.608  1   35.808   35.808  1
   35.1   35.1  1   28.608   28.608  1   35.808   35.808  1
   36.4   36.4  1   28.607   28.607  1   35.808   35.808  1
   37.6   37.6  1   28.609   28.609  1   35.807   35.807  1
   39.0   39.0  1   28.609   28.609  1   35.807   35.807  1
   40.2   40.2  1   28.608   28.608  1   35.808   35.808  1
   41.5   41.5  1   28.610   28.610  1   35.807   35.807  1
   42.8   42.8  1   28.610   28.610  1   35.807   35.807  1
   44.1   44.1  1   28.606   28.606  1   35.808   35.808  1
   45.4   45.4  1   28.606   28.606  1   35.810   35.810  1
   46.7   46.7  1   28.603   28.603  1   35.818   35.818  1
   47.9   47.9  1   28.602   28.602  1   35.823   35.823  1
   49.0   49.0  1   28.601   28.601  1   35.824   35.824  1
   50.2   50.2  1   28.602   28.602  1   35.824   35.824  1
   51.4   51.4  1   28.601   28.601  1   35.825   35.825  1
   52.5   52.5  1   28.601   28.601  1   35.825   35.825  1
   53.7   53.7  1   28.601   28.601  1   35.826   35.826  1
   54.8   54.8  1   28.601   28.601  1   35.825   35.825  1
   55.8   55.8  1   28.602   28.602  1   35.824   35.824  1
   57.7   57.7  1   28.598   28.598  1   35.830   35.830  1
   58.9   58.9  1   28.585   28.585  1   35.848   35.848  1
   60.0   60.0  1   28.581   28.581  1   35.864   35.864  1
   61.0   61.0  1   28.579   28.579  1   35.868   35.868  1
   62.0   62.0  1   28.564   28.564  1   35.906   35.906  1
   62.9   62.9  1   28.511   28.511  1   36.035   36.035  1
   63.8   63.8  1   28.402   28.402  1   36.150   36.150  1
   64.7   64.7  1   28.371   28.371  1   36.167   36.167  1
   65.6   65.6  1   28.364   28.364  1   36.184   36.184  1
   67.1   67.1  1   28.317   28.317  1   36.211   36.211  1
   67.9   67.9  1   28.241   28.241  1   36.235   36.235  1
   69.1   69.1  1   28.175   28.175  1   36.256   36.256  1
   70.0   70.0  1   28.081   28.081  1   36.281   36.281  1
   70.8   70.8  1   28.039   28.039  1   36.291   36.291  1
   72.0   72.0  1   27.961   27.961  1   36.316   36.316  1
   73.0   73.0  1   27.962   27.962  1   36.397   36.397  1
   74.0   74.0  1   27.960   27.960  1   36.425   36.425  1
   75.1   75.1  1   27.921   27.921  1   36.423   36.423  1
   76.1   76.1  1   27.860   27.860  1   36.431   36.431  1
   77.1   77.1  1   27.808   27.808  1   36.441   36.441  1
   77.9   77.9  1   27.758   27.758  1   36.447   36.447  1
   78.6   78.6  1   27.707   27.707  1   36.460   36.460  1
   79.9   79.9  1   27.666   27.666  1   36.474   36.474  1
   81.3   81.3  1   27.626   27.626  1   36.493   36.493  1
   82.2   82.2  1   27.610   27.610  1   36.498   36.498  1
   83.1   83.1  1   27.574   27.574  1   36.505   36.505  1
   84.1   84.1  1   27.534   27.534  1   36.510   36.510  1
   85.0   85.0  1   27.484   27.484  1   36.514   36.514  1
   86.0   86.0  1   27.463   27.463  1   36.516   36.516  1
   86.9   86.9  1   27.417   27.417  1   36.523   36.523  1
   87.8   87.8  1   27.351   27.351  1   36.535   36.535  1
   88.8   88.8  1   27.346   27.346  1   36.536   36.536  1
   89.7   89.7  1   27.334   27.334  1   36.539   36.539  1
   90.7   90.7  1   27.326   27.326  1   36.540   36.540  1
   91.6   91.6  1   27.325   27.325  1   36.540   36.540  1
   92.9   92.9  1   27.310   27.310  1   36.542   36.542  1
   94.3   94.3  1   27.233   27.233  1   36.565   36.565  1
   95.2   95.2  1   27.180   27.180  1   36.555   36.555  1
   96.1   96.1  1   27.110   27.110  1   36.574   36.574  1
   97.0   97.0  1   27.068   27.068  1   36.577   36.577  1
   97.9   97.9  1   27.055   27.055  1   36.578   36.578  1
   98.8   98.8  1   27.044   27.044  1   36.578   36.578  1
   99.7   99.7  1   26.966   26.966  1   36.582   36.582  1
  101.4  101.4  1   26.852   26.852  1   36.597   36.597  1
  103.8  103.8  1   26.747   26.747  1   36.627   36.627  1
  106.0  106.0  1   26.677   26.677  1   36.641   36.641  1
  107.3  107.3  1   26.649   26.649  1   36.645   36.645  1
  109.4  109.4  1   26.541   26.541  1   36.663   36.663  1
  111.5  111.5  1   26.299   26.299  1   36.704   36.704  1
  113.3  113.3  1   26.270   26.270  1   36.708   36.708  1
  115.3  115.3  1   26.149   26.149  1   36.730   36.730  1
  117.4  117.4  1   26.050   26.050  1   36.747   36.747  1
  119.5  119.5  1   26.016   26.016  1   36.753   36.753  1
  121.6  121.6  1   25.981   25.981  1   36.754   36.754  1
  123.2  123.2  1   25.904   25.904  1   36.763   36.763  1
  125.2  125.2  1   25.859   25.859  1   36.764   36.764  1
  127.1  127.1  1   25.727   25.727  1   36.778   36.778  1
  129.4  129.4  1   25.429   25.429  1   36.826   36.826  1
  131.8  131.8  1   25.192   25.192  1   36.854   36.854  1
  133.3  133.3  1   25.099   25.099  1   36.864   36.864  1
  135.4  135.4  1   24.958   24.958  1   36.879   36.879  1
  137.2  137.2  1   24.751   24.751  1   36.894   36.894  1
  139.4  139.4  1   24.569   24.569  1   36.915   36.915  1
  141.5  141.5  1   24.371   24.371  1   36.929   36.929  1
  143.5  143.5  1   24.164   24.164  1   36.938   36.938  1
  145.6  145.6  1   23.948   23.948  1   36.953   36.953  1
  147.3  147.3  1   23.764   23.764  1   36.961   36.961  1
  149.3  149.3  1   23.647   23.647  1   36.963   36.963  1
  151.5  151.5  1   23.504   23.504  1   36.967   36.967  1
  153.2  153.2  1   23.434   23.434  1   36.966   36.966  1
  155.5  155.5  1   23.277   23.277  1   36.974   36.974  1
  157.7  157.7  1   23.122   23.122  1   36.962   36.962  1
  159.5  159.5  1   23.066   23.066  1   36.959   36.959  1
  161.3  161.3  1   22.906   22.906  1   36.963   36.963  1
  163.1  163.1  1   22.711   22.711  1   36.962   36.962  1
  165.6  165.6  1   22.476   22.476  1   36.955   36.955  1
  167.2  167.2  1   22.417   22.417  1   36.952   36.952  1
  169.2  169.2  1   22.311   22.311  1   36.943   36.943  1
  171.3  171.3  1   22.126   22.126  1   36.936   36.936  1
  173.3  173.3  1   21.970   21.970  1   36.926   36.926  1
  175.4  175.4  1   21.867   21.867  1   36.923   36.923  1
  177.5  177.5  1   21.763   21.763  1   36.911   36.911  1
  179.3  179.3  1   21.732   21.732  1   36.909   36.909  1
  181.1  181.1  1   21.689   21.689  1   36.909   36.909  1
  183.4  183.4  1   21.642   21.642  1   36.905   36.905  1
  185.5  185.5  1   21.576   21.576  1   36.901   36.901  1
  187.3  187.3  1   21.505   21.505  1   36.895   36.895  1
  189.1  189.1  1   21.409   21.409  1   36.887   36.887  1
  191.4  191.4  1   21.306   21.306  1   36.876   36.876  1
  193.7  193.7  1   21.199   21.199  1   36.866   36.866  1
  195.6  195.6  1   21.129   21.129  1   36.860   36.860  1
  197.4  197.4  1   21.081   21.081  1   36.852   36.852  1
  199.2  199.2  1   21.037   21.037  1   36.849   36.849  1
  201.5  201.5  1   20.987   20.987  1   36.849   36.849  1
  203.7  203.7  1   20.908   20.908  1   36.843   36.843  1
  205.5  205.5  1   20.853   20.853  1   36.841   36.841  1
  207.4  207.4  1   20.767   20.767  1   36.823   36.823  1
  209.5  209.5  1   20.703   20.703  1   36.818   36.818  1
  211.7  211.7  1   20.657   20.657  1   36.811   36.811  1
  213.4  213.4  1   20.628   20.628  1   36.808   36.808  1
  215.4  215.4  1   20.523   20.523  1   36.800   36.800  1
  217.5  217.5  1   20.358   20.358  1   36.786   36.786  1
  219.5  219.5  1   20.215   20.215  1   36.767   36.767  1
  221.5  221.5  1   20.134   20.134  1   36.757   36.757  1
  223.5  223.5  1   19.998   19.998  1   36.743   36.743  1
  225.7  225.7  1   19.911   19.911  1   36.731   36.731  1
  227.4  227.4  1   19.902   19.902  1   36.728   36.728  1
  229.5  229.5  1   19.846   19.846  1   36.724   36.724  1
  231.7  231.7  1   19.787   19.787  1   36.719   36.719  1
  233.4  233.4  1   19.719   19.719  1   36.711   36.711  1
  235.1  235.1  1   19.708   19.708  1   36.705   36.705  1
  237.3  237.3  1   19.664   19.664  1   36.701   36.701  1
  239.5  239.5  1   19.579   19.579  1   36.688   36.688  1
  241.3  241.3  1   19.457   19.457  1   36.676   36.676  1
  243.1  243.1  1   19.396   19.396  1   36.666   36.666  1
  245.4  245.4  1   19.291   19.291  1   36.653   36.653  1
  247.6  247.6  1   19.164   19.164  1   36.636   36.636  1
  249.3  249.3  1   19.080   19.080  1   36.623   36.623  1
  251.1  251.1  1   18.933   18.933  1   36.612   36.612  1
  253.0  253.0  1   18.747   18.747  1   36.579   36.579  1
  255.0  255.0  1   18.676   18.676  1   36.569   36.569  1
  257.1  257.1  1   18.588   18.588  1   36.557   36.557  1
  259.1  259.1  1   18.540   18.540  1   36.557   36.557  1
  261.1  261.1  1   18.363   18.363  1   36.530   36.530  1
  263.2  263.2  1   18.321   18.321  1   36.519   36.519  1
  265.3  265.3  1   18.318   18.318  1   36.519   36.519  1
  267.4  267.4  1   18.314   18.314  1   36.518   36.518  1
  269.5  269.5  1   18.295   18.295  1   36.514   36.514  1
  271.6  271.6  1   18.287   18.287  1   36.514   36.514  1
  273.7  273.7  1   18.257   18.257  1   36.510   36.510  1
  275.8  275.8  1   18.204   18.204  1   36.503   36.503  1
  277.8  277.8  1   18.097   18.097  1   36.484   36.484  1
  279.8  279.8  1   18.039   18.039  1   36.476   36.476  1
  281.9  281.9  1   17.891   17.891  1   36.461   36.461  1
  283.5  283.5  1   17.823   17.823  1   36.441   36.441  1
  285.0  285.0  1   17.816   17.816  1   36.439   36.439  1
  287.0  287.0  1   17.639   17.639  1   36.422   36.422  1
  289.0  289.0  1   17.434   17.434  1   36.377   36.377  1
  291.0  291.0  1   17.265   17.265  1   36.354   36.354  1
  293.1  293.1  1   17.198   17.198  1   36.338   36.338  1
  295.2  295.2  1   17.175   17.175  1   36.333   36.333  1
  297.3  297.3  1   17.145   17.145  1   36.328   36.328  1
  299.4  299.4  1   17.079   17.079  1   36.320   36.320  1
  301.6  301.6  1   17.038   17.038  1   36.310   36.310  1
  303.7  303.7  1   16.980   16.980  1   36.301   36.301  1
  305.4  305.4  1   16.816   16.816  1   36.276   36.276  1
  307.0  307.0  1   16.742   16.742  1   36.262   36.262  1
  309.1  309.1  1   16.644   16.644  1   36.248   36.248  1
  311.3  311.3  1   16.518   16.518  1   36.224   36.224  1
  313.6  313.6  1   16.483   16.483  1   36.218   36.218  1
  315.8  315.8  1   16.455   16.455  1   36.213   36.213  1
  317.5  317.5  1   16.430   16.430  1   36.209   36.209  1
  319.2  319.2  1   16.400   16.400  1   36.202   36.202  1
  321.4  321.4  1   16.358   16.358  1   36.196   36.196  1
  323.7  323.7  1   16.336   16.336  1   36.196   36.196  1
  325.4  325.4  1   16.265   16.265  1   36.182   36.182  1
  327.1  327.1  1   16.241   16.241  1   36.177   36.177  1
  329.4  329.4  1   16.229   16.229  1   36.175   36.175  1
  331.6  331.6  1   16.218   16.218  1   36.174   36.174  1
  333.4  333.4  1   16.202   16.202  1   36.171   36.171  1
  335.0  335.0  1   16.168   16.168  1   36.166   36.166  1
  337.2  337.2  1   16.158   16.158  1   36.163   36.163  1
  339.4  339.4  1   16.152   16.152  1   36.162   36.162  1
  341.6  341.6  1   16.143   16.143  1   36.160   36.160  1
  343.4  343.4  1   16.126   16.126  1   36.157   36.157  1
  345.0  345.0  1   16.126   16.126  1   36.156   36.156  1
  347.3  347.3  1   16.118   16.118  1   36.155   36.155  1
  349.5  349.5  1   16.115   16.115  1   36.154   36.154  1
  351.7  351.7  1   16.105   16.105  1   36.153   36.153  1
  353.4  353.4  1   16.080   16.080  1   36.145   36.145  1
  355.0  355.0  1   16.071   16.071  1   36.149   36.149  1
  357.1  357.1  1   15.988   15.988  1   36.136   36.136  1
  359.2  359.2  1   15.857   15.857  1   36.104   36.104  1
  362.0  362.0  1   15.783   15.783  1   36.107   36.107  1
  363.6  363.6  1   15.771   15.771  1   36.086   36.086  1
  365.2  365.2  1   15.643   15.643  1   36.075   36.075  1
  367.3  367.3  1   15.568   15.568  1   36.060   36.060  1
  369.3  369.3  1   15.419   15.419  1   36.035   36.035  1
  371.4  371.4  1   15.238   15.238  1   36.006   36.006  1
  373.5  373.5  1   15.163   15.163  1   35.986   35.986  1
  375.2  375.2  1   15.098   15.098  1   35.977   35.977  1
  377.4  377.4  1   14.878   14.878  1   35.942   35.942  1
  379.6  379.6  1   14.758   14.758  1   35.919   35.919  1
  381.3  381.3  1   14.750   14.750  1   35.917   35.917  1
  383.5  383.5  1   14.714   14.714  1   35.911   35.911  1
  385.7  385.7  1   14.630   14.630  1   35.898   35.898  1
  387.4  387.4  1   14.619   14.619  1   35.895   35.895  1
  389.1  389.1  1   14.602   14.602  1   35.891   35.891  1
  391.3  391.3  1   14.549   14.549  1   35.883   35.883  1
  393.5  393.5  1   14.530   14.530  1   35.877   35.877  1
  395.2  395.2  1   14.503   14.503  1   35.875   35.875  1
  397.4  397.4  1   14.426   14.426  1   35.861   35.861  1
  399.6  399.6  1   14.337   14.337  1   35.847   35.847  1
  401.3  401.3  1   14.291   14.291  1   35.839   35.839  1
  403.1  403.1  1   14.275   14.275  1   35.837   35.837  1
  405.3  405.3  1   14.251   14.251  1   35.833   35.833  1
  407.5  407.5  1   14.239   14.239  1   35.832   35.832  1
  409.6  409.6  1   14.199   14.199  1   35.828   35.828  1
  411.7  411.7  1   14.111   14.111  1   35.809   35.809  1
  413.5  413.5  1   14.034   14.034  1   35.799   35.799  1
  415.2  415.2  1   13.998   13.998  1   35.793   35.793  1
  417.5  417.5  1   13.961   13.961  1   35.786   35.786  1
  419.6  419.6  1   13.923   13.923  1   35.777   35.777  1
  421.4  421.4  1   13.870   13.870  1   35.770   35.770  1
  423.2  423.2  1   13.812   13.812  1   35.760   35.760  1
  425.5  425.5  1   13.679   13.679  1   35.738   35.738  1
  427.7  427.7  1   13.603   13.603  1   35.726   35.726  1
  429.4  429.4  1   13.582   13.582  1   35.723   35.723  1
  431.2  431.2  1   13.564   13.564  1   35.719   35.719  1
  433.5  433.5  1   13.518   13.518  1   35.712   35.712  1
  435.8  435.8  1   13.472   13.472  1   35.703   35.703  1
  437.5  437.5  1   13.464   13.464  1   35.701   35.701  1
  439.3  439.3  1   13.440   13.440  1   35.696   35.696  1
  441.1  441.1  1   13.402   13.402  1   35.697   35.697  1
  443.4  443.4  1   13.257   13.257  1   35.667   35.667  1
  445.6  445.6  1   13.207   13.207  1   35.660   35.660  1
  447.5  447.5  1   13.187   13.187  1   35.654   35.654  1
  449.3  449.3  1   13.155   13.155  1   35.650   35.650  1
  451.2  451.2  1   13.097   13.097  1   35.644   35.644  1
  453.1  453.1  1   13.093   13.093  1   35.641   35.641  1
  455.4  455.4  1   13.085   13.085  1   35.640   35.640  1
  457.6  457.6  1   13.063   13.063  1   35.633   35.633  1
  459.4  459.4  1   13.015   13.015  1   35.630   35.630  1
  461.3  461.3  1   12.936   12.936  1   35.615   35.615  1
  463.2  463.2  1   12.855   12.855  1   35.603   35.603  1
  465.1  465.1  1   12.828   12.828  1   35.596   35.596  1
  467.4  467.4  1   12.790   12.790  1   35.593   35.593  1
  469.7  469.7  1   12.750   12.750  1   35.585   35.585  1
  471.7  471.7  1   12.700   12.700  1   35.582   35.582  1
  473.6  473.6  1   12.649   12.649  1   35.575   35.575  1
  475.5  475.5  1   12.603   12.603  1   35.562   35.562  1
  477.5  477.5  1   12.585   12.585  1   35.558   35.558  1
  479.4  479.4  1   12.560   12.560  1   35.554   35.554  1
  481.4  481.4  1   12.503   12.503  1   35.543   35.543  1
  483.3  483.3  1   12.456   12.456  1   35.537   35.537  1
  485.2  485.2  1   12.382   12.382  1   35.528   35.528  1
  487.2  487.2  1   12.290   12.290  1   35.516   35.516  1
  489.1  489.1  1   12.215   12.215  1   35.501   35.501  1
  491.1  491.1  1   12.175   12.175  1   35.493   35.493  1
  493.0  493.0  1   12.122   12.122  1   35.487   35.487  1
  495.4  495.4  1   12.050   12.050  1   35.474   35.474  1
  497.8  497.8  1   12.015   12.015  1   35.468   35.468  1
  499.8  499.8  1   11.972   11.972  1   35.462   35.462  1
  502.7  502.7  1   11.934   11.934  1   35.455   35.455  1
  506.7  506.7  1   11.840   11.840  1   35.442   35.442  1
  510.7  510.7  1   11.812   11.812  1   35.436   35.436  1
  514.6  514.6  1   11.790   11.790  1   35.432   35.432  1
  518.6  518.6  1   11.730   11.730  1   35.424   35.424  1
  522.6  522.6  1   11.688   11.688  1   35.417   35.417  1
  526.5  526.5  1   11.608   11.608  1   35.403   35.403  1
  530.5  530.5  1   11.553   11.553  1   35.397   35.397  1
  534.5  534.5  1   11.501   11.501  1   35.389   35.389  1
  538.6  538.6  1   11.477   11.477  1   35.385   35.385  1
  542.6  542.6  1   11.452   11.452  1   35.381   35.381  1
  546.6  546.6  1   11.432   11.432  1   35.377   35.377  1
  550.6  550.6  1   11.380   11.380  1   35.369   35.369  1
  554.6  554.6  1   11.254   11.254  1   35.352   35.352  1
  558.6  558.6  1   11.220   11.220  1   35.345   35.345  1
  562.7  562.7  1   11.180   11.180  1   35.341   35.341  1
  566.7  566.7  1   11.078   11.078  1   35.325   35.325  1
  570.6  570.6  1   10.977   10.977  1   35.311   35.311  1
  574.6  574.6  1   10.871   10.871  1   35.294   35.294  1
  578.7  578.7  1   10.737   10.737  1   35.278   35.278  1
  582.7  582.7  1   10.596   10.596  1   35.255   35.255  1
  586.4  586.4  1   10.591   10.591  1   35.253   35.253  1
  590.0  590.0  1   10.579   10.579  1   35.252   35.252  1
  594.2  594.2  1   10.494   10.494  1   35.245   35.245  1
  598.4  598.4  1   10.453   10.453  1   35.239   35.239  1
  602.6  602.6  1   10.359   10.359  1   35.229   35.229  1
  606.7  606.7  1   10.246   10.246  1   35.212   35.212  1
  610.4  610.4  1   10.172   10.172  1   35.202   35.202  1
  614.0  614.0  1   10.115   10.115  1   35.192   35.192  1
  618.1  618.1  1   10.063   10.063  1   35.186   35.186  1
  622.3  622.3  1    9.990    9.990  1   35.177   35.177  1
  626.4  626.4  1    9.927    9.927  1   35.167   35.167  1
  630.5  630.5  1    9.860    9.860  1   35.155   35.155  1
  634.6  634.6  1    9.791    9.791  1   35.146   35.146  1
  638.8  638.8  1    9.785    9.785  1   35.144   35.144  1
  642.5  642.5  1    9.749    9.749  1   35.138   35.138  1
  646.0  646.0  1    9.666    9.666  1   35.126   35.126  1
  650.1  650.1  1    9.483    9.483  1   35.105   35.105  1
  654.2  654.2  1    9.383    9.383  1   35.092   35.092  1
  658.3  658.3  1    9.287    9.287  1   35.082   35.082  1
  662.4  662.4  1    9.111    9.111  1   35.063   35.063  1
  666.4  666.4  1    8.940    8.940  1   35.040   35.040  1
  670.5  670.5  1    8.867    8.867  1   35.031   35.031  1
  674.7  674.7  1    8.717    8.717  1   35.012   35.012  1
  678.3  678.3  1    8.647    8.647  1   35.002   35.002  1
  682.0  682.0  1    8.575    8.575  1   34.993   34.993  1
  686.3  686.3  1    8.484    8.484  1   34.982   34.982  1
  690.5  690.5  1    8.447    8.447  1   34.977   34.977  1
  694.7  694.7  1    8.379    8.379  1   34.970   34.970  1
  698.5  698.5  1    8.264    8.264  1   34.957   34.957  1
  702.3  702.3  1    8.206    8.206  1   34.951   34.951  1
  706.7  706.7  1    8.155    8.155  1   34.945   34.945  1
  711.0  711.0  1    8.086    8.086  1   34.938   34.938  1
  714.3  714.3  1    8.056    8.056  1   34.934   34.934  1
  718.1  718.1  1    7.992    7.992  1   34.928   34.928  1
  722.2  722.2  1    7.947    7.947  1   34.922   34.922  1
  726.5  726.5  1    7.871    7.871  1   34.916   34.916  1
  730.4  730.4  1    7.803    7.803  1   34.908   34.908  1
  734.3  734.3  1    7.743    7.743  1   34.904   34.904  1
  738.2  738.2  1    7.660    7.660  1   34.896   34.896  1
  742.2  742.2  1    7.618    7.618  1   34.892   34.892  1
  746.6  746.6  1    7.566    7.566  1   34.888   34.888  1
  750.5  750.5  1    7.523    7.523  1   34.886   34.886  1
  754.5  754.5  1    7.470    7.470  1   34.881   34.881  1
  758.5  758.5  1    7.422    7.422  1   34.878   34.878  1
  762.5  762.5  1    7.340    7.340  1   34.872   34.872  1
  766.5  766.5  1    7.293    7.293  1   34.868   34.868  1
  770.1  770.1  1    7.268    7.268  1   34.869   34.869  1
  774.3  774.3  1    7.208    7.208  1   34.869   34.869  1
  778.4  778.4  1    7.107    7.107  1   34.863   34.863  1
  782.2  782.2  1    7.078    7.078  1   34.863   34.863  1
  786.5  786.5  1    7.058    7.058  1   34.861   34.861  1
  790.8  790.8  1    7.042    7.042  1   34.859   34.859  1
  794.6  794.6  1    6.981    6.981  1   34.856   34.856  1
  798.4  798.4  1    6.877    6.877  1   34.848   34.848  1
  802.3  802.3  1    6.874    6.874  1   34.847   34.847  1
  806.1  806.1  1    6.840    6.840  1   34.846   34.846  1
  810.4  810.4  1    6.768    6.768  1   34.844   34.844  1
  814.7  814.7  1    6.740    6.740  1   34.845   34.845  1
  818.5  818.5  1    6.696    6.696  1   34.844   34.844  1
  822.4  822.4  1    6.624    6.624  1   34.840   34.840  1
  826.3  826.3  1    6.597    6.597  1   34.836   34.836  1
  830.2  830.2  1    6.553    6.553  1   34.837   34.837  1
  834.5  834.5  1    6.528    6.528  1   34.837   34.837  1
  838.7  838.7  1    6.498    6.498  1   34.837   34.837  1
  842.4  842.4  1    6.429    6.429  1   34.841   34.841  1
  846.2  846.2  1    6.404    6.404  1   34.842   34.842  1
  850.5  850.5  1    6.384    6.384  1   34.843   34.843  1
  854.8  854.8  1    6.294    6.294  1   34.853   34.853  1
  858.7  858.7  1    6.222    6.222  1   34.862   34.862  1
  862.7  862.7  1    6.194    6.194  1   34.867   34.867  1
  866.7  866.7  1    6.170    6.170  1   34.872   34.872  1
  870.7  870.7  1    6.124    6.124  1   34.876   34.876  1
  874.6  874.6  1    6.102    6.102  1   34.877   34.877  1
  878.6  878.6  1    6.065    6.065  1   34.878   34.878  1
  882.6  882.6  1    6.040    6.040  1   34.880   34.880  1
  886.6  886.6  1    5.980    5.980  1   34.882   34.882  1
  890.6  890.6  1    5.952    5.952  1   34.883   34.883  1
  894.6  894.6  1    5.939    5.939  1   34.884   34.884  1
  898.6  898.6  1    5.877    5.877  1   34.888   34.888  1
  903.1  903.1  1    5.789    5.789  1   34.891   34.891  1
  906.6  906.6  1    5.765    5.765  1   34.892   34.892  1
  910.6  910.6  1    5.737    5.737  1   34.893   34.893  1
  914.5  914.5  1    5.704    5.704  1   34.895   34.895  1
  918.5  918.5  1    5.668    5.668  1   34.897   34.897  1
  922.6  922.6  1    5.638    5.638  1   34.899   34.899  1
  926.4  926.4  1    5.591    5.591  1   34.903   34.903  1
  930.2  930.2  1    5.555    5.555  1   34.906   34.906  1
  934.5  934.5  1    5.501    5.501  1   34.910   34.910  1
  938.4  938.4  1    5.473    5.473  1   34.913   34.913  1
  942.4  942.4  1    5.453    5.453  1   34.914   34.914  1
  946.2  946.2  1    5.439    5.439  1   34.915   34.915  1
  950.3  950.3  1    5.431    5.431  1   34.916   34.916  1
  954.3  954.3  1    5.422    5.422  1   34.915   34.915  1
  958.3  958.3  1    5.415    5.415  1   34.917   34.917  1
  962.5  962.5  1    5.378    5.378  1   34.918   34.918  1
  966.1  966.1  1    5.349    5.349  1   34.921   34.921  1
  970.3  970.3  1    5.330    5.330  1   34.922   34.922  1
  974.4  974.4  1    5.316    5.316  1   34.923   34.923  1
  978.6  978.6  1    5.295    5.295  1   34.924   34.924  1
  982.7  982.7  1    5.287    5.287  1   34.925   34.925  1
  986.3  986.3  1    5.254    5.254  1   34.927   34.927  1
  990.1  990.1  1    5.230    5.230  1   34.929   34.929  1
  994.4  994.4  1    5.209    5.209  1   34.931   34.931  1
  998.7  998.7  1    5.193    5.193  1   34.932   34.932  1
 1002.6 1002.6  1    5.182    5.182  1   34.933   34.933  1
 1006.5 1006.5  1    5.139    5.139  1   34.935   34.935  1
 1010.5 1010.5  1    5.123    5.123  1   34.936   34.936  1
 1014.5 1014.5  1    5.116    5.116  1   34.936   34.936  1
 1018.5 1018.5  1    5.100    5.100  1   34.938   34.938  1
 1022.5 1022.5  1    5.097    5.097  1   34.937   34.937  1
 1026.5 1026.5  1    5.087    5.087  1   34.938   34.938  1
 1030.6 1030.6  1    5.081    5.081  1   34.939   34.939  1
 1034.8 1034.8  1    5.075    5.075  1   34.939   34.939  1
 1038.4 1038.4  1    5.063    5.063  1   34.939   34.939  1
 1042.1 1042.1  1    5.053    5.053  1   34.940   34.940  1
 1046.4 1046.4  1    5.035    5.035  1   34.942   34.942  1
 1050.7 1050.7  1    5.029    5.029  1   34.941   34.941  1
 1054.4 1054.4  1    5.024    5.024  1   34.942   34.942  1
 1058.7 1058.7  1    5.022    5.022  1   34.942   34.942  1
 1062.2 1062.2  1    5.009    5.009  1   34.942   34.942  1
 1066.1 1066.1  1    4.983    4.983  1   34.944   34.944  1
 1070.2 1070.2  1    4.964    4.964  1   34.945   34.945  1
 1074.2 1074.2  1    4.947    4.947  1   34.946   34.946  1
 1078.3 1078.3  1    4.929    4.929  1   34.946   34.946  1
 1082.3 1082.3  1    4.919    4.919  1   34.947   34.947  1
 1086.5 1086.5  1    4.916    4.916  1   34.948   34.948  1
 1090.6 1090.6  1    4.914    4.914  1   34.948   34.948  1
 1094.4 1094.4  1    4.910    4.910  1   34.948   34.948  1
 1098.2 1098.2  1    4.904    4.904  1   34.948   34.948  1
 1102.4 1102.4  1    4.893    4.893  1   34.948   34.948  1
 1106.3 1106.3  1    4.875    4.875  1   34.949   34.949  1
 1110.1 1110.1  1    4.855    4.855  1   34.951   34.951  1
 1114.4 1114.4  1    4.842    4.842  1   34.951   34.951  1
 1118.3 1118.3  1    4.832    4.832  1   34.951   34.951  1
 1122.2 1122.2  1    4.814    4.814  1   34.952   34.952  1
 1126.6 1126.6  1    4.806    4.806  1   34.953   34.953  1
 1130.6 1130.6  1    4.795    4.795  1   34.954   34.954  1
 1134.5 1134.5  1    4.787    4.787  1   34.954   34.954  1
 1138.5 1138.5  1    4.786    4.786  1   34.954   34.954  1
 1142.5 1142.5  1    4.784    4.784  1   34.954   34.954  1
 1146.5 1146.5  1    4.779    4.779  1   34.954   34.954  1
 1150.4 1150.4  1    4.776    4.776  1   34.954   34.954  1
 1154.3 1154.3  1    4.767    4.767  1   34.955   34.955  1
 1158.1 1158.1  1    4.754    4.754  1   34.956   34.956  1
 1162.5 1162.5  1    4.741    4.741  1   34.957   34.957  1
 1166.4 1166.4  1    4.731    4.731  1   34.958   34.958  1
 1170.3 1170.3  1    4.721    4.721  1   34.959   34.959  1
 1174.2 1174.2  1    4.714    4.714  1   34.959   34.959  1
 1178.2 1178.2  1    4.705    4.705  1   34.960   34.960  1
 1182.6 1182.6  1    4.698    4.698  1   34.960   34.960  1
 1186.6 1186.6  1    4.690    4.690  1   34.960   34.960  1
 1190.2 1190.2  1    4.688    4.688  1   34.961   34.961  1
 1194.3 1194.3  1    4.685    4.685  1   34.961   34.961  1
 1198.3 1198.3  1    4.678    4.678  1   34.961   34.961  1
 1202.5 1202.5  1    4.676    4.676  1   34.961   34.961  1
 1206.6 1206.6  1    4.669    4.669  1   34.962   34.962  1
 1210.4 1210.4  1    4.664    4.664  1   34.962   34.962  1
 1214.1 1214.1  1    4.656    4.656  1   34.962   34.962  1
 1218.3 1218.3  1    4.647    4.647  1   34.962   34.962  1
 1222.6 1222.6  1    4.643    4.643  1   34.962   34.962  1
 1226.4 1226.4  1    4.636    4.636  1   34.963   34.963  1
 1230.2 1230.2  1    4.629    4.629  1   34.963   34.963  1
 1234.1 1234.1  1    4.617    4.617  1   34.964   34.964  1
 1238.4 1238.4  1    4.612    4.612  1   34.964   34.964  1
 1242.7 1242.7  1    4.606    4.606  1   34.964   34.964  1
 1246.6 1246.6  1    4.604    4.604  1   34.964   34.964  1
 1250.5 1250.5  1    4.600    4.600  1   34.964   34.964  1
 1254.3 1254.3  1    4.595    4.595  1   34.964   34.964  1
 1258.2 1258.2  1    4.586    4.586  1   34.965   34.965  1
 1262.1 1262.1  1    4.580    4.580  1   34.965   34.965  1
 1266.1 1266.1  1    4.577    4.577  1   34.965   34.965  1
 1270.1 1270.1  1    4.570    4.570  1   34.966   34.966  1
 1274.1 1274.1  1    4.566    4.566  1   34.966   34.966  1
 1278.1 1278.1  1    4.563    4.563  1   34.967   34.967  1
 1282.2 1282.2  1    4.562    4.562  1   34.966   34.966  1
 1286.3 1286.3  1    4.555    4.555  1   34.967   34.967  1
 1290.3 1290.3  1    4.551    4.551  1   34.967   34.967  1
 1294.4 1294.4  1    4.545    4.545  1   34.968   34.968  1
 1298.4 1298.4  1    4.541    4.541  1   34.968   34.968  1
 1302.5 1302.5  1    4.533    4.533  1   34.970   34.970  1
 1306.7 1306.7  1    4.526    4.526  1   34.970   34.970  1
 1310.8 1310.8  1    4.521    4.521  1   34.970   34.970  1
 1314.5 1314.5  1    4.518    4.518  1   34.970   34.970  1
 1318.5 1318.5  1    4.512    4.512  1   34.970   34.970  1
 1322.8 1322.8  1    4.508    4.508  1   34.970   34.970  1
 1326.4 1326.4  1    4.506    4.506  1   34.971   34.971  1
 1330.1 1330.1  1    4.504    4.504  1   34.971   34.971  1
 1334.3 1334.3  1    4.499    4.499  1   34.971   34.971  1
 1338.5 1338.5  1    4.497    4.497  1   34.971   34.971  1
 1342.6 1342.6  1    4.495    4.495  1   34.971   34.971  1
 1346.5 1346.5  1    4.493    4.493  1   34.972   34.972  1
 1350.4 1350.4  1    4.489    4.489  1   34.971   34.971  1
 1354.7 1354.7  1    4.485    4.485  1   34.972   34.972  1
 1358.6 1358.6  1    4.480    4.480  1   34.972   34.972  1
 1362.4 1362.4  1    4.477    4.477  1   34.972   34.972  1
 1366.3 1366.3  1    4.477    4.477  1   34.972   34.972  1
 1370.2 1370.2  1    4.477    4.477  1   34.972   34.972  1
 1374.5 1374.5  1    4.475    4.475  1   34.972   34.972  1
 1378.4 1378.4  1    4.473    4.473  1   34.972   34.972  1
 1382.3 1382.3  1    4.465    4.465  1   34.972   34.972  1
 1386.3 1386.3  1    4.459    4.459  1   34.973   34.973  1
 1390.2 1390.2  1    4.456    4.456  1   34.974   34.974  1
 1394.6 1394.6  1    4.453    4.453  1   34.974   34.974  1
 1398.6 1398.6  1    4.448    4.448  1   34.974   34.974  1
 1402.6 1402.6  1    4.445    4.445  1   34.975   34.975  1
 1406.6 1406.6  1    4.444    4.444  1   34.976   34.976  1
 1410.6 1410.6  1    4.441    4.441  1   34.976   34.976  1
 1414.6 1414.6  1    4.440    4.440  1   34.976   34.976  1
 1418.2 1418.2  1    4.439    4.439  1   34.976   34.976  1
 1422.3 1422.3  1    4.436    4.436  1   34.977   34.977  1
 1426.4 1426.4  1    4.433    4.433  1   34.977   34.977  1
 1430.5 1430.5  1    4.429    4.429  1   34.977   34.977  1
 1434.6 1434.6  1    4.425    4.425  1   34.978   34.978  1
 1438.2 1438.2  1    4.424    4.424  1   34.978   34.978  1
 1442.3 1442.3  1    4.421    4.421  1   34.978   34.978  1
 1446.5 1446.5  1    4.418    4.418  1   34.978   34.978  1
 1450.3 1450.3  1    4.416    4.416  1   34.978   34.978  1
 1454.5 1454.5  1    4.411    4.411  1   34.979   34.979  1
 1458.7 1458.7  1    4.409    4.409  1   34.979   34.979  1
 1462.5 1462.5  1    4.408    4.408  1   34.979   34.979  1
 1466.3 1466.3  1    4.404    4.404  1   34.979   34.979  1
 1470.1 1470.1  1    4.399    4.399  1   34.980   34.980  1
 1474.3 1474.3  1    4.396    4.396  1   34.980   34.980  1
 1478.6 1478.6  1    4.393    4.393  1   34.980   34.980  1
 1482.5 1482.5  1    4.391    4.391  1   34.980   34.980  1
 1486.3 1486.3  1    4.388    4.388  1   34.981   34.981  1
 1490.3 1490.3  1    4.386    4.386  1   34.981   34.981  1
 1494.2 1494.2  1    4.383    4.383  1   34.982   34.982  1
 1498.2 1498.2  1    4.379    4.379  1   34.982   34.982  1
 1502.2 1502.2  1    4.376    4.376  1   34.982   34.982  1
 1506.2 1506.2  1    4.370    4.370  1   34.982   34.982  1
 1510.2 1510.2  1    4.367    4.367  1   34.981   34.981  1
 1514.2 1514.2  1    4.364    4.364  1   34.981   34.981  1
 1518.2 1518.2  1    4.361    4.361  1   34.982   34.982  1
 1522.2 1522.2  1    4.357    4.357  1   34.982   34.982  1
 1526.7 1526.7  1    4.355    4.355  1   34.982   34.982  1
 1530.6 1530.6  1    4.352    4.352  1   34.982   34.982  1
 1534.7 1534.7  1    4.351    4.351  1   34.982   34.982  1
 1538.7 1538.7  1    4.348    4.348  1   34.983   34.983  1
 1542.4 1542.4  1    4.345    4.345  1   34.983   34.983  1
 1546.1 1546.1  1    4.344    4.344  1   34.983   34.983  1
 1550.3 1550.3  1    4.343    4.343  1   34.983   34.983  1
 1554.5 1554.5  1    4.343    4.343  1   34.984   34.984  1
 1558.7 1558.7  1    4.343    4.343  1   34.984   34.984  1
 1562.4 1562.4  1    4.341    4.341  1   34.984   34.984  1
 1566.3 1566.3  1    4.337    4.337  1   34.984   34.984  1
 1570.6 1570.6  1    4.335    4.335  1   34.984   34.984  1
 1574.6 1574.6  1    4.333    4.333  1   34.985   34.985  1
 1578.5 1578.5  1    4.334    4.334  1   34.985   34.985  1
 1582.5 1582.5  1    4.332    4.332  1   34.984   34.984  1
 1586.5 1586.5  1    4.331    4.331  1   34.984   34.984  1
 1590.5 1590.5  1    4.330    4.330  1   34.985   34.985  1
 1594.6 1594.6  1    4.330    4.330  1   34.985   34.985  1
 1598.7 1598.7  1    4.329    4.329  1   34.985   34.985  1
 1602.4 1602.4  1    4.330    4.330  1   34.986   34.986  1
 1606.1 1606.1  1    4.331    4.331  1   34.986   34.986  1
 1610.3 1610.3  1    4.330    4.330  1   34.987   34.987  1
 1614.5 1614.5  1    4.330    4.330  1   34.988   34.988  1
 1618.3 1618.3  1    4.330    4.330  1   34.987   34.987  1
 1622.1 1622.1  1    4.328    4.328  1   34.987   34.987  1
 1626.4 1626.4  1    4.328    4.328  1   34.987   34.987  1
 1630.8 1630.8  1    4.327    4.327  1   34.987   34.987  1
 1634.7 1634.7  1    4.323    4.323  1   34.987   34.987  1
 1638.6 1638.6  1    4.320    4.320  1   34.988   34.988  1
 1642.6 1642.6  1    4.318    4.318  1   34.988   34.988  1
 1646.6 1646.6  1    4.316    4.316  1   34.988   34.988  1
 1650.6 1650.6  1    4.314    4.314  1   34.987   34.987  1
 1654.6 1654.6  1    4.312    4.312  1   34.987   34.987  1
 1658.6 1658.6  1    4.310    4.310  1   34.988   34.988  1
 1662.6 1662.6  1    4.306    4.306  1   34.988   34.988  1
 1666.7 1666.7  1    4.304    4.304  1   34.988   34.988  1
 1670.8 1670.8  1    4.302    4.302  1   34.988   34.988  1
 1674.5 1674.5  1    4.301    4.301  1   34.988   34.988  1
 1678.1 1678.1  1    4.297    4.297  1   34.988   34.988  1
 1682.2 1682.2  1    4.294    4.294  1   34.988   34.988  1
 1686.3 1686.3  1    4.294    4.294  1   34.988   34.988  1
 1690.5 1690.5  1    4.294    4.294  1   34.988   34.988  1
 1694.7 1694.7  1    4.294    4.294  1   34.988   34.988  1
 1698.8 1698.8  1    4.292    4.292  1   34.988   34.988  1
 1702.5 1702.5  1    4.292    4.292  1   34.988   34.988  1
 1706.7 1706.7  1    4.290    4.290  1   34.988   34.988  1
 1710.4 1710.4  1    4.288    4.288  1   34.989   34.989  1
 1714.5 1714.5  1    4.286    4.286  1   34.989   34.989  1
 1718.6 1718.6  1    4.285    4.285  1   34.989   34.989  1
 1722.4 1722.4  1    4.285    4.285  1   34.989   34.989  1
 1726.1 1726.1  1    4.284    4.284  1   34.989   34.989  1
 1730.3 1730.3  1    4.282    4.282  1   34.989   34.989  1
 1734.6 1734.6  1    4.280    4.280  1   34.989   34.989  1
 1738.4 1738.4  1    4.279    4.279  1   34.989   34.989  1
 1742.3 1742.3  1    4.277    4.277  1   34.989   34.989  1
 1746.6 1746.6  1    4.275    4.275  1   34.989   34.989  1
 1750.5 1750.5  1    4.274    4.274  1   34.989   34.989  1
 1754.5 1754.5  1    4.273    4.273  1   34.990   34.990  1
 1758.5 1758.5  1    4.273    4.273  1   34.990   34.990  1
 1762.5 1762.5  1    4.273    4.273  1   34.990   34.990  1
 1766.4 1766.4  1    4.273    4.273  1   34.990   34.990  1
 1770.4 1770.4  1    4.271    4.271  1   34.990   34.990  1
 1774.4 1774.4  1    4.271    4.271  1   34.990   34.990  1
 1778.4 1778.4  1    4.272    4.272  1   34.990   34.990  1
 1782.5 1782.5  1    4.271    4.271  1   34.990   34.990  1
 1786.4 1786.4  1    4.270    4.270  1   34.990   34.990  1
 1790.5 1790.5  1    4.269    4.269  1   34.990   34.990  1
 1794.7 1794.7  1    4.267    4.267  1   34.990   34.990  1
 1798.4 1798.4  1    4.266    4.266  1   34.991   34.991  1
 1802.5 1802.5  1    4.264    4.264  1   34.991   34.991  1
 1806.4 1806.4  1    4.263    4.263  1   34.991   34.991  1
 1810.3 1810.3  1    4.261    4.261  1   34.991   34.991  1
 1814.6 1814.6  1    4.260    4.260  1   34.991   34.991  1
 1818.5 1818.5  1    4.259    4.259  1   34.991   34.991  1
 1822.2 1822.2  1    4.257    4.257  1   34.991   34.991  1
 1826.4 1826.4  1    4.256    4.256  1   34.991   34.991  1
 1830.6 1830.6  1    4.255    4.255  1   34.992   34.992  1
 1834.4 1834.4  1    4.253    4.253  1   34.992   34.992  1
 1838.2 1838.2  1    4.251    4.251  1   34.992   34.992  1
 1842.1 1842.1  1    4.251    4.251  1   34.991   34.991  1
 1846.0 1846.0  1    4.250    4.250  1   34.992   34.992  1
 1850.4 1850.4  1    4.250    4.250  1   34.992   34.992  1
 1854.8 1854.8  1    4.249    4.249  1   34.992   34.992  1
 1858.8 1858.8  1    4.247    4.247  1   34.992   34.992  1
 1862.8 1862.8  1    4.247    4.247  1   34.992   34.992  1
 1866.8 1866.8  1    4.246    4.246  1   34.992   34.992  1
 1870.8 1870.8  1    4.245    4.245  1   34.992   34.992  1
 1874.9 1874.9  1    4.244    4.244  1   34.992   34.992  1
 1878.4 1878.4  1    4.244    4.244  1   34.992   34.992  1
 1881.9 1881.9  1    4.243    4.243  1   34.992   34.992  1
 1886.0 1886.0  1    4.241    4.241  1   34.992   34.992  1
 1890.1 1890.1  1    4.239    4.239  1   34.992   34.992  1
 1894.8 1894.8  1    4.236    4.236  1   34.993   34.993  1
 1898.5 1898.5  1    4.236    4.236  1   34.992   34.992  1
 1902.6 1902.6  1    4.234    4.234  1   34.992   34.992  1
 1906.7 1906.7  1    4.234    4.234  1   34.993   34.993  1
 1910.4 1910.4  1    4.233    4.233  1   34.993   34.993  1
 1914.1 1914.1  1    4.231    4.231  1   34.993   34.993  1
 1918.3 1918.3  1    4.230    4.230  1   34.993   34.993  1
 1922.5 1922.5  1    4.230    4.230  1   34.993   34.993  1
 1926.4 1926.4  1    4.229    4.229  1   34.993   34.993  1
 1930.2 1930.2  1    4.225    4.225  1   34.993   34.993  1
 1934.5 1934.5  1    4.223    4.223  1   34.993   34.993  1
 1938.4 1938.4  1    4.223    4.223  1   34.993   34.993  1
 1942.4 1942.4  1    4.222    4.222  1   34.993   34.993  1
 1946.4 1946.4  1    4.222    4.222  1   34.993   34.993  1
 1950.5 1950.5  1    4.221    4.221  1   34.993   34.993  1
 1954.5 1954.5  1    4.219    4.219  1   34.993   34.993  1
 1958.6 1958.6  1    4.220    4.220  1   34.993   34.993  1
 1962.6 1962.6  1    4.220    4.220  1   34.993   34.993  1
 1966.3 1966.3  1    4.221    4.221  1   34.993   34.993  1
 1970.4 1970.4  1    4.220    4.220  1   34.993   34.993  1
 1974.6 1974.6  1    4.220    4.220  1   34.993   34.993  1
 1978.4 1978.4  1    4.220    4.220  1   34.993   34.993  1
 1982.5 1982.5  1    4.219    4.219  1   34.993   34.993  1
 1986.4 1986.4  1    4.219    4.219  1   34.993   34.993  1
 1990.4 1990.4  1    4.219    4.219  1   34.993   34.993  1
 1993.6 1993.6  1    4.219    4.219  1   34.993   34.993  1
