*SoftWare Version 3.0  2018/12/27

*HEADER
     PLATFORM NUMBER       :3901838
     CYCLE NUMBER          :121
     DATE CREATION         :20191207122933
     DATE UPDATE           :20191217123018
     PROJECT NAME          :MOCCA-GER
     PI NAME               :Birgit Klein
     INSTRUMENT TYPE       :ARVOR
     FLOAT SERIAL NO       :AI2600-16FR001
     FIRMWARE VERSION      :5900A00
     WMO INSTRUMENT TYPE   :844
     TRANSMISSION SYSTEM   :IRIDIUM
     POSITIONING SYSTEM    :GPS
     SAMPLE DIRECTION      :A(A=Ascend; D=Descend)
     DATA MODE             :A(R=Real Time; D=Delayed Mode; A=Real Time Adjusted)
     JULIAN DAY            :25542.4844 (days since 1950-01-01 00:00:00 UTC)
     DATE                  :2019-12-07
     QC FLAG FOR DATE      :1
*LOCATION
     LATITUDE              :14.963  
     LONGITUDE             :-21.016 
     QC FLAG FOR LOCATION  :8
*FILE
     COLUMN 1              :Pressure (dbar)                             F7.1
     COLUMN 2              :Corrected Pressure (dbar)                   F7.1
     COLUMN 3              :Quality on Pressure                         I3
     COLUMN 4              :Temperature (degree_Celsius)                F9.3
     COLUMN 5              :Corrected Temperature (degree_Celsius)      F9.3
     COLUMN 6              :Quality on Temperature                      I3
     COLUMN 7              :Salinity (PSU)                              F9.3
     COLUMN 8              :Corrected Salinity (PSU)                    F9.3
     COLUMN 9              :Quality on Salinity                         I3
==========================================================================
    2.9    2.9  1   25.390   25.390  1   35.817   35.817  1
    3.9    3.9  1   25.390   25.390  1   35.817   35.817  1
    5.0    5.0  1   25.390   25.390  1   35.818   35.818  1
    6.0    6.0  1   25.393   25.393  1   35.817   35.817  1
    7.1    7.1  1   25.393   25.393  1   35.818   35.818  1
    8.0    8.0  1   25.394   25.394  1   35.817   35.817  1
    9.1    9.1  1   25.393   25.393  1   35.817   35.817  1
    9.9    9.9  1   25.392   25.392  1   35.818   35.818  1
   10.9   10.9  1   25.393   25.393  1   35.817   35.817  1
   12.1   12.1  1   25.392   25.392  1   35.818   35.818  1
   12.9   12.9  1   25.393   25.393  1   35.818   35.818  1
   13.8   13.8  1   25.395   25.395  1   35.817   35.817  1
   15.0   15.0  1   25.394   25.394  1   35.817   35.817  1
   16.2   16.2  1   25.394   25.394  1   35.818   35.818  1
   17.2   17.2  1   25.394   25.394  1   35.818   35.818  1
   18.1   18.1  1   25.393   25.393  1   35.819   35.819  1
   18.9   18.9  1   25.394   25.394  1   35.818   35.818  1
   19.7   19.7  1   25.395   25.395  1   35.818   35.818  1
   20.9   20.9  1   25.395   25.395  1   35.818   35.818  1
   22.2   22.2  1   25.396   25.396  1   35.817   35.817  1
   23.0   23.0  1   25.397   25.397  1   35.817   35.817  1
   24.0   24.0  1   25.397   25.397  1   35.817   35.817  1
   25.0   25.0  1   25.396   25.396  1   35.818   35.818  1
   26.0   26.0  1   25.397   25.397  1   35.818   35.818  1
   27.1   27.1  1   25.398   25.398  1   35.817   35.817  1
   28.2   28.2  1   25.397   25.397  1   35.817   35.817  1
   29.3   29.3  1   25.398   25.398  1   35.817   35.817  1
   30.5   30.5  1   25.398   25.398  1   35.817   35.817  1
   31.7   31.7  1   25.398   25.398  1   35.817   35.817  1
   32.8   32.8  1   25.399   25.399  1   35.817   35.817  1
   33.9   33.9  1   25.399   25.399  1   35.817   35.817  1
   34.9   34.9  1   25.399   25.399  1   35.817   35.817  1
   35.9   35.9  1   25.397   25.397  1   35.818   35.818  1
   36.9   36.9  1   25.398   25.398  1   35.818   35.818  1
   37.6   37.6  1   25.398   25.398  1   35.817   35.817  1
   39.1   39.1  1   25.352   25.352  1   35.819   35.819  1
   39.8   39.8  1   25.122   25.122  1   35.843   35.843  1
   40.7   40.7  1   23.754   23.754  1   35.892   35.892  1
   41.8   41.8  1   22.570   22.570  1   35.963   35.963  1
   42.9   42.9  1   21.116   21.116  1   36.051   36.051  1
   43.7   43.7  1   20.463   20.463  1   36.048   36.048  1
   44.6   44.6  1   20.034   20.034  1   36.010   36.010  1
   45.9   45.9  1   19.714   19.714  1   36.038   36.038  1
   47.3   47.3  1   19.510   19.510  1   36.021   36.021  1
   48.2   48.2  1   19.158   19.158  1   36.007   36.007  1
   49.1   49.1  1   18.882   18.882  1   35.978   35.978  1
   50.0   50.0  1   18.580   18.580  1   35.963   35.963  1
   50.9   50.9  1   18.235   18.235  1   35.890   35.890  1
   51.8   51.8  1   18.015   18.015  1   35.851   35.851  1
   52.9   52.9  1   17.978   17.978  1   35.848   35.848  1
   54.1   54.1  1   17.894   17.894  1   35.864   35.864  1
   54.8   54.8  1   17.687   17.687  1   35.848   35.848  1
   55.9   55.9  1   17.466   17.466  1   35.867   35.867  1
   57.0   57.0  1   17.506   17.506  1   35.918   35.918  1
   57.7   57.7  1   17.534   17.534  1   35.931   35.931  1
   58.9   58.9  1   17.056   17.056  1   35.897   35.897  1
   60.1   60.1  1   16.659   16.659  1   35.830   35.830  1
   61.0   61.0  1   16.572   16.572  1   35.809   35.809  1
   61.9   61.9  1   16.499   16.499  1   35.797   35.797  1
   62.7   62.7  1   16.401   16.401  1   35.781   35.781  1
   63.7   63.7  1   16.372   16.372  1   35.773   35.773  1
   64.6   64.6  1   16.280   16.280  1   35.767   35.767  1
   65.5   65.5  1   16.185   16.185  1   35.752   35.752  1
   66.5   66.5  1   16.093   16.093  1   35.743   35.743  1
   67.9   67.9  1   15.986   15.986  1   35.729   35.729  1
   69.4   69.4  1   15.911   15.911  1   35.721   35.721  1
   70.4   70.4  1   15.780   15.780  1   35.707   35.707  1
   71.4   71.4  1   15.710   15.710  1   35.703   35.703  1
   72.4   72.4  1   15.648   15.648  1   35.696   35.696  1
   73.4   73.4  1   15.621   15.621  1   35.693   35.693  1
   74.4   74.4  1   15.624   15.624  1   35.698   35.698  1
   75.5   75.5  1   15.605   15.605  1   35.702   35.702  1
   76.5   76.5  1   15.574   15.574  1   35.698   35.698  1
   77.6   77.6  1   15.568   15.568  1   35.696   35.696  1
   78.6   78.6  1   15.520   15.520  1   35.691   35.691  1
   79.7   79.7  1   15.497   15.497  1   35.689   35.689  1
   80.7   80.7  1   15.443   15.443  1   35.686   35.686  1
   81.7   81.7  1   15.390   15.390  1   35.680   35.680  1
   82.7   82.7  1   15.378   15.378  1   35.681   35.681  1
   83.8   83.8  1   15.315   15.315  1   35.676   35.676  1
   84.8   84.8  1   15.246   15.246  1   35.671   35.671  1
   85.9   85.9  1   15.225   15.225  1   35.669   35.669  1
   86.9   86.9  1   15.207   15.207  1   35.665   35.665  1
   87.9   87.9  1   15.142   15.142  1   35.660   35.660  1
   88.9   88.9  1   15.110   15.110  1   35.660   35.660  1
   90.0   90.0  1   15.079   15.079  1   35.656   35.656  1
   91.0   91.0  1   15.039   15.039  1   35.645   35.645  1
   92.0   92.0  1   15.014   15.014  1   35.646   35.646  1
   93.0   93.0  1   14.981   14.981  1   35.639   35.639  1
   94.0   94.0  1   14.980   14.980  1   35.637   35.637  1
   95.0   95.0  1   14.943   14.943  1   35.638   35.638  1
   96.0   96.0  1   14.856   14.856  1   35.625   35.625  1
   97.0   97.0  1   14.848   14.848  1   35.622   35.622  1
   98.0   98.0  1   14.828   14.828  1   35.619   35.619  1
   99.0   99.0  1   14.785   14.785  1   35.618   35.618  1
  100.1  100.1  1   14.751   14.751  1   35.611   35.611  1
  101.1  101.1  1   14.722   14.722  1   35.606   35.606  1
  102.1  102.1  1   14.684   14.684  1   35.601   35.601  1
  103.1  103.1  1   14.619   14.619  1   35.593   35.593  1
  104.1  104.1  1   14.575   14.575  1   35.586   35.586  1
  105.1  105.1  1   14.517   14.517  1   35.580   35.580  1
  106.2  106.2  1   14.470   14.470  1   35.571   35.571  1
  107.2  107.2  1   14.442   14.442  1   35.569   35.569  1
  108.2  108.2  1   14.381   14.381  1   35.569   35.569  1
  109.3  109.3  1   14.317   14.317  1   35.552   35.552  1
  110.3  110.3  1   14.303   14.303  1   35.551   35.551  1
  111.4  111.4  1   14.280   14.280  1   35.546   35.546  1
  112.4  112.4  1   14.263   14.263  1   35.542   35.542  1
  113.5  113.5  1   14.241   14.241  1   35.541   35.541  1
  114.5  114.5  1   14.218   14.218  1   35.534   35.534  1
  115.6  115.6  1   14.180   14.180  1   35.531   35.531  1
  116.6  116.6  1   14.131   14.131  1   35.528   35.528  1
  118.9  118.9  1   14.081   14.081  1   35.518   35.518  1
  120.0  120.0  1   14.011   14.011  1   35.517   35.517  1
  120.8  120.8  1   13.977   13.977  1   35.502   35.502  1
  122.0  122.0  1   13.915   13.915  1   35.498   35.498  1
  123.2  123.2  1   13.873   13.873  1   35.487   35.487  1
  124.0  124.0  1   13.865   13.865  1   35.488   35.488  1
  124.8  124.8  1   13.859   13.859  1   35.487   35.487  1
  125.9  125.9  1   13.851   13.851  1   35.486   35.486  1
  127.1  127.1  1   13.838   13.838  1   35.484   35.484  1
  127.9  127.9  1   13.820   13.820  1   35.481   35.481  1
  128.7  128.7  1   13.785   13.785  1   35.478   35.478  1
  129.9  129.9  1   13.751   13.751  1   35.472   35.472  1
  131.2  131.2  1   13.745   13.745  1   35.471   35.471  1
  132.0  132.0  1   13.751   13.751  1   35.471   35.471  1
  132.8  132.8  1   13.733   13.733  1   35.469   35.469  1
  134.0  134.0  1   13.669   13.669  1   35.465   35.465  1
  135.3  135.3  1   13.636   13.636  1   35.455   35.455  1
  136.1  136.1  1   13.589   13.589  1   35.452   35.452  1
  136.9  136.9  1   13.580   13.580  1   35.448   35.448  1
  137.7  137.7  1   13.575   13.575  1   35.444   35.444  1
  139.0  139.0  1   13.524   13.524  1   35.439   35.439  1
  140.3  140.3  1   13.512   13.512  1   35.439   35.439  1
  141.2  141.2  1   13.565   13.565  1   35.458   35.458  1
  142.1  142.1  1   13.568   13.568  1   35.458   35.458  1
  142.9  142.9  1   13.569   13.569  1   35.461   35.461  1
  143.8  143.8  1   13.566   13.566  1   35.459   35.459  1
  144.6  144.6  1   13.565   13.565  1   35.461   35.461  1
  145.9  145.9  1   13.605   13.605  1   35.476   35.476  1
  147.3  147.3  1   13.644   13.644  1   35.488   35.488  1
  148.2  148.2  1   13.649   13.649  1   35.490   35.490  1
  149.1  149.1  1   13.648   13.648  1   35.490   35.490  1
  149.9  149.9  1   13.602   13.602  1   35.486   35.486  1
  150.9  150.9  1   13.583   13.583  1   35.480   35.480  1
  151.7  151.7  1   13.552   13.552  1   35.475   35.475  1
  152.6  152.6  1   13.548   13.548  1   35.473   35.473  1
  153.9  153.9  1   13.448   13.448  1   35.455   35.455  1
  155.3  155.3  1   13.334   13.334  1   35.439   35.439  1
  156.2  156.2  1   13.319   13.319  1   35.432   35.432  1
  157.1  157.1  1   13.297   13.297  1   35.435   35.435  1
  158.0  158.0  1   13.288   13.288  1   35.425   35.425  1
  159.0  159.0  1   13.283   13.283  1   35.424   35.424  1
  159.9  159.9  1   13.270   13.270  1   35.421   35.421  1
  160.8  160.8  1   13.249   13.249  1   35.420   35.420  1
  161.7  161.7  1   13.239   13.239  1   35.417   35.417  1
  162.7  162.7  1   13.227   13.227  1   35.414   35.414  1
  163.6  163.6  1   13.225   13.225  1   35.413   35.413  1
  164.9  164.9  1   13.215   13.215  1   35.413   35.413  1
  166.3  166.3  1   13.186   13.186  1   35.409   35.409  1
  167.2  167.2  1   13.152   13.152  1   35.403   35.403  1
  168.1  168.1  1   13.129   13.129  1   35.398   35.398  1
  169.0  169.0  1   13.122   13.122  1   35.397   35.397  1
  169.9  169.9  1   13.114   13.114  1   35.396   35.396  1
  170.8  170.8  1   13.108   13.108  1   35.395   35.395  1
  171.7  171.7  1   13.102   13.102  1   35.395   35.395  1
  172.9  172.9  1   13.087   13.087  1   35.393   35.393  1
  174.3  174.3  1   13.064   13.064  1   35.391   35.391  1
  175.1  175.1  1   13.035   13.035  1   35.388   35.388  1
  176.0  176.0  1   13.029   13.029  1   35.387   35.387  1
  176.9  176.9  1   13.019   13.019  1   35.386   35.386  1
  177.7  177.7  1   13.008   13.008  1   35.384   35.384  1
  179.0  179.0  1   13.008   13.008  1   35.385   35.385  1
  180.3  180.3  1   13.003   13.003  1   35.386   35.386  1
  181.2  181.2  1   13.002   13.002  1   35.385   35.385  1
  182.0  182.0  1   13.006   13.006  1   35.385   35.385  1
  182.9  182.9  1   12.997   12.997  1   35.386   35.386  1
  183.8  183.8  1   12.976   12.976  1   35.385   35.385  1
  184.6  184.6  1   12.966   12.966  1   35.382   35.382  1
  185.9  185.9  1   12.962   12.962  1   35.382   35.382  1
  187.3  187.3  1   12.965   12.965  1   35.383   35.383  1
  188.1  188.1  1   12.969   12.969  1   35.383   35.383  1
  189.0  189.0  1   12.966   12.966  1   35.385   35.385  1
  189.9  189.9  1   12.953   12.953  1   35.386   35.386  1
  190.8  190.8  1   12.950   12.950  1   35.384   35.384  1
  191.7  191.7  1   12.964   12.964  1   35.393   35.393  1
  192.6  192.6  1   12.973   12.973  1   35.395   35.395  1
  193.9  193.9  1   12.962   12.962  1   35.397   35.397  1
  195.3  195.3  1   12.919   12.919  1   35.394   35.394  1
  196.2  196.2  1   12.902   12.902  1   35.390   35.390  1
  197.2  197.2  1   12.886   12.886  1   35.389   35.389  1
  198.1  198.1  1   12.883   12.883  1   35.390   35.390  1
  199.1  199.1  1   12.886   12.886  1   35.392   35.392  1
  200.0  200.0  1   12.912   12.912  1   35.402   35.402  1
  201.0  201.0  1   12.914   12.914  1   35.403   35.403  1
  201.9  201.9  1   12.912   12.912  1   35.407   35.407  1
  202.9  202.9  1   12.908   12.908  1   35.412   35.412  1
  203.9  203.9  1   12.893   12.893  1   35.411   35.411  1
  204.9  204.9  1   12.896   12.896  1   35.410   35.410  1
  205.9  205.9  1   12.915   12.915  1   35.421   35.421  1
  206.9  206.9  1   12.929   12.929  1   35.427   35.427  1
  207.9  207.9  1   12.954   12.954  1   35.435   35.435  1
  209.0  209.0  1   12.962   12.962  1   35.441   35.441  1
  210.0  210.0  1   12.960   12.960  1   35.438   35.438  1
  211.0  211.0  1   12.918   12.918  1   35.438   35.438  1
  212.1  212.1  1   12.857   12.857  1   35.422   35.422  1
  213.2  213.2  1   12.858   12.858  1   35.424   35.424  1
  214.2  214.2  1   12.862   12.862  1   35.422   35.422  1
  215.3  215.3  1   12.876   12.876  1   35.430   35.430  1
  216.4  216.4  1   12.897   12.897  1   35.434   35.434  1
  217.4  217.4  1   12.876   12.876  1   35.449   35.449  1
  218.5  218.5  1   12.827   12.827  1   35.420   35.420  1
  219.6  219.6  1   12.755   12.755  1   35.417   35.417  1
  220.7  220.7  1   12.726   12.726  1   35.408   35.408  1
  221.8  221.8  1   12.689   12.689  1   35.406   35.406  1
  222.9  222.9  1   12.669   12.669  1   35.401   35.401  1
  224.1  224.1  1   12.651   12.651  1   35.402   35.402  1
  225.2  225.2  1   12.625   12.625  1   35.403   35.403  1
  226.3  226.3  1   12.611   12.611  1   35.396   35.396  1
  227.4  227.4  1   12.604   12.604  1   35.395   35.395  1
  228.5  228.5  1   12.600   12.600  1   35.395   35.395  1
  229.7  229.7  1   12.589   12.589  1   35.396   35.396  1
  230.8  230.8  1   12.585   12.585  1   35.395   35.395  1
  231.9  231.9  1   12.583   12.583  1   35.395   35.395  1
  233.1  233.1  1   12.576   12.576  1   35.395   35.395  1
  234.2  234.2  1   12.542   12.542  1   35.394   35.394  1
  235.4  235.4  1   12.527   12.527  1   35.389   35.389  1
  236.5  236.5  1   12.524   12.524  1   35.388   35.388  1
  237.7  237.7  1   12.513   12.513  1   35.387   35.387  1
  238.8  238.8  1   12.504   12.504  1   35.385   35.385  1
  239.9  239.9  1   12.496   12.496  1   35.385   35.385  1
  241.0  241.0  1   12.485   12.485  1   35.382   35.382  1
  242.2  242.2  1   12.471   12.471  1   35.382   35.382  1
  243.3  243.3  1   12.464   12.464  1   35.383   35.383  1
  244.4  244.4  1   12.442   12.442  1   35.381   35.381  1
  245.5  245.5  1   12.436   12.436  1   35.378   35.378  1
  246.6  246.6  1   12.416   12.416  1   35.380   35.380  1
  247.7  247.7  1   12.395   12.395  1   35.376   35.376  1
  248.9  248.9  1   12.390   12.390  1   35.375   35.375  1
  250.0  250.0  1   12.353   12.353  1   35.373   35.373  1
  251.6  251.6  1   12.335   12.335  1   35.370   35.370  1
  253.8  253.8  1   12.328   12.328  1   35.368   35.368  1
  255.6  255.6  1   12.312   12.312  1   35.367   35.367  1
  257.2  257.2  1   12.302   12.302  1   35.366   35.366  1
  259.5  259.5  1   12.298   12.298  1   35.367   35.367  1
  261.8  261.8  1   12.276   12.276  1   35.366   35.366  1
  263.5  263.5  1   12.273   12.273  1   35.369   35.369  1
  265.1  265.1  1   12.269   12.269  1   35.367   35.367  1
  267.4  267.4  1   12.254   12.254  1   35.364   35.364  1
  269.7  269.7  1   12.234   12.234  1   35.362   35.362  1
  271.5  271.5  1   12.227   12.227  1   35.362   35.362  1
  273.2  273.2  1   12.216   12.216  1   35.359   35.359  1
  275.6  275.6  1   12.183   12.183  1   35.356   35.356  1
  277.3  277.3  1   12.153   12.153  1   35.353   35.353  1
  279.1  279.1  1   12.131   12.131  1   35.349   35.349  1
  281.5  281.5  1   12.085   12.085  1   35.347   35.347  1
  283.3  283.3  1   12.065   12.065  1   35.344   35.344  1
  285.1  285.1  1   12.069   12.069  1   35.345   35.345  1
  287.5  287.5  1   12.046   12.046  1   35.346   35.346  1
  289.3  289.3  1   12.024   12.024  1   35.345   35.345  1
  291.1  291.1  1   12.007   12.007  1   35.341   35.341  1
  293.4  293.4  1   11.998   11.998  1   35.341   35.341  1
  295.8  295.8  1   11.981   11.981  1   35.339   35.339  1
  297.5  297.5  1   11.947   11.947  1   35.341   35.341  1
  299.2  299.2  1   11.893   11.893  1   35.330   35.330  1
  301.5  301.5  1   11.864   11.864  1   35.328   35.328  1
  303.3  303.3  1   11.863   11.863  1   35.330   35.330  1
  305.0  305.0  1   11.875   11.875  1   35.335   35.335  1
  307.3  307.3  1   11.895   11.895  1   35.342   35.342  1
  309.5  309.5  1   11.878   11.878  1   35.345   35.345  1
  311.8  311.8  1   11.867   11.867  1   35.343   35.343  1
  313.5  313.5  1   11.872   11.872  1   35.345   35.345  1
  315.0  315.0  1   11.872   11.872  1   35.349   35.349  1
  317.2  317.2  1   11.874   11.874  1   35.352   35.352  1
  319.3  319.3  1   11.859   11.859  1   35.351   35.351  1
  321.4  321.4  1   11.828   11.828  1   35.351   35.351  1
  323.4  323.4  1   11.791   11.791  1   35.348   35.348  1
  325.5  325.5  1   11.744   11.744  1   35.341   35.341  1
  327.4  327.4  1   11.694   11.694  1   35.336   35.336  1
  329.3  329.3  1   11.652   11.652  1   35.327   35.327  1
  331.3  331.3  1   11.647   11.647  1   35.327   35.327  1
  333.2  333.2  1   11.636   11.636  1   35.327   35.327  1
  335.0  335.0  1   11.640   11.640  1   35.330   35.330  1
  337.4  337.4  1   11.628   11.628  1   35.330   35.330  1
  339.7  339.7  1   11.622   11.622  1   35.331   35.331  1
  341.5  341.5  1   11.626   11.626  1   35.331   35.331  1
  343.3  343.3  1   11.613   11.613  1   35.329   35.329  1
  345.2  345.2  1   11.590   11.590  1   35.326   35.326  1
  347.5  347.5  1   11.495   11.495  1   35.316   35.316  1
  349.8  349.8  1   11.495   11.495  1   35.315   35.315  1
  351.6  351.6  1   11.473   11.473  1   35.315   35.315  1
  353.4  353.4  1   11.423   11.423  1   35.305   35.305  1
  355.3  355.3  1   11.420   11.420  1   35.308   35.308  1
  357.2  357.2  1   11.390   11.390  1   35.307   35.307  1
  359.1  359.1  1   11.379   11.379  1   35.305   35.305  1
  361.4  361.4  1   11.352   11.352  1   35.302   35.302  1
  363.8  363.8  1   11.333   11.333  1   35.300   35.300  1
  365.7  365.7  1   11.311   11.311  1   35.297   35.297  1
  367.6  367.6  1   11.288   11.288  1   35.295   35.295  1
  369.6  369.6  1   11.264   11.264  1   35.292   35.292  1
  371.5  371.5  1   11.228   11.228  1   35.289   35.289  1
  373.5  373.5  1   11.210   11.210  1   35.286   35.286  1
  375.5  375.5  1   11.190   11.190  1   35.285   35.285  1
  377.5  377.5  1   11.155   11.155  1   35.281   35.281  1
  379.8  379.8  1   11.142   11.142  1   35.280   35.280  1
  381.3  381.3  1   11.118   11.118  1   35.277   35.277  1
  383.5  383.5  1   11.099   11.099  1   35.275   35.275  1
  385.5  385.5  1   11.083   11.083  1   35.273   35.273  1
  387.5  387.5  1   11.070   11.070  1   35.272   35.272  1
  389.4  389.4  1   11.048   11.048  1   35.269   35.269  1
  391.5  391.5  1   11.027   11.027  1   35.267   35.267  1
  393.5  393.5  1   11.017   11.017  1   35.267   35.267  1
  395.6  395.6  1   11.012   11.012  1   35.269   35.269  1
  397.7  397.7  1   10.987   10.987  1   35.267   35.267  1
  399.4  399.4  1   10.947   10.947  1   35.261   35.261  1
  401.2  401.2  1   10.899   10.899  1   35.257   35.257  1
  403.4  403.4  1   10.879   10.879  1   35.255   35.255  1
  405.5  405.5  1   10.861   10.861  1   35.252   35.252  1
  407.3  407.3  1   10.836   10.836  1   35.251   35.251  1
  409.2  409.2  1   10.821   10.821  1   35.249   35.249  1
  411.4  411.4  1   10.806   10.806  1   35.246   35.246  1
  413.7  413.7  1   10.789   10.789  1   35.244   35.244  1
  415.5  415.5  1   10.770   10.770  1   35.242   35.242  1
  417.4  417.4  1   10.754   10.754  1   35.238   35.238  1
  419.3  419.3  1   10.714   10.714  1   35.234   35.234  1
  421.1  421.1  1   10.688   10.688  1   35.232   35.232  1
  423.4  423.4  1   10.666   10.666  1   35.229   35.229  1
  425.8  425.8  1   10.645   10.645  1   35.227   35.227  1
  427.6  427.6  1   10.630   10.630  1   35.224   35.224  1
  429.5  429.5  1   10.617   10.617  1   35.223   35.223  1
  431.4  431.4  1   10.614   10.614  1   35.225   35.225  1
  433.3  433.3  1   10.593   10.593  1   35.226   35.226  1
  435.1  435.1  1   10.582   10.582  1   35.224   35.224  1
  437.4  437.4  1   10.604   10.604  1   35.234   35.234  1
  439.7  439.7  1   10.613   10.613  1   35.237   35.237  1
  441.5  441.5  1   10.592   10.592  1   35.234   35.234  1
  443.3  443.3  1   10.592   10.592  1   35.234   35.234  1
  445.1  445.1  1   10.592   10.592  1   35.235   35.235  1
  447.3  447.3  1   10.555   10.555  1   35.229   35.229  1
  449.7  449.7  1   10.515   10.515  1   35.229   35.229  1
  451.4  451.4  1   10.517   10.517  1   35.227   35.227  1
  453.2  453.2  1   10.530   10.530  1   35.230   35.230  1
  455.3  455.3  1   10.498   10.498  1   35.226   35.226  1
  457.5  457.5  1   10.462   10.462  1   35.218   35.218  1
  459.5  459.5  1   10.444   10.444  1   35.217   35.217  1
  461.7  461.7  1   10.434   10.434  1   35.217   35.217  1
  463.3  463.3  1   10.423   10.423  1   35.217   35.217  1
  465.4  465.4  1   10.401   10.401  1   35.215   35.215  1
  467.7  467.7  1   10.385   10.385  1   35.213   35.213  1
  469.5  469.5  1   10.352   10.352  1   35.211   35.211  1
  471.1  471.1  1   10.342   10.342  1   35.208   35.208  1
  473.4  473.4  1   10.288   10.288  1   35.199   35.199  1
  475.7  475.7  1   10.288   10.288  1   35.202   35.202  1
  477.4  477.4  1   10.274   10.274  1   35.199   35.199  1
  479.5  479.5  1   10.256   10.256  1   35.199   35.199  1
  481.7  481.7  1   10.203   10.203  1   35.194   35.194  1
  483.5  483.5  1   10.164   10.164  1   35.187   35.187  1
  485.3  485.3  1   10.153   10.153  1   35.186   35.186  1
  487.5  487.5  1   10.145   10.145  1   35.185   35.185  1
  489.7  489.7  1   10.132   10.132  1   35.183   35.183  1
  491.5  491.5  1   10.122   10.122  1   35.184   35.184  1
  493.3  493.3  1   10.140   10.140  1   35.193   35.193  1
  495.1  495.1  1   10.147   10.147  1   35.198   35.198  1
  497.4  497.4  1   10.134   10.134  1   35.199   35.199  1
  499.6  499.6  1   10.091   10.091  1   35.195   35.195  1
  501.4  501.4  1   10.050   10.050  1   35.188   35.188  1
  503.3  503.3  1   10.025   10.025  1   35.185   35.185  1
  505.1  505.1  1   10.008   10.008  1   35.183   35.183  1
  507.4  507.4  1    9.953    9.953  1   35.175   35.175  1
  509.6  509.6  1    9.921    9.921  1   35.173   35.173  1
  511.5  511.5  1    9.928    9.928  1   35.176   35.176  1
  513.4  513.4  1    9.889    9.889  1   35.172   35.172  1
  515.2  515.2  1    9.831    9.831  1   35.165   35.165  1
  517.1  517.1  1    9.821    9.821  1   35.164   35.164  1
  519.4  519.4  1    9.810    9.810  1   35.162   35.162  1
  521.7  521.7  1    9.768    9.768  1   35.160   35.160  1
  523.6  523.6  1    9.744    9.744  1   35.156   35.156  1
  525.5  525.5  1    9.739    9.739  1   35.154   35.154  1
  527.4  527.4  1    9.736    9.736  1   35.154   35.154  1
  529.3  529.3  1    9.699    9.699  1   35.151   35.151  1
  531.2  531.2  1    9.688    9.688  1   35.152   35.152  1
  533.1  533.1  1    9.676    9.676  1   35.151   35.151  1
  535.4  535.4  1    9.676    9.676  1   35.153   35.153  1
  537.9  537.9  1    9.641    9.641  1   35.151   35.151  1
  539.9  539.9  1    9.624    9.624  1   35.150   35.150  1
  541.8  541.8  1    9.611    9.611  1   35.148   35.148  1
  543.7  543.7  1    9.593    9.593  1   35.147   35.147  1
  545.7  545.7  1    9.574    9.574  1   35.144   35.144  1
  547.7  547.7  1    9.548    9.548  1   35.141   35.141  1
  549.7  549.7  1    9.526    9.526  1   35.139   35.139  1
  551.7  551.7  1    9.511    9.511  1   35.137   35.137  1
  553.7  553.7  1    9.475    9.475  1   35.135   35.135  1
  555.7  555.7  1    9.450    9.450  1   35.132   35.132  1
  557.7  557.7  1    9.434    9.434  1   35.128   35.128  1
  559.8  559.8  1    9.417    9.417  1   35.126   35.126  1
  561.8  561.8  1    9.409    9.409  1   35.125   35.125  1
  563.4  563.4  1    9.406    9.406  1   35.125   35.125  1
  565.0  565.0  1    9.388    9.388  1   35.123   35.123  1
  567.1  567.1  1    9.367    9.367  1   35.120   35.120  1
  569.2  569.2  1    9.352    9.352  1   35.119   35.119  1
  571.4  571.4  1    9.318    9.318  1   35.117   35.117  1
  573.5  573.5  1    9.311    9.311  1   35.116   35.116  1
  575.7  575.7  1    9.297    9.297  1   35.115   35.115  1
  577.4  577.4  1    9.283    9.283  1   35.114   35.114  1
  579.0  579.0  1    9.274    9.274  1   35.113   35.113  1
  581.2  581.2  1    9.227    9.227  1   35.107   35.107  1
  583.5  583.5  1    9.221    9.221  1   35.109   35.109  1
  585.8  585.8  1    9.223    9.223  1   35.111   35.111  1
  587.5  587.5  1    9.169    9.169  1   35.104   35.104  1
  589.2  589.2  1    9.128    9.128  1   35.100   35.100  1
  591.5  591.5  1    9.099    9.099  1   35.096   35.096  1
  593.8  593.8  1    9.080    9.080  1   35.095   35.095  1
  595.5  595.5  1    9.055    9.055  1   35.091   35.091  1
  597.3  597.3  1    9.053    9.053  1   35.091   35.091  1
  599.6  599.6  1    9.049    9.049  1   35.092   35.092  1
  601.3  601.3  1    9.046    9.046  1   35.091   35.091  1
  603.1  603.1  1    9.060    9.060  1   35.097   35.097  1
  605.5  605.5  1    9.068    9.068  1   35.098   35.098  1
  607.3  607.3  1    9.038    9.038  1   35.095   35.095  1
  609.1  609.1  1    8.993    8.993  1   35.092   35.092  1
  611.5  611.5  1    8.976    8.976  1   35.089   35.089  1
  613.3  613.3  1    8.953    8.953  1   35.086   35.086  1
  615.2  615.2  1    8.941    8.941  1   35.081   35.081  1
  617.6  617.6  1    8.882    8.882  1   35.075   35.075  1
  619.4  619.4  1    8.892    8.892  1   35.077   35.077  1
  621.2  621.2  1    8.875    8.875  1   35.078   35.078  1
  623.7  623.7  1    8.787    8.787  1   35.063   35.063  1
  625.5  625.5  1    8.757    8.757  1   35.059   35.059  1
  627.4  627.4  1    8.744    8.744  1   35.056   35.056  1
  629.3  629.3  1    8.726    8.726  1   35.055   35.055  1
  631.1  631.1  1    8.705    8.705  1   35.053   35.053  1
  633.6  633.6  1    8.685    8.685  1   35.050   35.050  1
  635.5  635.5  1    8.667    8.667  1   35.051   35.051  1
  637.4  637.4  1    8.642    8.642  1   35.049   35.049  1
  639.3  639.3  1    8.624    8.624  1   35.047   35.047  1
  641.2  641.2  1    8.616    8.616  1   35.046   35.046  1
  643.7  643.7  1    8.603    8.603  1   35.044   35.044  1
  645.7  645.7  1    8.595    8.595  1   35.043   35.043  1
  647.6  647.6  1    8.561    8.561  1   35.041   35.041  1
  649.6  649.6  1    8.540    8.540  1   35.039   35.039  1
  651.5  651.5  1    8.521    8.521  1   35.038   35.038  1
  653.5  653.5  1    8.514    8.514  1   35.037   35.037  1
  655.4  655.4  1    8.506    8.506  1   35.037   35.037  1
  657.5  657.5  1    8.499    8.499  1   35.036   35.036  1
  659.4  659.4  1    8.494    8.494  1   35.037   35.037  1
  661.4  661.4  1    8.476    8.476  1   35.038   35.038  1
  663.3  663.3  1    8.467    8.467  1   35.035   35.035  1
  665.4  665.4  1    8.453    8.453  1   35.034   35.034  1
  667.3  667.3  1    8.445    8.445  1   35.034   35.034  1
  669.4  669.4  1    8.425    8.425  1   35.032   35.032  1
  671.4  671.4  1    8.410    8.410  1   35.032   35.032  1
  673.4  673.4  1    8.397    8.397  1   35.029   35.029  1
  675.3  675.3  1    8.384    8.384  1   35.027   35.027  1
  677.3  677.3  1    8.368    8.368  1   35.027   35.027  1
  679.3  679.3  1    8.354    8.354  1   35.024   35.024  1
  681.4  681.4  1    8.364    8.364  1   35.027   35.027  1
  683.4  683.4  1    8.332    8.332  1   35.027   35.027  1
  685.5  685.5  1    8.316    8.316  1   35.027   35.027  1
  687.5  687.5  1    8.297    8.297  1   35.026   35.026  1
  689.5  689.5  1    8.273    8.273  1   35.022   35.022  1
  691.5  691.5  1    8.256    8.256  1   35.020   35.020  1
  693.5  693.5  1    8.241    8.241  1   35.020   35.020  1
  695.5  695.5  1    8.228    8.228  1   35.018   35.018  1
  697.5  697.5  1    8.217    8.217  1   35.017   35.017  1
  699.5  699.5  1    8.212    8.212  1   35.016   35.016  1
  701.5  701.5  1    8.205    8.205  1   35.015   35.015  1
  703.5  703.5  1    8.187    8.187  1   35.015   35.015  1
  705.5  705.5  1    8.179    8.179  1   35.012   35.012  1
  707.4  707.4  1    8.160    8.160  1   35.011   35.011  1
  709.4  709.4  1    8.137    8.137  1   35.008   35.008  1
  711.3  711.3  1    8.122    8.122  1   35.005   35.005  1
  713.3  713.3  1    8.109    8.109  1   35.006   35.006  1
  715.2  715.2  1    8.095    8.095  1   35.003   35.003  1
  717.7  717.7  1    8.080    8.080  1   35.001   35.001  1
  719.7  719.7  1    8.058    8.058  1   35.000   35.000  1
  721.5  721.5  1    8.044    8.044  1   34.998   34.998  1
  723.4  723.4  1    8.025    8.025  1   34.996   34.996  1
  725.3  725.3  1    8.016    8.016  1   34.995   34.995  1
  727.8  727.8  1    8.014    8.014  1   34.994   34.994  1
  729.7  729.7  1    8.011    8.011  1   34.994   34.994  1
  731.4  731.4  1    7.994    7.994  1   34.993   34.993  1
  733.3  733.3  1    7.984    7.984  1   34.992   34.992  1
  735.0  735.0  1    7.970    7.970  1   34.992   34.992  1
  737.4  737.4  1    7.944    7.944  1   34.990   34.990  1
  739.8  739.8  1    7.931    7.931  1   34.988   34.988  1
  741.5  741.5  1    7.905    7.905  1   34.989   34.989  1
  743.3  743.3  1    7.893    7.893  1   34.989   34.989  1
  745.5  745.5  1    7.860    7.860  1   34.985   34.985  1
  747.8  747.8  1    7.849    7.849  1   34.983   34.983  1
  749.6  749.6  1    7.834    7.834  1   34.983   34.983  1
  751.2  751.2  1    7.823    7.823  1   34.982   34.982  1
  753.5  753.5  1    7.806    7.806  1   34.980   34.980  1
  755.7  755.7  1    7.790    7.790  1   34.981   34.981  1
  757.9  757.9  1    7.777    7.777  1   34.980   34.980  1
  759.5  759.5  1    7.759    7.759  1   34.980   34.980  1
  761.1  761.1  1    7.725    7.725  1   34.973   34.973  1
  763.3  763.3  1    7.701    7.701  1   34.972   34.972  1
  765.5  765.5  1    7.694    7.694  1   34.972   34.972  1
  767.5  767.5  1    7.666    7.666  1   34.975   34.975  1
  769.7  769.7  1    7.640    7.640  1   34.971   34.971  1
  771.7  771.7  1    7.612    7.612  1   34.969   34.969  1
  773.8  773.8  1    7.594    7.594  1   34.969   34.969  1
  775.9  775.9  1    7.572    7.572  1   34.966   34.966  1
  777.4  777.4  1    7.555    7.555  1   34.966   34.966  1
  779.0  779.0  1    7.546    7.546  1   34.964   34.964  1
  781.0  781.0  1    7.544    7.544  1   34.963   34.963  1
  783.1  783.1  1    7.509    7.509  1   34.961   34.961  1
  785.1  785.1  1    7.480    7.480  1   34.959   34.959  1
  787.2  787.2  1    7.479    7.479  1   34.957   34.957  1
  789.2  789.2  1    7.468    7.468  1   34.956   34.956  1
  791.2  791.2  1    7.446    7.446  1   34.954   34.954  1
  793.3  793.3  1    7.406    7.406  1   34.951   34.951  1
  795.3  795.3  1    7.380    7.380  1   34.948   34.948  1
  797.3  797.3  1    7.344    7.344  1   34.945   34.945  1
  799.4  799.4  1    7.326    7.326  1   34.943   34.943  1
  801.4  801.4  1    7.325    7.325  1   34.944   34.944  1
  803.5  803.5  1    7.318    7.318  1   34.945   34.945  1
  805.9  805.9  1    7.280    7.280  1   34.942   34.942  1
  807.5  807.5  1    7.254    7.254  1   34.940   34.940  1
  809.4  809.4  1    7.229    7.229  1   34.938   34.938  1
  811.4  811.4  1    7.205    7.205  1   34.936   34.936  1
  813.3  813.3  1    7.185    7.185  1   34.935   34.935  1
  815.2  815.2  1    7.167    7.167  1   34.932   34.932  1
  817.6  817.6  1    7.141    7.141  1   34.931   34.931  1
  819.6  819.6  1    7.120    7.120  1   34.929   34.929  1
  821.6  821.6  1    7.109    7.109  1   34.929   34.929  1
  823.6  823.6  1    7.096    7.096  1   34.928   34.928  1
  825.6  825.6  1    7.090    7.090  1   34.929   34.929  1
  827.6  827.6  1    7.077    7.077  1   34.928   34.928  1
  829.2  829.2  1    7.066    7.066  1   34.927   34.927  1
  831.3  831.3  1    7.053    7.053  1   34.928   34.928  1
  833.3  833.3  1    7.047    7.047  1   34.929   34.929  1
  835.4  835.4  1    7.038    7.038  1   34.929   34.929  1
  837.5  837.5  1    7.017    7.017  1   34.928   34.928  1
  839.5  839.5  1    6.994    6.994  1   34.925   34.925  1
  841.7  841.7  1    6.968    6.968  1   34.924   34.924  1
  843.4  843.4  1    6.939    6.939  1   34.923   34.923  1
  845.5  845.5  1    6.891    6.891  1   34.916   34.916  1
  847.7  847.7  1    6.881    6.881  1   34.914   34.914  1
  849.4  849.4  1    6.869    6.869  1   34.912   34.912  1
  851.1  851.1  1    6.844    6.844  1   34.912   34.912  1
  853.4  853.4  1    6.815    6.815  1   34.910   34.910  1
  855.6  855.6  1    6.792    6.792  1   34.910   34.910  1
  857.5  857.5  1    6.784    6.784  1   34.909   34.909  1
  859.4  859.4  1    6.772    6.772  1   34.909   34.909  1
  861.3  861.3  1    6.769    6.769  1   34.911   34.911  1
  863.2  863.2  1    6.766    6.766  1   34.914   34.914  1
  865.1  865.1  1    6.767    6.767  1   34.914   34.914  1
  867.1  867.1  1    6.757    6.757  1   34.913   34.913  1
  869.1  869.1  1    6.758    6.758  1   34.916   34.916  1
  871.1  871.1  1    6.741    6.741  1   34.915   34.915  1
  873.2  873.2  1    6.753    6.753  1   34.920   34.920  1
  875.2  875.2  1    6.744    6.744  1   34.920   34.920  1
  876.7  876.7  1    6.725    6.725  1   34.920   34.920  1
  879.4  879.4  1    6.684    6.684  1   34.915   34.915  1
  881.3  881.3  1    6.679    6.679  1   34.915   34.915  1
  883.3  883.3  1    6.689    6.689  1   34.921   34.921  1
  885.4  885.4  1    6.684    6.684  1   34.922   34.922  1
  887.4  887.4  1    6.687    6.687  1   34.926   34.926  1
  889.5  889.5  1    6.685    6.685  1   34.926   34.926  1
  891.2  891.2  1    6.670    6.670  1   34.927   34.927  1
  893.3  893.3  1    6.656    6.656  1   34.922   34.922  1
  895.4  895.4  1    6.625    6.625  1   34.923   34.923  1
  897.1  897.1  1    6.596    6.596  1   34.917   34.917  1
  899.4  899.4  1    6.574    6.574  1   34.915   34.915  1
  901.6  901.6  1    6.565    6.565  1   34.914   34.914  1
  903.4  903.4  1    6.559    6.559  1   34.914   34.914  1
  905.2  905.2  1    6.553    6.553  1   34.914   34.914  1
  907.1  907.1  1    6.547    6.547  1   34.913   34.913  1
  909.4  909.4  1    6.531    6.531  1   34.912   34.912  1
  911.8  911.8  1    6.524    6.524  1   34.912   34.912  1
  913.8  913.8  1    6.522    6.522  1   34.914   34.914  1
  915.7  915.7  1    6.525    6.525  1   34.916   34.916  1
  917.7  917.7  1    6.523    6.523  1   34.916   34.916  1
  919.7  919.7  1    6.545    6.545  1   34.921   34.921  1
  921.6  921.6  1    6.548    6.548  1   34.923   34.923  1
  923.6  923.6  1    6.546    6.546  1   34.923   34.923  1
  925.6  925.6  1    6.544    6.544  1   34.922   34.922  1
  927.7  927.7  1    6.545    6.545  1   34.923   34.923  1
  929.7  929.7  1    6.535    6.535  1   34.924   34.924  1
  931.7  931.7  1    6.528    6.528  1   34.925   34.925  1
  933.8  933.8  1    6.526    6.526  1   34.927   34.927  1
  935.8  935.8  1    6.527    6.527  1   34.926   34.926  1
  937.9  937.9  1    6.520    6.520  1   34.926   34.926  1
  939.5  939.5  1    6.493    6.493  1   34.925   34.925  1
  941.0  941.0  1    6.489    6.489  1   34.924   34.924  1
  943.1  943.1  1    6.485    6.485  1   34.923   34.923  1
  945.1  945.1  1    6.480    6.480  1   34.923   34.923  1
  947.2  947.2  1    6.457    6.457  1   34.923   34.923  1
  949.3  949.3  1    6.440    6.440  1   34.923   34.923  1
  951.5  951.5  1    6.435    6.435  1   34.924   34.924  1
  953.6  953.6  1    6.422    6.422  1   34.926   34.926  1
  955.7  955.7  1    6.413    6.413  1   34.924   34.924  1
  957.9  957.9  1    6.401    6.401  1   34.924   34.924  1
  959.4  959.4  1    6.398    6.398  1   34.924   34.924  1
  961.0  961.0  1    6.389    6.389  1   34.924   34.924  1
  963.1  963.1  1    6.376    6.376  1   34.923   34.923  1
  965.3  965.3  1    6.368    6.368  1   34.922   34.922  1
  967.4  967.4  1    6.364    6.364  1   34.923   34.923  1
  969.6  969.6  1    6.357    6.357  1   34.925   34.925  1
  971.7  971.7  1    6.353    6.353  1   34.925   34.925  1
  973.9  973.9  1    6.342    6.342  1   34.926   34.926  1
  975.5  975.5  1    6.334    6.334  1   34.925   34.925  1
  977.0  977.0  1    6.323    6.323  1   34.924   34.924  1
  979.2  979.2  1    6.314    6.314  1   34.924   34.924  1
  981.3  981.3  1    6.309    6.309  1   34.924   34.924  1
  983.5  983.5  1    6.307    6.307  1   34.926   34.926  1
  985.6  985.6  1    6.307    6.307  1   34.926   34.926  1
  987.7  987.7  1    6.305    6.305  1   34.926   34.926  1
  989.8  989.8  1    6.301    6.301  1   34.927   34.927  1
  991.9  991.9  1    6.301    6.301  1   34.929   34.929  1
  993.5  993.5  1    6.301    6.301  1   34.930   34.930  1
  995.0  995.0  1    6.300    6.300  1   34.930   34.930  1
  997.2  997.2  1    6.290    6.290  1   34.931   34.931  1
  999.2  999.2  1    6.285    6.285  1   34.930   34.930  1
 1001.3 1001.3  1    6.283    6.283  1   34.930   34.930  1
 1003.4 1003.4  1    6.267    6.267  1   34.930   34.930  1
 1005.5 1005.5  1    6.250    6.250  1   34.929   34.929  1
 1007.5 1007.5  1    6.247    6.247  1   34.929   34.929  1
 1009.5 1009.5  1    6.244    6.244  1   34.931   34.931  1
 1011.6 1011.6  1    6.241    6.241  1   34.933   34.933  1
 1013.6 1013.6  1    6.225    6.225  1   34.934   34.934  1
 1015.6 1015.6  1    6.219    6.219  1   34.933   34.933  1
 1017.6 1017.6  1    6.216    6.216  1   34.933   34.933  1
 1019.6 1019.6  1    6.216    6.216  1   34.935   34.935  1
 1021.6 1021.6  1    6.213    6.213  1   34.936   34.936  1
 1023.6 1023.6  1    6.210    6.210  1   34.937   34.937  1
 1025.5 1025.5  1    6.193    6.193  1   34.938   34.938  1
 1027.5 1027.5  1    6.186    6.186  1   34.937   34.937  1
 1029.5 1029.5  1    6.185    6.185  1   34.937   34.937  1
 1031.4 1031.4  1    6.177    6.177  1   34.937   34.937  1
 1033.4 1033.4  1    6.171    6.171  1   34.938   34.938  1
 1035.3 1035.3  1    6.159    6.159  1   34.939   34.939  1
 1037.2 1037.2  1    6.149    6.149  1   34.940   34.940  1
 1039.2 1039.2  1    6.143    6.143  1   34.941   34.941  1
 1041.2 1041.2  1    6.139    6.139  1   34.944   34.944  1
 1043.1 1043.1  1    6.137    6.137  1   34.943   34.943  1
 1045.4 1045.4  1    6.131    6.131  1   34.944   34.944  1
 1047.9 1047.9  1    6.127    6.127  1   34.945   34.945  1
 1049.8 1049.8  1    6.126    6.126  1   34.945   34.945  1
 1051.7 1051.7  1    6.123    6.123  1   34.946   34.946  1
 1053.6 1053.6  1    6.110    6.110  1   34.948   34.948  1
 1055.6 1055.6  1    6.102    6.102  1   34.949   34.949  1
 1057.5 1057.5  1    6.091    6.091  1   34.951   34.951  1
 1059.4 1059.4  1    6.084    6.084  1   34.952   34.952  1
 1061.3 1061.3  1    6.078    6.078  1   34.952   34.952  1
 1063.2 1063.2  1    6.063    6.063  1   34.952   34.952  1
 1065.2 1065.2  1    6.059    6.059  1   34.953   34.953  1
 1067.2 1067.2  1    6.056    6.056  1   34.955   34.955  1
 1069.1 1069.1  1    6.053    6.053  1   34.955   34.955  1
 1071.0 1071.0  1    6.052    6.052  1   34.955   34.955  1
 1073.0 1073.0  1    6.039    6.039  1   34.956   34.956  1
 1075.4 1075.4  1    6.023    6.023  1   34.957   34.957  1
 1077.8 1077.8  1    5.994    5.994  1   34.955   34.955  1
 1079.8 1079.8  1    5.982    5.982  1   34.956   34.956  1
 1081.7 1081.7  1    5.974    5.974  1   34.956   34.956  1
 1083.7 1083.7  1    5.975    5.975  1   34.961   34.961  1
 1085.6 1085.6  1    5.970    5.970  1   34.961   34.961  1
 1087.6 1087.6  1    5.962    5.962  1   34.961   34.961  1
 1089.5 1089.5  1    5.952    5.952  1   34.962   34.962  1
 1091.4 1091.4  1    5.947    5.947  1   34.963   34.963  1
 1093.4 1093.4  1    5.942    5.942  1   34.964   34.964  1
 1095.4 1095.4  1    5.937    5.937  1   34.964   34.964  1
 1097.4 1097.4  1    5.929    5.929  1   34.965   34.965  1
 1099.3 1099.3  1    5.915    5.915  1   34.965   34.965  1
 1101.3 1101.3  1    5.905    5.905  1   34.966   34.966  1
 1103.3 1103.3  1    5.897    5.897  1   34.967   34.967  1
 1105.2 1105.2  1    5.896    5.896  1   34.966   34.966  1
 1107.2 1107.2  1    5.894    5.894  1   34.966   34.966  1
 1109.2 1109.2  1    5.887    5.887  1   34.966   34.966  1
 1111.2 1111.2  1    5.877    5.877  1   34.967   34.967  1
 1112.7 1112.7  1    5.873    5.873  1   34.968   34.968  1
 1115.4 1115.4  1    5.865    5.865  1   34.968   34.968  1
 1117.3 1117.3  1    5.861    5.861  1   34.968   34.968  1
 1119.3 1119.3  1    5.852    5.852  1   34.969   34.969  1
 1121.6 1121.6  1    5.846    5.846  1   34.969   34.969  1
 1123.6 1123.6  1    5.833    5.833  1   34.970   34.970  1
 1125.6 1125.6  1    5.830    5.830  1   34.970   34.970  1
 1127.6 1127.6  1    5.826    5.826  1   34.970   34.970  1
 1129.2 1129.2  1    5.823    5.823  1   34.970   34.970  1
 1131.3 1131.3  1    5.819    5.819  1   34.970   34.970  1
 1133.4 1133.4  1    5.809    5.809  1   34.972   34.972  1
 1135.4 1135.4  1    5.787    5.787  1   34.974   34.974  1
 1137.6 1137.6  1    5.777    5.777  1   34.974   34.974  1
 1139.2 1139.2  1    5.774    5.774  1   34.973   34.973  1
 1141.4 1141.4  1    5.766    5.766  1   34.974   34.974  1
 1143.5 1143.5  1    5.752    5.752  1   34.975   34.975  1
 1145.2 1145.2  1    5.748    5.748  1   34.975   34.975  1
 1147.4 1147.4  1    5.744    5.744  1   34.976   34.976  1
 1149.7 1149.7  1    5.738    5.738  1   34.977   34.977  1
 1151.4 1151.4  1    5.733    5.733  1   34.977   34.977  1
 1153.1 1153.1  1    5.727    5.727  1   34.978   34.978  1
 1155.3 1155.3  1    5.715    5.715  1   34.980   34.980  1
 1157.5 1157.5  1    5.697    5.697  1   34.981   34.981  1
 1159.3 1159.3  1    5.693    5.693  1   34.981   34.981  1
 1161.1 1161.1  1    5.691    5.691  1   34.982   34.982  1
 1163.3 1163.3  1    5.682    5.682  1   34.981   34.981  1
 1165.6 1165.6  1    5.677    5.677  1   34.982   34.982  1
 1167.4 1167.4  1    5.671    5.671  1   34.983   34.983  1
 1169.3 1169.3  1    5.665    5.665  1   34.983   34.983  1
 1171.1 1171.1  1    5.662    5.662  1   34.984   34.984  1
 1173.4 1173.4  1    5.660    5.660  1   34.983   34.983  1
 1175.7 1175.7  1    5.649    5.649  1   34.984   34.984  1
 1177.7 1177.7  1    5.643    5.643  1   34.985   34.985  1
 1179.5 1179.5  1    5.637    5.637  1   34.985   34.985  1
 1181.4 1181.4  1    5.631    5.631  1   34.986   34.986  1
 1183.3 1183.3  1    5.625    5.625  1   34.986   34.986  1
 1185.2 1185.2  1    5.620    5.620  1   34.987   34.987  1
 1187.1 1187.1  1    5.618    5.618  1   34.986   34.986  1
 1189.5 1189.5  1    5.609    5.609  1   34.987   34.987  1
 1191.9 1191.9  1    5.591    5.591  1   34.988   34.988  1
 1193.8 1193.8  1    5.578    5.578  1   34.990   34.990  1
 1195.7 1195.7  1    5.568    5.568  1   34.990   34.990  1
 1197.7 1197.7  1    5.564    5.564  1   34.990   34.990  1
 1199.5 1199.5  1    5.557    5.557  1   34.990   34.990  1
 1201.5 1201.5  1    5.554    5.554  1   34.991   34.991  1
 1203.5 1203.5  1    5.552    5.552  1   34.991   34.991  1
 1205.3 1205.3  1    5.552    5.552  1   34.991   34.991  1
 1207.4 1207.4  1    5.548    5.548  1   34.992   34.992  1
 1209.3 1209.3  1    5.547    5.547  1   34.991   34.991  1
 1211.3 1211.3  1    5.542    5.542  1   34.992   34.992  1
 1213.3 1213.3  1    5.537    5.537  1   34.992   34.992  1
 1215.2 1215.2  1    5.533    5.533  1   34.993   34.993  1
 1217.1 1217.1  1    5.530    5.530  1   34.992   34.992  1
 1219.1 1219.1  1    5.524    5.524  1   34.994   34.994  1
 1221.1 1221.1  1    5.517    5.517  1   34.996   34.996  1
 1223.4 1223.4  1    5.506    5.506  1   34.996   34.996  1
 1225.9 1225.9  1    5.495    5.495  1   34.997   34.997  1
 1227.8 1227.8  1    5.493    5.493  1   34.997   34.997  1
 1229.8 1229.8  1    5.490    5.490  1   34.998   34.998  1
 1231.8 1231.8  1    5.483    5.483  1   34.998   34.998  1
 1233.7 1233.7  1    5.474    5.474  1   34.999   34.999  1
 1235.7 1235.7  1    5.463    5.463  1   34.998   34.998  1
 1237.7 1237.7  1    5.456    5.456  1   34.999   34.999  1
 1239.7 1239.7  1    5.454    5.454  1   35.000   35.000  1
 1241.6 1241.6  1    5.449    5.449  1   35.000   35.000  1
 1243.6 1243.6  1    5.443    5.443  1   35.002   35.002  1
 1245.6 1245.6  1    5.436    5.436  1   35.001   35.001  1
 1247.7 1247.7  1    5.430    5.430  1   35.002   35.002  1
 1249.6 1249.6  1    5.424    5.424  1   35.002   35.002  1
 1251.6 1251.6  1    5.420    5.420  1   35.002   35.002  1
 1253.6 1253.6  1    5.415    5.415  1   35.004   35.004  1
 1255.6 1255.6  1    5.406    5.406  1   35.004   35.004  1
 1257.6 1257.6  1    5.399    5.399  1   35.003   35.003  1
 1259.6 1259.6  1    5.399    5.399  1   35.004   35.004  1
 1261.6 1261.6  1    5.403    5.403  1   35.006   35.006  1
 1263.6 1263.6  1    5.403    5.403  1   35.008   35.008  1
 1265.6 1265.6  1    5.392    5.392  1   35.007   35.007  1
 1267.6 1267.6  1    5.372    5.372  1   35.009   35.009  1
 1269.7 1269.7  1    5.368    5.368  1   35.007   35.007  1
 1271.7 1271.7  1    5.367    5.367  1   35.007   35.007  1
 1273.7 1273.7  1    5.348    5.348  1   35.005   35.005  1
 1275.7 1275.7  1    5.328    5.328  1   35.006   35.006  1
 1277.8 1277.8  1    5.329    5.329  1   35.007   35.007  1
 1279.9 1279.9  1    5.327    5.327  1   35.007   35.007  1
 1281.9 1281.9  1    5.322    5.322  1   35.007   35.007  1
 1283.4 1283.4  1    5.313    5.313  1   35.007   35.007  1
 1284.9 1284.9  1    5.309    5.309  1   35.007   35.007  1
 1287.0 1287.0  1    5.312    5.312  1   35.009   35.009  1
 1289.0 1289.0  1    5.305    5.305  1   35.011   35.011  1
 1291.1 1291.1  1    5.288    5.288  1   35.011   35.011  1
 1293.2 1293.2  1    5.279    5.279  1   35.011   35.011  1
 1295.2 1295.2  1    5.279    5.279  1   35.014   35.014  1
 1297.3 1297.3  1    5.275    5.275  1   35.015   35.015  1
 1299.4 1299.4  1    5.269    5.269  1   35.016   35.016  1
 1301.4 1301.4  1    5.264    5.264  1   35.017   35.017  1
 1303.6 1303.6  1    5.258    5.258  1   35.016   35.016  1
 1305.6 1305.6  1    5.256    5.256  1   35.017   35.017  1
 1307.7 1307.7  1    5.248    5.248  1   35.018   35.018  1
 1309.8 1309.8  1    5.235    5.235  1   35.019   35.019  1
 1311.8 1311.8  1    5.233    5.233  1   35.018   35.018  1
 1313.9 1313.9  1    5.226    5.226  1   35.017   35.017  1
 1315.5 1315.5  1    5.207    5.207  1   35.020   35.020  1
 1317.0 1317.0  1    5.199    5.199  1   35.017   35.017  1
 1319.9 1319.9  1    5.170    5.170  1   35.015   35.015  1
 1321.5 1321.5  1    5.160    5.160  1   35.015   35.015  1
 1323.5 1323.5  1    5.145    5.145  1   35.012   35.012  1
 1325.5 1325.5  1    5.151    5.151  1   35.015   35.015  1
 1327.5 1327.5  1    5.129    5.129  1   35.014   35.014  1
 1329.6 1329.6  1    5.114    5.114  1   35.012   35.012  1
 1331.6 1331.6  1    5.102    5.102  1   35.011   35.011  1
 1333.7 1333.7  1    5.094    5.094  1   35.011   35.011  1
 1335.3 1335.3  1    5.085    5.085  1   35.010   35.010  1
 1337.4 1337.4  1    5.074    5.074  1   35.009   35.009  1
 1339.5 1339.5  1    5.061    5.061  1   35.007   35.007  1
 1341.5 1341.5  1    5.041    5.041  1   35.006   35.006  1
 1343.7 1343.7  1    5.035    5.035  1   35.005   35.005  1
 1345.4 1345.4  1    5.032    5.032  1   35.006   35.006  1
 1347.5 1347.5  1    5.027    5.027  1   35.005   35.005  1
 1349.6 1349.6  1    5.019    5.019  1   35.006   35.006  1
 1351.3 1351.3  1    5.013    5.013  1   35.006   35.006  1
 1353.4 1353.4  1    5.007    5.007  1   35.005   35.005  1
 1355.6 1355.6  1    5.004    5.004  1   35.005   35.005  1
 1357.3 1357.3  1    4.996    4.996  1   35.006   35.006  1
 1359.1 1359.1  1    4.991    4.991  1   35.006   35.006  1
 1361.3 1361.3  1    4.983    4.983  1   35.005   35.005  1
 1363.4 1363.4  1    4.966    4.966  1   35.005   35.005  1
 1365.1 1365.1  1    4.961    4.961  1   35.005   35.005  1
 1367.3 1367.3  1    4.958    4.958  1   35.005   35.005  1
 1369.4 1369.4  1    4.946    4.946  1   35.005   35.005  1
 1371.2 1371.2  1    4.938    4.938  1   35.005   35.005  1
 1373.4 1373.4  1    4.937    4.937  1   35.004   35.004  1
 1375.6 1375.6  1    4.934    4.934  1   35.004   35.004  1
 1377.4 1377.4  1    4.926    4.926  1   35.004   35.004  1
 1379.1 1379.1  1    4.922    4.922  1   35.003   35.003  1
 1381.4 1381.4  1    4.916    4.916  1   35.004   35.004  1
 1383.6 1383.6  1    4.909    4.909  1   35.004   35.004  1
 1385.4 1385.4  1    4.907    4.907  1   35.003   35.003  1
 1387.2 1387.2  1    4.899    4.899  1   35.004   35.004  1
 1389.0 1389.0  1    4.889    4.889  1   35.004   35.004  1
 1391.4 1391.4  1    4.885    4.885  1   35.005   35.005  1
 1393.7 1393.7  1    4.879    4.879  1   35.004   35.004  1
 1395.5 1395.5  1    4.875    4.875  1   35.004   35.004  1
 1397.3 1397.3  1    4.868    4.868  1   35.003   35.003  1
 1399.2 1399.2  1    4.860    4.860  1   35.004   35.004  1
 1402.4 1402.4  1    4.853    4.853  1   35.004   35.004  1
 1406.7 1406.7  1    4.848    4.848  1   35.006   35.006  1
 1410.5 1410.5  1    4.831    4.831  1   35.004   35.004  1
 1414.2 1414.2  1    4.818    4.818  1   35.003   35.003  1
 1418.1 1418.1  1    4.813    4.813  1   35.004   35.004  1
 1422.3 1422.3  1    4.791    4.791  1   35.003   35.003  1
 1426.6 1426.6  1    4.778    4.778  1   35.004   35.004  1
 1430.5 1430.5  1    4.771    4.771  1   35.004   35.004  1
 1434.5 1434.5  1    4.759    4.759  1   35.003   35.003  1
 1438.4 1438.4  1    4.742    4.742  1   35.003   35.003  1
 1442.4 1442.4  1    4.728    4.728  1   35.005   35.005  1
 1446.3 1446.3  1    4.714    4.714  1   35.004   35.004  1
 1450.3 1450.3  1    4.697    4.697  1   35.004   35.004  1
 1454.2 1454.2  1    4.691    4.691  1   35.003   35.003  1
 1458.2 1458.2  1    4.672    4.672  1   35.004   35.004  1
 1462.2 1462.2  1    4.657    4.657  1   35.003   35.003  1
 1466.3 1466.3  1    4.640    4.640  1   35.003   35.003  1
 1470.3 1470.3  1    4.616    4.616  1   35.004   35.004  1
 1474.3 1474.3  1    4.601    4.601  1   35.003   35.003  1
 1478.4 1478.4  1    4.586    4.586  1   35.002   35.002  1
 1482.5 1482.5  1    4.563    4.563  1   35.001   35.001  1
 1486.6 1486.6  1    4.549    4.549  1   35.001   35.001  1
 1490.7 1490.7  1    4.545    4.545  1   35.001   35.001  1
 1494.3 1494.3  1    4.542    4.542  1   35.002   35.002  1
 1498.0 1498.0  1    4.537    4.537  1   35.002   35.002  1
 1502.2 1502.2  1    4.529    4.529  1   35.003   35.003  1
 1506.3 1506.3  1    4.520    4.520  1   35.003   35.003  1
 1511.0 1511.0  1    4.509    4.509  1   35.003   35.003  1
 1514.6 1514.6  1    4.506    4.506  1   35.002   35.002  1
 1518.6 1518.6  1    4.499    4.499  1   35.002   35.002  1
 1522.7 1522.7  1    4.488    4.488  1   35.002   35.002  1
 1526.8 1526.8  1    4.476    4.476  1   35.002   35.002  1
 1530.5 1530.5  1    4.466    4.466  1   35.002   35.002  1
 1534.3 1534.3  1    4.455    4.455  1   35.002   35.002  1
 1538.5 1538.5  1    4.449    4.449  1   35.002   35.002  1
 1542.4 1542.4  1    4.436    4.436  1   35.002   35.002  1
 1546.3 1546.3  1    4.418    4.418  1   35.001   35.001  1
 1550.6 1550.6  1    4.406    4.406  1   35.001   35.001  1
 1554.6 1554.6  1    4.400    4.400  1   35.002   35.002  1
 1558.1 1558.1  1    4.393    4.393  1   35.002   35.002  1
 1562.2 1562.2  1    4.383    4.383  1   35.002   35.002  1
 1566.2 1566.2  1    4.377    4.377  1   35.001   35.001  1
 1570.3 1570.3  1    4.369    4.369  1   35.001   35.001  1
 1574.4 1574.4  1    4.364    4.364  1   35.001   35.001  1
 1578.5 1578.5  1    4.353    4.353  1   35.001   35.001  1
 1582.7 1582.7  1    4.348    4.348  1   35.001   35.001  1
 1586.5 1586.5  1    4.343    4.343  1   35.001   35.001  1
 1590.2 1590.2  1    4.334    4.334  1   35.001   35.001  1
 1594.5 1594.5  1    4.319    4.319  1   34.999   34.999  1
 1598.7 1598.7  1    4.312    4.312  1   34.999   34.999  1
 1602.5 1602.5  1    4.303    4.303  1   35.000   35.000  1
 1606.4 1606.4  1    4.297    4.297  1   34.999   34.999  1
 1610.3 1610.3  1    4.293    4.293  1   35.000   35.000  1
 1614.1 1614.1  1    4.280    4.280  1   34.999   34.999  1
 1618.1 1618.1  1    4.275    4.275  1   34.999   34.999  1
 1622.0 1622.0  1    4.263    4.263  1   34.999   34.999  1
 1626.0 1626.0  1    4.250    4.250  1   34.998   34.998  1
 1630.4 1630.4  1    4.248    4.248  1   34.999   34.999  1
 1634.9 1634.9  1    4.239    4.239  1   34.999   34.999  1
 1638.9 1638.9  1    4.229    4.229  1   34.998   34.998  1
 1642.8 1642.8  1    4.220    4.220  1   34.998   34.998  1
 1646.8 1646.8  1    4.208    4.208  1   34.997   34.997  1
 1650.8 1650.8  1    4.198    4.198  1   34.998   34.998  1
 1654.7 1654.7  1    4.192    4.192  1   34.998   34.998  1
 1658.7 1658.7  1    4.182    4.182  1   34.998   34.998  1
 1662.7 1662.7  1    4.180    4.180  1   34.999   34.999  1
 1666.7 1666.7  1    4.175    4.175  1   34.998   34.998  1
 1670.8 1670.8  1    4.170    4.170  1   34.999   34.999  1
 1674.8 1674.8  1    4.163    4.163  1   34.999   34.999  1
 1678.4 1678.4  1    4.154    4.154  1   34.998   34.998  1
 1681.9 1681.9  1    4.149    4.149  1   34.998   34.998  1
 1686.0 1686.0  1    4.145    4.145  1   34.998   34.998  1
 1690.1 1690.1  1    4.134    4.134  1   34.998   34.998  1
 1694.1 1694.1  1    4.128    4.128  1   34.998   34.998  1
 1698.1 1698.1  1    4.119    4.119  1   34.998   34.998  1
 1702.1 1702.1  1    4.114    4.114  1   34.998   34.998  1
 1706.2 1706.2  1    4.108    4.108  1   34.999   34.999  1
 1710.2 1710.2  1    4.102    4.102  1   34.998   34.998  1
 1714.3 1714.3  1    4.094    4.094  1   34.998   34.998  1
 1718.4 1718.4  1    4.087    4.087  1   34.997   34.997  1
 1722.5 1722.5  1    4.080    4.080  1   34.997   34.997  1
 1726.5 1726.5  1    4.074    4.074  1   34.997   34.997  1
 1730.6 1730.6  1    4.068    4.068  1   34.997   34.997  1
 1734.7 1734.7  1    4.064    4.064  1   34.997   34.997  1
 1738.3 1738.3  1    4.059    4.059  1   34.996   34.996  1
 1742.0 1742.0  1    4.049    4.049  1   34.996   34.996  1
 1746.1 1746.1  1    4.040    4.040  1   34.996   34.996  1
 1750.8 1750.8  1    4.034    4.034  1   34.996   34.996  1
 1754.4 1754.4  1    4.027    4.027  1   34.996   34.996  1
 1758.5 1758.5  1    4.017    4.017  1   34.996   34.996  1
 1762.6 1762.6  1    4.012    4.012  1   34.995   34.995  1
 1766.7 1766.7  1    4.008    4.008  1   34.995   34.995  1
 1770.4 1770.4  1    4.001    4.001  1   34.995   34.995  1
 1774.1 1774.1  1    3.992    3.992  1   34.995   34.995  1
 1778.3 1778.3  1    3.984    3.984  1   34.995   34.995  1
 1782.5 1782.5  1    3.980    3.980  1   34.995   34.995  1
 1786.4 1786.4  1    3.977    3.977  1   34.995   34.995  1
 1790.3 1790.3  1    3.975    3.975  1   34.995   34.995  1
 1794.6 1794.6  1    3.968    3.968  1   34.996   34.996  1
 1798.5 1798.5  1    3.959    3.959  1   34.995   34.995  1
 1802.4 1802.4  1    3.953    3.953  1   34.995   34.995  1
 1806.3 1806.3  1    3.945    3.945  1   34.995   34.995  1
 1810.4 1810.4  1    3.940    3.940  1   34.994   34.994  1
 1814.3 1814.3  1    3.936    3.936  1   34.994   34.994  1
 1818.3 1818.3  1    3.931    3.931  1   34.994   34.994  1
 1822.4 1822.4  1    3.926    3.926  1   34.994   34.994  1
 1826.4 1826.4  1    3.917    3.917  1   34.994   34.994  1
 1830.5 1830.5  1    3.915    3.915  1   34.994   34.994  1
 1834.2 1834.2  1    3.909    3.909  1   34.994   34.994  1
 1838.4 1838.4  1    3.900    3.900  1   34.994   34.994  1
 1842.6 1842.6  1    3.898    3.898  1   34.994   34.994  1
 1846.4 1846.4  1    3.895    3.895  1   34.994   34.994  1
 1850.2 1850.2  1    3.888    3.888  1   34.994   34.994  1
 1854.1 1854.1  1    3.877    3.877  1   34.995   34.995  1
 1858.4 1858.4  1    3.872    3.872  1   34.994   34.994  1
 1862.8 1862.8  1    3.865    3.865  1   34.994   34.994  1
 1866.8 1866.8  1    3.858    3.858  1   34.994   34.994  1
 1870.7 1870.7  1    3.854    3.854  1   34.993   34.993  1
 1874.7 1874.7  1    3.843    3.843  1   34.994   34.994  1
 1879.1 1879.1  1    3.838    3.838  1   34.993   34.993  1
 1882.5 1882.5  1    3.831    3.831  1   34.992   34.992  1
 1886.4 1886.4  1    3.821    3.821  1   34.992   34.992  1
 1890.3 1890.3  1    3.810    3.810  1   34.991   34.991  1
 1894.3 1894.3  1    3.805    3.805  1   34.991   34.991  1
 1898.4 1898.4  1    3.800    3.800  1   34.992   34.992  1
 1902.5 1902.5  1    3.795    3.795  1   34.991   34.991  1
 1906.3 1906.3  1    3.791    3.791  1   34.991   34.991  1
 1910.1 1910.1  1    3.789    3.789  1   34.991   34.991  1
 1914.4 1914.4  1    3.783    3.783  1   34.990   34.990  1
 1918.3 1918.3  1    3.779    3.779  1   34.990   34.990  1
 1922.3 1922.3  1    3.776    3.776  1   34.991   34.991  1
 1926.2 1926.2  1    3.771    3.771  1   34.990   34.990  1
 1930.2 1930.2  1    3.764    3.764  1   34.990   34.990  1
 1934.2 1934.2  1    3.759    3.759  1   34.989   34.989  1
 1938.3 1938.3  1    3.755    3.755  1   34.989   34.989  1
 1942.5 1942.5  1    3.754    3.754  1   34.989   34.989  1
 1946.3 1946.3  1    3.753    3.753  1   34.990   34.990  1
 1950.1 1950.1  1    3.747    3.747  1   34.990   34.990  1
 1954.4 1954.4  1    3.738    3.738  1   34.989   34.989  1
 1958.8 1958.8  1    3.731    3.731  1   34.989   34.989  1
 1962.6 1962.6  1    3.729    3.729  1   34.989   34.989  1
 1966.5 1966.5  1    3.723    3.723  1   34.988   34.988  1
 1970.5 1970.5  1    3.718    3.718  1   34.989   34.989  1
 1974.5 1974.5  1    3.712    3.712  1   34.988   34.988  1
 1978.4 1978.4  1    3.707    3.707  1   34.988   34.988  1
 1982.4 1982.4  1    3.698    3.698  1   34.988   34.988  1
 1986.4 1986.4  1    3.687    3.687  1   34.988   34.988  1
 1990.4 1990.4  1    3.683    3.683  1   34.988   34.988  1
 1994.4 1994.4  1    3.678    3.678  1   34.988   34.988  1
 1998.5 1998.5  1    3.674    3.674  1   34.987   34.987  1
 2002.5 2002.5  1    3.672    3.672  1   34.987   34.987  1
 2006.0 2006.0  1    3.665    3.665  1   34.987   34.987  1
 2010.6 2010.6  1    3.656    3.656  1   34.987   34.987  1
 2014.7 2014.7  1    3.652    3.652  1   34.987   34.987  1
