*SoftWare Version 3.0  2018/12/27

*HEADER
     PLATFORM NUMBER       :3901236
     CYCLE NUMBER          :105
     DATE CREATION         :20191227010042
     DATE UPDATE           :20191227010042
     PROJECT NAME          :US ARGO PROJECT
     PI NAME               :BRECK OWENS, STEVEN JAYNE, P.E. ROBBINS
     INSTRUMENT TYPE       :S2A
     FLOAT SERIAL NO       :7385
     FIRMWARE VERSION      :SBE602 11Dec15 ARM V2.1
     WMO INSTRUMENT TYPE   :854
     TRANSMISSION SYSTEM   :IRIDIUM
     POSITIONING SYSTEM    :GPS
     SAMPLE DIRECTION      :A(A=Ascend; D=Descend)
     DATA MODE             :R(R=Real Time; D=Delayed Mode; A=Real Time Adjusted)
     JULIAN DAY            :25551.9616 (days since 1950-01-01 00:00:00 UTC)
     DATE                  :2019-12-16
     QC FLAG FOR DATE      :1
*LOCATION
     LATITUDE              :21.772  
     LONGITUDE             :-33.438 
     QC FLAG FOR LOCATION  :1
*FILE
     COLUMN 1              :Pressure (dbar)                             F7.1
     COLUMN 2              :Corrected Pressure (dbar)                   F7.1
     COLUMN 3              :Quality on Pressure                         I3
     COLUMN 4              :Temperature (degree_Celsius)                F9.3
     COLUMN 5              :Corrected Temperature (degree_Celsius)      F9.3
     COLUMN 6              :Quality on Temperature                      I3
     COLUMN 7              :Salinity (PSU)                              F9.3
     COLUMN 8              :Corrected Salinity (PSU)                    F9.3
     COLUMN 9              :Quality on Salinity                         I3
==========================================================================
    1.0    1.0  1   24.459   24.459  1   37.280   37.280  1
    2.0    2.0  1   24.457   24.457  1   37.280   37.280  1
    3.0    3.0  1   24.452   24.452  1   37.280   37.280  1
    4.0    4.0  1   24.457   24.457  1   37.280   37.280  1
    5.0    5.0  1   24.458   24.458  1   37.280   37.280  1
    6.0    6.0  1   24.462   24.462  1   37.280   37.280  1
    7.0    7.0  1   24.460   24.460  1   37.280   37.280  1
    7.9    7.9  1   24.462   24.462  1   37.280   37.280  1
    9.0    9.0  1   24.461   24.461  1   37.280   37.280  1
   10.2   10.2  1   24.462   24.462  1   37.280   37.280  1
   12.0   12.0  1   24.463   24.463  1   37.280   37.280  1
   14.0   14.0  1   24.461   24.461  1   37.280   37.280  1
   16.0   16.0  1   24.455   24.455  1   37.280   37.280  1
   17.9   17.9  1   24.457   24.457  1   37.280   37.280  1
   20.0   20.0  1   24.460   24.460  1   37.280   37.280  1
   22.0   22.0  1   24.461   24.461  1   37.280   37.280  1
   24.0   24.0  1   24.466   24.466  1   37.280   37.280  1
   26.0   26.0  1   24.467   24.467  1   37.280   37.280  1
   28.0   28.0  1   24.467   24.467  1   37.280   37.280  1
   30.0   30.0  1   24.467   24.467  1   37.280   37.280  1
   32.0   32.0  1   24.465   24.465  1   37.280   37.280  1
   34.0   34.0  1   24.464   24.464  1   37.280   37.280  1
   36.0   36.0  1   24.463   24.463  1   37.280   37.280  1
   38.1   38.1  1   24.462   24.462  1   37.280   37.280  1
   40.0   40.0  1   24.457   24.457  1   37.280   37.280  1
   42.0   42.0  1   24.462   24.462  1   37.280   37.280  1
   44.0   44.0  1   24.466   24.466  1   37.280   37.280  1
   46.0   46.0  1   24.470   24.470  1   37.280   37.280  1
   48.0   48.0  1   24.468   24.468  1   37.280   37.280  1
   50.0   50.0  1   24.470   24.470  1   37.280   37.280  1
   52.0   52.0  1   24.471   24.471  1   37.280   37.280  1
   54.0   54.0  1   24.471   24.471  1   37.280   37.280  1
   56.0   56.0  1   24.470   24.470  1   37.280   37.280  1
   58.0   58.0  1   24.471   24.471  1   37.280   37.280  1
   59.9   59.9  1   24.472   24.472  1   37.280   37.280  1
   62.0   62.0  1   24.473   24.473  1   37.280   37.280  1
   64.0   64.0  1   24.473   24.473  1   37.280   37.280  1
   66.0   66.0  1   24.474   24.474  1   37.280   37.280  1
   68.0   68.0  1   24.472   24.472  1   37.280   37.280  1
   70.0   70.0  1   24.473   24.473  1   37.280   37.280  1
   72.0   72.0  1   24.471   24.471  1   37.280   37.280  1
   74.0   74.0  1   24.467   24.467  1   37.280   37.280  1
   76.0   76.0  1   24.468   24.468  1   37.279   37.279  1
   78.0   78.0  1   24.458   24.458  1   37.279   37.279  1
   80.0   80.0  1   24.443   24.443  1   37.279   37.279  1
   82.0   82.0  1   24.326   24.326  1   37.303   37.303  1
   84.0   84.0  1   24.181   24.181  1   37.337   37.337  1
   86.0   86.0  1   23.960   23.960  1   37.378   37.378  1
   88.0   88.0  1   23.724   23.724  1   37.380   37.380  1
   90.0   90.0  1   23.125   23.125  1   37.312   37.312  1
   92.0   92.0  1   22.791   22.791  1   37.269   37.269  1
   94.0   94.0  1   22.582   22.582  1   37.254   37.254  1
   96.0   96.0  1   22.368   22.368  1   37.227   37.227  1
   98.0   98.0  1   22.334   22.334  1   37.221   37.221  1
   99.9   99.9  1   22.173   22.173  1   37.199   37.199  1
  102.0  102.0  1   21.954   21.954  1   37.172   37.172  1
  104.0  104.0  1   21.895   21.895  1   37.169   37.169  1
  106.0  106.0  1   21.862   21.862  1   37.166   37.166  1
  108.0  108.0  1   21.838   21.838  1   37.161   37.161  1
  110.0  110.0  1   21.755   21.755  1   37.152   37.152  1
  112.0  112.0  1   21.662   21.662  1   37.139   37.139  1
  114.1  114.1  1   21.605   21.605  1   37.131   37.131  1
  116.1  116.1  1   21.540   21.540  1   37.126   37.126  1
  118.1  118.1  1   21.491   21.491  1   37.125   37.125  1
  120.0  120.0  1   21.439   21.439  1   37.126   37.126  1
  121.9  121.9  1   21.397   21.397  1   37.123   37.123  1
  123.9  123.9  1   21.307   21.307  1   37.113   37.113  1
  126.0  126.0  1   21.226   21.226  1   37.101   37.101  1
  128.0  128.0  1   21.149   21.149  1   37.089   37.089  1
  130.1  130.1  1   21.036   21.036  1   37.073   37.073  1
  132.1  132.1  1   20.980   20.980  1   37.063   37.063  1
  134.0  134.0  1   20.914   20.914  1   37.054   37.054  1
  135.9  135.9  1   20.872   20.872  1   37.044   37.044  1
  138.0  138.0  1   20.829   20.829  1   37.036   37.036  1
  140.0  140.0  1   20.614   20.614  1   37.001   37.001  1
  142.1  142.1  1   20.522   20.522  1   36.985   36.985  1
  144.1  144.1  1   20.483   20.483  1   36.978   36.978  1
  146.0  146.0  1   20.404   20.404  1   36.967   36.967  1
  148.0  148.0  1   20.203   20.203  1   36.926   36.926  1
  150.1  150.1  1   20.163   20.163  1   36.917   36.917  1
  152.0  152.0  1   20.130   20.130  1   36.910   36.910  1
  153.9  153.9  1   20.045   20.045  1   36.891   36.891  1
  156.0  156.0  1   19.841   19.841  1   36.853   36.853  1
  158.0  158.0  1   19.669   19.669  1   36.819   36.819  1
  160.0  160.0  1   19.555   19.555  1   36.794   36.794  1
  162.0  162.0  1   19.473   19.473  1   36.779   36.779  1
  163.9  163.9  1   19.376   19.376  1   36.763   36.763  1
  166.0  166.0  1   19.296   19.296  1   36.748   36.748  1
  168.1  168.1  1   19.246   19.246  1   36.739   36.739  1
  170.1  170.1  1   19.228   19.228  1   36.736   36.736  1
  172.0  172.0  1   19.180   19.180  1   36.728   36.728  1
  174.0  174.0  1   19.119   19.119  1   36.718   36.718  1
  176.0  176.0  1   19.058   19.058  1   36.707   36.707  1
  178.0  178.0  1   19.020   19.020  1   36.699   36.699  1
  179.9  179.9  1   18.910   18.910  1   36.680   36.680  1
  181.9  181.9  1   18.858   18.858  1   36.672   36.672  1
  184.0  184.0  1   18.804   18.804  1   36.664   36.664  1
  186.0  186.0  1   18.763   18.763  1   36.655   36.655  1
  187.9  187.9  1   18.680   18.680  1   36.643   36.643  1
  189.9  189.9  1   18.602   18.602  1   36.630   36.630  1
  191.9  191.9  1   18.520   18.520  1   36.619   36.619  1
  193.9  193.9  1   18.494   18.494  1   36.615   36.615  1
  196.0  196.0  1   18.455   18.455  1   36.610   36.610  1
  198.1  198.1  1   18.405   18.405  1   36.602   36.602  1
  200.1  200.1  1   18.374   18.374  1   36.597   36.597  1
  202.1  202.1  1   18.279   18.279  1   36.580   36.580  1
  204.1  204.1  1   18.212   18.212  1   36.567   36.567  1
  206.0  206.0  1   18.103   18.103  1   36.555   36.555  1
  208.0  208.0  1   17.978   17.978  1   36.536   36.536  1
  210.0  210.0  1   17.888   17.888  1   36.520   36.520  1
  212.0  212.0  1   17.875   17.875  1   36.517   36.517  1
  214.0  214.0  1   17.872   17.872  1   36.516   36.516  1
  216.1  216.1  1   17.856   17.856  1   36.513   36.513  1
  218.1  218.1  1   17.771   17.771  1   36.498   36.498  1
  220.0  220.0  1   17.745   17.745  1   36.492   36.492  1
  222.0  222.0  1   17.708   17.708  1   36.484   36.484  1
  224.0  224.0  1   17.677   17.677  1   36.478   36.478  1
  226.0  226.0  1   17.516   17.516  1   36.455   36.455  1
  228.0  228.0  1   17.418   17.418  1   36.436   36.436  1
  230.0  230.0  1   17.355   17.355  1   36.425   36.425  1
  232.0  232.0  1   17.322   17.322  1   36.420   36.420  1
  234.0  234.0  1   17.289   17.289  1   36.414   36.414  1
  235.9  235.9  1   17.239   17.239  1   36.406   36.406  1
  238.0  238.0  1   17.225   17.225  1   36.402   36.402  1
  240.0  240.0  1   17.213   17.213  1   36.401   36.401  1
  241.9  241.9  1   17.199   17.199  1   36.397   36.397  1
  244.0  244.0  1   17.179   17.179  1   36.394   36.394  1
  246.1  246.1  1   17.162   17.162  1   36.390   36.390  1
  248.0  248.0  1   17.145   17.145  1   36.385   36.385  1
  249.9  249.9  1   17.057   17.057  1   36.371   36.371  1
  251.9  251.9  1   16.936   16.936  1   36.352   36.352  1
  254.0  254.0  1   16.903   16.903  1   36.344   36.344  1
  256.1  256.1  1   16.866   16.866  1   36.338   36.338  1
  258.0  258.0  1   16.843   16.843  1   36.333   36.333  1
  259.9  259.9  1   16.815   16.815  1   36.328   36.328  1
  262.0  262.0  1   16.779   16.779  1   36.322   36.322  1
  264.1  264.1  1   16.727   16.727  1   36.315   36.315  1
  266.0  266.0  1   16.690   16.690  1   36.308   36.308  1
  267.9  267.9  1   16.674   16.674  1   36.304   36.304  1
  270.0  270.0  1   16.642   16.642  1   36.298   36.298  1
  272.0  272.0  1   16.545   16.545  1   36.284   36.284  1
  273.9  273.9  1   16.499   16.499  1   36.276   36.276  1
  276.0  276.0  1   16.471   16.471  1   36.270   36.270  1
  278.0  278.0  1   16.420   16.420  1   36.262   36.262  1
  280.0  280.0  1   16.370   16.370  1   36.252   36.252  1
  282.0  282.0  1   16.287   16.287  1   36.242   36.242  1
  284.0  284.0  1   16.228   16.228  1   36.231   36.231  1
  286.0  286.0  1   16.169   16.169  1   36.221   36.221  1
  288.0  288.0  1   16.163   16.163  1   36.219   36.219  1
  290.0  290.0  1   16.153   16.153  1   36.217   36.217  1
  292.0  292.0  1   16.139   16.139  1   36.215   36.215  1
  294.1  294.1  1   16.105   16.105  1   36.209   36.209  1
  296.0  296.0  1   16.078   16.078  1   36.205   36.205  1
  298.0  298.0  1   16.047   16.047  1   36.200   36.200  1
  300.0  300.0  1   16.011   16.011  1   36.195   36.195  1
  301.9  301.9  1   15.983   15.983  1   36.188   36.188  1
  304.0  304.0  1   15.921   15.921  1   36.177   36.177  1
  306.0  306.0  1   15.767   15.767  1   36.154   36.154  1
  307.9  307.9  1   15.716   15.716  1   36.143   36.143  1
  309.9  309.9  1   15.697   15.697  1   36.138   36.138  1
  312.0  312.0  1   15.688   15.688  1   36.137   36.137  1
  314.1  314.1  1   15.674   15.674  1   36.135   36.135  1
  316.0  316.0  1   15.637   15.637  1   36.129   36.129  1
  317.9  317.9  1   15.565   15.565  1   36.120   36.120  1
  320.0  320.0  1   15.530   15.530  1   36.112   36.112  1
  322.0  322.0  1   15.484   15.484  1   36.105   36.105  1
  324.0  324.0  1   15.435   15.435  1   36.098   36.098  1
  326.0  326.0  1   15.398   15.398  1   36.094   36.094  1
  328.0  328.0  1   15.375   15.375  1   36.090   36.090  1
  330.0  330.0  1   15.359   15.359  1   36.088   36.088  1
  331.9  331.9  1   15.347   15.347  1   36.086   36.086  1
  334.0  334.0  1   15.324   15.324  1   36.082   36.082  1
  336.0  336.0  1   15.295   15.295  1   36.078   36.078  1
  338.0  338.0  1   15.282   15.282  1   36.076   36.076  1
  340.0  340.0  1   15.250   15.250  1   36.073   36.073  1
  341.9  341.9  1   15.149   15.149  1   36.064   36.064  1
  344.0  344.0  1   15.109   15.109  1   36.058   36.058  1
  346.0  346.0  1   15.094   15.094  1   36.056   36.056  1
  348.0  348.0  1   15.061   15.061  1   36.051   36.051  1
  350.0  350.0  1   15.023   15.023  1   36.046   36.046  1
  352.0  352.0  1   14.993   14.993  1   36.042   36.042  1
  354.0  354.0  1   14.947   14.947  1   36.036   36.036  1
  356.0  356.0  1   14.901   14.901  1   36.029   36.029  1
  358.0  358.0  1   14.859   14.859  1   36.022   36.022  1
  360.0  360.0  1   14.786   14.786  1   36.012   36.012  1
  362.0  362.0  1   14.756   14.756  1   36.007   36.007  1
  364.1  364.1  1   14.748   14.748  1   36.006   36.006  1
  366.0  366.0  1   14.736   14.736  1   36.003   36.003  1
  368.0  368.0  1   14.713   14.713  1   36.000   36.000  1
  370.0  370.0  1   14.670   14.670  1   35.994   35.994  1
  372.0  372.0  1   14.611   14.611  1   35.985   35.985  1
  374.0  374.0  1   14.552   14.552  1   35.976   35.976  1
  376.0  376.0  1   14.503   14.503  1   35.968   35.968  1
  378.0  378.0  1   14.478   14.478  1   35.964   35.964  1
  379.9  379.9  1   14.450   14.450  1   35.959   35.959  1
  381.9  381.9  1   14.366   14.366  1   35.947   35.947  1
  384.0  384.0  1   14.307   14.307  1   35.937   35.937  1
  386.0  386.0  1   14.242   14.242  1   35.928   35.928  1
  388.1  388.1  1   14.162   14.162  1   35.916   35.916  1
  390.0  390.0  1   14.106   14.106  1   35.907   35.907  1
  392.0  392.0  1   14.037   14.037  1   35.898   35.898  1
  394.0  394.0  1   13.991   13.991  1   35.894   35.894  1
  396.0  396.0  1   13.960   13.960  1   35.891   35.891  1
  398.0  398.0  1   13.916   13.916  1   35.884   35.884  1
  400.0  400.0  1   13.862   13.862  1   35.877   35.877  1
  402.0  402.0  1   13.825   13.825  1   35.871   35.871  1
  404.0  404.0  1   13.770   13.770  1   35.863   35.863  1
  406.0  406.0  1   13.720   13.720  1   35.856   35.856  1
  408.0  408.0  1   13.667   13.667  1   35.849   35.849  1
  410.0  410.0  1   13.626   13.626  1   35.843   35.843  1
  412.0  412.0  1   13.605   13.605  1   35.840   35.840  1
  414.0  414.0  1   13.571   13.571  1   35.835   35.835  1
  416.0  416.0  1   13.518   13.518  1   35.828   35.828  1
  418.0  418.0  1   13.489   13.489  1   35.823   35.823  1
  420.0  420.0  1   13.423   13.423  1   35.815   35.815  1
  422.0  422.0  1   13.362   13.362  1   35.806   35.806  1
  424.0  424.0  1   13.325   13.325  1   35.802   35.802  1
  426.0  426.0  1   13.303   13.303  1   35.798   35.798  1
  428.0  428.0  1   13.275   13.275  1   35.794   35.794  1
  430.0  430.0  1   13.212   13.212  1   35.785   35.785  1
  432.0  432.0  1   13.192   13.192  1   35.781   35.781  1
  434.0  434.0  1   13.155   13.155  1   35.776   35.776  1
  436.0  436.0  1   13.118   13.118  1   35.770   35.770  1
  438.0  438.0  1   13.107   13.107  1   35.768   35.768  1
  440.0  440.0  1   13.076   13.076  1   35.764   35.764  1
  442.1  442.1  1   13.018   13.018  1   35.756   35.756  1
  444.0  444.0  1   12.977   12.977  1   35.750   35.750  1
  446.0  446.0  1   12.921   12.921  1   35.740   35.740  1
  448.1  448.1  1   12.826   12.826  1   35.727   35.727  1
  450.0  450.0  1   12.798   12.798  1   35.720   35.720  1
  452.0  452.0  1   12.764   12.764  1   35.715   35.715  1
  453.9  453.9  1   12.699   12.699  1   35.706   35.706  1
  456.0  456.0  1   12.647   12.647  1   35.701   35.701  1
  458.0  458.0  1   12.645   12.645  1   35.701   35.701  1
  460.0  460.0  1   12.647   12.647  1   35.702   35.702  1
  462.0  462.0  1   12.646   12.646  1   35.702   35.702  1
  464.0  464.0  1   12.626   12.626  1   35.700   35.700  1
  466.1  466.1  1   12.578   12.578  1   35.695   35.695  1
  468.1  468.1  1   12.543   12.543  1   35.688   35.688  1
  470.1  470.1  1   12.533   12.533  1   35.686   35.686  1
  472.1  472.1  1   12.517   12.517  1   35.683   35.683  1
  474.0  474.0  1   12.506   12.506  1   35.680   35.680  1
  476.0  476.0  1   12.489   12.489  1   35.676   35.676  1
  478.1  478.1  1   12.448   12.448  1   35.670   35.670  1
  480.0  480.0  1   12.406   12.406  1   35.664   35.664  1
  481.9  481.9  1   12.378   12.378  1   35.660   35.660  1
  483.9  483.9  1   12.338   12.338  1   35.656   35.656  1
  486.0  486.0  1   12.307   12.307  1   35.652   35.652  1
  488.1  488.1  1   12.243   12.243  1   35.644   35.644  1
  490.1  490.1  1   12.212   12.212  1   35.638   35.638  1
  492.0  492.0  1   12.180   12.180  1   35.633   35.633  1
  493.9  493.9  1   12.126   12.126  1   35.623   35.623  1
  495.9  495.9  1   12.076   12.076  1   35.615   35.615  1
  497.9  497.9  1   12.068   12.068  1   35.612   35.612  1
  499.9  499.9  1   11.999   11.999  1   35.602   35.602  1
  501.9  501.9  1   11.927   11.927  1   35.590   35.590  1
  504.0  504.0  1   11.850   11.850  1   35.579   35.579  1
  506.0  506.0  1   11.812   11.812  1   35.572   35.572  1
  508.1  508.1  1   11.771   11.771  1   35.567   35.567  1
  510.1  510.1  1   11.749   11.749  1   35.564   35.564  1
  512.1  512.1  1   11.730   11.730  1   35.561   35.561  1
  514.0  514.0  1   11.714   11.714  1   35.559   35.559  1
  515.9  515.9  1   11.710   11.710  1   35.558   35.558  1
  517.9  517.9  1   11.704   11.704  1   35.558   35.558  1
  520.0  520.0  1   11.697   11.697  1   35.557   35.557  1
  522.0  522.0  1   11.679   11.679  1   35.555   35.555  1
  524.0  524.0  1   11.642   11.642  1   35.551   35.551  1
  525.9  525.9  1   11.634   11.634  1   35.549   35.549  1
  528.0  528.0  1   11.633   11.633  1   35.549   35.549  1
  530.0  530.0  1   11.629   11.629  1   35.549   35.549  1
  532.0  532.0  1   11.619   11.619  1   35.547   35.547  1
  534.0  534.0  1   11.611   11.611  1   35.546   35.546  1
  536.0  536.0  1   11.595   11.595  1   35.543   35.543  1
  538.0  538.0  1   11.526   11.526  1   35.536   35.536  1
  539.9  539.9  1   11.508   11.508  1   35.533   35.533  1
  541.9  541.9  1   11.471   11.471  1   35.528   35.528  1
  543.9  543.9  1   11.446   11.446  1   35.524   35.524  1
  545.9  545.9  1   11.430   11.430  1   35.522   35.522  1
  548.0  548.0  1   11.428   11.428  1   35.521   35.521  1
  550.0  550.0  1   11.419   11.419  1   35.519   35.519  1
  551.9  551.9  1   11.387   11.387  1   35.516   35.516  1
  554.0  554.0  1   11.356   11.356  1   35.512   35.512  1
  556.0  556.0  1   11.335   11.335  1   35.511   35.511  1
  557.9  557.9  1   11.331   11.331  1   35.511   35.511  1
  560.0  560.0  1   11.316   11.316  1   35.511   35.511  1
  562.0  562.0  1   11.304   11.304  1   35.510   35.510  1
  564.0  564.0  1   11.287   11.287  1   35.507   35.507  1
  566.0  566.0  1   11.216   11.216  1   35.500   35.500  1
  568.0  568.0  1   11.163   11.163  1   35.493   35.493  1
  569.9  569.9  1   11.132   11.132  1   35.488   35.488  1
  572.0  572.0  1   11.088   11.088  1   35.482   35.482  1
  574.0  574.0  1   11.056   11.056  1   35.476   35.476  1
  576.1  576.1  1   11.020   11.020  1   35.471   35.471  1
  578.0  578.0  1   10.996   10.996  1   35.467   35.467  1
  579.9  579.9  1   10.972   10.972  1   35.464   35.464  1
  581.9  581.9  1   10.928   10.928  1   35.459   35.459  1
  584.0  584.0  1   10.870   10.870  1   35.451   35.451  1
  586.1  586.1  1   10.809   10.809  1   35.442   35.442  1
  588.0  588.0  1   10.767   10.767  1   35.437   35.437  1
  589.9  589.9  1   10.717   10.717  1   35.430   35.430  1
  591.9  591.9  1   10.655   10.655  1   35.422   35.422  1
  594.0  594.0  1   10.605   10.605  1   35.417   35.417  1
  596.0  596.0  1   10.564   10.564  1   35.410   35.410  1
  598.0  598.0  1   10.559   10.559  1   35.409   35.409  1
  600.1  600.1  1   10.553   10.553  1   35.408   35.408  1
  602.0  602.0  1   10.538   10.538  1   35.406   35.406  1
  604.0  604.0  1   10.507   10.507  1   35.402   35.402  1
  606.1  606.1  1   10.435   10.435  1   35.395   35.395  1
  608.1  608.1  1   10.391   10.391  1   35.388   35.388  1
  610.1  610.1  1   10.369   10.369  1   35.386   35.386  1
  612.0  612.0  1   10.357   10.357  1   35.385   35.385  1
  614.0  614.0  1   10.354   10.354  1   35.384   35.384  1
  616.1  616.1  1   10.345   10.345  1   35.382   35.382  1
  618.0  618.0  1   10.320   10.320  1   35.380   35.380  1
  620.0  620.0  1   10.316   10.316  1   35.379   35.379  1
  622.0  622.0  1   10.313   10.313  1   35.377   35.377  1
  624.0  624.0  1   10.307   10.307  1   35.375   35.375  1
  625.9  625.9  1   10.256   10.256  1   35.370   35.370  1
  627.9  627.9  1   10.198   10.198  1   35.363   35.363  1
  630.0  630.0  1   10.147   10.147  1   35.357   35.357  1
  632.0  632.0  1   10.118   10.118  1   35.353   35.353  1
  634.0  634.0  1   10.089   10.089  1   35.349   35.349  1
  636.0  636.0  1   10.073   10.073  1   35.347   35.347  1
  638.0  638.0  1   10.058   10.058  1   35.344   35.344  1
  640.0  640.0  1   10.047   10.047  1   35.342   35.342  1
  642.0  642.0  1   10.025   10.025  1   35.339   35.339  1
  644.0  644.0  1   10.006   10.006  1   35.336   35.336  1
  646.0  646.0  1    9.960    9.960  1   35.331   35.331  1
  648.0  648.0  1    9.927    9.927  1   35.326   35.326  1
  650.0  650.0  1    9.898    9.898  1   35.322   35.322  1
  652.0  652.0  1    9.851    9.851  1   35.317   35.317  1
  654.1  654.1  1    9.815    9.815  1   35.311   35.311  1
  656.0  656.0  1    9.772    9.772  1   35.306   35.306  1
  657.9  657.9  1    9.741    9.741  1   35.302   35.302  1
  660.0  660.0  1    9.726    9.726  1   35.300   35.300  1
  662.0  662.0  1    9.714    9.714  1   35.298   35.298  1
  664.0  664.0  1    9.686    9.686  1   35.295   35.295  1
  666.0  666.0  1    9.655    9.655  1   35.292   35.292  1
  668.0  668.0  1    9.621    9.621  1   35.288   35.288  1
  670.0  670.0  1    9.593    9.593  1   35.284   35.284  1
  672.0  672.0  1    9.569    9.569  1   35.281   35.281  1
  674.0  674.0  1    9.546    9.546  1   35.278   35.278  1
  676.0  676.0  1    9.502    9.502  1   35.274   35.274  1
  678.1  678.1  1    9.493    9.493  1   35.272   35.272  1
  680.1  680.1  1    9.482    9.482  1   35.271   35.271  1
  682.0  682.0  1    9.454    9.454  1   35.268   35.268  1
  683.9  683.9  1    9.419    9.419  1   35.264   35.264  1
  685.9  685.9  1    9.397    9.397  1   35.261   35.261  1
  688.0  688.0  1    9.387    9.387  1   35.259   35.259  1
  690.0  690.0  1    9.355    9.355  1   35.256   35.256  1
  692.1  692.1  1    9.339    9.339  1   35.254   35.254  1
  694.1  694.1  1    9.336    9.336  1   35.253   35.253  1
  696.1  696.1  1    9.323    9.323  1   35.252   35.252  1
  698.1  698.1  1    9.299    9.299  1   35.249   35.249  1
  700.1  700.1  1    9.286    9.286  1   35.247   35.247  1
  702.1  702.1  1    9.249    9.249  1   35.243   35.243  1
  704.1  704.1  1    9.217    9.217  1   35.240   35.240  1
  706.1  706.1  1    9.197    9.197  1   35.238   35.238  1
  708.0  708.0  1    9.180    9.180  1   35.236   35.236  1
  710.0  710.0  1    9.166    9.166  1   35.234   35.234  1
  712.0  712.0  1    9.155    9.155  1   35.233   35.233  1
  714.0  714.0  1    9.145    9.145  1   35.232   35.232  1
  716.0  716.0  1    9.136    9.136  1   35.231   35.231  1
  718.0  718.0  1    9.115    9.115  1   35.228   35.228  1
  720.0  720.0  1    9.086    9.086  1   35.226   35.226  1
  721.9  721.9  1    9.032    9.032  1   35.220   35.220  1
  724.0  724.0  1    9.001    9.001  1   35.216   35.216  1
  726.0  726.0  1    8.969    8.969  1   35.212   35.212  1
  728.0  728.0  1    8.941    8.941  1   35.209   35.209  1
  730.0  730.0  1    8.889    8.889  1   35.203   35.203  1
  732.0  732.0  1    8.860    8.860  1   35.200   35.200  1
  734.0  734.0  1    8.851    8.851  1   35.199   35.199  1
  735.9  735.9  1    8.837    8.837  1   35.198   35.198  1
  738.0  738.0  1    8.830    8.830  1   35.197   35.197  1
  740.0  740.0  1    8.811    8.811  1   35.195   35.195  1
  742.0  742.0  1    8.777    8.777  1   35.192   35.192  1
  744.0  744.0  1    8.752    8.752  1   35.189   35.189  1
  746.0  746.0  1    8.740    8.740  1   35.188   35.188  1
  747.9  747.9  1    8.705    8.705  1   35.184   35.184  1
  750.0  750.0  1    8.678    8.678  1   35.181   35.181  1
  752.1  752.1  1    8.661    8.661  1   35.179   35.179  1
  754.0  754.0  1    8.641    8.641  1   35.176   35.176  1
  756.0  756.0  1    8.602    8.602  1   35.173   35.173  1
  758.0  758.0  1    8.548    8.548  1   35.167   35.167  1
  760.0  760.0  1    8.506    8.506  1   35.163   35.163  1
  762.0  762.0  1    8.499    8.499  1   35.162   35.162  1
  764.0  764.0  1    8.494    8.494  1   35.162   35.162  1
  766.0  766.0  1    8.479    8.479  1   35.159   35.159  1
  768.0  768.0  1    8.445    8.445  1   35.156   35.156  1
  770.0  770.0  1    8.448    8.448  1   35.157   35.157  1
  772.0  772.0  1    8.397    8.397  1   35.153   35.153  1
  774.0  774.0  1    8.331    8.331  1   35.143   35.143  1
  776.0  776.0  1    8.300    8.300  1   35.140   35.140  1
  778.0  778.0  1    8.261    8.261  1   35.136   35.136  1
  780.1  780.1  1    8.239    8.239  1   35.135   35.135  1
  782.0  782.0  1    8.195    8.195  1   35.131   35.131  1
  784.0  784.0  1    8.174    8.174  1   35.133   35.133  1
  786.0  786.0  1    8.132    8.132  1   35.130   35.130  1
  788.0  788.0  1    8.084    8.084  1   35.124   35.124  1
  790.0  790.0  1    8.072    8.072  1   35.123   35.123  1
  792.0  792.0  1    8.064    8.064  1   35.122   35.122  1
  794.0  794.0  1    8.051    8.051  1   35.120   35.120  1
  796.0  796.0  1    8.043    8.043  1   35.119   35.119  1
  798.0  798.0  1    8.023    8.023  1   35.118   35.118  1
  800.0  800.0  1    7.960    7.960  1   35.113   35.113  1
  802.0  802.0  1    7.932    7.932  1   35.110   35.110  1
  804.0  804.0  1    7.911    7.911  1   35.108   35.108  1
  806.0  806.0  1    7.885    7.885  1   35.105   35.105  1
  808.0  808.0  1    7.846    7.846  1   35.103   35.103  1
  810.0  810.0  1    7.826    7.826  1   35.102   35.102  1
  812.0  812.0  1    7.795    7.795  1   35.099   35.099  1
  814.0  814.0  1    7.779    7.779  1   35.098   35.098  1
  815.9  815.9  1    7.778    7.778  1   35.098   35.098  1
  818.0  818.0  1    7.768    7.768  1   35.098   35.098  1
  820.0  820.0  1    7.758    7.758  1   35.097   35.097  1
  822.0  822.0  1    7.751    7.751  1   35.097   35.097  1
  824.0  824.0  1    7.741    7.741  1   35.096   35.096  1
  826.0  826.0  1    7.734    7.734  1   35.097   35.097  1
  828.0  828.0  1    7.720    7.720  1   35.097   35.097  1
  830.0  830.0  1    7.708    7.708  1   35.096   35.096  1
  832.1  832.1  1    7.691    7.691  1   35.094   35.094  1
  834.0  834.0  1    7.660    7.660  1   35.091   35.091  1
  836.0  836.0  1    7.644    7.644  1   35.090   35.090  1
  838.0  838.0  1    7.626    7.626  1   35.089   35.089  1
  840.0  840.0  1    7.612    7.612  1   35.087   35.087  1
  841.9  841.9  1    7.597    7.597  1   35.086   35.086  1
  844.0  844.0  1    7.567    7.567  1   35.084   35.084  1
  846.0  846.0  1    7.552    7.552  1   35.083   35.083  1
  848.0  848.0  1    7.545    7.545  1   35.083   35.083  1
  850.1  850.1  1    7.542    7.542  1   35.083   35.083  1
  852.0  852.0  1    7.538    7.538  1   35.082   35.082  1
  854.0  854.0  1    7.522    7.522  1   35.081   35.081  1
  856.1  856.1  1    7.502    7.502  1   35.081   35.081  1
  858.0  858.0  1    7.490    7.490  1   35.081   35.081  1
  860.0  860.0  1    7.498    7.498  1   35.085   35.085  1
  862.0  862.0  1    7.498    7.498  1   35.086   35.086  1
  864.0  864.0  1    7.496    7.496  1   35.086   35.086  1
  866.0  866.0  1    7.490    7.490  1   35.086   35.086  1
  868.0  868.0  1    7.483    7.483  1   35.086   35.086  1
  870.0  870.0  1    7.477    7.477  1   35.085   35.085  1
  872.0  872.0  1    7.469    7.469  1   35.084   35.084  1
  874.0  874.0  1    7.444    7.444  1   35.081   35.081  1
  876.0  876.0  1    7.414    7.414  1   35.077   35.077  1
  877.9  877.9  1    7.391    7.391  1   35.080   35.080  1
  879.9  879.9  1    7.376    7.376  1   35.080   35.080  1
  881.9  881.9  1    7.365    7.365  1   35.079   35.079  1
  883.9  883.9  1    7.338    7.338  1   35.076   35.076  1
  885.9  885.9  1    7.329    7.329  1   35.075   35.075  1
  888.0  888.0  1    7.315    7.315  1   35.074   35.074  1
  890.0  890.0  1    7.305    7.305  1   35.073   35.073  1
  892.0  892.0  1    7.270    7.270  1   35.070   35.070  1
  894.1  894.1  1    7.256    7.256  1   35.068   35.068  1
  896.0  896.0  1    7.249    7.249  1   35.067   35.067  1
  898.0  898.0  1    7.240    7.240  1   35.066   35.066  1
  899.9  899.9  1    7.227    7.227  1   35.065   35.065  1
  901.9  901.9  1    7.193    7.193  1   35.063   35.063  1
  903.9  903.9  1    7.163    7.163  1   35.058   35.058  1
  905.9  905.9  1    7.153    7.153  1   35.057   35.057  1
  907.9  907.9  1    7.126    7.126  1   35.055   35.055  1
  909.9  909.9  1    7.102    7.102  1   35.053   35.053  1
  911.9  911.9  1    7.083    7.083  1   35.052   35.052  1
  913.9  913.9  1    7.066    7.066  1   35.051   35.051  1
  915.9  915.9  1    7.052    7.052  1   35.049   35.049  1
  918.0  918.0  1    7.034    7.034  1   35.048   35.048  1
  920.0  920.0  1    7.023    7.023  1   35.047   35.047  1
  922.1  922.1  1    7.017    7.017  1   35.047   35.047  1
  924.1  924.1  1    6.998    6.998  1   35.047   35.047  1
  926.0  926.0  1    6.985    6.985  1   35.047   35.047  1
  927.9  927.9  1    6.974    6.974  1   35.046   35.046  1
  929.9  929.9  1    6.963    6.963  1   35.045   35.045  1
  932.0  932.0  1    6.935    6.935  1   35.043   35.043  1
  934.0  934.0  1    6.891    6.891  1   35.040   35.040  1
  936.0  936.0  1    6.870    6.870  1   35.038   35.038  1
  937.9  937.9  1    6.848    6.848  1   35.036   35.036  1
  940.0  940.0  1    6.828    6.828  1   35.033   35.033  1
  942.0  942.0  1    6.808    6.808  1   35.031   35.031  1
  943.9  943.9  1    6.791    6.791  1   35.029   35.029  1
  946.0  946.0  1    6.781    6.781  1   35.029   35.029  1
  948.0  948.0  1    6.772    6.772  1   35.027   35.027  1
  950.1  950.1  1    6.768    6.768  1   35.027   35.027  1
  952.0  952.0  1    6.756    6.756  1   35.026   35.026  1
  953.9  953.9  1    6.742    6.742  1   35.025   35.025  1
  956.0  956.0  1    6.737    6.737  1   35.024   35.024  1
  958.0  958.0  1    6.726    6.726  1   35.024   35.024  1
  960.0  960.0  1    6.722    6.722  1   35.025   35.025  1
  962.0  962.0  1    6.704    6.704  1   35.026   35.026  1
  964.0  964.0  1    6.688    6.688  1   35.024   35.024  1
  966.0  966.0  1    6.684    6.684  1   35.024   35.024  1
  968.1  968.1  1    6.678    6.678  1   35.025   35.025  1
  970.1  970.1  1    6.660    6.660  1   35.026   35.026  1
  972.0  972.0  1    6.640    6.640  1   35.026   35.026  1
  973.9  973.9  1    6.630    6.630  1   35.025   35.025  1
  976.0  976.0  1    6.615    6.615  1   35.023   35.023  1
  978.1  978.1  1    6.585    6.585  1   35.023   35.023  1
  980.1  980.1  1    6.576    6.576  1   35.022   35.022  1
  982.0  982.0  1    6.555    6.555  1   35.022   35.022  1
  983.9  983.9  1    6.535    6.535  1   35.021   35.021  1
  985.9  985.9  1    6.521    6.521  1   35.020   35.020  1
  987.9  987.9  1    6.510    6.510  1   35.019   35.019  1
  990.0  990.0  1    6.491    6.491  1   35.018   35.018  1
  992.0  992.0  1    6.449    6.449  1   35.015   35.015  1
  994.0  994.0  1    6.427    6.427  1   35.013   35.013  1
  996.0  996.0  1    6.389    6.389  1   35.014   35.014  1
  998.0  998.0  1    6.360    6.360  1   35.013   35.013  1
 1000.1 1000.1  1    6.358    6.358  1   35.013   35.013  1
 1002.1 1002.1  1    6.358    6.358  1   35.012   35.012  1
 1004.1 1004.1  1    6.350    6.350  1   35.013   35.013  1
 1006.0 1006.0  1    6.343    6.343  1   35.012   35.012  1
 1007.9 1007.9  1    6.340    6.340  1   35.012   35.012  1
 1010.0 1010.0  1    6.338    6.338  1   35.012   35.012  1
 1012.0 1012.0  1    6.335    6.335  1   35.012   35.012  1
 1013.8 1013.8  1    6.336    6.336  1   35.012   35.012  1
 1015.9 1015.9  1    6.331    6.331  1   35.012   35.012  1
 1017.9 1017.9  1    6.325    6.325  1   35.012   35.012  1
 1020.0 1020.0  1    6.320    6.320  1   35.012   35.012  1
 1022.1 1022.1  1    6.309    6.309  1   35.012   35.012  1
 1024.0 1024.0  1    6.297    6.297  1   35.011   35.011  1
 1026.0 1026.0  1    6.290    6.290  1   35.011   35.011  1
 1028.0 1028.0  1    6.285    6.285  1   35.011   35.011  1
 1030.0 1030.0  1    6.280    6.280  1   35.011   35.011  1
 1031.9 1031.9  1    6.274    6.274  1   35.011   35.011  1
 1033.9 1033.9  1    6.263    6.263  1   35.011   35.011  1
 1035.9 1035.9  1    6.240    6.240  1   35.011   35.011  1
 1038.0 1038.0  1    6.238    6.238  1   35.011   35.011  1
 1040.1 1040.1  1    6.236    6.236  1   35.011   35.011  1
 1042.0 1042.0  1    6.228    6.228  1   35.011   35.011  1
 1044.0 1044.0  1    6.211    6.211  1   35.011   35.011  1
 1046.0 1046.0  1    6.198    6.198  1   35.011   35.011  1
 1048.0 1048.0  1    6.196    6.196  1   35.011   35.011  1
 1050.0 1050.0  1    6.190    6.190  1   35.011   35.011  1
 1052.0 1052.0  1    6.180    6.180  1   35.011   35.011  1
 1053.9 1053.9  1    6.171    6.171  1   35.011   35.011  1
 1056.0 1056.0  1    6.157    6.157  1   35.011   35.011  1
 1058.1 1058.1  1    6.150    6.150  1   35.010   35.010  1
 1060.0 1060.0  1    6.149    6.149  1   35.011   35.011  1
 1062.0 1062.0  1    6.148    6.148  1   35.011   35.011  1
 1064.1 1064.1  1    6.145    6.145  1   35.011   35.011  1
 1066.0 1066.0  1    6.142    6.142  1   35.012   35.012  1
 1068.0 1068.0  1    6.140    6.140  1   35.012   35.012  1
 1070.0 1070.0  1    6.139    6.139  1   35.012   35.012  1
 1072.0 1072.0  1    6.123    6.123  1   35.012   35.012  1
 1074.0 1074.0  1    6.115    6.115  1   35.012   35.012  1
 1076.0 1076.0  1    6.109    6.109  1   35.013   35.013  1
 1078.0 1078.0  1    6.100    6.100  1   35.013   35.013  1
 1080.0 1080.0  1    6.096    6.096  1   35.013   35.013  1
 1082.1 1082.1  1    6.086    6.086  1   35.013   35.013  1
 1084.0 1084.0  1    6.083    6.083  1   35.014   35.014  1
 1086.0 1086.0  1    6.072    6.072  1   35.014   35.014  1
 1088.0 1088.0  1    6.066    6.066  1   35.013   35.013  1
 1090.0 1090.0  1    6.058    6.058  1   35.013   35.013  1
 1092.1 1092.1  1    6.051    6.051  1   35.013   35.013  1
 1094.0 1094.0  1    6.049    6.049  1   35.013   35.013  1
 1096.0 1096.0  1    6.040    6.040  1   35.013   35.013  1
 1098.0 1098.0  1    6.023    6.023  1   35.015   35.015  1
 1100.0 1100.0  1    6.015    6.015  1   35.016   35.016  1
 1102.0 1102.0  1    6.008    6.008  1   35.016   35.016  1
 1104.0 1104.0  1    6.005    6.005  1   35.016   35.016  1
 1106.0 1106.0  1    6.003    6.003  1   35.016   35.016  1
 1108.0 1108.0  1    5.999    5.999  1   35.017   35.017  1
 1110.0 1110.0  1    5.997    5.997  1   35.017   35.017  1
 1112.0 1112.0  1    5.995    5.995  1   35.017   35.017  1
 1114.0 1114.0  1    5.993    5.993  1   35.017   35.017  1
 1116.0 1116.0  1    5.990    5.990  1   35.017   35.017  1
 1118.1 1118.1  1    5.985    5.985  1   35.018   35.018  1
 1120.0 1120.0  1    5.984    5.984  1   35.018   35.018  1
 1122.0 1122.0  1    5.983    5.983  1   35.017   35.017  1
 1124.0 1124.0  1    5.978    5.978  1   35.018   35.018  1
 1125.9 1125.9  1    5.972    5.972  1   35.018   35.018  1
 1127.9 1127.9  1    5.965    5.965  1   35.018   35.018  1
 1129.9 1129.9  1    5.962    5.962  1   35.019   35.019  1
 1132.0 1132.0  1    5.957    5.957  1   35.019   35.019  1
 1134.0 1134.0  1    5.950    5.950  1   35.019   35.019  1
 1136.0 1136.0  1    5.938    5.938  1   35.019   35.019  1
 1138.0 1138.0  1    5.931    5.931  1   35.019   35.019  1
 1140.0 1140.0  1    5.929    5.929  1   35.020   35.020  1
 1142.0 1142.0  1    5.929    5.929  1   35.019   35.019  1
 1144.0 1144.0  1    5.927    5.927  1   35.019   35.019  1
 1146.1 1146.1  1    5.921    5.921  1   35.019   35.019  1
 1148.0 1148.0  1    5.916    5.916  1   35.019   35.019  1
 1150.0 1150.0  1    5.902    5.902  1   35.020   35.020  1
 1152.0 1152.0  1    5.888    5.888  1   35.021   35.021  1
 1153.9 1153.9  1    5.879    5.879  1   35.021   35.021  1
 1156.0 1156.0  1    5.866    5.866  1   35.021   35.021  1
 1158.0 1158.0  1    5.859    5.859  1   35.021   35.021  1
 1159.9 1159.9  1    5.853    5.853  1   35.021   35.021  1
 1162.0 1162.0  1    5.844    5.844  1   35.022   35.022  1
 1164.1 1164.1  1    5.835    5.835  1   35.023   35.023  1
 1166.1 1166.1  1    5.822    5.822  1   35.024   35.024  1
 1168.0 1168.0  1    5.822    5.822  1   35.025   35.025  1
 1169.9 1169.9  1    5.823    5.823  1   35.026   35.026  1
 1172.0 1172.0  1    5.822    5.822  1   35.026   35.026  1
 1174.0 1174.0  1    5.813    5.813  1   35.028   35.028  1
 1176.0 1176.0  1    5.800    5.800  1   35.028   35.028  1
 1178.0 1178.0  1    5.796    5.796  1   35.029   35.029  1
 1180.1 1180.1  1    5.786    5.786  1   35.030   35.030  1
 1182.0 1182.0  1    5.775    5.775  1   35.031   35.031  1
 1184.0 1184.0  1    5.768    5.768  1   35.031   35.031  1
 1186.0 1186.0  1    5.768    5.768  1   35.031   35.031  1
 1188.0 1188.0  1    5.768    5.768  1   35.031   35.031  1
 1190.0 1190.0  1    5.767    5.767  1   35.032   35.032  1
 1192.0 1192.0  1    5.765    5.765  1   35.032   35.032  1
 1194.0 1194.0  1    5.756    5.756  1   35.032   35.032  1
 1196.0 1196.0  1    5.747    5.747  1   35.033   35.033  1
 1198.0 1198.0  1    5.741    5.741  1   35.033   35.033  1
 1200.0 1200.0  1    5.736    5.736  1   35.033   35.033  1
 1202.0 1202.0  1    5.730    5.730  1   35.034   35.034  1
 1204.0 1204.0  1    5.722    5.722  1   35.034   35.034  1
 1206.0 1206.0  1    5.704    5.704  1   35.035   35.035  1
 1208.0 1208.0  1    5.681    5.681  1   35.036   35.036  1
 1210.0 1210.0  1    5.678    5.678  1   35.036   35.036  1
 1212.0 1212.0  1    5.676    5.676  1   35.036   35.036  1
 1214.0 1214.0  1    5.676    5.676  1   35.036   35.036  1
 1216.0 1216.0  1    5.676    5.676  1   35.036   35.036  1
 1218.1 1218.1  1    5.676    5.676  1   35.036   35.036  1
 1220.0 1220.0  1    5.675    5.675  1   35.036   35.036  1
 1222.0 1222.0  1    5.670    5.670  1   35.037   35.037  1
 1224.0 1224.0  1    5.662    5.662  1   35.037   35.037  1
 1226.0 1226.0  1    5.658    5.658  1   35.038   35.038  1
 1228.0 1228.0  1    5.658    5.658  1   35.038   35.038  1
 1230.0 1230.0  1    5.655    5.655  1   35.038   35.038  1
 1232.0 1232.0  1    5.648    5.648  1   35.038   35.038  1
 1234.0 1234.0  1    5.643    5.643  1   35.038   35.038  1
 1236.0 1236.0  1    5.635    5.635  1   35.039   35.039  1
 1238.1 1238.1  1    5.617    5.617  1   35.040   35.040  1
 1240.0 1240.0  1    5.613    5.613  1   35.040   35.040  1
 1241.9 1241.9  1    5.605    5.605  1   35.040   35.040  1
 1244.0 1244.0  1    5.590    5.590  1   35.041   35.041  1
 1246.0 1246.0  1    5.587    5.587  1   35.042   35.042  1
 1248.0 1248.0  1    5.585    5.585  1   35.042   35.042  1
 1250.0 1250.0  1    5.583    5.583  1   35.042   35.042  1
 1252.0 1252.0  1    5.582    5.582  1   35.042   35.042  1
 1254.0 1254.0  1    5.581    5.581  1   35.042   35.042  1
 1256.0 1256.0  1    5.576    5.576  1   35.042   35.042  1
 1258.0 1258.0  1    5.565    5.565  1   35.043   35.043  1
 1260.0 1260.0  1    5.562    5.562  1   35.043   35.043  1
 1262.0 1262.0  1    5.555    5.555  1   35.044   35.044  1
 1264.0 1264.0  1    5.546    5.546  1   35.045   35.045  1
 1266.0 1266.0  1    5.543    5.543  1   35.045   35.045  1
 1268.0 1268.0  1    5.534    5.534  1   35.046   35.046  1
 1270.0 1270.0  1    5.529    5.529  1   35.046   35.046  1
 1272.0 1272.0  1    5.525    5.525  1   35.046   35.046  1
 1274.0 1274.0  1    5.523    5.523  1   35.047   35.047  1
 1276.0 1276.0  1    5.519    5.519  1   35.047   35.047  1
 1278.0 1278.0  1    5.518    5.518  1   35.047   35.047  1
 1280.0 1280.0  1    5.515    5.515  1   35.046   35.046  1
 1282.0 1282.0  1    5.506    5.506  1   35.047   35.047  1
 1283.9 1283.9  1    5.498    5.498  1   35.047   35.047  1
 1286.0 1286.0  1    5.494    5.494  1   35.047   35.047  1
 1288.1 1288.1  1    5.493    5.493  1   35.047   35.047  1
 1290.1 1290.1  1    5.489    5.489  1   35.047   35.047  1
 1292.1 1292.1  1    5.488    5.488  1   35.047   35.047  1
 1294.1 1294.1  1    5.487    5.487  1   35.047   35.047  1
 1296.1 1296.1  1    5.484    5.484  1   35.047   35.047  1
 1298.1 1298.1  1    5.474    5.474  1   35.048   35.048  1
 1300.0 1300.0  1    5.472    5.472  1   35.048   35.048  1
 1302.0 1302.0  1    5.460    5.460  1   35.049   35.049  1
 1303.9 1303.9  1    5.456    5.456  1   35.048   35.048  1
 1305.9 1305.9  1    5.449    5.449  1   35.049   35.049  1
 1307.9 1307.9  1    5.445    5.445  1   35.049   35.049  1
 1309.9 1309.9  1    5.440    5.440  1   35.049   35.049  1
 1312.0 1312.0  1    5.437    5.437  1   35.050   35.050  1
 1314.1 1314.1  1    5.436    5.436  1   35.050   35.050  1
 1316.1 1316.1  1    5.435    5.435  1   35.049   35.049  1
 1318.0 1318.0  1    5.432    5.432  1   35.049   35.049  1
 1320.0 1320.0  1    5.427    5.427  1   35.050   35.050  1
 1321.9 1321.9  1    5.415    5.415  1   35.050   35.050  1
 1324.0 1324.0  1    5.402    5.402  1   35.050   35.050  1
 1326.0 1326.0  1    5.392    5.392  1   35.051   35.051  1
 1328.0 1328.0  1    5.383    5.383  1   35.051   35.051  1
 1330.0 1330.0  1    5.379    5.379  1   35.052   35.052  1
 1332.0 1332.0  1    5.376    5.376  1   35.052   35.052  1
 1334.0 1334.0  1    5.373    5.373  1   35.052   35.052  1
 1336.0 1336.0  1    5.371    5.371  1   35.052   35.052  1
 1338.0 1338.0  1    5.364    5.364  1   35.052   35.052  1
 1340.0 1340.0  1    5.358    5.358  1   35.052   35.052  1
 1341.9 1341.9  1    5.354    5.354  1   35.053   35.053  1
 1344.0 1344.0  1    5.352    5.352  1   35.053   35.053  1
 1346.1 1346.1  1    5.345    5.345  1   35.053   35.053  1
 1348.0 1348.0  1    5.337    5.337  1   35.054   35.054  1
 1350.0 1350.0  1    5.327    5.327  1   35.053   35.053  1
 1351.9 1351.9  1    5.324    5.324  1   35.053   35.053  1
 1354.0 1354.0  1    5.315    5.315  1   35.054   35.054  1
 1356.1 1356.1  1    5.293    5.293  1   35.055   35.055  1
 1358.0 1358.0  1    5.283    5.283  1   35.056   35.056  1
 1360.0 1360.0  1    5.280    5.280  1   35.056   35.056  1
 1362.0 1362.0  1    5.275    5.275  1   35.056   35.056  1
 1364.0 1364.0  1    5.264    5.264  1   35.057   35.057  1
 1366.0 1366.0  1    5.259    5.259  1   35.056   35.056  1
 1368.0 1368.0  1    5.253    5.253  1   35.056   35.056  1
 1370.0 1370.0  1    5.243    5.243  1   35.056   35.056  1
 1372.0 1372.0  1    5.238    5.238  1   35.056   35.056  1
 1373.9 1373.9  1    5.231    5.231  1   35.056   35.056  1
 1376.0 1376.0  1    5.219    5.219  1   35.055   35.055  1
 1378.0 1378.0  1    5.204    5.204  1   35.056   35.056  1
 1380.1 1380.1  1    5.195    5.195  1   35.056   35.056  1
 1382.0 1382.0  1    5.191    5.191  1   35.055   35.055  1
 1384.0 1384.0  1    5.174    5.174  1   35.056   35.056  1
 1386.0 1386.0  1    5.159    5.159  1   35.055   35.055  1
 1388.0 1388.0  1    5.149    5.149  1   35.055   35.055  1
 1390.0 1390.0  1    5.144    5.144  1   35.056   35.056  1
 1392.0 1392.0  1    5.142    5.142  1   35.056   35.056  1
 1394.0 1394.0  1    5.133    5.133  1   35.057   35.057  1
 1396.0 1396.0  1    5.126    5.126  1   35.056   35.056  1
 1398.0 1398.0  1    5.124    5.124  1   35.056   35.056  1
 1400.0 1400.0  1    5.122    5.122  1   35.056   35.056  1
 1402.0 1402.0  1    5.117    5.117  1   35.057   35.057  1
 1404.0 1404.0  1    5.105    5.105  1   35.057   35.057  1
 1405.9 1405.9  1    5.095    5.095  1   35.058   35.058  1
 1408.0 1408.0  1    5.091    5.091  1   35.058   35.058  1
 1410.0 1410.0  1    5.086    5.086  1   35.058   35.058  1
 1412.0 1412.0  1    5.076    5.076  1   35.058   35.058  1
 1414.0 1414.0  1    5.070    5.070  1   35.058   35.058  1
 1416.1 1416.1  1    5.065    5.065  1   35.058   35.058  1
 1418.0 1418.0  1    5.060    5.060  1   35.058   35.058  1
 1420.0 1420.0  1    5.056    5.056  1   35.058   35.058  1
 1421.9 1421.9  1    5.056    5.056  1   35.058   35.058  1
 1424.0 1424.0  1    5.050    5.050  1   35.058   35.058  1
 1426.0 1426.0  1    5.042    5.042  1   35.058   35.058  1
 1428.0 1428.0  1    5.038    5.038  1   35.058   35.058  1
 1430.0 1430.0  1    5.028    5.028  1   35.059   35.059  1
 1432.0 1432.0  1    5.022    5.022  1   35.059   35.059  1
 1434.0 1434.0  1    5.022    5.022  1   35.058   35.058  1
 1436.0 1436.0  1    5.021    5.021  1   35.059   35.059  1
 1438.0 1438.0  1    5.016    5.016  1   35.058   35.058  1
 1440.0 1440.0  1    5.009    5.009  1   35.059   35.059  1
 1442.0 1442.0  1    5.005    5.005  1   35.059   35.059  1
 1443.9 1443.9  1    5.004    5.004  1   35.059   35.059  1
 1446.0 1446.0  1    5.002    5.002  1   35.059   35.059  1
 1448.0 1448.0  1    5.001    5.001  1   35.059   35.059  1
 1450.0 1450.0  1    4.999    4.999  1   35.059   35.059  1
 1452.0 1452.0  1    4.996    4.996  1   35.059   35.059  1
 1454.0 1454.0  1    4.989    4.989  1   35.059   35.059  1
 1456.0 1456.0  1    4.982    4.982  1   35.060   35.060  1
 1458.0 1458.0  1    4.979    4.979  1   35.060   35.060  1
 1460.0 1460.0  1    4.979    4.979  1   35.060   35.060  1
 1462.0 1462.0  1    4.973    4.973  1   35.060   35.060  1
 1464.0 1464.0  1    4.967    4.967  1   35.060   35.060  1
 1466.0 1466.0  1    4.966    4.966  1   35.060   35.060  1
 1468.0 1468.0  1    4.965    4.965  1   35.059   35.059  1
 1470.0 1470.0  1    4.962    4.962  1   35.059   35.059  1
 1472.0 1472.0  1    4.961    4.961  1   35.059   35.059  1
 1473.9 1473.9  1    4.949    4.949  1   35.059   35.059  1
 1476.0 1476.0  1    4.938    4.938  1   35.059   35.059  1
 1478.0 1478.0  1    4.933    4.933  1   35.059   35.059  1
 1480.0 1480.0  1    4.929    4.929  1   35.059   35.059  1
 1482.0 1482.0  1    4.925    4.925  1   35.060   35.060  1
 1484.0 1484.0  1    4.923    4.923  1   35.060   35.060  1
 1486.0 1486.0  1    4.922    4.922  1   35.061   35.061  1
 1488.0 1488.0  1    4.916    4.916  1   35.061   35.061  1
 1490.0 1490.0  1    4.913    4.913  1   35.062   35.062  1
 1492.0 1492.0  1    4.904    4.904  1   35.061   35.061  1
 1494.0 1494.0  1    4.894    4.894  1   35.060   35.060  1
 1496.0 1496.0  1    4.886    4.886  1   35.060   35.060  1
 1498.0 1498.0  1    4.888    4.888  1   35.060   35.060  1
 1500.0 1500.0  1    4.887    4.887  1   35.060   35.060  1
 1502.0 1502.0  1    4.884    4.884  1   35.060   35.060  1
 1504.0 1504.0  1    4.874    4.874  1   35.060   35.060  1
 1506.0 1506.0  1    4.865    4.865  1   35.059   35.059  1
 1508.0 1508.0  1    4.856    4.856  1   35.059   35.059  1
 1510.0 1510.0  1    4.851    4.851  1   35.060   35.060  1
 1512.0 1512.0  1    4.845    4.845  1   35.059   35.059  1
 1514.0 1514.0  1    4.843    4.843  1   35.060   35.060  1
 1516.0 1516.0  1    4.838    4.838  1   35.059   35.059  1
 1518.0 1518.0  1    4.832    4.832  1   35.059   35.059  1
 1520.0 1520.0  1    4.824    4.824  1   35.058   35.058  1
 1522.0 1522.0  1    4.823    4.823  1   35.058   35.058  1
 1524.0 1524.0  1    4.822    4.822  1   35.058   35.058  1
 1526.0 1526.0  1    4.821    4.821  1   35.058   35.058  1
 1528.0 1528.0  1    4.804    4.804  1   35.057   35.057  1
 1530.0 1530.0  1    4.801    4.801  1   35.057   35.057  1
 1532.0 1532.0  1    4.799    4.799  1   35.057   35.057  1
 1533.9 1533.9  1    4.798    4.798  1   35.057   35.057  1
 1536.0 1536.0  1    4.797    4.797  1   35.057   35.057  1
 1538.0 1538.0  1    4.795    4.795  1   35.057   35.057  1
 1540.0 1540.0  1    4.791    4.791  1   35.057   35.057  1
 1542.0 1542.0  1    4.788    4.788  1   35.057   35.057  1
 1543.9 1543.9  1    4.780    4.780  1   35.057   35.057  1
 1545.9 1545.9  1    4.775    4.775  1   35.057   35.057  1
 1548.0 1548.0  1    4.768    4.768  1   35.057   35.057  1
 1550.1 1550.1  1    4.756    4.756  1   35.057   35.057  1
 1552.0 1552.0  1    4.754    4.754  1   35.057   35.057  1
 1554.0 1554.0  1    4.752    4.752  1   35.057   35.057  1
 1556.1 1556.1  1    4.752    4.752  1   35.057   35.057  1
 1558.0 1558.0  1    4.751    4.751  1   35.056   35.056  1
 1560.0 1560.0  1    4.748    4.748  1   35.056   35.056  1
 1562.0 1562.0  1    4.744    4.744  1   35.056   35.056  1
 1564.0 1564.0  1    4.741    4.741  1   35.056   35.056  1
 1566.0 1566.0  1    4.737    4.737  1   35.056   35.056  1
 1567.9 1567.9  1    4.734    4.734  1   35.056   35.056  1
 1569.9 1569.9  1    4.733    4.733  1   35.056   35.056  1
 1572.0 1572.0  1    4.724    4.724  1   35.056   35.056  1
 1574.0 1574.0  1    4.715    4.715  1   35.056   35.056  1
 1575.9 1575.9  1    4.713    4.713  1   35.056   35.056  1
 1578.0 1578.0  1    4.711    4.711  1   35.056   35.056  1
 1580.0 1580.0  1    4.708    4.708  1   35.056   35.056  1
 1582.0 1582.0  1    4.704    4.704  1   35.056   35.056  1
 1584.0 1584.0  1    4.699    4.699  1   35.056   35.056  1
 1586.0 1586.0  1    4.691    4.691  1   35.056   35.056  1
 1588.0 1588.0  1    4.690    4.690  1   35.056   35.056  1
 1590.0 1590.0  1    4.688    4.688  1   35.055   35.055  1
 1592.0 1592.0  1    4.680    4.680  1   35.055   35.055  1
 1594.0 1594.0  1    4.679    4.679  1   35.055   35.055  1
 1596.1 1596.1  1    4.677    4.677  1   35.055   35.055  1
 1598.1 1598.1  1    4.672    4.672  1   35.055   35.055  1
 1600.1 1600.1  1    4.668    4.668  1   35.055   35.055  1
 1602.1 1602.1  1    4.664    4.664  1   35.054   35.054  1
 1604.0 1604.0  1    4.663    4.663  1   35.054   35.054  1
 1606.0 1606.0  1    4.657    4.657  1   35.054   35.054  1
 1608.0 1608.0  1    4.644    4.644  1   35.053   35.053  1
 1610.0 1610.0  1    4.626    4.626  1   35.053   35.053  1
 1612.0 1612.0  1    4.623    4.623  1   35.054   35.054  1
 1614.0 1614.0  1    4.619    4.619  1   35.055   35.055  1
 1616.0 1616.0  1    4.617    4.617  1   35.055   35.055  1
 1618.0 1618.0  1    4.615    4.615  1   35.055   35.055  1
 1620.0 1620.0  1    4.610    4.610  1   35.055   35.055  1
 1622.0 1622.0  1    4.602    4.602  1   35.055   35.055  1
 1624.0 1624.0  1    4.600    4.600  1   35.055   35.055  1
 1626.0 1626.0  1    4.600    4.600  1   35.055   35.055  1
 1628.0 1628.0  1    4.596    4.596  1   35.055   35.055  1
 1630.1 1630.1  1    4.581    4.581  1   35.054   35.054  1
 1632.1 1632.1  1    4.570    4.570  1   35.053   35.053  1
 1634.0 1634.0  1    4.559    4.559  1   35.052   35.052  1
 1636.0 1636.0  1    4.548    4.548  1   35.052   35.052  1
 1637.9 1637.9  1    4.543    4.543  1   35.051   35.051  1
 1640.0 1640.0  1    4.540    4.540  1   35.051   35.051  1
 1642.0 1642.0  1    4.532    4.532  1   35.050   35.050  1
 1644.1 1644.1  1    4.530    4.530  1   35.050   35.050  1
 1646.0 1646.0  1    4.529    4.529  1   35.051   35.051  1
 1648.0 1648.0  1    4.526    4.526  1   35.050   35.050  1
 1650.0 1650.0  1    4.525    4.525  1   35.050   35.050  1
 1652.0 1652.0  1    4.524    4.524  1   35.050   35.050  1
 1654.0 1654.0  1    4.521    4.521  1   35.050   35.050  1
 1656.0 1656.0  1    4.518    4.518  1   35.050   35.050  1
 1658.0 1658.0  1    4.516    4.516  1   35.050   35.050  1
 1660.0 1660.0  1    4.515    4.515  1   35.050   35.050  1
 1662.0 1662.0  1    4.514    4.514  1   35.050   35.050  1
 1664.0 1664.0  1    4.507    4.507  1   35.049   35.049  1
 1666.0 1666.0  1    4.505    4.505  1   35.049   35.049  1
 1668.0 1668.0  1    4.503    4.503  1   35.049   35.049  1
 1669.9 1669.9  1    4.498    4.498  1   35.050   35.050  1
 1672.0 1672.0  1    4.499    4.499  1   35.051   35.051  1
 1674.0 1674.0  1    4.503    4.503  1   35.052   35.052  1
 1676.0 1676.0  1    4.502    4.502  1   35.052   35.052  1
 1678.0 1678.0  1    4.501    4.501  1   35.052   35.052  1
 1680.0 1680.0  1    4.499    4.499  1   35.053   35.053  1
 1682.0 1682.0  1    4.500    4.500  1   35.053   35.053  1
 1684.0 1684.0  1    4.496    4.496  1   35.053   35.053  1
 1686.0 1686.0  1    4.490    4.490  1   35.053   35.053  1
 1688.0 1688.0  1    4.487    4.487  1   35.052   35.052  1
 1690.0 1690.0  1    4.482    4.482  1   35.052   35.052  1
 1692.0 1692.0  1    4.475    4.475  1   35.051   35.051  1
 1694.1 1694.1  1    4.467    4.467  1   35.050   35.050  1
 1696.0 1696.0  1    4.454    4.454  1   35.050   35.050  1
 1697.9 1697.9  1    4.442    4.442  1   35.049   35.049  1
 1699.9 1699.9  1    4.435    4.435  1   35.049   35.049  1
 1701.9 1701.9  1    4.433    4.433  1   35.049   35.049  1
 1704.0 1704.0  1    4.433    4.433  1   35.049   35.049  1
 1706.0 1706.0  1    4.433    4.433  1   35.049   35.049  1
 1708.0 1708.0  1    4.433    4.433  1   35.049   35.049  1
 1710.0 1710.0  1    4.431    4.431  1   35.049   35.049  1
 1712.0 1712.0  1    4.429    4.429  1   35.049   35.049  1
 1714.0 1714.0  1    4.419    4.419  1   35.048   35.048  1
 1716.0 1716.0  1    4.405    4.405  1   35.047   35.047  1
 1718.1 1718.1  1    4.403    4.403  1   35.047   35.047  1
 1720.1 1720.1  1    4.402    4.402  1   35.047   35.047  1
 1722.0 1722.0  1    4.400    4.400  1   35.047   35.047  1
 1723.9 1723.9  1    4.399    4.399  1   35.047   35.047  1
 1725.9 1725.9  1    4.389    4.389  1   35.046   35.046  1
 1728.0 1728.0  1    4.385    4.385  1   35.046   35.046  1
 1730.0 1730.0  1    4.378    4.378  1   35.046   35.046  1
 1732.1 1732.1  1    4.375    4.375  1   35.046   35.046  1
 1734.0 1734.0  1    4.371    4.371  1   35.046   35.046  1
 1735.9 1735.9  1    4.368    4.368  1   35.045   35.045  1
 1738.0 1738.0  1    4.361    4.361  1   35.045   35.045  1
 1740.0 1740.0  1    4.354    4.354  1   35.045   35.045  1
 1742.1 1742.1  1    4.348    4.348  1   35.045   35.045  1
 1744.0 1744.0  1    4.339    4.339  1   35.044   35.044  1
 1746.0 1746.0  1    4.335    4.335  1   35.044   35.044  1
 1748.0 1748.0  1    4.331    4.331  1   35.044   35.044  1
 1749.9 1749.9  1    4.328    4.328  1   35.044   35.044  1
 1752.0 1752.0  1    4.327    4.327  1   35.044   35.044  1
 1754.0 1754.0  1    4.326    4.326  1   35.045   35.045  1
 1756.0 1756.0  1    4.324    4.324  1   35.045   35.045  1
 1758.0 1758.0  1    4.320    4.320  1   35.045   35.045  1
 1760.0 1760.0  1    4.318    4.318  1   35.045   35.045  1
 1762.0 1762.0  1    4.317    4.317  1   35.045   35.045  1
 1764.0 1764.0  1    4.316    4.316  1   35.045   35.045  1
 1766.0 1766.0  1    4.314    4.314  1   35.045   35.045  1
 1767.9 1767.9  1    4.311    4.311  1   35.045   35.045  1
 1770.0 1770.0  1    4.305    4.305  1   35.045   35.045  1
 1772.0 1772.0  1    4.300    4.300  1   35.045   35.045  1
 1774.0 1774.0  1    4.295    4.295  1   35.044   35.044  1
 1776.0 1776.0  1    4.294    4.294  1   35.045   35.045  1
 1778.0 1778.0  1    4.291    4.291  1   35.045   35.045  1
 1780.0 1780.0  1    4.287    4.287  1   35.045   35.045  1
 1782.0 1782.0  1    4.286    4.286  1   35.045   35.045  1
 1784.0 1784.0  1    4.283    4.283  1   35.045   35.045  1
 1786.0 1786.0  1    4.274    4.274  1   35.045   35.045  1
 1788.0 1788.0  1    4.266    4.266  1   35.044   35.044  1
 1790.0 1790.0  1    4.265    4.265  1   35.044   35.044  1
 1792.0 1792.0  1    4.264    4.264  1   35.044   35.044  1
 1794.1 1794.1  1    4.259    4.259  1   35.044   35.044  1
 1796.0 1796.0  1    4.245    4.245  1   35.043   35.043  1
 1798.0 1798.0  1    4.241    4.241  1   35.042   35.042  1
 1800.0 1800.0  1    4.239    4.239  1   35.042   35.042  1
 1801.9 1801.9  1    4.234    4.234  1   35.042   35.042  1
 1804.0 1804.0  1    4.225    4.225  1   35.041   35.041  1
 1806.0 1806.0  1    4.216    4.216  1   35.041   35.041  1
 1808.0 1808.0  1    4.214    4.214  1   35.041   35.041  1
 1809.9 1809.9  1    4.212    4.212  1   35.041   35.041  1
 1812.0 1812.0  1    4.209    4.209  1   35.040   35.040  1
 1814.0 1814.0  1    4.204    4.204  1   35.040   35.040  1
 1816.0 1816.0  1    4.199    4.199  1   35.040   35.040  1
 1818.0 1818.0  1    4.191    4.191  1   35.039   35.039  1
 1820.0 1820.0  1    4.188    4.188  1   35.039   35.039  1
 1822.0 1822.0  1    4.185    4.185  1   35.039   35.039  1
 1824.0 1824.0  1    4.185    4.185  1   35.039   35.039  1
 1825.9 1825.9  1    4.184    4.184  1   35.039   35.039  1
 1828.0 1828.0  1    4.183    4.183  1   35.039   35.039  1
 1830.1 1830.1  1    4.178    4.178  1   35.038   35.038  1
 1832.0 1832.0  1    4.176    4.176  1   35.038   35.038  1
 1834.0 1834.0  1    4.175    4.175  1   35.037   35.037  1
 1836.0 1836.0  1    4.156    4.156  1   35.036   35.036  1
 1838.0 1838.0  1    4.146    4.146  1   35.035   35.035  1
 1840.0 1840.0  1    4.140    4.140  1   35.034   35.034  1
 1842.0 1842.0  1    4.137    4.137  1   35.034   35.034  1
 1843.9 1843.9  1    4.136    4.136  1   35.034   35.034  1
 1846.0 1846.0  1    4.132    4.132  1   35.034   35.034  1
 1848.1 1848.1  1    4.124    4.124  1   35.034   35.034  1
 1850.0 1850.0  1    4.120    4.120  1   35.034   35.034  1
 1852.0 1852.0  1    4.117    4.117  1   35.034   35.034  1
 1854.1 1854.1  1    4.106    4.106  1   35.033   35.033  1
 1856.0 1856.0  1    4.095    4.095  1   35.033   35.033  1
 1858.0 1858.0  1    4.091    4.091  1   35.033   35.033  1
 1860.1 1860.1  1    4.088    4.088  1   35.032   35.032  1
 1862.1 1862.1  1    4.083    4.083  1   35.032   35.032  1
 1864.1 1864.1  1    4.079    4.079  1   35.032   35.032  1
 1866.0 1866.0  1    4.072    4.072  1   35.031   35.031  1
 1867.9 1867.9  1    4.069    4.069  1   35.031   35.031  1
 1869.9 1869.9  1    4.061    4.061  1   35.031   35.031  1
 1872.0 1872.0  1    4.056    4.056  1   35.031   35.031  1
 1874.0 1874.0  1    4.039    4.039  1   35.030   35.030  1
 1876.0 1876.0  1    4.035    4.035  1   35.030   35.030  1
 1878.0 1878.0  1    4.033    4.033  1   35.029   35.029  1
 1880.1 1880.1  1    4.033    4.033  1   35.029   35.029  1
 1882.0 1882.0  1    4.031    4.031  1   35.029   35.029  1
 1884.0 1884.0  1    4.031    4.031  1   35.030   35.030  1
 1886.0 1886.0  1    4.031    4.031  1   35.031   35.031  1
 1888.0 1888.0  1    4.030    4.030  1   35.031   35.031  1
 1889.9 1889.9  1    4.023    4.023  1   35.030   35.030  1
 1892.0 1892.0  1    4.017    4.017  1   35.030   35.030  1
 1894.0 1894.0  1    4.015    4.015  1   35.029   35.029  1
 1896.0 1896.0  1    4.013    4.013  1   35.029   35.029  1
 1898.1 1898.1  1    4.004    4.004  1   35.029   35.029  1
 1900.1 1900.1  1    3.994    3.994  1   35.028   35.028  1
 1902.0 1902.0  1    3.991    3.991  1   35.027   35.027  1
 1904.0 1904.0  1    3.986    3.986  1   35.027   35.027  1
 1906.0 1906.0  1    3.987    3.987  1   35.027   35.027  1
 1908.0 1908.0  1    3.987    3.987  1   35.028   35.028  1
 1910.0 1910.0  1    3.981    3.981  1   35.028   35.028  1
 1912.0 1912.0  1    3.975    3.975  1   35.027   35.027  1
 1914.0 1914.0  1    3.972    3.972  1   35.027   35.027  1
 1916.0 1916.0  1    3.964    3.964  1   35.027   35.027  1
 1918.0 1918.0  1    3.950    3.950  1   35.026   35.026  1
 1920.0 1920.0  1    3.942    3.942  1   35.026   35.026  1
 1922.0 1922.0  1    3.937    3.937  1   35.025   35.025  1
 1923.9 1923.9  1    3.933    3.933  1   35.025   35.025  1
 1926.0 1926.0  1    3.926    3.926  1   35.024   35.024  1
 1928.0 1928.0  1    3.917    3.917  1   35.024   35.024  1
 1930.0 1930.0  1    3.899    3.899  1   35.023   35.023  1
 1932.0 1932.0  1    3.893    3.893  1   35.022   35.022  1
 1934.0 1934.0  1    3.890    3.890  1   35.022   35.022  1
 1936.0 1936.0  1    3.890    3.890  1   35.022   35.022  1
 1938.0 1938.0  1    3.890    3.890  1   35.022   35.022  1
 1940.0 1940.0  1    3.884    3.884  1   35.021   35.021  1
 1942.0 1942.0  1    3.871    3.871  1   35.021   35.021  1
 1944.0 1944.0  1    3.868    3.868  1   35.020   35.020  1
 1946.0 1946.0  1    3.864    3.864  1   35.020   35.020  1
 1948.0 1948.0  1    3.863    3.863  1   35.020   35.020  1
 1950.0 1950.0  1    3.860    3.860  1   35.020   35.020  1
 1952.0 1952.0  1    3.852    3.852  1   35.019   35.019  1
 1954.0 1954.0  1    3.850    3.850  1   35.019   35.019  1
 1956.0 1956.0  1    3.850    3.850  1   35.019   35.019  1
 1958.0 1958.0  1    3.849    3.849  1   35.019   35.019  1
 1960.0 1960.0  1    3.840    3.840  1   35.018   35.018  1
 1962.0 1962.0  1    3.832    3.832  1   35.018   35.018  1
 1964.0 1964.0  1    3.831    3.831  1   35.018   35.018  1
 1966.0 1966.0  1    3.830    3.830  1   35.017   35.017  1
 1968.0 1968.0  1    3.825    3.825  1   35.017   35.017  1
 1970.0 1970.0  1    3.821    3.821  1   35.017   35.017  1
 1972.0 1972.0  1    3.810    3.810  1   35.016   35.016  1
 1974.0 1974.0  1    3.804    3.804  1   35.015   35.015  1
 1976.0 1976.0  1    3.804    3.804  1   35.016   35.016  1
 1978.0 1978.0  1    3.805    3.805  1   35.016   35.016  1
 1980.0 1980.0  1    3.798    3.798  1   35.015   35.015  1
 1982.0 1982.0  1    3.792    3.792  1   35.015   35.015  1
 1984.0 1984.0  1    3.789    3.789  1   35.014   35.014  1
 1986.0 1986.0  1    3.782    3.782  1   35.013   35.013  1
 1988.0 1988.0  1    3.771    3.771  1   35.012   35.012  1
 1990.0 1990.0  1    3.766    3.766  1   35.011   35.011  1
 1992.0 1992.0  1    3.763    3.763  1   35.011   35.011  1
 1994.0 1994.0  1    3.761    3.761  1   35.011   35.011  1
 1996.0 1996.0  1    3.760    3.760  1   35.011   35.011  1
 1998.0 1998.0  1    3.756    3.756  1   35.011   35.011  1
 1999.9 1999.9  1    3.754    3.754  1   35.011   35.011  1
 2001.9 2001.9  1    3.752    3.752  1   35.011   35.011  1
 2004.0 2004.0  1    3.750    3.750  1   35.011   35.011  1
 2006.0 2006.0  1    3.750    3.750  1   35.011   35.011  1
 2008.0 2008.0  1    3.750    3.750  1   35.011   35.011  1
 2010.0 2010.0  1    3.751    3.751  1   35.011   35.011  1
 2011.6 2011.6  1    3.751    3.751  1   35.012   35.012  1
