*SoftWare Version 3.0  2018/12/27

*HEADER
     PLATFORM NUMBER       :3901856
     CYCLE NUMBER          :123
     DATE CREATION         :20191213123528
     DATE UPDATE           :20191213123543
     PROJECT NAME          :MOCCA-EU
     PI NAME               :Romain Cancouet
     INSTRUMENT TYPE       :ARVOR
     FLOAT SERIAL NO       :AI2600-16FR019
     FIRMWARE VERSION      :5900A00
     WMO INSTRUMENT TYPE   :844
     TRANSMISSION SYSTEM   :IRIDIUM
     POSITIONING SYSTEM    :GPS
     SAMPLE DIRECTION      :A(A=Ascend; D=Descend)
     DATA MODE             :A(R=Real Time; D=Delayed Mode; A=Real Time Adjusted)
     JULIAN DAY            :25548.4885 (days since 1950-01-01 00:00:00 UTC)
     DATE                  :2019-12-13
     QC FLAG FOR DATE      :1
*LOCATION
     LATITUDE              :32.179  
     LONGITUDE             :-68.583 
     QC FLAG FOR LOCATION  :1
*FILE
     COLUMN 1              :Pressure (dbar)                             F7.1
     COLUMN 2              :Corrected Pressure (dbar)                   F7.1
     COLUMN 3              :Quality on Pressure                         I3
     COLUMN 4              :Temperature (degree_Celsius)                F9.3
     COLUMN 5              :Corrected Temperature (degree_Celsius)      F9.3
     COLUMN 6              :Quality on Temperature                      I3
     COLUMN 7              :Salinity (PSU)                              F9.3
     COLUMN 8              :Corrected Salinity (PSU)                    F9.3
     COLUMN 9              :Quality on Salinity                         I3
==========================================================================
    2.7    2.7  1   22.713   22.713  1   36.795   36.795  1
    3.7    3.7  1   22.719   22.719  1   36.794   36.794  1
    4.9    4.9  1   22.723   22.723  1   36.795   36.795  1
    6.2    6.2  1   22.724   22.724  1   36.795   36.795  1
    7.0    7.0  1   22.721   22.721  1   36.795   36.795  1
    7.9    7.9  1   22.722   22.722  1   36.794   36.794  1
    8.8    8.8  1   22.722   22.722  1   36.795   36.795  1
    9.7    9.7  1   22.723   22.723  1   36.794   36.794  1
   10.6   10.6  1   22.724   22.724  1   36.794   36.794  1
   11.6   11.6  1   22.721   22.721  1   36.795   36.795  1
   12.9   12.9  1   22.722   22.722  1   36.795   36.795  1
   14.2   14.2  1   22.726   22.726  1   36.796   36.796  1
   15.1   15.1  1   22.731   22.731  1   36.795   36.795  1
   16.0   16.0  1   22.731   22.731  1   36.794   36.794  1
   16.9   16.9  1   22.728   22.728  1   36.795   36.795  1
   17.8   17.8  1   22.731   22.731  1   36.796   36.796  1
   18.6   18.6  1   22.731   22.731  1   36.795   36.795  1
   19.6   19.6  1   22.727   22.727  1   36.796   36.796  1
   20.7   20.7  1   22.727   22.727  1   36.795   36.795  1
   21.9   21.9  1   22.730   22.730  1   36.794   36.794  1
   23.0   23.0  1   22.727   22.727  1   36.797   36.797  1
   24.1   24.1  1   22.725   22.725  1   36.797   36.797  1
   25.1   25.1  1   22.724   22.724  1   36.796   36.796  1
   26.1   26.1  1   22.724   22.724  1   36.795   36.795  1
   26.9   26.9  1   22.725   22.725  1   36.795   36.795  1
   27.9   27.9  1   22.727   22.727  1   36.794   36.794  1
   28.8   28.8  1   22.726   22.726  1   36.795   36.795  1
   29.9   29.9  1   22.726   22.726  1   36.794   36.794  1
   30.9   30.9  1   22.724   22.724  1   36.796   36.796  1
   31.9   31.9  1   22.725   22.725  1   36.795   36.795  1
   32.9   32.9  1   22.726   22.726  1   36.795   36.795  1
   33.9   33.9  1   22.725   22.725  1   36.795   36.795  1
   35.0   35.0  1   22.726   22.726  1   36.795   36.795  1
   35.9   35.9  1   22.726   22.726  1   36.796   36.796  1
   37.8   37.8  1   22.725   22.725  1   36.796   36.796  1
   38.8   38.8  1   22.727   22.727  1   36.794   36.794  1
   40.0   40.0  1   22.728   22.728  1   36.794   36.794  1
   40.7   40.7  1   22.727   22.727  1   36.796   36.796  1
   41.9   41.9  1   22.728   22.728  1   36.795   36.795  1
   42.9   42.9  1   22.729   22.729  1   36.795   36.795  1
   43.9   43.9  1   22.727   22.727  1   36.795   36.795  1
   45.0   45.0  1   22.729   22.729  1   36.794   36.794  1
   45.8   45.8  1   22.727   22.727  1   36.797   36.797  1
   46.7   46.7  1   22.729   22.729  1   36.795   36.795  1
   47.6   47.6  1   22.731   22.731  1   36.795   36.795  1
   48.9   48.9  1   22.733   22.733  1   36.795   36.795  1
   50.4   50.4  1   22.735   22.735  1   36.794   36.794  1
   51.4   51.4  1   22.734   22.734  1   36.795   36.795  1
   52.4   52.4  1   22.734   22.734  1   36.796   36.796  1
   53.3   53.3  1   22.734   22.734  1   36.795   36.795  1
   54.3   54.3  1   22.733   22.733  1   36.794   36.794  1
   55.4   55.4  1   22.732   22.732  1   36.795   36.795  1
   56.4   56.4  1   22.734   22.734  1   36.794   36.794  1
   57.5   57.5  1   22.734   22.734  1   36.794   36.794  1
   58.5   58.5  1   22.734   22.734  1   36.794   36.794  1
   59.5   59.5  1   22.734   22.734  1   36.794   36.794  1
   60.5   60.5  1   22.734   22.734  1   36.795   36.795  1
   61.5   61.5  1   22.736   22.736  1   36.794   36.794  1
   62.5   62.5  1   22.733   22.733  1   36.796   36.796  1
   63.9   63.9  1   22.733   22.733  1   36.796   36.796  1
   65.3   65.3  1   22.734   22.734  1   36.796   36.796  1
   66.2   66.2  1   22.735   22.735  1   36.796   36.796  1
   67.1   67.1  1   22.737   22.737  1   36.794   36.794  1
   68.0   68.0  1   22.737   22.737  1   36.795   36.795  1
   68.9   68.9  1   22.737   22.737  1   36.794   36.794  1
   69.8   69.8  1   22.737   22.737  1   36.794   36.794  1
   70.7   70.7  1   22.736   22.736  1   36.795   36.795  1
   71.6   71.6  1   22.737   22.737  1   36.794   36.794  1
   72.6   72.6  1   22.738   22.738  1   36.794   36.794  1
   73.5   73.5  1   22.738   22.738  1   36.795   36.795  1
   74.9   74.9  1   22.736   22.736  1   36.795   36.795  1
   76.3   76.3  1   22.736   22.736  1   36.796   36.796  1
   77.3   77.3  1   22.737   22.737  1   36.794   36.794  1
   78.2   78.2  1   22.735   22.735  1   36.795   36.795  1
   79.0   79.0  1   22.736   22.736  1   36.795   36.795  1
   80.0   80.0  1   22.737   22.737  1   36.796   36.796  1
   80.9   80.9  1   22.735   22.735  1   36.796   36.796  1
   81.8   81.8  1   22.734   22.734  1   36.796   36.796  1
   82.8   82.8  1   22.735   22.735  1   36.795   36.795  1
   83.7   83.7  1   22.736   22.736  1   36.793   36.793  1
   84.7   84.7  1   22.739   22.739  1   36.793   36.793  1
   85.7   85.7  1   22.737   22.737  1   36.794   36.794  1
   86.7   86.7  1   22.737   22.737  1   36.794   36.794  1
   87.6   87.6  1   22.735   22.735  1   36.795   36.795  1
   88.5   88.5  1   22.736   22.736  1   36.794   36.794  1
   89.9   89.9  1   22.734   22.734  1   36.795   36.795  1
   91.4   91.4  1   22.736   22.736  1   36.794   36.794  1
   92.3   92.3  1   22.737   22.737  1   36.794   36.794  1
   93.3   93.3  1   22.736   22.736  1   36.795   36.795  1
   94.3   94.3  1   22.734   22.734  1   36.796   36.796  1
   95.2   95.2  1   22.735   22.735  1   36.793   36.793  1
   96.2   96.2  1   22.732   22.732  1   36.795   36.795  1
   97.1   97.1  1   22.732   22.732  1   36.794   36.794  1
   98.0   98.0  1   22.734   22.734  1   36.794   36.794  1
   98.9   98.9  1   22.734   22.734  1   36.796   36.796  1
   99.9   99.9  1   22.736   22.736  1   36.796   36.796  1
  100.9  100.9  1   22.736   22.736  1   36.795   36.795  1
  101.8  101.8  1   22.738   22.738  1   36.794   36.794  1
  102.9  102.9  1   22.738   22.738  1   36.795   36.795  1
  103.9  103.9  1   22.737   22.737  1   36.794   36.794  1
  104.9  104.9  1   22.739   22.739  1   36.794   36.794  1
  105.9  105.9  1   22.739   22.739  1   36.795   36.795  1
  106.8  106.8  1   22.738   22.738  1   36.793   36.793  1
  107.8  107.8  1   22.734   22.734  1   36.795   36.795  1
  108.8  108.8  1   22.731   22.731  1   36.795   36.795  1
  109.7  109.7  1   22.728   22.728  1   36.795   36.795  1
  110.7  110.7  1   22.728   22.728  1   36.795   36.795  1
  111.6  111.6  1   22.729   22.729  1   36.793   36.793  1
  112.5  112.5  1   22.726   22.726  1   36.793   36.793  1
  113.9  113.9  1   22.725   22.725  1   36.793   36.793  1
  115.3  115.3  1   22.724   22.724  1   36.794   36.794  1
  116.2  116.2  1   22.723   22.723  1   36.794   36.794  1
  117.2  117.2  1   22.720   22.720  1   36.794   36.794  1
  118.1  118.1  1   22.716   22.716  1   36.792   36.792  1
  118.9  118.9  1   22.706   22.706  1   36.794   36.794  1
  119.8  119.8  1   22.705   22.705  1   36.793   36.793  1
  120.7  120.7  1   22.702   22.702  1   36.790   36.790  1
  121.9  121.9  1   22.693   22.693  1   36.790   36.790  1
  123.0  123.0  1   22.660   22.660  1   36.788   36.788  1
  123.8  123.8  1   22.636   22.636  1   36.784   36.784  1
  124.6  124.6  1   22.628   22.628  1   36.778   36.778  1
  125.5  125.5  1   22.217   22.217  1   36.892   36.892  1
  126.5  126.5  1   21.874   21.874  1   36.815   36.815  1
  127.5  127.5  1   21.510   21.510  1   36.812   36.812  1
  128.5  128.5  1   21.489   21.489  1   36.812   36.812  1
  129.5  129.5  1   21.422   21.422  1   36.810   36.810  1
  130.5  130.5  1   21.377   21.377  1   36.807   36.807  1
  131.5  131.5  1   21.354   21.354  1   36.802   36.802  1
  132.5  132.5  1   21.331   21.331  1   36.804   36.804  1
  133.5  133.5  1   21.309   21.309  1   36.803   36.803  1
  134.5  134.5  1   21.239   21.239  1   36.803   36.803  1
  135.5  135.5  1   21.192   21.192  1   36.793   36.793  1
  136.6  136.6  1   21.095   21.095  1   36.789   36.789  1
  137.6  137.6  1   20.988   20.988  1   36.784   36.784  1
  138.6  138.6  1   20.952   20.952  1   36.790   36.790  1
  139.7  139.7  1   20.912   20.912  1   36.783   36.783  1
  140.8  140.8  1   20.897   20.897  1   36.782   36.782  1
  141.9  141.9  1   20.876   20.876  1   36.786   36.786  1
  143.0  143.0  1   20.836   20.836  1   36.781   36.781  1
  144.0  144.0  1   20.825   20.825  1   36.778   36.778  1
  145.1  145.1  1   20.817   20.817  1   36.778   36.778  1
  146.2  146.2  1   20.808   20.808  1   36.779   36.779  1
  147.3  147.3  1   20.796   20.796  1   36.776   36.776  1
  148.3  148.3  1   20.775   20.775  1   36.775   36.775  1
  150.2  150.2  1   20.753   20.753  1   36.772   36.772  1
  150.9  150.9  1   20.725   20.725  1   36.772   36.772  1
  151.7  151.7  1   20.680   20.680  1   36.771   36.771  1
  152.9  152.9  1   20.615   20.615  1   36.771   36.771  1
  154.0  154.0  1   20.585   20.585  1   36.769   36.769  1
  154.8  154.8  1   20.583   20.583  1   36.771   36.771  1
  155.9  155.9  1   20.576   20.576  1   36.770   36.770  1
  157.1  157.1  1   20.503   20.503  1   36.770   36.770  1
  157.8  157.8  1   20.483   20.483  1   36.766   36.766  1
  159.0  159.0  1   20.460   20.460  1   36.765   36.765  1
  160.2  160.2  1   20.440   20.440  1   36.762   36.762  1
  160.9  160.9  1   20.391   20.391  1   36.761   36.761  1
  161.8  161.8  1   20.328   20.328  1   36.759   36.759  1
  163.0  163.0  1   20.267   20.267  1   36.752   36.752  1
  164.2  164.2  1   20.224   20.224  1   36.751   36.751  1
  165.1  165.1  1   20.213   20.213  1   36.749   36.749  1
  165.9  165.9  1   20.210   20.210  1   36.747   36.747  1
  166.7  166.7  1   20.207   20.207  1   36.747   36.747  1
  167.9  167.9  1   20.195   20.195  1   36.749   36.749  1
  169.2  169.2  1   20.178   20.178  1   36.746   36.746  1
  170.0  170.0  1   20.169   20.169  1   36.746   36.746  1
  170.9  170.9  1   20.147   20.147  1   36.743   36.743  1
  171.7  171.7  1   20.134   20.134  1   36.744   36.744  1
  172.9  172.9  1   20.114   20.114  1   36.743   36.743  1
  174.2  174.2  1   20.098   20.098  1   36.740   36.740  1
  175.1  175.1  1   20.076   20.076  1   36.740   36.740  1
  175.9  175.9  1   20.044   20.044  1   36.737   36.737  1
  176.8  176.8  1   20.037   20.037  1   36.737   36.737  1
  177.6  177.6  1   20.030   20.030  1   36.735   36.735  1
  178.9  178.9  1   20.010   20.010  1   36.734   36.734  1
  180.2  180.2  1   19.995   19.995  1   36.733   36.733  1
  181.1  181.1  1   19.990   19.990  1   36.731   36.731  1
  182.0  182.0  1   19.959   19.959  1   36.730   36.730  1
  182.8  182.8  1   19.936   19.936  1   36.732   36.732  1
  183.7  183.7  1   19.921   19.921  1   36.727   36.727  1
  184.6  184.6  1   19.906   19.906  1   36.727   36.727  1
  185.9  185.9  1   19.856   19.856  1   36.725   36.725  1
  187.3  187.3  1   19.827   19.827  1   36.724   36.724  1
  188.1  188.1  1   19.827   19.827  1   36.724   36.724  1
  189.1  189.1  1   19.827   19.827  1   36.724   36.724  1
  190.0  190.0  1   19.825   19.825  1   36.726   36.726  1
  190.9  190.9  1   19.819   19.819  1   36.725   36.725  1
  191.8  191.8  1   19.820   19.820  1   36.724   36.724  1
  192.8  192.8  1   19.805   19.805  1   36.726   36.726  1
  193.7  193.7  1   19.804   19.804  1   36.723   36.723  1
  194.6  194.6  1   19.794   19.794  1   36.725   36.725  1
  195.6  195.6  1   19.790   19.790  1   36.723   36.723  1
  196.9  196.9  1   19.789   19.789  1   36.722   36.722  1
  198.4  198.4  1   19.784   19.784  1   36.721   36.721  1
  199.3  199.3  1   19.780   19.780  1   36.722   36.722  1
  200.2  200.2  1   19.777   19.777  1   36.721   36.721  1
  201.2  201.2  1   19.770   19.770  1   36.721   36.721  1
  202.1  202.1  1   19.760   19.760  1   36.720   36.720  1
  203.1  203.1  1   19.749   19.749  1   36.719   36.719  1
  204.0  204.0  1   19.741   19.741  1   36.719   36.719  1
  205.0  205.0  1   19.691   19.691  1   36.717   36.717  1
  206.0  206.0  1   19.671   19.671  1   36.717   36.717  1
  206.9  206.9  1   19.657   19.657  1   36.713   36.713  1
  207.9  207.9  1   19.637   19.637  1   36.712   36.712  1
  208.9  208.9  1   19.631   19.631  1   36.714   36.714  1
  209.9  209.9  1   19.626   19.626  1   36.712   36.712  1
  210.8  210.8  1   19.622   19.622  1   36.712   36.712  1
  211.8  211.8  1   19.611   19.611  1   36.714   36.714  1
  212.8  212.8  1   19.590   19.590  1   36.710   36.710  1
  213.8  213.8  1   19.580   19.580  1   36.709   36.709  1
  214.8  214.8  1   19.574   19.574  1   36.708   36.708  1
  215.9  215.9  1   19.569   19.569  1   36.708   36.708  1
  216.9  216.9  1   19.560   19.560  1   36.707   36.707  1
  217.9  217.9  1   19.556   19.556  1   36.707   36.707  1
  218.9  218.9  1   19.549   19.549  1   36.705   36.705  1
  220.0  220.0  1   19.539   19.539  1   36.705   36.705  1
  221.0  221.0  1   19.532   19.532  1   36.704   36.704  1
  222.0  222.0  1   19.525   19.525  1   36.705   36.705  1
  223.0  223.0  1   19.517   19.517  1   36.704   36.704  1
  224.0  224.0  1   19.515   19.515  1   36.702   36.702  1
  225.0  225.0  1   19.511   19.511  1   36.704   36.704  1
  226.0  226.0  1   19.500   19.500  1   36.703   36.703  1
  227.0  227.0  1   19.499   19.499  1   36.704   36.704  1
  228.0  228.0  1   19.496   19.496  1   36.704   36.704  1
  229.0  229.0  1   19.494   19.494  1   36.704   36.704  1
  230.0  230.0  1   19.487   19.487  1   36.703   36.703  1
  231.0  231.0  1   19.482   19.482  1   36.703   36.703  1
  232.1  232.1  1   19.478   19.478  1   36.703   36.703  1
  233.1  233.1  1   19.473   19.473  1   36.702   36.702  1
  234.1  234.1  1   19.472   19.472  1   36.701   36.701  1
  235.2  235.2  1   19.470   19.470  1   36.700   36.700  1
  236.2  236.2  1   19.458   19.458  1   36.698   36.698  1
  237.2  237.2  1   19.441   19.441  1   36.696   36.696  1
  238.3  238.3  1   19.431   19.431  1   36.695   36.695  1
  239.3  239.3  1   19.430   19.430  1   36.697   36.697  1
  240.4  240.4  1   19.416   19.416  1   36.696   36.696  1
  241.4  241.4  1   19.408   19.408  1   36.696   36.696  1
  242.4  242.4  1   19.405   19.405  1   36.697   36.697  1
  243.5  243.5  1   19.403   19.403  1   36.695   36.695  1
  244.5  244.5  1   19.400   19.400  1   36.695   36.695  1
  245.6  245.6  1   19.396   19.396  1   36.693   36.693  1
  246.7  246.7  1   19.381   19.381  1   36.694   36.694  1
  247.7  247.7  1   19.377   19.377  1   36.694   36.694  1
  248.8  248.8  1   19.370   19.370  1   36.694   36.694  1
  249.8  249.8  1   19.366   19.366  1   36.694   36.694  1
  251.4  251.4  1   19.360   19.360  1   36.692   36.692  1
  253.5  253.5  1   19.354   19.354  1   36.692   36.692  1
  255.7  255.7  1   19.347   19.347  1   36.692   36.692  1
  257.8  257.8  1   19.344   19.344  1   36.691   36.691  1
  259.9  259.9  1   19.338   19.338  1   36.691   36.691  1
  261.5  261.5  1   19.325   19.325  1   36.692   36.692  1
  263.1  263.1  1   19.321   19.321  1   36.689   36.689  1
  265.2  265.2  1   19.312   19.312  1   36.689   36.689  1
  267.4  267.4  1   19.297   19.297  1   36.687   36.687  1
  269.5  269.5  1   19.286   19.286  1   36.686   36.686  1
  271.7  271.7  1   19.273   19.273  1   36.686   36.686  1
  273.9  273.9  1   19.260   19.260  1   36.684   36.684  1
  275.5  275.5  1   19.257   19.257  1   36.684   36.684  1
  277.2  277.2  1   19.257   19.257  1   36.684   36.684  1
  279.5  279.5  1   19.253   19.253  1   36.686   36.686  1
  281.7  281.7  1   19.251   19.251  1   36.686   36.686  1
  283.4  283.4  1   19.248   19.248  1   36.687   36.687  1
  285.0  285.0  1   19.240   19.240  1   36.684   36.684  1
  287.1  287.1  1   19.235   19.235  1   36.685   36.685  1
  289.3  289.3  1   19.227   19.227  1   36.684   36.684  1
  291.5  291.5  1   19.213   19.213  1   36.683   36.683  1
  293.6  293.6  1   19.208   19.208  1   36.684   36.684  1
  295.8  295.8  1   19.197   19.197  1   36.682   36.682  1
  297.5  297.5  1   19.185   19.185  1   36.683   36.683  1
  299.1  299.1  1   19.177   19.177  1   36.681   36.681  1
  301.2  301.2  1   19.169   19.169  1   36.681   36.681  1
  303.4  303.4  1   19.163   19.163  1   36.680   36.680  1
  305.6  305.6  1   19.147   19.147  1   36.679   36.679  1
  307.7  307.7  1   19.127   19.127  1   36.674   36.674  1
  309.9  309.9  1   19.095   19.095  1   36.668   36.668  1
  311.5  311.5  1   19.096   19.096  1   36.671   36.671  1
  313.1  313.1  1   19.085   19.085  1   36.669   36.669  1
  315.2  315.2  1   19.081   19.081  1   36.669   36.669  1
  317.4  317.4  1   19.073   19.073  1   36.667   36.667  1
  319.5  319.5  1   19.063   19.063  1   36.665   36.665  1
  321.7  321.7  1   19.046   19.046  1   36.661   36.661  1
  323.8  323.8  1   19.034   19.034  1   36.660   36.660  1
  325.5  325.5  1   19.015   19.015  1   36.659   36.659  1
  327.0  327.0  1   19.012   19.012  1   36.659   36.659  1
  329.2  329.2  1   18.996   18.996  1   36.658   36.658  1
  331.3  331.3  1   18.983   18.983  1   36.655   36.655  1
  333.5  333.5  1   18.974   18.974  1   36.655   36.655  1
  335.6  335.6  1   18.967   18.967  1   36.654   36.654  1
  337.7  337.7  1   18.950   18.950  1   36.655   36.655  1
  339.9  339.9  1   18.946   18.946  1   36.651   36.651  1
  341.5  341.5  1   18.935   18.935  1   36.650   36.650  1
  343.0  343.0  1   18.927   18.927  1   36.649   36.649  1
  345.1  345.1  1   18.916   18.916  1   36.649   36.649  1
  347.2  347.2  1   18.906   18.906  1   36.647   36.647  1
  349.3  349.3  1   18.893   18.893  1   36.647   36.647  1
  351.4  351.4  1   18.870   18.870  1   36.645   36.645  1
  353.6  353.6  1   18.846   18.846  1   36.642   36.642  1
  355.7  355.7  1   18.839   18.839  1   36.639   36.639  1
  357.8  357.8  1   18.828   18.828  1   36.638   36.638  1
  359.9  359.9  1   18.811   18.811  1   36.636   36.636  1
  361.4  361.4  1   18.800   18.800  1   36.635   36.635  1
  363.0  363.0  1   18.784   18.784  1   36.633   36.633  1
  365.1  365.1  1   18.769   18.769  1   36.631   36.631  1
  367.2  367.2  1   18.745   18.745  1   36.627   36.627  1
  369.3  369.3  1   18.743   18.743  1   36.626   36.626  1
  371.5  371.5  1   18.726   18.726  1   36.624   36.624  1
  373.6  373.6  1   18.701   18.701  1   36.620   36.620  1
  375.7  375.7  1   18.692   18.692  1   36.620   36.620  1
  377.4  377.4  1   18.683   18.683  1   36.617   36.617  1
  379.0  379.0  1   18.664   18.664  1   36.616   36.616  1
  381.1  381.1  1   18.640   18.640  1   36.613   36.613  1
  383.3  383.3  1   18.632   18.632  1   36.611   36.611  1
  385.5  385.5  1   18.621   18.621  1   36.611   36.611  1
  387.6  387.6  1   18.609   18.609  1   36.610   36.610  1
  389.8  389.8  1   18.587   18.587  1   36.606   36.606  1
  391.5  391.5  1   18.571   18.571  1   36.604   36.604  1
  393.1  393.1  1   18.554   18.554  1   36.600   36.600  1
  395.3  395.3  1   18.525   18.525  1   36.598   36.598  1
  397.5  397.5  1   18.524   18.524  1   36.595   36.595  1
  399.6  399.6  1   18.505   18.505  1   36.595   36.595  1
  401.8  401.8  1   18.487   18.487  1   36.590   36.590  1
  403.5  403.5  1   18.484   18.484  1   36.591   36.591  1
  405.1  405.1  1   18.474   18.474  1   36.590   36.590  1
  407.3  407.3  1   18.451   18.451  1   36.586   36.586  1
  409.5  409.5  1   18.444   18.444  1   36.585   36.585  1
  411.7  411.7  1   18.425   18.425  1   36.582   36.582  1
  413.4  413.4  1   18.419   18.419  1   36.580   36.580  1
  415.0  415.0  1   18.404   18.404  1   36.578   36.578  1
  417.2  417.2  1   18.381   18.381  1   36.575   36.575  1
  419.4  419.4  1   18.363   18.363  1   36.573   36.573  1
  421.5  421.5  1   18.336   18.336  1   36.568   36.568  1
  423.7  423.7  1   18.309   18.309  1   36.565   36.565  1
  425.4  425.4  1   18.303   18.303  1   36.564   36.564  1
  427.0  427.0  1   18.293   18.293  1   36.562   36.562  1
  428.6  428.6  1   18.288   18.288  1   36.561   36.561  1
  431.4  431.4  1   18.243   18.243  1   36.556   36.556  1
  433.4  433.4  1   18.224   18.224  1   36.554   36.554  1
  435.4  435.4  1   18.194   18.194  1   36.547   36.547  1
  437.5  437.5  1   18.161   18.161  1   36.542   36.542  1
  439.5  439.5  1   18.146   18.146  1   36.540   36.540  1
  441.5  441.5  1   18.126   18.126  1   36.537   36.537  1
  443.5  443.5  1   18.104   18.104  1   36.534   36.534  1
  445.6  445.6  1   18.081   18.081  1   36.532   36.532  1
  447.3  447.3  1   18.060   18.060  1   36.527   36.527  1
  449.3  449.3  1   18.051   18.051  1   36.525   36.525  1
  451.3  451.3  1   18.041   18.041  1   36.524   36.524  1
  453.3  453.3  1   18.036   18.036  1   36.523   36.523  1
  455.3  455.3  1   18.033   18.033  1   36.523   36.523  1
  457.3  457.3  1   18.018   18.018  1   36.521   36.521  1
  459.3  459.3  1   17.981   17.981  1   36.515   36.515  1
  461.3  461.3  1   17.937   17.937  1   36.509   36.509  1
  463.3  463.3  1   17.908   17.908  1   36.503   36.503  1
  465.3  465.3  1   17.887   17.887  1   36.501   36.501  1
  467.4  467.4  1   17.876   17.876  1   36.498   36.498  1
  469.5  469.5  1   17.849   17.849  1   36.494   36.494  1
  471.5  471.5  1   17.818   17.818  1   36.489   36.489  1
  473.2  473.2  1   17.780   17.780  1   36.484   36.484  1
  475.3  475.3  1   17.743   17.743  1   36.478   36.478  1
  477.4  477.4  1   17.732   17.732  1   36.476   36.476  1
  479.5  479.5  1   17.728   17.728  1   36.475   36.475  1
  481.6  481.6  1   17.714   17.714  1   36.472   36.472  1
  483.4  483.4  1   17.704   17.704  1   36.472   36.472  1
  485.5  485.5  1   17.683   17.683  1   36.467   36.467  1
  487.6  487.6  1   17.663   17.663  1   36.465   36.465  1
  489.3  489.3  1   17.645   17.645  1   36.461   36.461  1
  491.4  491.4  1   17.613   17.613  1   36.457   36.457  1
  493.6  493.6  1   17.586   17.586  1   36.452   36.452  1
  495.3  495.3  1   17.573   17.573  1   36.451   36.451  1
  497.5  497.5  1   17.566   17.566  1   36.449   36.449  1
  499.7  499.7  1   17.547   17.547  1   36.449   36.449  1
  501.4  501.4  1   17.532   17.532  1   36.446   36.446  1
  503.2  503.2  1   17.516   17.516  1   36.443   36.443  1
  505.4  505.4  1   17.481   17.481  1   36.438   36.438  1
  507.6  507.6  1   17.449   17.449  1   36.432   36.432  1
  509.4  509.4  1   17.428   17.428  1   36.430   36.430  1
  511.1  511.1  1   17.403   17.403  1   36.426   36.426  1
  513.4  513.4  1   17.382   17.382  1   36.423   36.423  1
  515.6  515.6  1   17.361   17.361  1   36.419   36.419  1
  517.3  517.3  1   17.344   17.344  1   36.416   36.416  1
  519.5  519.5  1   17.308   17.308  1   36.410   36.410  1
  521.7  521.7  1   17.286   17.286  1   36.406   36.406  1
  523.5  523.5  1   17.268   17.268  1   36.401   36.401  1
  525.2  525.2  1   17.263   17.263  1   36.400   36.400  1
  527.4  527.4  1   17.227   17.227  1   36.395   36.395  1
  529.6  529.6  1   17.153   17.153  1   36.383   36.383  1
  531.4  531.4  1   17.116   17.116  1   36.375   36.375  1
  533.1  533.1  1   17.082   17.082  1   36.370   36.370  1
  535.3  535.3  1   17.059   17.059  1   36.365   36.365  1
  537.4  537.4  1   17.026   17.026  1   36.360   36.360  1
  539.5  539.5  1   16.956   16.956  1   36.348   36.348  1
  541.7  541.7  1   16.892   16.892  1   36.339   36.339  1
  543.3  543.3  1   16.857   16.857  1   36.334   36.334  1
  545.4  545.4  1   16.811   16.811  1   36.327   36.327  1
  547.6  547.6  1   16.765   16.765  1   36.319   36.319  1
  549.3  549.3  1   16.748   16.748  1   36.317   36.317  1
  551.4  551.4  1   16.722   16.722  1   36.310   36.310  1
  553.5  553.5  1   16.687   16.687  1   36.307   36.307  1
  555.2  555.2  1   16.649   16.649  1   36.298   36.298  1
  557.3  557.3  1   16.607   16.607  1   36.293   36.293  1
  559.4  559.4  1   16.579   16.579  1   36.286   36.286  1
  561.2  561.2  1   16.560   16.560  1   36.281   36.281  1
  563.4  563.4  1   16.552   16.552  1   36.281   36.281  1
  565.5  565.5  1   16.536   16.536  1   36.279   36.279  1
  567.2  567.2  1   16.511   16.511  1   36.277   36.277  1
  569.3  569.3  1   16.462   16.462  1   36.265   36.265  1
  571.5  571.5  1   16.437   16.437  1   36.261   36.261  1
  573.2  573.2  1   16.399   16.399  1   36.254   36.254  1
  575.4  575.4  1   16.361   16.361  1   36.248   36.248  1
  577.6  577.6  1   16.351   16.351  1   36.246   36.246  1
  579.3  579.3  1   16.329   16.329  1   36.242   36.242  1
  581.1  581.1  1   16.291   16.291  1   36.237   36.237  1
  583.4  583.4  1   16.233   16.233  1   36.229   36.229  1
  585.6  585.6  1   16.184   16.184  1   36.220   36.220  1
  587.4  587.4  1   16.158   16.158  1   36.215   36.215  1
  589.2  589.2  1   16.138   16.138  1   36.210   36.210  1
  591.1  591.1  1   16.105   16.105  1   36.205   36.205  1
  593.4  593.4  1   16.061   16.061  1   36.198   36.198  1
  595.7  595.7  1   16.022   16.022  1   36.190   36.190  1
  597.6  597.6  1   16.006   16.006  1   36.188   36.188  1
  599.5  599.5  1   15.994   15.994  1   36.184   36.184  1
  601.3  601.3  1   15.959   15.959  1   36.178   36.178  1
  603.3  603.3  1   15.929   15.929  1   36.175   36.175  1
  605.2  605.2  1   15.881   15.881  1   36.169   36.169  1
  607.2  607.2  1   15.868   15.868  1   36.166   36.166  1
  609.1  609.1  1   15.859   15.859  1   36.163   36.163  1
  611.1  611.1  1   15.819   15.819  1   36.157   36.157  1
  613.1  613.1  1   15.760   15.760  1   36.150   36.150  1
  615.1  615.1  1   15.717   15.717  1   36.141   36.141  1
  617.1  617.1  1   15.666   15.666  1   36.135   36.135  1
  619.1  619.1  1   15.602   15.602  1   36.121   36.121  1
  621.1  621.1  1   15.560   15.560  1   36.115   36.115  1
  623.2  623.2  1   15.533   15.533  1   36.109   36.109  1
  625.2  625.2  1   15.520   15.520  1   36.104   36.104  1
  627.2  627.2  1   15.487   15.487  1   36.102   36.102  1
  629.3  629.3  1   15.389   15.389  1   36.087   36.087  1
  631.4  631.4  1   15.359   15.359  1   36.082   36.082  1
  633.5  633.5  1   15.341   15.341  1   36.078   36.078  1
  635.6  635.6  1   15.316   15.316  1   36.074   36.074  1
  637.8  637.8  1   15.298   15.298  1   36.070   36.070  1
  639.8  639.8  1   15.241   15.241  1   36.061   36.061  1
  641.9  641.9  1   15.210   15.210  1   36.055   36.055  1
  643.5  643.5  1   15.176   15.176  1   36.048   36.048  1
  645.0  645.0  1   15.148   15.148  1   36.045   36.045  1
  647.1  647.1  1   15.090   15.090  1   36.033   36.033  1
  649.2  649.2  1   15.071   15.071  1   36.030   36.030  1
  651.3  651.3  1   15.056   15.056  1   36.027   36.027  1
  653.4  653.4  1   15.004   15.004  1   36.020   36.020  1
  655.6  655.6  1   14.980   14.980  1   36.018   36.018  1
  657.7  657.7  1   14.964   14.964  1   36.014   36.014  1
  659.8  659.8  1   14.941   14.941  1   36.009   36.009  1
  661.4  661.4  1   14.921   14.921  1   36.004   36.004  1
  663.0  663.0  1   14.880   14.880  1   36.000   36.000  1
  665.2  665.2  1   14.851   14.851  1   35.996   35.996  1
  667.3  667.3  1   14.800   14.800  1   35.985   35.985  1
  669.5  669.5  1   14.752   14.752  1   35.978   35.978  1
  671.7  671.7  1   14.705   14.705  1   35.970   35.970  1
  673.8  673.8  1   14.680   14.680  1   35.966   35.966  1
  675.5  675.5  1   14.655   14.655  1   35.962   35.962  1
  677.1  677.1  1   14.581   14.581  1   35.952   35.952  1
  679.2  679.2  1   14.526   14.526  1   35.943   35.943  1
  681.4  681.4  1   14.494   14.494  1   35.938   35.938  1
  683.6  683.6  1   14.449   14.449  1   35.929   35.929  1
  685.7  685.7  1   14.434   14.434  1   35.929   35.929  1
  687.8  687.8  1   14.372   14.372  1   35.919   35.919  1
  689.4  689.4  1   14.347   14.347  1   35.912   35.912  1
  691.0  691.0  1   14.316   14.316  1   35.908   35.908  1
  693.2  693.2  1   14.275   14.275  1   35.901   35.901  1
  695.3  695.3  1   14.241   14.241  1   35.896   35.896  1
  697.4  697.4  1   14.211   14.211  1   35.891   35.891  1
  699.5  699.5  1   14.181   14.181  1   35.886   35.886  1
  701.7  701.7  1   14.131   14.131  1   35.881   35.881  1
  703.9  703.9  1   14.098   14.098  1   35.873   35.873  1
  705.5  705.5  1   14.088   14.088  1   35.873   35.873  1
  707.1  707.1  1   14.058   14.058  1   35.868   35.868  1
  709.3  709.3  1   14.023   14.023  1   35.863   35.863  1
  711.3  711.3  1   13.995   13.995  1   35.857   35.857  1
  713.5  713.5  1   13.960   13.960  1   35.853   35.853  1
  715.7  715.7  1   13.911   13.911  1   35.844   35.844  1
  717.8  717.8  1   13.837   13.837  1   35.832   35.832  1
  719.5  719.5  1   13.809   13.809  1   35.827   35.827  1
  721.0  721.0  1   13.773   13.773  1   35.823   35.823  1
  723.2  723.2  1   13.745   13.745  1   35.820   35.820  1
  725.4  725.4  1   13.665   13.665  1   35.809   35.809  1
  727.5  727.5  1   13.616   13.616  1   35.800   35.800  1
  729.7  729.7  1   13.570   13.570  1   35.795   35.795  1
  731.8  731.8  1   13.525   13.525  1   35.787   35.787  1
  733.4  733.4  1   13.509   13.509  1   35.782   35.782  1
  735.0  735.0  1   13.479   13.479  1   35.780   35.780  1
  737.1  737.1  1   13.464   13.464  1   35.774   35.774  1
  739.1  739.1  1   13.371   13.371  1   35.763   35.763  1
  741.2  741.2  1   13.306   13.306  1   35.752   35.752  1
  743.3  743.3  1   13.283   13.283  1   35.748   35.748  1
  745.3  745.3  1   13.243   13.243  1   35.745   35.745  1
  747.4  747.4  1   13.185   13.185  1   35.735   35.735  1
  749.5  749.5  1   13.131   13.131  1   35.727   35.727  1
  751.6  751.6  1   13.112   13.112  1   35.726   35.726  1
  753.7  753.7  1   13.080   13.080  1   35.721   35.721  1
  755.8  755.8  1   12.999   12.999  1   35.707   35.707  1
  757.4  757.4  1   12.964   12.964  1   35.705   35.705  1
  759.0  759.0  1   12.905   12.905  1   35.696   35.696  1
  761.1  761.1  1   12.861   12.861  1   35.690   35.690  1
  763.2  763.2  1   12.837   12.837  1   35.685   35.685  1
  765.3  765.3  1   12.821   12.821  1   35.684   35.684  1
  767.4  767.4  1   12.799   12.799  1   35.684   35.684  1
  769.5  769.5  1   12.745   12.745  1   35.671   35.671  1
  771.5  771.5  1   12.678   12.678  1   35.660   35.660  1
  773.6  773.6  1   12.627   12.627  1   35.652   35.652  1
  775.7  775.7  1   12.515   12.515  1   35.640   35.640  1
  777.8  777.8  1   12.476   12.476  1   35.633   35.633  1
  779.4  779.4  1   12.415   12.415  1   35.624   35.624  1
  781.0  781.0  1   12.372   12.372  1   35.621   35.621  1
  783.1  783.1  1   12.339   12.339  1   35.620   35.620  1
  785.2  785.2  1   12.283   12.283  1   35.609   35.609  1
  787.3  787.3  1   12.224   12.224  1   35.600   35.600  1
  789.4  789.4  1   12.195   12.195  1   35.594   35.594  1
  791.5  791.5  1   12.120   12.120  1   35.588   35.588  1
  793.2  793.2  1   12.088   12.088  1   35.581   35.581  1
  795.0  795.0  1   12.049   12.049  1   35.576   35.576  1
  797.2  797.2  1   12.002   12.002  1   35.569   35.569  1
  799.4  799.4  1   11.964   11.964  1   35.563   35.563  1
  801.5  801.5  1   11.899   11.899  1   35.557   35.557  1
  803.7  803.7  1   11.824   11.824  1   35.548   35.548  1
  805.4  805.4  1   11.789   11.789  1   35.541   35.541  1
  806.5  806.5  1   11.784   11.784  1   35.541   35.541  1
  809.3  809.3  1   11.739   11.739  1   35.533   35.533  1
  811.3  811.3  1   11.688   11.688  1   35.527   35.527  1
  813.3  813.3  1   11.628   11.628  1   35.519   35.519  1
  815.3  815.3  1   11.539   11.539  1   35.509   35.509  1
  817.4  817.4  1   11.503   11.503  1   35.503   35.503  1
  819.4  819.4  1   11.466   11.466  1   35.499   35.499  1
  821.5  821.5  1   11.462   11.462  1   35.498   35.498  1
  823.6  823.6  1   11.437   11.437  1   35.495   35.495  1
  825.2  825.2  1   11.422   11.422  1   35.493   35.493  1
  827.3  827.3  1   11.392   11.392  1   35.489   35.489  1
  829.4  829.4  1   11.367   11.367  1   35.485   35.485  1
  831.4  831.4  1   11.280   11.280  1   35.477   35.477  1
  833.6  833.6  1   11.251   11.251  1   35.472   35.472  1
  835.3  835.3  1   11.219   11.219  1   35.467   35.467  1
  837.5  837.5  1   11.078   11.078  1   35.454   35.454  1
  839.6  839.6  1   11.026   11.026  1   35.444   35.444  1
  841.4  841.4  1   10.990   10.990  1   35.440   35.440  1
  843.1  843.1  1   10.952   10.952  1   35.435   35.435  1
  845.4  845.4  1   10.914   10.914  1   35.432   35.432  1
  847.6  847.6  1   10.847   10.847  1   35.423   35.423  1
  849.4  849.4  1   10.815   10.815  1   35.419   35.419  1
  851.3  851.3  1   10.737   10.737  1   35.412   35.412  1
  853.1  853.1  1   10.675   10.675  1   35.405   35.405  1
  855.0  855.0  1   10.642   10.642  1   35.399   35.399  1
  857.4  857.4  1   10.624   10.624  1   35.396   35.396  1
  859.7  859.7  1   10.546   10.546  1   35.391   35.391  1
  861.6  861.6  1   10.501   10.501  1   35.385   35.385  1
  863.4  863.4  1   10.458   10.458  1   35.379   35.379  1
  865.3  865.3  1   10.422   10.422  1   35.374   35.374  1
  867.2  867.2  1   10.395   10.395  1   35.369   35.369  1
  869.1  869.1  1   10.256   10.256  1   35.373   35.373  1
  871.1  871.1  1   10.225   10.225  1   35.349   35.349  1
  873.5  873.5  1   10.204   10.204  1   35.343   35.343  1
  875.8  875.8  1   10.165   10.165  1   35.339   35.339  1
  877.7  877.7  1   10.103   10.103  1   35.333   35.333  1
  879.6  879.6  1   10.069   10.069  1   35.329   35.329  1
  881.5  881.5  1   10.014   10.014  1   35.327   35.327  1
  883.4  883.4  1    9.976    9.976  1   35.322   35.322  1
  885.3  885.3  1    9.946    9.946  1   35.319   35.319  1
  887.2  887.2  1    9.914    9.914  1   35.314   35.314  1
  889.1  889.1  1    9.857    9.857  1   35.307   35.307  1
  891.0  891.0  1    9.826    9.826  1   35.306   35.306  1
  893.4  893.4  1    9.730    9.730  1   35.287   35.287  1
  895.8  895.8  1    9.642    9.642  1   35.276   35.276  1
  897.7  897.7  1    9.594    9.594  1   35.268   35.268  1
  899.5  899.5  1    9.574    9.574  1   35.267   35.267  1
  901.5  901.5  1    9.540    9.540  1   35.265   35.265  1
  903.4  903.4  1    9.510    9.510  1   35.263   35.263  1
  905.3  905.3  1    9.501    9.501  1   35.261   35.261  1
  907.1  907.1  1    9.467    9.467  1   35.259   35.259  1
  909.0  909.0  1    9.425    9.425  1   35.260   35.260  1
  911.4  911.4  1    9.370    9.370  1   35.250   35.250  1
  913.9  913.9  1    9.315    9.315  1   35.247   35.247  1
  915.8  915.8  1    9.267    9.267  1   35.243   35.243  1
  917.7  917.7  1    9.263    9.263  1   35.243   35.243  1
  919.6  919.6  1    9.246    9.246  1   35.243   35.243  1
  921.5  921.5  1    9.212    9.212  1   35.241   35.241  1
  923.4  923.4  1    9.186    9.186  1   35.238   35.238  1
  925.3  925.3  1    9.178    9.178  1   35.237   35.237  1
  927.2  927.2  1    9.119    9.119  1   35.235   35.235  1
  929.2  929.2  1    9.088    9.088  1   35.232   35.232  1
  931.2  931.2  1    9.068    9.068  1   35.231   35.231  1
  933.1  933.1  1    9.025    9.025  1   35.229   35.229  1
  935.0  935.0  1    8.995    8.995  1   35.228   35.228  1
  937.4  937.4  1    8.960    8.960  1   35.223   35.223  1
  939.9  939.9  1    8.920    8.920  1   35.223   35.223  1
  941.8  941.8  1    8.890    8.890  1   35.220   35.220  1
  943.8  943.8  1    8.840    8.840  1   35.219   35.219  1
  945.8  945.8  1    8.791    8.791  1   35.215   35.215  1
  947.8  947.8  1    8.738    8.738  1   35.210   35.210  1
  949.8  949.8  1    8.702    8.702  1   35.210   35.210  1
  951.8  951.8  1    8.678    8.678  1   35.208   35.208  1
  953.8  953.8  1    8.661    8.661  1   35.207   35.207  1
  955.9  955.9  1    8.622    8.622  1   35.206   35.206  1
  957.5  957.5  1    8.603    8.603  1   35.203   35.203  1
  959.0  959.0  1    8.576    8.576  1   35.202   35.202  1
  961.0  961.0  1    8.542    8.542  1   35.198   35.198  1
  963.1  963.1  1    8.502    8.502  1   35.197   35.197  1
  965.2  965.2  1    8.451    8.451  1   35.195   35.195  1
  967.2  967.2  1    8.388    8.388  1   35.193   35.193  1
  969.3  969.3  1    8.344    8.344  1   35.193   35.193  1
  971.4  971.4  1    8.317    8.317  1   35.190   35.190  1
  973.5  973.5  1    8.292    8.292  1   35.187   35.187  1
  975.6  975.6  1    8.221    8.221  1   35.186   35.186  1
  977.8  977.8  1    8.202    8.202  1   35.184   35.184  1
  979.5  979.5  1    8.194    8.194  1   35.183   35.183  1
  981.0  981.0  1    8.155    8.155  1   35.182   35.182  1
  983.2  983.2  1    8.103    8.103  1   35.180   35.180  1
  985.4  985.4  1    8.071    8.071  1   35.181   35.181  1
  987.6  987.6  1    8.022    8.022  1   35.178   35.178  1
  989.8  989.8  1    7.993    7.993  1   35.176   35.176  1
  991.5  991.5  1    7.979    7.979  1   35.176   35.176  1
  993.2  993.2  1    7.954    7.954  1   35.176   35.176  1
  995.4  995.4  1    7.910    7.910  1   35.177   35.177  1
  997.7  997.7  1    7.860    7.860  1   35.172   35.172  1
  999.4  999.4  1    7.850    7.850  1   35.173   35.173  1
 1001.1 1001.1  1    7.830    7.830  1   35.171   35.171  1
 1003.3 1003.3  1    7.812    7.812  1   35.170   35.170  1
 1005.5 1005.5  1    7.780    7.780  1   35.169   35.169  1
 1007.7 1007.7  1    7.760    7.760  1   35.167   35.167  1
 1009.4 1009.4  1    7.711    7.711  1   35.169   35.169  1
 1011.0 1011.0  1    7.685    7.685  1   35.163   35.163  1
 1013.2 1013.2  1    7.661    7.661  1   35.163   35.163  1
 1015.4 1015.4  1    7.631    7.631  1   35.162   35.162  1
 1017.6 1017.6  1    7.561    7.561  1   35.163   35.163  1
 1019.7 1019.7  1    7.530    7.530  1   35.161   35.161  1
 1021.5 1021.5  1    7.519    7.519  1   35.161   35.161  1
 1023.0 1023.0  1    7.502    7.502  1   35.162   35.162  1
 1025.2 1025.2  1    7.459    7.459  1   35.160   35.160  1
 1027.4 1027.4  1    7.433    7.433  1   35.160   35.160  1
 1029.9 1029.9  1    7.399    7.399  1   35.159   35.159  1
 1031.4 1031.4  1    7.369    7.369  1   35.157   35.157  1
 1033.4 1033.4  1    7.324    7.324  1   35.158   35.158  1
 1035.4 1035.4  1    7.291    7.291  1   35.154   35.154  1
 1037.3 1037.3  1    7.266    7.266  1   35.154   35.154  1
 1039.3 1039.3  1    7.227    7.227  1   35.152   35.152  1
 1041.4 1041.4  1    7.180    7.180  1   35.153   35.153  1
 1043.4 1043.4  1    7.139    7.139  1   35.149   35.149  1
 1045.4 1045.4  1    7.113    7.113  1   35.147   35.147  1
 1047.4 1047.4  1    7.051    7.051  1   35.149   35.149  1
 1049.5 1049.5  1    7.010    7.010  1   35.145   35.145  1
 1051.5 1051.5  1    6.995    6.995  1   35.142   35.142  1
 1053.6 1053.6  1    6.962    6.962  1   35.142   35.142  1
 1055.6 1055.6  1    6.936    6.936  1   35.142   35.142  1
 1057.6 1057.6  1    6.899    6.899  1   35.142   35.142  1
 1059.3 1059.3  1    6.867    6.867  1   35.141   35.141  1
 1061.4 1061.4  1    6.847    6.847  1   35.140   35.140  1
 1063.4 1063.4  1    6.816    6.816  1   35.139   35.139  1
 1065.4 1065.4  1    6.784    6.784  1   35.138   35.138  1
 1067.5 1067.5  1    6.754    6.754  1   35.135   35.135  1
 1069.5 1069.5  1    6.715    6.715  1   35.135   35.135  1
 1071.6 1071.6  1    6.683    6.683  1   35.134   35.134  1
 1073.3 1073.3  1    6.651    6.651  1   35.134   35.134  1
 1075.4 1075.4  1    6.618    6.618  1   35.133   35.133  1
 1077.5 1077.5  1    6.587    6.587  1   35.132   35.132  1
 1079.3 1079.3  1    6.565    6.565  1   35.132   35.132  1
 1081.5 1081.5  1    6.531    6.531  1   35.131   35.131  1
 1083.6 1083.6  1    6.528    6.528  1   35.132   35.132  1
 1085.4 1085.4  1    6.515    6.515  1   35.135   35.135  1
 1087.3 1087.3  1    6.508    6.508  1   35.134   35.134  1
 1089.1 1089.1  1    6.501    6.501  1   35.134   35.134  1
 1091.4 1091.4  1    6.496    6.496  1   35.133   35.133  1
 1093.7 1093.7  1    6.489    6.489  1   35.133   35.133  1
 1095.5 1095.5  1    6.461    6.461  1   35.133   35.133  1
 1097.4 1097.4  1    6.415    6.415  1   35.131   35.131  1
 1099.3 1099.3  1    6.387    6.387  1   35.130   35.130  1
 1101.2 1101.2  1    6.364    6.364  1   35.129   35.129  1
 1103.2 1103.2  1    6.343    6.343  1   35.129   35.129  1
 1105.1 1105.1  1    6.343    6.343  1   35.128   35.128  1
 1107.0 1107.0  1    6.340    6.340  1   35.128   35.128  1
 1109.4 1109.4  1    6.336    6.336  1   35.129   35.129  1
 1111.8 1111.8  1    6.306    6.306  1   35.126   35.126  1
 1113.7 1113.7  1    6.271    6.271  1   35.127   35.127  1
 1115.7 1115.7  1    6.262    6.262  1   35.125   35.125  1
 1117.6 1117.6  1    6.257    6.257  1   35.124   35.124  1
 1119.5 1119.5  1    6.251    6.251  1   35.124   35.124  1
 1121.4 1121.4  1    6.245    6.245  1   35.123   35.123  1
 1123.3 1123.3  1    6.231    6.231  1   35.123   35.123  1
 1125.2 1125.2  1    6.211    6.211  1   35.124   35.124  1
 1127.2 1127.2  1    6.205    6.205  1   35.122   35.122  1
 1129.1 1129.1  1    6.192    6.192  1   35.121   35.121  1
 1131.0 1131.0  1    6.168    6.168  1   35.120   35.120  1
 1133.0 1133.0  1    6.154    6.154  1   35.119   35.119  1
 1135.0 1135.0  1    6.132    6.132  1   35.119   35.119  1
 1137.4 1137.4  1    6.118    6.118  1   35.117   35.117  1
 1139.9 1139.9  1    6.088    6.088  1   35.118   35.118  1
 1141.9 1141.9  1    6.065    6.065  1   35.115   35.115  1
 1143.9 1143.9  1    6.056    6.056  1   35.115   35.115  1
 1145.9 1145.9  1    6.050    6.050  1   35.114   35.114  1
 1147.9 1147.9  1    6.043    6.043  1   35.113   35.113  1
 1149.9 1149.9  1    6.028    6.028  1   35.113   35.113  1
 1151.9 1151.9  1    5.996    5.996  1   35.112   35.112  1
 1153.9 1153.9  1    5.984    5.984  1   35.111   35.111  1
 1155.4 1155.4  1    5.975    5.975  1   35.111   35.111  1
 1157.0 1157.0  1    5.967    5.967  1   35.110   35.110  1
 1159.0 1159.0  1    5.958    5.958  1   35.110   35.110  1
 1161.1 1161.1  1    5.942    5.942  1   35.108   35.108  1
 1163.1 1163.1  1    5.929    5.929  1   35.108   35.108  1
 1165.2 1165.2  1    5.912    5.912  1   35.107   35.107  1
 1167.3 1167.3  1    5.895    5.895  1   35.106   35.106  1
 1169.3 1169.3  1    5.880    5.880  1   35.105   35.105  1
 1171.3 1171.3  1    5.875    5.875  1   35.105   35.105  1
 1173.3 1173.3  1    5.863    5.863  1   35.105   35.105  1
 1175.4 1175.4  1    5.853    5.853  1   35.106   35.106  1
 1177.4 1177.4  1    5.840    5.840  1   35.106   35.106  1
 1179.4 1179.4  1    5.835    5.835  1   35.105   35.105  1
 1181.5 1181.5  1    5.832    5.832  1   35.105   35.105  1
 1183.6 1183.6  1    5.812    5.812  1   35.104   35.104  1
 1185.6 1185.6  1    5.794    5.794  1   35.103   35.103  1
 1187.7 1187.7  1    5.790    5.790  1   35.104   35.104  1
 1189.7 1189.7  1    5.783    5.783  1   35.103   35.103  1
 1191.8 1191.8  1    5.764    5.764  1   35.102   35.102  1
 1193.8 1193.8  1    5.761    5.761  1   35.102   35.102  1
 1195.9 1195.9  1    5.754    5.754  1   35.103   35.103  1
 1197.4 1197.4  1    5.749    5.749  1   35.101   35.101  1
 1199.0 1199.0  1    5.743    5.743  1   35.103   35.103  1
 1201.0 1201.0  1    5.733    5.733  1   35.103   35.103  1
 1203.1 1203.1  1    5.711    5.711  1   35.103   35.103  1
 1205.2 1205.2  1    5.693    5.693  1   35.102   35.102  1
 1207.2 1207.2  1    5.678    5.678  1   35.102   35.102  1
 1209.3 1209.3  1    5.667    5.667  1   35.099   35.099  1
 1211.3 1211.3  1    5.662    5.662  1   35.100   35.100  1
 1213.4 1213.4  1    5.650    5.650  1   35.100   35.100  1
 1215.5 1215.5  1    5.634    5.634  1   35.097   35.097  1
 1217.6 1217.6  1    5.609    5.609  1   35.095   35.095  1
 1219.8 1219.8  1    5.592    5.592  1   35.098   35.098  1
 1221.9 1221.9  1    5.562    5.562  1   35.091   35.091  1
 1223.5 1223.5  1    5.546    5.546  1   35.090   35.090  1
 1225.1 1225.1  1    5.555    5.555  1   35.093   35.093  1
 1227.2 1227.2  1    5.561    5.561  1   35.097   35.097  1
 1229.3 1229.3  1    5.550    5.550  1   35.097   35.097  1
 1231.4 1231.4  1    5.537    5.537  1   35.095   35.095  1
 1233.6 1233.6  1    5.541    5.541  1   35.096   35.096  1
 1235.7 1235.7  1    5.529    5.529  1   35.096   35.096  1
 1237.8 1237.8  1    5.519    5.519  1   35.095   35.095  1
 1239.5 1239.5  1    5.507    5.507  1   35.094   35.094  1
 1241.1 1241.1  1    5.489    5.489  1   35.092   35.092  1
 1243.2 1243.2  1    5.481    5.481  1   35.092   35.092  1
 1245.3 1245.3  1    5.452    5.452  1   35.088   35.088  1
 1247.4 1247.4  1    5.439    5.439  1   35.087   35.087  1
 1249.6 1249.6  1    5.425    5.425  1   35.086   35.086  1
 1251.8 1251.8  1    5.407    5.407  1   35.084   35.084  1
 1253.4 1253.4  1    5.401    5.401  1   35.085   35.085  1
 1255.0 1255.0  1    5.398    5.398  1   35.083   35.083  1
 1257.1 1257.1  1    5.397    5.397  1   35.085   35.085  1
 1259.7 1259.7  1    5.388    5.388  1   35.084   35.084  1
 1261.3 1261.3  1    5.367    5.367  1   35.081   35.081  1
 1263.3 1263.3  1    5.353    5.353  1   35.080   35.080  1
 1265.3 1265.3  1    5.343    5.343  1   35.079   35.079  1
 1267.4 1267.4  1    5.335    5.335  1   35.079   35.079  1
 1269.4 1269.4  1    5.327    5.327  1   35.079   35.079  1
 1271.5 1271.5  1    5.330    5.330  1   35.080   35.080  1
 1273.5 1273.5  1    5.332    5.332  1   35.081   35.081  1
 1275.6 1275.6  1    5.332    5.332  1   35.081   35.081  1
 1277.3 1277.3  1    5.321    5.321  1   35.081   35.081  1
 1279.4 1279.4  1    5.300    5.300  1   35.078   35.078  1
 1281.4 1281.4  1    5.289    5.289  1   35.077   35.077  1
 1283.4 1283.4  1    5.281    5.281  1   35.077   35.077  1
 1285.6 1285.6  1    5.261    5.261  1   35.076   35.076  1
 1287.2 1287.2  1    5.253    5.253  1   35.075   35.075  1
 1289.3 1289.3  1    5.250    5.250  1   35.075   35.075  1
 1291.4 1291.4  1    5.248    5.248  1   35.075   35.075  1
 1293.5 1293.5  1    5.247    5.247  1   35.075   35.075  1
 1295.6 1295.6  1    5.244    5.244  1   35.075   35.075  1
 1297.3 1297.3  1    5.242    5.242  1   35.074   35.074  1
 1299.4 1299.4  1    5.235    5.235  1   35.074   35.074  1
 1301.5 1301.5  1    5.231    5.231  1   35.075   35.075  1
 1303.2 1303.2  1    5.221    5.221  1   35.073   35.073  1
 1305.3 1305.3  1    5.204    5.204  1   35.072   35.072  1
 1307.5 1307.5  1    5.199    5.199  1   35.072   35.072  1
 1309.3 1309.3  1    5.202    5.202  1   35.074   35.074  1
 1311.4 1311.4  1    5.169    5.169  1   35.071   35.071  1
 1313.6 1313.6  1    5.161    5.161  1   35.070   35.070  1
 1315.3 1315.3  1    5.167    5.167  1   35.068   35.068  1
 1317.5 1317.5  1    5.160    5.160  1   35.071   35.071  1
 1319.7 1319.7  1    5.152    5.152  1   35.071   35.071  1
 1321.5 1321.5  1    5.146    5.146  1   35.071   35.071  1
 1323.3 1323.3  1    5.145    5.145  1   35.071   35.071  1
 1325.5 1325.5  1    5.142    5.142  1   35.071   35.071  1
 1327.7 1327.7  1    5.127    5.127  1   35.070   35.070  1
 1329.5 1329.5  1    5.124    5.124  1   35.069   35.069  1
 1331.2 1331.2  1    5.123    5.123  1   35.069   35.069  1
 1333.5 1333.5  1    5.113    5.113  1   35.067   35.067  1
 1335.6 1335.6  1    5.103    5.103  1   35.067   35.067  1
 1337.4 1337.4  1    5.098    5.098  1   35.067   35.067  1
 1339.2 1339.2  1    5.090    5.090  1   35.066   35.066  1
 1341.4 1341.4  1    5.074    5.074  1   35.065   35.065  1
 1343.6 1343.6  1    5.062    5.062  1   35.063   35.063  1
 1345.3 1345.3  1    5.057    5.057  1   35.063   35.063  1
 1347.1 1347.1  1    5.056    5.056  1   35.063   35.063  1
 1349.4 1349.4  1    5.045    5.045  1   35.063   35.063  1
 1351.5 1351.5  1    5.038    5.038  1   35.062   35.062  1
 1353.3 1353.3  1    5.030    5.030  1   35.061   35.061  1
 1355.1 1355.1  1    5.021    5.021  1   35.060   35.060  1
 1357.4 1357.4  1    5.005    5.005  1   35.057   35.057  1
 1359.7 1359.7  1    4.979    4.979  1   35.054   35.054  1
 1361.5 1361.5  1    4.987    4.987  1   35.057   35.057  1
 1363.3 1363.3  1    4.990    4.990  1   35.058   35.058  1
 1365.1 1365.1  1    4.991    4.991  1   35.058   35.058  1
 1367.4 1367.4  1    4.992    4.992  1   35.059   35.059  1
 1369.6 1369.6  1    4.990    4.990  1   35.059   35.059  1
 1371.4 1371.4  1    4.987    4.987  1   35.059   35.059  1
 1373.3 1373.3  1    4.983    4.983  1   35.058   35.058  1
 1375.1 1375.1  1    4.963    4.963  1   35.057   35.057  1
 1377.4 1377.4  1    4.941    4.941  1   35.054   35.054  1
 1379.7 1379.7  1    4.926    4.926  1   35.052   35.052  1
 1381.5 1381.5  1    4.917    4.917  1   35.051   35.051  1
 1383.4 1383.4  1    4.917    4.917  1   35.052   35.052  1
 1385.2 1385.2  1    4.913    4.913  1   35.052   35.052  1
 1387.1 1387.1  1    4.911    4.911  1   35.051   35.051  1
 1389.4 1389.4  1    4.910    4.910  1   35.051   35.051  1
 1391.7 1391.7  1    4.904    4.904  1   35.051   35.051  1
 1393.6 1393.6  1    4.888    4.888  1   35.050   35.050  1
 1395.4 1395.4  1    4.884    4.884  1   35.049   35.049  1
 1397.3 1397.3  1    4.886    4.886  1   35.050   35.050  1
 1399.1 1399.1  1    4.884    4.884  1   35.050   35.050  1
 1402.4 1402.4  1    4.878    4.878  1   35.050   35.050  1
 1406.7 1406.7  1    4.866    4.866  1   35.049   35.049  1
 1410.5 1410.5  1    4.840    4.840  1   35.047   35.047  1
 1414.3 1414.3  1    4.831    4.831  1   35.048   35.048  1
 1418.2 1418.2  1    4.822    4.822  1   35.047   35.047  1
 1422.1 1422.1  1    4.807    4.807  1   35.045   35.045  1
 1426.0 1426.0  1    4.798    4.798  1   35.044   35.044  1
 1430.4 1430.4  1    4.788    4.788  1   35.044   35.044  1
 1434.9 1434.9  1    4.778    4.778  1   35.043   35.043  1
 1438.4 1438.4  1    4.769    4.769  1   35.042   35.042  1
 1442.0 1442.0  1    4.760    4.760  1   35.042   35.042  1
 1446.0 1446.0  1    4.750    4.750  1   35.042   35.042  1
 1450.1 1450.1  1    4.745    4.745  1   35.042   35.042  1
 1454.2 1454.2  1    4.762    4.762  1   35.046   35.046  1
 1458.3 1458.3  1    4.759    4.759  1   35.047   35.047  1
 1462.4 1462.4  1    4.745    4.745  1   35.047   35.047  1
 1466.5 1466.5  1    4.727    4.727  1   35.045   35.045  1
 1470.7 1470.7  1    4.706    4.706  1   35.043   35.043  1
 1474.9 1474.9  1    4.681    4.681  1   35.040   35.040  1
 1478.5 1478.5  1    4.651    4.651  1   35.037   35.037  1
 1482.1 1482.1  1    4.642    4.642  1   35.035   35.035  1
 1486.3 1486.3  1    4.631    4.631  1   35.033   35.033  1
 1490.5 1490.5  1    4.620    4.620  1   35.033   35.033  1
 1494.7 1494.7  1    4.613    4.613  1   35.032   35.032  1
 1498.4 1498.4  1    4.607    4.607  1   35.032   35.032  1
 1501.5 1501.5  1    4.597    4.597  1   35.031   35.031  1
 1506.1 1506.1  1    4.598    4.598  1   35.033   35.033  1
 1510.1 1510.1  1    4.584    4.584  1   35.032   35.032  1
 1514.1 1514.1  1    4.572    4.572  1   35.030   35.030  1
 1518.2 1518.2  1    4.570    4.570  1   35.031   35.031  1
 1522.3 1522.3  1    4.579    4.579  1   35.034   35.034  1
 1526.3 1526.3  1    4.568    4.568  1   35.033   35.033  1
 1530.4 1530.4  1    4.556    4.556  1   35.031   35.031  1
 1534.5 1534.5  1    4.554    4.554  1   35.031   35.031  1
 1538.6 1538.6  1    4.540    4.540  1   35.030   35.030  1
 1542.3 1542.3  1    4.545    4.545  1   35.032   35.032  1
 1546.1 1546.1  1    4.542    4.542  1   35.031   35.031  1
 1550.3 1550.3  1    4.535    4.535  1   35.031   35.031  1
 1554.5 1554.5  1    4.537    4.537  1   35.032   35.032  1
 1558.3 1558.3  1    4.534    4.534  1   35.033   35.033  1
 1562.1 1562.1  1    4.524    4.524  1   35.032   35.032  1
 1566.4 1566.4  1    4.516    4.516  1   35.031   35.031  1
 1570.3 1570.3  1    4.514    4.514  1   35.032   35.032  1
 1574.1 1574.1  1    4.507    4.507  1   35.031   35.031  1
 1578.5 1578.5  1    4.496    4.496  1   35.030   35.030  1
 1582.4 1582.4  1    4.487    4.487  1   35.029   35.029  1
 1586.4 1586.4  1    4.476    4.476  1   35.028   35.028  1
 1590.4 1590.4  1    4.470    4.470  1   35.028   35.028  1
 1594.5 1594.5  1    4.470    4.470  1   35.028   35.028  1
 1598.5 1598.5  1    4.472    4.472  1   35.029   35.029  1
 1602.6 1602.6  1    4.462    4.462  1   35.029   35.029  1
 1606.5 1606.5  1    4.458    4.458  1   35.030   35.030  1
 1610.6 1610.6  1    4.453    4.453  1   35.030   35.030  1
 1614.7 1614.7  1    4.448    4.448  1   35.031   35.031  1
 1618.3 1618.3  1    4.434    4.434  1   35.029   35.029  1
 1622.4 1622.4  1    4.439    4.439  1   35.031   35.031  1
 1626.6 1626.6  1    4.432    4.432  1   35.031   35.031  1
 1630.4 1630.4  1    4.431    4.431  1   35.032   35.032  1
 1634.3 1634.3  1    4.453    4.453  1   35.036   35.036  1
 1638.1 1638.1  1    4.458    4.458  1   35.038   35.038  1
 1642.0 1642.0  1    4.439    4.439  1   35.036   35.036  1
 1646.4 1646.4  1    4.436    4.436  1   35.036   35.036  1
 1650.7 1650.7  1    4.434    4.434  1   35.035   35.035  1
 1654.6 1654.6  1    4.422    4.422  1   35.034   35.034  1
 1658.6 1658.6  1    4.409    4.409  1   35.032   35.032  1
 1662.6 1662.6  1    4.398    4.398  1   35.031   35.031  1
 1666.5 1666.5  1    4.393    4.393  1   35.031   35.031  1
 1670.5 1670.5  1    4.394    4.394  1   35.031   35.031  1
 1674.5 1674.5  1    4.390    4.390  1   35.031   35.031  1
 1678.5 1678.5  1    4.387    4.387  1   35.031   35.031  1
 1682.5 1682.5  1    4.385    4.385  1   35.031   35.031  1
 1686.6 1686.6  1    4.385    4.385  1   35.031   35.031  1
 1690.7 1690.7  1    4.389    4.389  1   35.032   35.032  1
 1694.3 1694.3  1    4.374    4.374  1   35.031   35.031  1
 1698.0 1698.0  1    4.315    4.315  1   35.021   35.021  1
 1702.1 1702.1  1    4.299    4.299  1   35.019   35.019  1
 1706.3 1706.3  1    4.285    4.285  1   35.017   35.017  1
 1710.5 1710.5  1    4.291    4.291  1   35.018   35.018  1
 1714.7 1714.7  1    4.299    4.299  1   35.020   35.020  1
 1718.4 1718.4  1    4.303    4.303  1   35.023   35.023  1
 1721.5 1721.5  1    4.290    4.290  1   35.022   35.022  1
 1726.1 1726.1  1    4.270    4.270  1   35.018   35.018  1
 1730.2 1730.2  1    4.258    4.258  1   35.017   35.017  1
 1734.3 1734.3  1    4.259    4.259  1   35.017   35.017  1
 1738.4 1738.4  1    4.257    4.257  1   35.018   35.018  1
 1742.4 1742.4  1    4.241    4.241  1   35.016   35.016  1
 1746.5 1746.5  1    4.242    4.242  1   35.017   35.017  1
 1750.6 1750.6  1    4.237    4.237  1   35.017   35.017  1
 1754.4 1754.4  1    4.224    4.224  1   35.016   35.016  1
 1758.2 1758.2  1    4.213    4.213  1   35.015   35.015  1
 1762.5 1762.5  1    4.212    4.212  1   35.016   35.016  1
 1766.4 1766.4  1    4.208    4.208  1   35.016   35.016  1
 1770.3 1770.3  1    4.200    4.200  1   35.015   35.015  1
 1774.6 1774.6  1    4.193    4.193  1   35.015   35.015  1
 1778.6 1778.6  1    4.192    4.192  1   35.015   35.015  1
 1782.2 1782.2  1    4.185    4.185  1   35.015   35.015  1
 1786.3 1786.3  1    4.177    4.177  1   35.014   35.014  1
 1790.3 1790.3  1    4.173    4.173  1   35.014   35.014  1
 1794.4 1794.4  1    4.170    4.170  1   35.014   35.014  1
 1798.5 1798.5  1    4.167    4.167  1   35.014   35.014  1
 1802.2 1802.2  1    4.159    4.159  1   35.013   35.013  1
 1806.4 1806.4  1    4.156    4.156  1   35.014   35.014  1
 1810.5 1810.5  1    4.154    4.154  1   35.014   35.014  1
 1814.2 1814.2  1    4.151    4.151  1   35.014   35.014  1
 1818.5 1818.5  1    4.146    4.146  1   35.014   35.014  1
 1822.8 1822.8  1    4.141    4.141  1   35.015   35.015  1
 1826.5 1826.5  1    4.145    4.145  1   35.015   35.015  1
 1830.4 1830.4  1    4.144    4.144  1   35.016   35.016  1
 1834.2 1834.2  1    4.150    4.150  1   35.018   35.018  1
 1838.5 1838.5  1    4.131    4.131  1   35.014   35.014  1
 1842.8 1842.8  1    4.122    4.122  1   35.013   35.013  1
 1846.7 1846.7  1    4.121    4.121  1   35.013   35.013  1
 1850.6 1850.6  1    4.114    4.114  1   35.013   35.013  1
 1854.4 1854.4  1    4.109    4.109  1   35.012   35.012  1
 1858.3 1858.3  1    4.107    4.107  1   35.012   35.012  1
 1862.2 1862.2  1    4.110    4.110  1   35.014   35.014  1
 1866.1 1866.1  1    4.104    4.104  1   35.013   35.013  1
 1870.1 1870.1  1    4.094    4.094  1   35.013   35.013  1
 1874.0 1874.0  1    4.087    4.087  1   35.012   35.012  1
 1878.0 1878.0  1    4.085    4.085  1   35.012   35.012  1
 1881.9 1881.9  1    4.087    4.087  1   35.014   35.014  1
 1885.9 1885.9  1    4.077    4.077  1   35.013   35.013  1
 1890.0 1890.0  1    4.072    4.072  1   35.012   35.012  1
 1894.0 1894.0  1    4.071    4.071  1   35.013   35.013  1
 1898.0 1898.0  1    4.069    4.069  1   35.012   35.012  1
 1902.0 1902.0  1    4.065    4.065  1   35.012   35.012  1
 1906.0 1906.0  1    4.061    4.061  1   35.011   35.011  1
 1910.0 1910.0  1    4.053    4.053  1   35.012   35.012  1
 1914.1 1914.1  1    4.047    4.047  1   35.011   35.011  1
 1918.1 1918.1  1    4.038    4.038  1   35.011   35.011  1
 1922.1 1922.1  1    4.031    4.031  1   35.011   35.011  1
 1926.1 1926.1  1    4.024    4.024  1   35.010   35.010  1
 1930.1 1930.1  1    4.018    4.018  1   35.010   35.010  1
 1934.1 1934.1  1    4.019    4.019  1   35.010   35.010  1
 1938.2 1938.2  1    4.011    4.011  1   35.010   35.010  1
 1942.2 1942.2  1    4.006    4.006  1   35.009   35.009  1
 1946.3 1946.3  1    3.999    3.999  1   35.010   35.010  1
 1950.3 1950.3  1    4.000    4.000  1   35.009   35.009  1
 1954.4 1954.4  1    3.993    3.993  1   35.009   35.009  1
 1958.5 1958.5  1    3.984    3.984  1   35.009   35.009  1
 1962.6 1962.6  1    3.973    3.973  1   35.009   35.009  1
 1966.7 1966.7  1    3.968    3.968  1   35.007   35.007  1
 1970.8 1970.8  1    3.960    3.960  1   35.007   35.007  1
 1974.4 1974.4  1    3.953    3.953  1   35.006   35.006  1
 1978.0 1978.0  1    3.947    3.947  1   35.005   35.005  1
 1982.1 1982.1  1    3.939    3.939  1   35.005   35.005  1
 1989.6 1989.6  1    3.933    3.933  1   35.006   35.006  1
