*SoftWare Version 3.0  2018/12/27

*HEADER
     PLATFORM NUMBER       :3901956
     CYCLE NUMBER          :080
     DATE CREATION         :20191217071338
     DATE UPDATE           :20191217071343
     PROJECT NAME          :MOCCA-EU
     PI NAME               :Andy Rees
     INSTRUMENT TYPE       :ARVOR
     FLOAT SERIAL NO       :AI2600-16FR099
     FIRMWARE VERSION      :5900A01
     WMO INSTRUMENT TYPE   :844
     TRANSMISSION SYSTEM   :IRIDIUM
     POSITIONING SYSTEM    :GPS
     SAMPLE DIRECTION      :A(A=Ascend; D=Descend)
     DATA MODE             :R(R=Real Time; D=Delayed Mode; A=Real Time Adjusted)
     JULIAN DAY            :25551.7476 (days since 1950-01-01 00:00:00 UTC)
     DATE                  :2019-12-16
     QC FLAG FOR DATE      :1
*LOCATION
     LATITUDE              :-8.947
     LONGITUDE             :-22.834
     QC FLAG FOR LOCATION  :1
*FILE
     COLUMN 1              :Pressure (dbar)                             F7.1
     COLUMN 2              :Corrected Pressure (dbar)                   F7.1
     COLUMN 3              :Quality on Pressure                         I3
     COLUMN 4              :Temperature (degree_Celsius)                F9.3
     COLUMN 5              :Corrected Temperature (degree_Celsius)      F9.3
     COLUMN 6              :Quality on Temperature                      I3
     COLUMN 7              :Salinity (PSU)                              F9.3
     COLUMN 8              :Corrected Salinity (PSU)                    F9.3
     COLUMN 9              :Quality on Salinity                         I3
==========================================================================
    2.8    2.8  1   26.856   26.856  1   29.850   29.850  4
    4.0    4.0  1   26.854   26.854  1   29.851   29.851  4
    5.3    5.3  1   26.853   26.853  1   29.851   29.851  4
    6.3    6.3  1   26.853   26.853  1   29.850   29.850  4
    7.2    7.2  1   26.852   26.852  1   29.850   29.850  4
    8.2    8.2  1   26.854   26.854  1   29.849   29.849  4
    9.3    9.3  1   26.860   26.860  1   29.848   29.848  4
   10.3   10.3  1   26.858   26.858  1   29.850   29.850  4
   11.4   11.4  1   26.850   26.850  1   29.847   29.847  4
   12.5   12.5  1   26.846   26.846  1   29.848   29.848  4
   13.6   13.6  1   26.841   26.841  1   29.851   29.851  4
   14.6   14.6  1   26.850   26.850  1   29.847   29.847  4
   15.7   15.7  1   26.853   26.853  1   29.848   29.848  4
   16.6   16.6  1   26.829   26.829  1   29.856   29.856  4
   17.6   17.6  1   26.855   26.855  1   29.843   29.843  4
   18.7   18.7  1   26.841   26.841  1   29.845   29.845  4
   19.7   19.7  1   26.842   26.842  1   29.844   29.844  4
   20.6   20.6  1   26.842   26.842  1   29.842   29.842  4
   21.9   21.9  1   26.848   26.848  1   29.839   29.839  4
   23.3   23.3  1   26.805   26.805  1   29.843   29.843  4
   24.3   24.3  1   26.791   26.791  1   29.840   29.840  4
   25.3   25.3  1   26.788   26.788  1   29.843   29.843  4
   26.3   26.3  1   26.785   26.785  1   29.843   29.843  4
   27.2   27.2  1   26.786   26.786  1   29.842   29.842  4
   28.2   28.2  1   26.775   26.775  1   29.841   29.841  4
   29.2   29.2  1   26.763   26.763  1   29.839   29.839  4
   30.2   30.2  1   26.753   26.753  1   29.840   29.840  4
   31.3   31.3  1   26.727   26.727  1   29.848   29.848  4
   32.3   32.3  1   26.715   26.715  1   29.844   29.844  4
   33.3   33.3  1   26.709   26.709  1   29.842   29.842  4
   34.3   34.3  1   26.700   26.700  1   29.843   29.843  4
   35.4   35.4  1   26.694   26.694  1   29.844   29.844  4
   36.4   36.4  1   26.688   26.688  1   29.843   29.843  4
   37.4   37.4  1   26.682   26.682  1   29.841   29.841  4
   38.3   38.3  1   26.676   26.676  1   29.836   29.836  4
   40.1   40.1  1   26.657   26.657  1   29.829   29.829  4
   41.0   41.0  1   26.645   26.645  1   29.813   29.813  4
   42.0   42.0  1   26.635   26.635  1   29.790   29.790  4
   42.9   42.9  1   26.625   26.625  1   29.791   29.791  4
   44.0   44.0  1   26.609   26.609  1   29.772   29.772  4
   44.8   44.8  1   26.548   26.548  1   29.772   29.772  4
   45.8   45.8  1   26.455   26.455  1   29.786   29.786  4
   47.0   47.0  1   26.296   26.296  1   29.811   29.811  4
   48.3   48.3  1   26.148   26.148  1   29.839   29.839  4
   49.2   49.2  1   25.744   25.744  1   29.958   29.958  4
   50.2   50.2  1   25.657   25.657  1   29.967   29.967  4
   51.1   51.1  1   25.636   25.636  1   29.964   29.964  4
   52.0   52.0  1   25.617   25.617  1   29.959   29.959  4
   53.0   53.0  1   25.605   25.605  1   29.955   29.955  4
   53.9   53.9  1   25.579   25.579  1   29.955   29.955  4
   54.8   54.8  1   25.521   25.521  1   29.963   29.963  4
   55.8   55.8  1   25.486   25.486  1   29.969   29.969  4
   56.7   56.7  1   25.456   25.456  1   29.972   29.972  4
   57.6   57.6  1   25.365   25.365  1   29.991   29.991  4
   58.6   58.6  1   25.331   25.331  1   30.002   30.002  4
   59.6   59.6  1   25.290   25.290  1   30.016   30.016  4
   60.5   60.5  1   25.283   25.283  1   30.016   30.016  4
   61.5   61.5  1   25.249   25.249  1   30.021   30.021  4
   62.6   62.6  1   25.150   25.150  1   30.027   30.027  4
   63.6   63.6  1   25.046   25.046  1   30.039   30.039  4
   64.7   64.7  1   24.992   24.992  1   30.064   30.064  4
   65.7   65.7  1   24.935   24.935  1   30.065   30.065  4
   66.8   66.8  1   24.925   24.925  1   30.084   30.084  4
   67.9   67.9  1   24.919   24.919  1   30.088   30.088  4
   69.0   69.0  1   24.896   24.896  1   30.087   30.087  4
   70.1   70.1  1   24.853   24.853  1   30.091   30.091  4
   71.1   71.1  1   24.754   24.754  1   30.104   30.104  4
   72.2   72.2  1   24.703   24.703  1   30.107   30.107  4
   73.3   73.3  1   24.661   24.661  1   30.106   30.106  4
   74.3   74.3  1   24.613   24.613  1   30.104   30.104  4
   75.4   75.4  1   24.548   24.548  1   30.102   30.102  4
   76.4   76.4  1   24.467   24.467  1   30.109   30.109  4
   77.5   77.5  1   24.462   24.462  1   30.112   30.112  4
   78.5   78.5  1   24.406   24.406  1   30.117   30.117  4
   79.6   79.6  1   24.379   24.379  1   30.124   30.124  4
   80.6   80.6  1   24.373   24.373  1   30.122   30.122  4
   81.5   81.5  1   24.354   24.354  1   30.122   30.122  4
   83.4   83.4  1   24.303   24.303  1   30.117   30.117  4
   84.1   84.1  1   24.211   24.211  1   30.130   30.130  4
   84.8   84.8  1   24.160   24.160  1   30.128   30.128  4
   85.9   85.9  1   24.098   24.098  1   30.130   30.130  4
   86.9   86.9  1   24.085   24.085  1   30.121   30.121  4
   88.0   88.0  1   24.055   24.055  1   30.115   30.115  4
   89.1   89.1  1   23.989   23.989  1   30.105   30.105  4
   89.9   89.9  1   23.846   23.846  1   30.117   30.117  4
   91.0   91.0  1   23.634   23.634  1   30.094   30.094  4
   92.2   92.2  1   23.606   23.606  1   30.080   30.080  4
   93.0   93.0  1   23.588   23.588  1   30.065   30.065  4
   93.8   93.8  1   23.549   23.549  1   30.045   30.045  4
   94.6   94.6  1   23.366   23.366  1   30.036   30.036  4
   95.9   95.9  1   22.977   22.977  1   30.007   30.007  4
   97.3   97.3  1   22.650   22.650  1   29.997   29.997  4
   98.2   98.2  1   22.518   22.518  1   29.983   29.983  4
   99.2   99.2  1   22.215   22.215  1   29.976   29.976  4
  100.3  100.3  1   22.134   22.134  1   29.958   29.958  4
  101.8  101.8  1   21.891   21.891  1   29.955   29.955  4
  103.5  103.5  1   21.747   21.747  1   29.948   29.948  4
  105.1  105.1  1   21.621   21.621  1   29.938   29.938  4
  107.3  107.3  1   21.486   21.486  1   29.933   29.933  4
  109.6  109.6  1   21.373   21.373  1   29.925   29.925  4
  111.8  111.8  1   21.334   21.334  1   29.918   29.918  4
  113.5  113.5  1   21.325   21.325  1   29.910   29.910  4
  115.0  115.0  1   21.299   21.299  1   29.898   29.898  4
  117.1  117.1  1   21.245   21.245  1   29.877   29.877  4
  119.1  119.1  1   20.973   20.973  1   29.865   29.865  4
  121.0  121.0  1   20.727   20.727  1   29.833   29.833  4
  123.4  123.4  1   20.359   20.359  1   29.791   29.791  4
  125.7  125.7  1   19.740   19.740  1   29.767   29.767  4
  127.6  127.6  1   19.301   19.301  1   29.738   29.738  4
  129.4  129.4  1   18.773   18.773  1   29.718   29.718  4
  131.2  131.2  1   18.464   18.464  1   29.701   29.701  4
  133.0  133.0  1   18.298   18.298  1   29.686   29.686  4
  135.3  135.3  1   18.182   18.182  1   29.662   29.662  4
  137.0  137.0  1   17.772   17.772  1   29.654   29.654  4
  139.3  139.3  1   17.491   17.491  1   29.633   29.633  4
  141.3  141.3  1   17.206   17.206  1   29.607   29.607  4
  143.3  143.3  1   16.870   16.870  1   29.580   29.580  4
  145.4  145.4  1   16.587   16.587  1   29.553   29.553  4
  147.6  147.6  1   16.145   16.145  1   29.531   29.531  4
  149.6  149.6  1   15.587   15.587  1   29.529   29.529  4
  151.3  151.3  1   15.506   15.506  1   29.519   29.519  4
  153.1  153.1  1   15.440   15.440  1   29.514   29.514  4
  155.0  155.0  1   15.376   15.376  1   29.513   29.513  4
  157.4  157.4  1   15.340   15.340  1   29.503   29.503  4
  159.8  159.8  1   15.290   15.290  1   29.490   29.490  4
  161.8  161.8  1   15.218   15.218  1   29.478   29.478  4
  163.8  163.8  1   14.947   14.947  1   29.478   29.478  4
  165.8  165.8  1   14.782   14.782  1   29.470   29.470  4
  167.8  167.8  1   14.693   14.693  1   29.463   29.463  4
  169.7  169.7  1   14.632   14.632  1   29.453   29.453  4
  171.7  171.7  1   14.528   14.528  1   29.443   29.443  4
  173.6  173.6  1   14.357   14.357  1   29.443   29.443  4
  175.6  175.6  1   14.214   14.214  1   29.430   29.430  4
  177.7  177.7  1   14.076   14.076  1   29.429   29.429  4
  179.7  179.7  1   14.029   14.029  1   29.428   29.428  4
  181.7  181.7  1   13.994   13.994  1   29.422   29.422  4
  183.7  183.7  1   13.955   13.955  1   29.412   29.412  4
  185.6  185.6  1   13.843   13.843  1   29.403   29.403  4
  187.6  187.6  1   13.691   13.691  1   29.398   29.398  4
  189.6  189.6  1   13.573   13.573  1   29.392   29.392  4
  191.5  191.5  1   13.499   13.499  1   29.386   29.386  4
  193.4  193.4  1   13.355   13.355  1   29.378   29.378  4
  195.3  195.3  1   13.200   13.200  1   29.368   29.368  4
  197.2  197.2  1   13.109   13.109  1   29.360   29.360  4
  199.1  199.1  1   12.927   12.927  1   29.356   29.356  4
  201.4  201.4  1   12.830   12.830  1   29.347   29.347  4
  203.8  203.8  1   12.690   12.690  1   29.337   29.337  4
  205.7  205.7  1   12.597   12.597  1   29.329   29.329  4
  207.6  207.6  1   12.451   12.451  1   29.326   29.326  4
  209.6  209.6  1   12.289   12.289  1   29.322   29.322  4
  211.5  211.5  1   12.210   12.210  1   29.319   29.319  4
  213.4  213.4  1   12.176   12.176  1   29.313   29.313  4
  215.4  215.4  1   12.132   12.132  1   29.306   29.306  4
  217.4  217.4  1   12.018   12.018  1   29.304   29.304  4
  219.5  219.5  1   11.910   11.910  1   29.299   29.299  4
  221.6  221.6  1   11.838   11.838  1   29.294   29.294  4
  223.7  223.7  1   11.779   11.779  1   29.289   29.289  4
  225.9  225.9  1   11.715   11.715  1   29.283   29.283  4
  227.5  227.5  1   11.663   11.663  1   29.281   29.281  4
  229.0  229.0  1   11.608   11.608  1   29.278   29.278  4
  231.2  231.2  1   11.533   11.533  1   29.273   29.273  4
  233.4  233.4  1   11.381   11.381  1   29.276   29.276  4
  235.6  235.6  1   11.322   11.322  1   29.270   29.270  4
  237.8  237.8  1   11.293   11.293  1   29.266   29.266  4
  239.5  239.5  1   11.280   11.280  1   29.266   29.266  4
  241.1  241.1  1   11.273   11.273  1   29.262   29.262  4
  243.3  243.3  1   11.255   11.255  1   29.256   29.256  4
  245.5  245.5  1   11.166   11.166  1   29.254   29.254  4
  247.7  247.7  1   11.094   11.094  1   29.249   29.249  4
  249.8  249.8  1   11.037   11.037  1   29.246   29.246  4
  251.5  251.5  1   10.995   10.995  1   29.243   29.243  4
  253.0  253.0  1   10.939   10.939  1   29.245   29.245  4
  255.1  255.1  1   10.899   10.899  1   29.242   29.242  4
  257.2  257.2  1   10.889   10.889  1   29.237   29.237  4
  259.3  259.3  1   10.830   10.830  1   29.237   29.237  4
  261.3  261.3  1   10.768   10.768  1   29.233   29.233  4
  263.4  263.4  1   10.717   10.717  1   29.231   29.231  4
  265.4  265.4  1   10.693   10.693  1   29.227   29.227  4
  267.4  267.4  1   10.621   10.621  1   29.224   29.224  4
  269.3  269.3  1   10.575   10.575  1   29.222   29.222  4
  271.3  271.3  1   10.506   10.506  1   29.222   29.222  4
  273.2  273.2  1   10.453   10.453  1   29.217   29.217  4
  275.1  275.1  1   10.422   10.422  1   29.211   29.211  4
  277.0  277.0  1   10.359   10.359  1   29.205   29.205  4
  279.4  279.4  1   10.209   10.209  1   29.207   29.207  4
  281.8  281.8  1   10.161   10.161  1   29.203   29.203  4
  283.7  283.7  1   10.117   10.117  1   29.203   29.203  4
  285.7  285.7  1   10.100   10.100  1   29.199   29.199  4
  287.6  287.6  1   10.072   10.072  1   29.197   29.197  4
  289.5  289.5  1   10.024   10.024  1   29.195   29.195  4
  291.4  291.4  1   10.011   10.011  1   29.189   29.189  4
  293.3  293.3  1    9.967    9.967  1   29.184   29.184  4
  295.2  295.2  1    9.859    9.859  1   29.185   29.185  4
  297.2  297.2  1    9.796    9.796  1   29.181   29.181  4
  298.6  298.6  1    9.778    9.778  1   29.178   29.178  4
  301.2  301.2  1    9.684    9.684  1   29.173   29.173  4
  303.6  303.6  1    9.587    9.587  1   29.169   29.169  4
  305.6  305.6  1    9.522    9.522  1   29.167   29.167  4
  307.3  307.3  1    9.459    9.459  1   29.169   29.169  4
  309.4  309.4  1    9.438    9.438  1   29.166   29.166  4
  311.6  311.6  1    9.438    9.438  1   29.161   29.161  4
  313.3  313.3  1    9.393    9.393  1   29.159   29.159  4
  315.1  315.1  1    9.358    9.358  1   29.155   29.155  4
  317.3  317.3  1    9.294    9.294  1   29.153   29.153  4
  319.6  319.6  1    9.221    9.221  1   29.153   29.153  4
  321.4  321.4  1    9.196    9.196  1   29.152   29.152  4
  323.3  323.3  1    9.174    9.174  1   29.152   29.152  4
  325.1  325.1  1    9.167    9.167  1   29.150   29.150  4
  327.4  327.4  1    9.150    9.150  1   29.147   29.147  4
  329.7  329.7  1    9.083    9.083  1   29.148   29.148  4
  331.6  331.6  1    9.066    9.066  1   29.147   29.147  4
  333.5  333.5  1    9.056    9.056  1   29.145   29.145  4
  335.4  335.4  1    9.045    9.045  1   29.143   29.143  4
  337.4  337.4  1    9.031    9.031  1   29.140   29.140  4
  339.4  339.4  1    8.987    8.987  1   29.138   29.138  4
  341.2  341.2  1    8.944    8.944  1   29.135   29.135  4
  343.1  343.1  1    8.886    8.886  1   29.136   29.136  4
  345.0  345.0  1    8.863    8.863  1   29.134   29.134  4
  347.4  347.4  1    8.847    8.847  1   29.132   29.132  4
  349.7  349.7  1    8.826    8.826  1   29.130   29.130  4
  351.6  351.6  1    8.812    8.812  1   29.128   29.128  4
  353.5  353.5  1    8.772    8.772  1   29.127   29.127  4
  355.4  355.4  1    8.749    8.749  1   29.127   29.127  4
  357.2  357.2  1    8.725    8.725  1   29.126   29.126  4
  359.1  359.1  1    8.692    8.692  1   29.125   29.125  4
  361.4  361.4  1    8.681    8.681  1   29.122   29.122  4
  363.7  363.7  1    8.656    8.656  1   29.120   29.120  4
  365.6  365.6  1    8.613    8.613  1   29.119   29.119  4
  367.6  367.6  1    8.552    8.552  1   29.120   29.120  4
  369.4  369.4  1    8.516    8.516  1   29.119   29.119  4
  371.3  371.3  1    8.497    8.497  1   29.118   29.118  4
  373.1  373.1  1    8.483    8.483  1   29.117   29.117  4
  375.5  375.5  1    8.460    8.460  1   29.115   29.115  4
  377.7  377.7  1    8.442    8.442  1   29.112   29.112  4
  379.5  379.5  1    8.394    8.394  1   29.113   29.113  4
  381.4  381.4  1    8.362    8.362  1   29.112   29.112  4
  383.2  383.2  1    8.351    8.351  1   29.111   29.111  4
  385.5  385.5  1    8.329    8.329  1   29.110   29.110  4
  387.7  387.7  1    8.313    8.313  1   29.109   29.109  4
  389.5  389.5  1    8.295    8.295  1   29.107   29.107  4
  391.3  391.3  1    8.283    8.283  1   29.105   29.105  4
  393.5  393.5  1    8.249    8.249  1   29.103   29.103  4
  395.6  395.6  1    8.205    8.205  1   29.102   29.102  4
  397.4  397.4  1    8.190    8.190  1   29.100   29.100  4
  399.1  399.1  1    8.174    8.174  1   29.099   29.099  4
  401.4  401.4  1    8.146    8.146  1   29.098   29.098  4
  403.5  403.5  1    8.119    8.119  1   29.098   29.098  4
  405.3  405.3  1    8.085    8.085  1   29.101   29.101  4
  407.5  407.5  1    8.075    8.075  1   29.098   29.098  4
  409.7  409.7  1    8.058    8.058  1   29.097   29.097  4
  411.5  411.5  1    8.042    8.042  1   29.095   29.095  4
  413.2  413.2  1    8.028    8.028  1   29.094   29.094  4
  415.4  415.4  1    7.997    7.997  1   29.093   29.093  4
  417.5  417.5  1    7.969    7.969  1   29.093   29.093  4
  419.3  419.3  1    7.952    7.952  1   29.092   29.092  4
  421.0  421.0  1    7.939    7.939  1   29.091   29.091  4
  423.3  423.3  1    7.902    7.902  1   29.090   29.090  4
  425.5  425.5  1    7.888    7.888  1   29.088   29.088  4
  427.4  427.4  1    7.877    7.877  1   29.087   29.087  4
  429.1  429.1  1    7.870    7.870  1   29.086   29.086  4
  431.5  431.5  1    7.858    7.858  1   29.084   29.084  4
  433.7  433.7  1    7.844    7.844  1   29.083   29.083  4
  435.5  435.5  1    7.831    7.831  1   29.083   29.083  4
  437.4  437.4  1    7.821    7.821  1   29.082   29.082  4
  439.3  439.3  1    7.812    7.812  1   29.081   29.081  4
  441.1  441.1  1    7.808    7.808  1   29.080   29.080  4
  443.4  443.4  1    7.802    7.802  1   29.078   29.078  4
  445.7  445.7  1    7.773    7.773  1   29.078   29.078  4
  447.6  447.6  1    7.745    7.745  1   29.080   29.080  4
  449.4  449.4  1    7.735    7.735  1   29.077   29.077  4
  451.3  451.3  1    7.727    7.727  1   29.074   29.074  4
  453.1  453.1  1    7.693    7.693  1   29.074   29.074  4
  455.0  455.0  1    7.665    7.665  1   29.074   29.074  4
  457.4  457.4  1    7.630    7.630  1   29.071   29.071  4
  459.8  459.8  1    7.576    7.576  1   29.074   29.074  4
  461.7  461.7  1    7.563    7.563  1   29.073   29.073  4
  463.6  463.6  1    7.551    7.551  1   29.074   29.074  4
  465.5  465.5  1    7.547    7.547  1   29.073   29.073  4
  467.5  467.5  1    7.544    7.544  1   29.073   29.073  4
  469.4  469.4  1    7.541    7.541  1   29.073   29.073  4
  471.3  471.3  1    7.533    7.533  1   29.073   29.073  4
  473.3  473.3  1    7.523    7.523  1   29.072   29.072  4
  475.2  475.2  1    7.507    7.507  1   29.071   29.071  4
  477.2  477.2  1    7.488    7.488  1   29.072   29.072  4
  479.2  479.2  1    7.469    7.469  1   29.071   29.071  4
  481.1  481.1  1    7.454    7.454  1   29.071   29.071  4
  483.1  483.1  1    7.440    7.440  1   29.070   29.070  4
  485.1  485.1  1    7.434    7.434  1   29.069   29.069  4
  487.1  487.1  1    7.429    7.429  1   29.067   29.067  4
  489.0  489.0  1    7.405    7.405  1   29.066   29.066  4
  491.0  491.0  1    7.370    7.370  1   29.066   29.066  4
  493.0  493.0  1    7.349    7.349  1   29.065   29.065  4
  495.0  495.0  1    7.334    7.334  1   29.064   29.064  4
  497.0  497.0  1    7.301    7.301  1   29.063   29.063  4
  499.0  499.0  1    7.272    7.272  1   29.061   29.061  4
  502.6  502.6  1    7.201    7.201  1   29.061   29.061  4
  507.7  507.7  1    7.155    7.155  1   29.059   29.059  4
  513.2  513.2  1    7.097    7.097  1   29.059   29.059  4
  517.7  517.7  1    7.060    7.060  1   29.058   29.058  4
  523.0  523.0  1    7.019    7.019  1   29.056   29.056  4
  528.2  528.2  1    6.952    6.952  1   29.053   29.053  4
  533.2  533.2  1    6.866    6.866  1   29.055   29.055  4
  538.1  538.1  1    6.838    6.838  1   29.054   29.054  4
  543.0  543.0  1    6.783    6.783  1   29.051   29.051  4
  548.0  548.0  1    6.711    6.711  1   29.054   29.054  4
  553.1  553.1  1    6.662    6.662  1   29.051   29.051  4
  558.1  558.1  1    6.615    6.615  1   29.049   29.049  4
  562.8  562.8  1    6.567    6.567  1   29.049   29.049  4
  567.6  567.6  1    6.508    6.508  1   29.052   29.052  4
  572.7  572.7  1    6.456    6.456  1   29.051   29.051  4
  577.9  577.9  1    6.403    6.403  1   29.049   29.049  4
  583.1  583.1  1    6.360    6.360  1   29.047   29.047  4
  587.9  587.9  1    6.319    6.319  1   29.046   29.046  4
  592.6  592.6  1    6.274    6.274  1   29.045   29.045  4
  597.8  597.8  1    6.238    6.238  1   29.045   29.045  4
  603.1  603.1  1    6.180    6.180  1   29.044   29.044  4
  607.9  607.9  1    6.128    6.128  1   29.042   29.042  4
  612.8  612.8  1    6.075    6.075  1   29.041   29.041  4
  618.1  618.1  1    6.047    6.047  1   29.040   29.040  4
  623.1  623.1  1    6.032    6.032  1   29.035   29.035  4
  628.1  628.1  1    5.974    5.974  1   29.036   29.036  4
  633.2  633.2  1    5.914    5.914  1   29.034   29.034  4
  637.8  637.8  1    5.875    5.875  1   29.034   29.034  4
  642.6  642.6  1    5.835    5.835  1   29.033   29.033  4
  647.8  647.8  1    5.794    5.794  1   29.034   29.034  4
  653.1  653.1  1    5.739    5.739  1   29.036   29.036  4
  657.9  657.9  1    5.711    5.711  1   29.033   29.033  4
  662.9  662.9  1    5.659    5.659  1   29.035   29.035  4
  667.8  667.8  1    5.625    5.625  1   29.037   29.037  4
  672.8  672.8  1    5.584    5.584  1   29.034   29.034  4
  677.8  677.8  1    5.539    5.539  1   29.031   29.031  4
  682.9  682.9  1    5.510    5.510  1   29.028   29.028  4
  688.0  688.0  1    5.463    5.463  1   29.029   29.029  4
  693.2  693.2  1    5.424    5.424  1   29.030   29.030  4
  697.8  697.8  1    5.402    5.402  1   29.031   29.031  4
  702.5  702.5  1    5.390    5.390  1   29.033   29.033  4
  707.6  707.6  1    5.372    5.372  1   29.036   29.036  4
  712.7  712.7  1    5.364    5.364  1   29.034   29.034  4
  717.9  717.9  1    5.345    5.345  1   29.036   29.036  4
  723.0  723.0  1    5.318    5.318  1   29.036   29.036  4
  728.1  728.1  1    5.301    5.301  1   29.035   29.035  4
  733.1  733.1  1    5.279    5.279  1   29.033   29.033  4
  738.1  738.1  1    5.256    5.256  1   29.033   29.033  4
  743.1  743.1  1    5.225    5.225  1   29.034   29.034  4
  747.9  747.9  1    5.200    5.200  1   29.033   29.033  4
  752.8  752.8  1    5.180    5.180  1   29.031   29.031  4
  757.6  757.6  1    5.167    5.167  1   29.028   29.028  4
  762.9  762.9  1    5.102    5.102  1   29.025   29.025  4
  768.2  768.2  1    5.016    5.016  1   29.022   29.022  4
  773.1  773.1  1    4.985    4.985  1   29.022   29.022  4
  777.9  777.9  1    4.978    4.978  1   29.023   29.023  4
  782.7  782.7  1    4.950    4.950  1   29.025   29.025  4
  787.9  787.9  1    4.894    4.894  1   29.024   29.024  4
  793.1  793.1  1    4.837    4.837  1   29.020   29.020  4
  797.9  797.9  1    4.803    4.803  1   29.023   29.023  4
  802.8  802.8  1    4.790    4.790  1   29.022   29.022  4
  807.8  807.8  1    4.786    4.786  1   29.023   29.023  4
  812.9  812.9  1    4.773    4.773  1   29.023   29.023  4
  818.1  818.1  1    4.768    4.768  1   29.025   29.025  4
  822.8  822.8  1    4.775    4.775  1   29.025   29.025  4
  827.7  827.7  1    4.753    4.753  1   29.022   29.022  4
  832.6  832.6  1    4.713    4.713  1   29.021   29.021  4
  837.7  837.7  1    4.678    4.678  1   29.018   29.018  4
  842.8  842.8  1    4.611    4.611  1   29.019   29.019  4
  848.0  848.0  1    4.585    4.585  1   29.022   29.022  4
  853.6  853.6  1    4.570    4.570  1   29.023   29.023  4
  857.8  857.8  1    4.534    4.534  1   29.020   29.020  4
  862.8  862.8  1    4.507    4.507  1   29.020   29.020  4
  868.0  868.0  1    4.475    4.475  1   29.019   29.019  4
  872.8  872.8  1    4.436    4.436  1   29.026   29.026  4
  877.9  877.9  1    4.429    4.429  1   29.024   29.024  4
  883.0  883.0  1    4.410    4.410  1   29.017   29.017  4
  887.8  887.8  1    4.391    4.391  1   29.016   29.016  4
  892.7  892.7  1    4.376    4.376  1   29.018   29.018  4
  898.1  898.1  1    4.364    4.364  1   29.018   29.018  4
  903.1  903.1  1    4.351    4.351  1   29.019   29.019  4
  907.8  907.8  1    4.355    4.355  1   29.020   29.020  4
  913.0  913.0  1    4.332    4.332  1   29.022   29.022  4
  918.1  918.1  1    4.327    4.327  1   29.024   29.024  4
  922.9  922.9  1    4.333    4.333  1   29.026   29.026  4
  927.7  927.7  1    4.322    4.322  1   29.028   29.028  4
  932.6  932.6  1    4.312    4.312  1   29.031   29.031  4
  937.5  937.5  1    4.303    4.303  1   29.034   29.034  4
  942.9  942.9  1    4.291    4.291  1   29.036   29.036  4
  948.3  948.3  1    4.263    4.263  1   29.043   29.043  4
  953.3  953.3  1    4.249    4.249  1   29.046   29.046  4
  958.2  958.2  1    4.233    4.233  1   29.045   29.045  4
  963.2  963.2  1    4.228    4.228  1   29.047   29.047  4
  968.1  968.1  1    4.219    4.219  1   29.049   29.049  4
  973.1  973.1  1    4.215    4.215  1   29.048   29.048  4
  978.1  978.1  1    4.211    4.211  1   29.048   29.048  4
  983.0  983.0  1    4.206    4.206  1   29.047   29.047  4
  987.9  987.9  1    4.196    4.196  1   29.050   29.050  4
  992.7  992.7  1    4.186    4.186  1   29.054   29.054  4
  997.5  997.5  1    4.179    4.179  1   29.057   29.057  4
 1002.9 1002.9  1    4.167    4.167  1   29.062   29.062  4
 1008.2 1008.2  1    4.160    4.160  1   29.066   29.066  4
 1013.0 1013.0  1    4.155    4.155  1   29.071   29.071  4
 1017.8 1017.8  1    4.143    4.143  1   29.082   29.082  4
 1022.7 1022.7  1    4.141    4.141  1   29.075   29.075  4
 1028.0 1028.0  1    4.138    4.138  1   29.075   29.075  4
 1033.2 1033.2  1    4.137    4.137  1   29.076   29.076  4
 1038.0 1038.0  1    4.131    4.131  1   29.080   29.080  4
 1042.8 1042.8  1    4.128    4.128  1   29.081   29.081  4
 1047.9 1047.9  1    4.126    4.126  1   29.087   29.087  4
 1053.1 1053.1  1    4.125    4.125  1   29.092   29.092  4
 1057.7 1057.7  1    4.122    4.122  1   29.094   29.094  4
 1062.7 1062.7  1    4.118    4.118  1   29.097   29.097  4
 1068.0 1068.0  1    4.115    4.115  1   29.101   29.101  4
 1073.0 1073.0  1    4.113    4.113  1   29.103   29.103  4
 1077.7 1077.7  1    4.112    4.112  1   29.105   29.105  4
 1082.8 1082.8  1    4.110    4.110  1   29.112   29.112  4
 1088.1 1088.1  1    4.112    4.112  1   29.122   29.122  4
 1093.0 1093.0  1    4.113    4.113  1   29.122   29.122  4
 1098.1 1098.1  1    4.115    4.115  1   29.120   29.120  4
 1102.8 1102.8  1    4.118    4.118  1   29.119   29.119  4
 1107.6 1107.6  1    4.121    4.121  1   29.123   29.123  4
 1113.0 1113.0  1    4.123    4.123  1   29.126   29.126  4
 1118.1 1118.1  1    4.124    4.124  1   29.131   29.131  4
 1123.1 1123.1  1    4.131    4.131  1   29.136   29.136  4
 1128.2 1128.2  1    4.139    4.139  1   29.140   29.140  4
 1133.0 1133.0  1    4.152    4.152  1   29.144   29.144  4
 1138.0 1138.0  1    4.168    4.168  1   29.146   29.146  4
 1143.1 1143.1  1    4.177    4.177  1   29.149   29.149  4
 1147.9 1147.9  1    4.175    4.175  1   29.151   29.151  4
 1152.8 1152.8  1    4.168    4.168  1   29.153   29.153  4
 1157.9 1157.9  1    4.155    4.155  1   29.155   29.155  4
 1162.6 1162.6  1    4.156    4.156  1   29.154   29.154  4
 1167.9 1167.9  1    4.157    4.157  1   29.155   29.155  4
 1173.2 1173.2  1    4.158    4.158  1   29.156   29.156  4
 1178.1 1178.1  1    4.159    4.159  1   29.158   29.158  4
 1183.2 1183.2  1    4.164    4.164  1   29.161   29.161  4
 1188.2 1188.2  1    4.170    4.170  1   29.167   29.167  4
 1192.9 1192.9  1    4.173    4.173  1   29.168   29.168  4
 1197.5 1197.5  1    4.179    4.179  1   29.168   29.168  4
 1202.7 1202.7  1    4.182    4.182  1   29.170   29.170  4
 1207.9 1207.9  1    4.185    4.185  1   29.171   29.171  4
 1213.2 1213.2  1    4.185    4.185  1   29.172   29.172  4
 1217.9 1217.9  1    4.186    4.186  1   29.172   29.172  4
 1222.7 1222.7  1    4.186    4.186  1   29.173   29.173  4
 1227.9 1227.9  1    4.187    4.187  1   29.174   29.174  4
 1233.2 1233.2  1    4.188    4.188  1   29.176   29.176  4
 1237.9 1237.9  1    4.190    4.190  1   29.180   29.180  4
 1242.5 1242.5  1    4.193    4.193  1   29.183   29.183  4
 1247.6 1247.6  1    4.194    4.194  1   29.183   29.183  4
 1252.8 1252.8  1    4.198    4.198  1   29.187   29.187  4
 1257.9 1257.9  1    4.203    4.203  1   29.193   29.193  4
 1263.0 1263.0  1    4.204    4.204  1   29.193   29.193  4
 1268.1 1268.1  1    4.206    4.206  1   29.194   29.194  4
 1273.1 1273.1  1    4.207    4.207  1   29.197   29.197  4
 1278.0 1278.0  1    4.209    4.209  1   29.202   29.202  4
 1282.8 1282.8  1    4.212    4.212  1   29.210   29.210  4
 1287.7 1287.7  1    4.212    4.212  1   29.213   29.213  4
 1292.6 1292.6  1    4.209    4.209  1   29.217   29.217  4
 1297.9 1297.9  1    4.214    4.214  1   29.222   29.222  4
 1303.1 1303.1  1    4.203    4.203  1   29.226   29.226  4
 1307.8 1307.8  1    4.199    4.199  1   29.230   29.230  4
 1312.6 1312.6  1    4.191    4.191  1   29.234   29.234  4
 1317.8 1317.8  1    4.186    4.186  1   29.239   29.239  4
 1323.0 1323.0  1    4.184    4.184  1   29.242   29.242  4
 1327.7 1327.7  1    4.186    4.186  1   29.245   29.245  4
 1332.8 1332.8  1    4.192    4.192  1   29.249   29.249  4
 1338.0 1338.0  1    4.198    4.198  1   29.249   29.249  4
 1342.3 1342.3  1    4.202    4.202  1   29.250   29.250  4
 1348.0 1348.0  1    4.197    4.197  1   29.253   29.253  4
 1353.1 1353.1  1    4.190    4.190  1   29.257   29.257  4
 1358.0 1358.0  1    4.177    4.177  1   29.258   29.258  4
 1363.0 1363.0  1    4.168    4.168  1   29.259   29.259  4
 1368.1 1368.1  1    4.165    4.165  1   29.260   29.260  4
 1372.9 1372.9  1    4.165    4.165  1   29.261   29.261  4
 1377.7 1377.7  1    4.154    4.154  1   29.265   29.265  4
 1382.7 1382.7  1    4.152    4.152  1   29.266   29.266  4
 1388.0 1388.0  1    4.144    4.144  1   29.269   29.269  4
 1392.9 1392.9  1    4.140    4.140  1   29.270   29.270  4
 1397.9 1397.9  1    4.137    4.137  1   29.272   29.272  4
 1402.7 1402.7  1    4.134    4.134  1   29.275   29.275  4
 1407.7 1407.7  1    4.131    4.131  1   29.278   29.278  4
 1412.8 1412.8  1    4.126    4.126  1   29.280   29.280  4
 1418.1 1418.1  1    4.117    4.117  1   29.283   29.283  4
 1423.1 1423.1  1    4.107    4.107  1   29.287   29.287  4
 1427.7 1427.7  1    4.105    4.105  1   29.288   29.288  4
 1432.9 1432.9  1    4.106    4.106  1   29.288   29.288  4
 1438.7 1438.7  1    4.098    4.098  1   29.291   29.291  4
 1442.9 1442.9  1    4.095    4.095  1   29.292   29.292  4
 1447.9 1447.9  1    4.093    4.093  1   29.291   29.291  4
 1453.1 1453.1  1    4.083    4.083  1   29.293   29.293  4
 1458.0 1458.0  1    4.075    4.075  1   29.297   29.297  4
 1462.9 1462.9  1    4.074    4.074  1   29.295   29.295  4
 1468.0 1468.0  1    4.071    4.071  1   29.293   29.293  4
 1473.0 1473.0  1    4.064    4.064  1   29.295   29.295  4
 1478.1 1478.1  1    4.053    4.053  1   29.297   29.297  4
 1483.2 1483.2  1    4.045    4.045  1   29.297   29.297  4
 1488.3 1488.3  1    4.036    4.036  1   29.299   29.299  4
 1492.9 1492.9  1    4.029    4.029  1   29.300   29.300  4
 1497.6 1497.6  1    4.020    4.020  1   29.301   29.301  4
 1502.9 1502.9  1    4.010    4.010  1   29.303   29.303  4
 1508.0 1508.0  1    4.009    4.009  1   29.303   29.303  4
 1513.2 1513.2  1    4.003    4.003  1   29.304   29.304  4
 1518.0 1518.0  1    3.997    3.997  1   29.306   29.306  4
 1522.9 1522.9  1    3.991    3.991  1   29.307   29.307  4
 1528.0 1528.0  1    3.988    3.988  1   29.305   29.305  4
 1532.8 1532.8  1    3.973    3.973  1   29.307   29.307  4
 1537.6 1537.6  1    3.966    3.966  1   29.308   29.308  4
 1542.8 1542.8  1    3.965    3.965  1   29.308   29.308  4
 1548.0 1548.0  1    3.961    3.961  1   29.308   29.308  4
 1553.1 1553.1  1    3.955    3.955  1   29.309   29.309  4
 1558.2 1558.2  1    3.954    3.954  1   29.309   29.309  4
 1562.9 1562.9  1    3.950    3.950  1   29.311   29.311  4
 1567.6 1567.6  1    3.944    3.944  1   29.313   29.313  4
 1572.8 1572.8  1    3.939    3.939  1   29.313   29.313  4
 1577.9 1577.9  1    3.931    3.931  1   29.314   29.314  4
 1583.0 1583.0  1    3.927    3.927  1   29.312   29.312  4
 1588.2 1588.2  1    3.920    3.920  1   29.314   29.314  4
 1592.9 1592.9  1    3.916    3.916  1   29.316   29.316  4
 1597.6 1597.6  1    3.915    3.915  1   29.313   29.313  4
 1602.7 1602.7  1    3.912    3.912  1   29.311   29.311  4
 1607.9 1607.9  1    3.897    3.897  1   29.310   29.310  4
 1613.1 1613.1  1    3.884    3.884  1   29.311   29.311  4
 1617.9 1617.9  1    3.873    3.873  1   29.311   29.311  4
 1622.8 1622.8  1    3.866    3.866  1   29.312   29.312  4
 1628.1 1628.1  1    3.854    3.854  1   29.312   29.312  4
 1633.1 1633.1  1    3.848    3.848  1   29.313   29.313  4
 1638.1 1638.1  1    3.847    3.847  1   29.318   29.318  4
 1643.1 1643.1  1    3.843    3.843  1   29.315   29.315  4
 1647.6 1647.6  1    3.833    3.833  1   29.312   29.312  4
 1652.8 1652.8  1    3.822    3.822  1   29.312   29.312  4
 1657.9 1657.9  1    3.818    3.818  1   29.312   29.312  4
 1662.6 1662.6  1    3.817    3.817  1   29.313   29.313  4
 1667.8 1667.8  1    3.813    3.813  1   29.314   29.314  4
 1672.5 1672.5  1    3.807    3.807  1   29.314   29.314  4
 1678.0 1678.0  1    3.802    3.802  1   29.312   29.312  4
 1683.1 1683.1  1    3.791    3.791  1   29.312   29.312  4
 1687.9 1687.9  1    3.780    3.780  1   29.312   29.312  4
 1692.7 1692.7  1    3.778    3.778  1   29.312   29.312  4
 1697.9 1697.9  1    3.768    3.768  1   29.313   29.313  4
 1703.3 1703.3  1    3.759    3.759  1   29.313   29.313  4
 1707.9 1707.9  1    3.756    3.756  1   29.312   29.312  4
 1712.6 1712.6  1    3.748    3.748  1   29.312   29.312  4
 1717.7 1717.7  1    3.744    3.744  1   29.312   29.312  4
 1722.8 1722.8  1    3.742    3.742  1   29.312   29.312  4
 1728.1 1728.1  1    3.740    3.740  1   29.313   29.313  4
 1732.9 1732.9  1    3.742    3.742  1   29.313   29.313  4
 1737.7 1737.7  1    3.750    3.750  1   29.314   29.314  4
 1743.1 1743.1  1    3.749    3.749  1   29.315   29.315  4
 1748.1 1748.1  1    3.744    3.744  1   29.315   29.315  4
 1753.0 1753.0  1    3.740    3.740  1   29.315   29.315  4
 1758.0 1758.0  1    3.731    3.731  1   29.316   29.316  4
 1763.0 1763.0  1    3.724    3.724  1   29.316   29.316  4
 1768.1 1768.1  1    3.722    3.722  1   29.315   29.315  4
 1772.7 1772.7  1    3.717    3.717  1   29.315   29.315  4
 1777.8 1777.8  1    3.710    3.710  1   29.314   29.314  4
 1782.9 1782.9  1    3.707    3.707  1   29.314   29.314  4
 1788.0 1788.0  1    3.697    3.697  1   29.314   29.314  4
 1793.1 1793.1  1    3.686    3.686  1   29.314   29.314  4
 1797.8 1797.8  1    3.682    3.682  1   29.313   29.313  4
 1802.9 1802.9  1    3.676    3.676  1   29.314   29.314  4
 1808.1 1808.1  1    3.668    3.668  1   29.315   29.315  4
 1812.8 1812.8  1    3.664    3.664  1   29.315   29.315  4
 1817.9 1817.9  1    3.662    3.662  1   29.314   29.314  4
 1823.1 1823.1  1    3.656    3.656  1   29.313   29.313  4
 1827.9 1827.9  1    3.651    3.651  1   29.313   29.313  4
 1832.6 1832.6  1    3.648    3.648  1   29.313   29.313  4
 1837.8 1837.8  1    3.642    3.642  1   29.313   29.313  4
 1843.0 1843.0  1    3.631    3.631  1   29.313   29.313  4
 1847.7 1847.7  1    3.608    3.608  1   29.314   29.314  4
 1852.9 1852.9  1    3.595    3.595  1   29.314   29.314  4
 1858.0 1858.0  1    3.582    3.582  1   29.313   29.313  4
 1862.7 1862.7  1    3.578    3.578  1   29.314   29.314  4
 1867.9 1867.9  1    3.577    3.577  1   29.314   29.314  4
 1873.1 1873.1  1    3.577    3.577  1   29.313   29.313  4
 1877.8 1877.8  1    3.575    3.575  1   29.313   29.313  4
 1883.0 1883.0  1    3.562    3.562  1   29.314   29.314  4
 1888.2 1888.2  1    3.556    3.556  1   29.314   29.314  4
 1893.0 1893.0  1    3.553    3.553  1   29.314   29.314  4
 1897.7 1897.7  1    3.545    3.545  1   29.315   29.315  4
 1903.0 1903.0  1    3.537    3.537  1   29.315   29.315  4
 1908.2 1908.2  1    3.531    3.531  1   29.315   29.315  4
 1913.0 1913.0  1    3.522    3.522  1   29.316   29.316  4
 1917.8 1917.8  1    3.519    3.519  1   29.315   29.315  4
 1922.6 1922.6  1    3.516    3.516  1   29.314   29.314  4
 1928.1 1928.1  1    3.510    3.510  1   29.315   29.315  4
 1932.9 1932.9  1    3.505    3.505  1   29.315   29.315  4
 1938.3 1938.3  1    3.496    3.496  1   29.315   29.315  4
 1942.9 1942.9  1    3.491    3.491  1   29.315   29.315  4
 1947.5 1947.5  1    3.488    3.488  1   29.315   29.315  4
 1952.6 1952.6  1    3.477    3.477  1   29.316   29.316  4
 1957.7 1957.7  1    3.470    3.470  1   29.316   29.316  4
 1962.8 1962.8  1    3.462    3.462  1   29.316   29.316  4
 1968.1 1968.1  1    3.455    3.455  1   29.316   29.316  4
 1973.2 1973.2  1    3.449    3.449  1   29.315   29.315  4
 1978.5 1978.5  1    3.443    3.443  1   29.315   29.315  4
 1982.7 1982.7  1    3.433    3.433  1   29.315   29.315  4
 1987.3 1987.3  1    3.423    3.423  1   29.316   29.316  4
