*SoftWare Version 3.0  2018/12/27

*HEADER
     PLATFORM NUMBER       :3901996
     CYCLE NUMBER          :035
     DATE CREATION         :20191203162706
     DATE UPDATE           :20191203162712
     PROJECT NAME          :MOCCA-EU
     PI NAME               :Romain Cancouet
     INSTRUMENT TYPE       :ARVOR
     FLOAT SERIAL NO       :AI2600-17EU021
     FIRMWARE VERSION      :5900A04
     WMO INSTRUMENT TYPE   :844
     TRANSMISSION SYSTEM   :IRIDIUM
     POSITIONING SYSTEM    :GPS
     SAMPLE DIRECTION      :A(A=Ascend; D=Descend)
     DATA MODE             :R(R=Real Time; D=Delayed Mode; A=Real Time Adjusted)
     JULIAN DAY            :25538.6280 (days since 1950-01-01 00:00:00 UTC)
     DATE                  :2019-12-03
     QC FLAG FOR DATE      :1
*LOCATION
     LATITUDE              :-42.606 
     LONGITUDE             :-116.684
     QC FLAG FOR LOCATION  :1
*FILE
     COLUMN 1              :Pressure (dbar)                             F7.1
     COLUMN 2              :Corrected Pressure (dbar)                   F7.1
     COLUMN 3              :Quality on Pressure                         I3
     COLUMN 4              :Temperature (degree_Celsius)                F9.3
     COLUMN 5              :Corrected Temperature (degree_Celsius)      F9.3
     COLUMN 6              :Quality on Temperature                      I3
     COLUMN 7              :Salinity (PSU)                              F9.3
     COLUMN 8              :Corrected Salinity (PSU)                    F9.3
     COLUMN 9              :Quality on Salinity                         I3
==========================================================================
    2.7    2.7  1   11.676   11.676  1   34.073   34.073  1
    3.8    3.8  1   11.679   11.679  1   34.073   34.073  1
    5.2    5.2  1   11.672   11.672  1   34.073   34.073  1
    6.0    6.0  1   11.674   11.674  1   34.073   34.073  1
    6.9    6.9  1   11.676   11.676  1   34.072   34.072  1
    7.7    7.7  1   11.673   11.673  1   34.073   34.073  1
    8.6    8.6  1   11.676   11.676  1   34.071   34.071  1
    9.6    9.6  1   11.672   11.672  1   34.073   34.073  1
   10.5   10.5  1   11.673   11.673  1   34.074   34.074  1
   11.5   11.5  1   11.674   11.674  1   34.074   34.074  1
   12.5   12.5  1   11.675   11.675  1   34.073   34.073  1
   13.5   13.5  1   11.676   11.676  1   34.072   34.072  1
   14.5   14.5  1   11.676   11.676  1   34.072   34.072  1
   15.5   15.5  1   11.675   11.675  1   34.073   34.073  1
   16.5   16.5  1   11.674   11.674  1   34.074   34.074  1
   17.5   17.5  1   11.675   11.675  1   34.073   34.073  1
   18.9   18.9  1   11.675   11.675  1   34.072   34.072  1
   20.2   20.2  1   11.675   11.675  1   34.072   34.072  1
   21.0   21.0  1   11.674   11.674  1   34.073   34.073  1
   21.8   21.8  1   11.674   11.674  1   34.073   34.073  1
   22.9   22.9  1   11.673   11.673  1   34.072   34.072  1
   24.1   24.1  1   11.673   11.673  1   34.074   34.074  1
   24.9   24.9  1   11.675   11.675  1   34.073   34.073  1
   26.0   26.0  1   11.674   11.674  1   34.073   34.073  1
   27.2   27.2  1   11.676   11.676  1   34.072   34.072  1
   28.0   28.0  1   11.676   11.676  1   34.072   34.072  1
   28.8   28.8  1   11.676   11.676  1   34.072   34.072  1
   29.6   29.6  1   11.675   11.675  1   34.072   34.072  1
   30.9   30.9  1   11.674   11.674  1   34.073   34.073  1
   32.0   32.0  1   11.672   11.672  1   34.074   34.074  1
   32.9   32.9  1   11.673   11.673  1   34.073   34.073  1
   33.7   33.7  1   11.675   11.675  1   34.072   34.072  1
   35.0   35.0  1   11.671   11.671  1   34.072   34.072  1
   36.2   36.2  1   11.668   11.668  1   34.073   34.073  1
   37.1   37.1  1   11.664   11.664  1   34.073   34.073  1
   37.9   37.9  1   11.665   11.665  1   34.072   34.072  1
   38.8   38.8  1   11.660   11.660  1   34.073   34.073  1
   40.0   40.0  1   11.658   11.658  1   34.074   34.074  1
   41.2   41.2  1   11.653   11.653  1   34.073   34.073  1
   42.0   42.0  1   11.655   11.655  1   34.075   34.075  1
   42.8   42.8  1   11.651   11.651  1   34.074   34.074  1
   43.7   43.7  1   11.645   11.645  1   34.074   34.074  1
   44.9   44.9  1   11.641   11.641  1   34.073   34.073  1
   46.2   46.2  1   11.638   11.638  1   34.075   34.075  1
   47.1   47.1  1   11.631   11.631  1   34.075   34.075  1
   47.9   47.9  1   11.631   11.631  1   34.075   34.075  1
   48.7   48.7  1   11.621   11.621  1   34.077   34.077  1
   49.6   49.6  1   11.621   11.621  1   34.077   34.077  1
   50.9   50.9  1   11.603   11.603  1   34.079   34.079  1
   52.2   52.2  1   11.603   11.603  1   34.078   34.078  1
   53.0   53.0  1   11.599   11.599  1   34.078   34.078  1
   53.8   53.8  1   11.598   11.598  1   34.078   34.078  1
   54.7   54.7  1   11.596   11.596  1   34.078   34.078  1
   55.9   55.9  1   11.588   11.588  1   34.079   34.079  1
   57.2   57.2  1   11.577   11.577  1   34.079   34.079  1
   58.1   58.1  1   11.577   11.577  1   34.079   34.079  1
   58.9   58.9  1   11.577   11.577  1   34.078   34.078  1
   59.8   59.8  1   11.576   11.576  1   34.078   34.078  1
   60.7   60.7  1   11.576   11.576  1   34.078   34.078  1
   62.0   62.0  1   11.574   11.574  1   34.079   34.079  1
   63.3   63.3  1   11.573   11.573  1   34.079   34.079  1
   64.2   64.2  1   11.573   11.573  1   34.078   34.078  1
   65.1   65.1  1   11.572   11.572  1   34.078   34.078  1
   65.9   65.9  1   11.569   11.569  1   34.078   34.078  1
   66.8   66.8  1   11.567   11.567  1   34.077   34.077  1
   67.7   67.7  1   11.562   11.562  1   34.078   34.078  1
   68.7   68.7  1   11.554   11.554  1   34.078   34.078  1
   69.9   69.9  1   11.542   11.542  1   34.082   34.082  1
   71.4   71.4  1   11.523   11.523  1   34.082   34.082  1
   72.3   72.3  1   11.518   11.518  1   34.076   34.076  1
   73.2   73.2  1   11.502   11.502  1   34.078   34.078  1
   74.1   74.1  1   11.458   11.458  1   34.078   34.078  1
   75.0   75.0  1   11.453   11.453  1   34.076   34.076  1
   76.0   76.0  1   11.359   11.359  1   34.087   34.087  1
   76.9   76.9  1   11.291   11.291  1   34.084   34.084  1
   77.9   77.9  1   11.263   11.263  1   34.081   34.081  1
   78.9   78.9  1   11.246   11.246  1   34.083   34.083  1
   79.9   79.9  1   11.238   11.238  1   34.081   34.081  1
   81.0   81.0  1   11.223   11.223  1   34.080   34.080  1
   82.0   82.0  1   11.207   11.207  1   34.080   34.080  1
   83.0   83.0  1   11.122   11.122  1   34.083   34.083  1
   84.0   84.0  1   11.084   11.084  1   34.083   34.083  1
   85.1   85.1  1   11.027   11.027  1   34.085   34.085  1
   86.1   86.1  1   11.000   11.000  1   34.084   34.084  1
   87.1   87.1  1   10.903   10.903  1   34.088   34.088  1
   88.2   88.2  1   10.832   10.832  1   34.087   34.087  1
   89.2   89.2  1   10.768   10.768  1   34.090   34.090  1
   90.3   90.3  1   10.703   10.703  1   34.091   34.091  1
   91.3   91.3  1   10.689   10.689  1   34.088   34.088  1
   92.4   92.4  1   10.486   10.486  1   34.095   34.095  1
   93.5   93.5  1   10.436   10.436  1   34.099   34.099  1
   94.5   94.5  1   10.426   10.426  1   34.101   34.101  1
   95.6   95.6  1   10.426   10.426  1   34.099   34.099  1
   96.7   96.7  1   10.424   10.424  1   34.097   34.097  1
   97.8   97.8  1   10.328   10.328  1   34.113   34.113  1
   98.9   98.9  1   10.275   10.275  1   34.109   34.109  1
   99.9   99.9  1   10.248   10.248  1   34.110   34.110  1
  101.6  101.6  1   10.233   10.233  1   34.110   34.110  1
  103.7  103.7  1   10.218   10.218  1   34.112   34.112  1
  105.4  105.4  1   10.193   10.193  1   34.114   34.114  1
  107.0  107.0  1   10.157   10.157  1   34.116   34.116  1
  109.1  109.1  1   10.134   10.134  1   34.117   34.117  1
  111.2  111.2  1   10.105   10.105  1   34.120   34.120  1
  113.3  113.3  1   10.062   10.062  1   34.123   34.123  1
  115.3  115.3  1   10.032   10.032  1   34.126   34.126  1
  117.2  117.2  1   10.020   10.020  1   34.125   34.125  1
  119.2  119.2  1   10.014   10.014  1   34.126   34.126  1
  121.1  121.1  1    9.979    9.979  1   34.129   34.129  1
  123.1  123.1  1    9.948    9.948  1   34.133   34.133  1
  125.1  125.1  1    9.918    9.918  1   34.140   34.140  1
  127.5  127.5  1    9.896    9.896  1   34.138   34.138  1
  129.7  129.7  1    9.877    9.877  1   34.141   34.141  1
  131.5  131.5  1    9.852    9.852  1   34.143   34.143  1
  133.7  133.7  1    9.836    9.836  1   34.144   34.144  1
  135.5  135.5  1    9.823    9.823  1   34.146   34.146  1
  137.4  137.4  1    9.788    9.788  1   34.147   34.147  1
  139.6  139.6  1    9.770    9.770  1   34.148   34.148  1
  141.5  141.5  1    9.714    9.714  1   34.151   34.151  1
  143.5  143.5  1    9.679    9.679  1   34.153   34.153  1
  145.5  145.5  1    9.656    9.656  1   34.155   34.155  1
  147.5  147.5  1    9.655    9.655  1   34.154   34.154  1
  149.6  149.6  1    9.641    9.641  1   34.155   34.155  1
  151.2  151.2  1    9.561    9.561  1   34.161   34.161  1
  153.5  153.5  1    9.495    9.495  1   34.160   34.160  1
  155.7  155.7  1    9.398    9.398  1   34.162   34.162  1
  157.6  157.6  1    9.356    9.356  1   34.165   34.165  1
  159.4  159.4  1    9.322    9.322  1   34.168   34.168  1
  161.3  161.3  1    9.281    9.281  1   34.169   34.169  1
  163.2  163.2  1    9.241    9.241  1   34.169   34.169  1
  165.2  165.2  1    9.194    9.194  1   34.172   34.172  1
  167.2  167.2  1    9.164    9.164  1   34.175   34.175  1
  169.2  169.2  1    9.133    9.133  1   34.178   34.178  1
  171.3  171.3  1    9.118    9.118  1   34.179   34.179  1
  173.3  173.3  1    9.081    9.081  1   34.182   34.182  1
  175.3  175.3  1    9.046    9.046  1   34.187   34.187  1
  177.4  177.4  1    9.009    9.009  1   34.191   34.191  1
  179.6  179.6  1    8.955    8.955  1   34.196   34.196  1
  181.7  181.7  1    8.913    8.913  1   34.196   34.196  1
  183.9  183.9  1    8.877    8.877  1   34.201   34.201  1
  185.5  185.5  1    8.862    8.862  1   34.199   34.199  1
  187.1  187.1  1    8.844    8.844  1   34.200   34.200  1
  189.2  189.2  1    8.809    8.809  1   34.202   34.202  1
  191.4  191.4  1    8.777    8.777  1   34.205   34.205  1
  193.5  193.5  1    8.760    8.760  1   34.206   34.206  1
  195.6  195.6  1    8.745    8.745  1   34.206   34.206  1
  197.7  197.7  1    8.734    8.734  1   34.207   34.207  1
  199.7  199.7  1    8.700    8.700  1   34.212   34.212  1
  201.8  201.8  1    8.687    8.687  1   34.213   34.213  1
  203.8  203.8  1    8.657    8.657  1   34.216   34.216  1
  205.8  205.8  1    8.635    8.635  1   34.219   34.219  1
  207.8  207.8  1    8.615    8.615  1   34.220   34.220  1
  209.7  209.7  1    8.578    8.578  1   34.225   34.225  1
  211.7  211.7  1    8.524    8.524  1   34.234   34.234  1
  213.7  213.7  1    8.471    8.471  1   34.234   34.234  1
  215.7  215.7  1    8.444    8.444  1   34.235   34.235  1
  217.8  217.8  1    8.436    8.436  1   34.237   34.237  1
  219.8  219.8  1    8.429    8.429  1   34.241   34.241  1
  221.7  221.7  1    8.424    8.424  1   34.245   34.245  1
  223.8  223.8  1    8.421    8.421  1   34.248   34.248  1
  225.9  225.9  1    8.396    8.396  1   34.254   34.254  1
  227.5  227.5  1    8.336    8.336  1   34.257   34.257  1
  229.0  229.0  1    8.325    8.325  1   34.260   34.260  1
  231.4  231.4  1    8.297    8.297  1   34.263   34.263  1
  233.5  233.5  1    8.250    8.250  1   34.265   34.265  1
  235.5  235.5  1    8.228    8.228  1   34.264   34.264  1
  237.6  237.6  1    8.211    8.211  1   34.264   34.264  1
  239.6  239.6  1    8.177    8.177  1   34.263   34.263  1
  241.6  241.6  1    8.119    8.119  1   34.264   34.264  1
  243.6  243.6  1    8.075    8.075  1   34.267   34.267  1
  245.6  245.6  1    8.035    8.035  1   34.269   34.269  1
  247.2  247.2  1    8.017    8.017  1   34.268   34.268  1
  249.3  249.3  1    7.981    7.981  1   34.271   34.271  1
  251.3  251.3  1    7.954    7.954  1   34.273   34.273  1
  253.3  253.3  1    7.941    7.941  1   34.274   34.274  1
  255.4  255.4  1    7.935    7.935  1   34.273   34.273  1
  257.4  257.4  1    7.906    7.906  1   34.275   34.275  1
  259.4  259.4  1    7.852    7.852  1   34.280   34.280  1
  261.5  261.5  1    7.832    7.832  1   34.287   34.287  1
  263.6  263.6  1    7.813    7.813  1   34.295   34.295  1
  265.4  265.4  1    7.785    7.785  1   34.300   34.300  1
  267.5  267.5  1    7.776    7.776  1   34.301   34.301  1
  269.6  269.6  1    7.763    7.763  1   34.304   34.304  1
  271.3  271.3  1    7.745    7.745  1   34.306   34.306  1
  273.4  273.4  1    7.715    7.715  1   34.307   34.307  1
  275.6  275.6  1    7.671    7.671  1   34.305   34.305  1
  277.3  277.3  1    7.655    7.655  1   34.307   34.307  1
  279.5  279.5  1    7.630    7.630  1   34.308   34.308  1
  281.7  281.7  1    7.604    7.604  1   34.316   34.316  1
  283.4  283.4  1    7.585    7.585  1   34.316   34.316  1
  285.2  285.2  1    7.565    7.565  1   34.316   34.316  1
  287.4  287.4  1    7.502    7.502  1   34.318   34.318  1
  289.6  289.6  1    7.488    7.488  1   34.320   34.320  1
  291.4  291.4  1    7.479    7.479  1   34.321   34.321  1
  293.3  293.3  1    7.455    7.455  1   34.324   34.324  1
  295.1  295.1  1    7.438    7.438  1   34.326   34.326  1
  297.4  297.4  1    7.434    7.434  1   34.328   34.328  1
  299.7  299.7  1    7.425    7.425  1   34.328   34.328  1
  301.6  301.6  1    7.399    7.399  1   34.328   34.328  1
  303.5  303.5  1    7.386    7.386  1   34.329   34.329  1
  305.3  305.3  1    7.364    7.364  1   34.329   34.329  1
  307.2  307.2  1    7.348    7.348  1   34.330   34.330  1
  309.0  309.0  1    7.342    7.342  1   34.330   34.330  1
  311.4  311.4  1    7.339    7.339  1   34.331   34.331  1
  313.7  313.7  1    7.333    7.333  1   34.333   34.333  1
  315.6  315.6  1    7.328    7.328  1   34.334   34.334  1
  317.5  317.5  1    7.317    7.317  1   34.338   34.338  1
  319.4  319.4  1    7.312    7.312  1   34.339   34.339  1
  321.3  321.3  1    7.301    7.301  1   34.341   34.341  1
  323.2  323.2  1    7.286    7.286  1   34.343   34.343  1
  325.2  325.2  1    7.287    7.287  1   34.346   34.346  1
  327.1  327.1  1    7.297    7.297  1   34.350   34.350  1
  329.0  329.0  1    7.294    7.294  1   34.350   34.350  1
  331.0  331.0  1    7.292    7.292  1   34.350   34.350  1
  333.4  333.4  1    7.285    7.285  1   34.349   34.349  1
  335.6  335.6  1    7.253    7.253  1   34.350   34.350  1
  337.4  337.4  1    7.254    7.254  1   34.348   34.348  1
  339.5  339.5  1    7.251    7.251  1   34.348   34.348  1
  341.5  341.5  1    7.233    7.233  1   34.348   34.348  1
  343.5  343.5  1    7.210    7.210  1   34.346   34.346  1
  345.5  345.5  1    7.198    7.198  1   34.343   34.343  1
  347.5  347.5  1    7.197    7.197  1   34.344   34.344  1
  349.6  349.6  1    7.195    7.195  1   34.344   34.344  1
  351.6  351.6  1    7.194    7.194  1   34.348   34.348  1
  353.3  353.3  1    7.187    7.187  1   34.347   34.347  1
  355.4  355.4  1    7.191    7.191  1   34.349   34.349  1
  357.5  357.5  1    7.168    7.168  1   34.346   34.346  1
  359.2  359.2  1    7.164    7.164  1   34.347   34.347  1
  361.3  361.3  1    7.162    7.162  1   34.345   34.345  1
  363.4  363.4  1    7.157    7.157  1   34.345   34.345  1
  365.2  365.2  1    7.154    7.154  1   34.345   34.345  1
  367.3  367.3  1    7.152    7.152  1   34.345   34.345  1
  369.5  369.5  1    7.149    7.149  1   34.345   34.345  1
  371.2  371.2  1    7.146    7.146  1   34.346   34.346  1
  373.4  373.4  1    7.146    7.146  1   34.346   34.346  1
  375.6  375.6  1    7.144    7.144  1   34.346   34.346  1
  377.4  377.4  1    7.139    7.139  1   34.346   34.346  1
  379.1  379.1  1    7.134    7.134  1   34.346   34.346  1
  381.4  381.4  1    7.156    7.156  1   34.352   34.352  1
  383.5  383.5  1    7.157    7.157  1   34.354   34.354  1
  385.3  385.3  1    7.154    7.154  1   34.355   34.355  1
  387.5  387.5  1    7.143    7.143  1   34.354   34.354  1
  389.8  389.8  1    7.140    7.140  1   34.354   34.354  1
  391.7  391.7  1    7.121    7.121  1   34.354   34.354  1
  393.5  393.5  1    7.118    7.118  1   34.354   34.354  1
  395.3  395.3  1    7.114    7.114  1   34.353   34.353  1
  397.1  397.1  1    7.104    7.104  1   34.353   34.353  1
  399.4  399.4  1    7.096    7.096  1   34.353   34.353  1
  401.6  401.6  1    7.091    7.091  1   34.353   34.353  1
  403.4  403.4  1    7.088    7.088  1   34.353   34.353  1
  405.2  405.2  1    7.085    7.085  1   34.352   34.352  1
  407.5  407.5  1    7.072    7.072  1   34.352   34.352  1
  409.8  409.8  1    7.063    7.063  1   34.352   34.352  1
  411.6  411.6  1    7.059    7.059  1   34.351   34.351  1
  413.4  413.4  1    7.056    7.056  1   34.351   34.351  1
  415.2  415.2  1    7.053    7.053  1   34.351   34.351  1
  417.5  417.5  1    7.050    7.050  1   34.350   34.350  1
  419.7  419.7  1    7.050    7.050  1   34.350   34.350  1
  421.5  421.5  1    7.050    7.050  1   34.350   34.350  1
  423.3  423.3  1    7.047    7.047  1   34.349   34.349  1
  425.1  425.1  1    7.038    7.038  1   34.350   34.350  1
  427.4  427.4  1    7.025    7.025  1   34.349   34.349  1
  429.6  429.6  1    7.018    7.018  1   34.349   34.349  1
  431.4  431.4  1    7.012    7.012  1   34.348   34.348  1
  433.2  433.2  1    7.007    7.007  1   34.347   34.347  1
  435.0  435.0  1    7.004    7.004  1   34.347   34.347  1
  437.3  437.3  1    7.000    7.000  1   34.347   34.347  1
  439.6  439.6  1    6.999    6.999  1   34.347   34.347  1
  441.4  441.4  1    6.996    6.996  1   34.346   34.346  1
  443.3  443.3  1    6.990    6.990  1   34.347   34.347  1
  445.2  445.2  1    6.979    6.979  1   34.347   34.347  1
  447.0  447.0  1    6.966    6.966  1   34.347   34.347  1
  449.3  449.3  1    6.963    6.963  1   34.345   34.345  1
  451.7  451.7  1    6.954    6.954  1   34.345   34.345  1
  453.6  453.6  1    6.945    6.945  1   34.344   34.344  1
  455.4  455.4  1    6.936    6.936  1   34.344   34.344  1
  457.4  457.4  1    6.930    6.930  1   34.344   34.344  1
  459.3  459.3  1    6.928    6.928  1   34.345   34.345  1
  461.2  461.2  1    6.922    6.922  1   34.344   34.344  1
  463.1  463.1  1    6.919    6.919  1   34.344   34.344  1
  465.0  465.0  1    6.911    6.911  1   34.342   34.342  1
  467.4  467.4  1    6.893    6.893  1   34.341   34.341  1
  469.7  469.7  1    6.886    6.886  1   34.341   34.341  1
  471.7  471.7  1    6.872    6.872  1   34.340   34.340  1
  473.6  473.6  1    6.862    6.862  1   34.338   34.338  1
  475.5  475.5  1    6.863    6.863  1   34.338   34.338  1
  477.4  477.4  1    6.861    6.861  1   34.337   34.337  1
  479.4  479.4  1    6.847    6.847  1   34.337   34.337  1
  481.4  481.4  1    6.841    6.841  1   34.337   34.337  1
  483.4  483.4  1    6.837    6.837  1   34.337   34.337  1
  485.4  485.4  1    6.836    6.836  1   34.337   34.337  1
  487.4  487.4  1    6.835    6.835  1   34.337   34.337  1
  489.3  489.3  1    6.836    6.836  1   34.338   34.338  1
  491.3  491.3  1    6.836    6.836  1   34.339   34.339  1
  493.3  493.3  1    6.835    6.835  1   34.338   34.338  1
  495.3  495.3  1    6.831    6.831  1   34.337   34.337  1
  497.3  497.3  1    6.822    6.822  1   34.338   34.338  1
  499.2  499.2  1    6.823    6.823  1   34.337   34.337  1
  502.7  502.7  1    6.818    6.818  1   34.337   34.337  1
  508.0  508.0  1    6.796    6.796  1   34.335   34.335  1
  513.2  513.2  1    6.772    6.772  1   34.333   34.333  1
  518.2  518.2  1    6.758    6.758  1   34.333   34.333  1
  523.1  523.1  1    6.749    6.749  1   34.332   34.332  1
  528.2  528.2  1    6.735    6.735  1   34.332   34.332  1
  532.9  532.9  1    6.713    6.713  1   34.330   34.330  1
  537.6  537.6  1    6.694    6.694  1   34.329   34.329  1
  542.8  542.8  1    6.684    6.684  1   34.328   34.328  1
  548.1  548.1  1    6.656    6.656  1   34.324   34.324  1
  552.9  552.9  1    6.630    6.630  1   34.322   34.322  1
  557.8  557.8  1    6.619    6.619  1   34.321   34.321  1
  562.8  562.8  1    6.609    6.609  1   34.320   34.320  1
  567.8  567.8  1    6.605    6.605  1   34.319   34.319  1
  572.8  572.8  1    6.596    6.596  1   34.319   34.319  1
  577.9  577.9  1    6.578    6.578  1   34.318   34.318  1
  582.9  582.9  1    6.572    6.572  1   34.319   34.319  1
  588.0  588.0  1    6.551    6.551  1   34.317   34.317  1
  593.1  593.1  1    6.528    6.528  1   34.315   34.315  1
  597.6  597.6  1    6.504    6.504  1   34.313   34.313  1
  602.7  602.7  1    6.477    6.477  1   34.311   34.311  1
  607.8  607.8  1    6.452    6.452  1   34.309   34.309  1
  612.8  612.8  1    6.424    6.424  1   34.305   34.305  1
  617.9  617.9  1    6.406    6.406  1   34.303   34.303  1
  622.9  622.9  1    6.388    6.388  1   34.302   34.302  1
  628.0  628.0  1    6.374    6.374  1   34.301   34.301  1
  633.1  633.1  1    6.347    6.347  1   34.299   34.299  1
  638.2  638.2  1    6.317    6.317  1   34.297   34.297  1
  642.8  642.8  1    6.294    6.294  1   34.295   34.295  1
  648.0  648.0  1    6.272    6.272  1   34.294   34.294  1
  653.0  653.0  1    6.260    6.260  1   34.293   34.293  1
  657.8  657.8  1    6.252    6.252  1   34.292   34.292  1
  663.0  663.0  1    6.241    6.241  1   34.292   34.292  1
  668.2  668.2  1    6.232    6.232  1   34.292   34.292  1
  672.9  672.9  1    6.213    6.213  1   34.291   34.291  1
  677.7  677.7  1    6.189    6.189  1   34.290   34.290  1
  683.0  683.0  1    6.170    6.170  1   34.288   34.288  1
  688.2  688.2  1    6.159    6.159  1   34.288   34.288  1
  693.0  693.0  1    6.149    6.149  1   34.288   34.288  1
  697.7  697.7  1    6.123    6.123  1   34.288   34.288  1
  702.8  702.8  1    6.104    6.104  1   34.286   34.286  1
  707.9  707.9  1    6.078    6.078  1   34.284   34.284  1
  713.0  713.0  1    6.045    6.045  1   34.282   34.282  1
  718.1  718.1  1    6.034    6.034  1   34.280   34.280  1
  722.8  722.8  1    5.999    5.999  1   34.278   34.278  1
  728.0  728.0  1    5.976    5.976  1   34.277   34.277  1
  733.2  733.2  1    5.966    5.966  1   34.275   34.275  1
  738.1  738.1  1    5.953    5.953  1   34.275   34.275  1
  742.9  742.9  1    5.940    5.940  1   34.275   34.275  1
  747.7  747.7  1    5.924    5.924  1   34.275   34.275  1
  752.7  752.7  1    5.891    5.891  1   34.274   34.274  1
  757.6  757.6  1    5.868    5.868  1   34.274   34.274  1
  762.9  762.9  1    5.860    5.860  1   34.274   34.274  1
  768.2  768.2  1    5.848    5.848  1   34.275   34.275  1
  773.1  773.1  1    5.805    5.805  1   34.273   34.273  1
  777.9  777.9  1    5.781    5.781  1   34.272   34.272  1
  782.9  782.9  1    5.767    5.767  1   34.272   34.272  1
  787.9  787.9  1    5.739    5.739  1   34.272   34.272  1
  792.9  792.9  1    5.723    5.723  1   34.274   34.274  1
  797.9  797.9  1    5.695    5.695  1   34.273   34.273  1
  802.9  802.9  1    5.672    5.672  1   34.272   34.272  1
  808.0  808.0  1    5.653    5.653  1   34.270   34.270  1
  813.1  813.1  1    5.631    5.631  1   34.269   34.269  1
  817.8  817.8  1    5.608    5.608  1   34.268   34.268  1
  822.7  822.7  1    5.589    5.589  1   34.269   34.269  1
  828.1  828.1  1    5.553    5.553  1   34.269   34.269  1
  833.2  833.2  1    5.517    5.517  1   34.270   34.270  1
  838.0  838.0  1    5.508    5.508  1   34.270   34.270  1
  842.8  842.8  1    5.499    5.499  1   34.270   34.270  1
  847.9  847.9  1    5.481    5.481  1   34.270   34.270  1
  853.2  853.2  1    5.458    5.458  1   34.271   34.271  1
  858.2  858.2  1    5.444    5.444  1   34.272   34.272  1
  862.9  862.9  1    5.437    5.437  1   34.275   34.275  1
  867.7  867.7  1    5.429    5.429  1   34.275   34.275  1
  873.0  873.0  1    5.416    5.416  1   34.276   34.276  1
  877.9  877.9  1    5.398    5.398  1   34.277   34.277  1
  883.0  883.0  1    5.379    5.379  1   34.277   34.277  1
  888.1  888.1  1    5.346    5.346  1   34.277   34.277  1
  892.7  892.7  1    5.338    5.338  1   34.276   34.276  1
  898.0  898.0  1    5.333    5.333  1   34.277   34.277  1
  903.2  903.2  1    5.310    5.310  1   34.278   34.278  1
  908.0  908.0  1    5.286    5.286  1   34.279   34.279  1
  912.7  912.7  1    5.269    5.269  1   34.280   34.280  1
  918.0  918.0  1    5.242    5.242  1   34.280   34.280  1
  923.1  923.1  1    5.208    5.208  1   34.281   34.281  1
  927.9  927.9  1    5.180    5.180  1   34.281   34.281  1
  932.6  932.6  1    5.159    5.159  1   34.282   34.282  1
  937.9  937.9  1    5.136    5.136  1   34.283   34.283  1
  943.2  943.2  1    5.104    5.104  1   34.284   34.284  1
  948.0  948.0  1    5.076    5.076  1   34.285   34.285  1
  952.9  952.9  1    5.059    5.059  1   34.285   34.285  1
  957.9  957.9  1    5.043    5.043  1   34.286   34.286  1
  962.7  962.7  1    5.005    5.005  1   34.286   34.286  1
  967.6  967.6  1    5.001    5.001  1   34.286   34.286  1
  972.6  972.6  1    4.991    4.991  1   34.287   34.287  1
  977.9  977.9  1    4.968    4.968  1   34.287   34.287  1
  983.3  983.3  1    4.947    4.947  1   34.287   34.287  1
  988.2  988.2  1    4.920    4.920  1   34.289   34.289  1
  993.0  993.0  1    4.892    4.892  1   34.289   34.289  1
  998.0  998.0  1    4.868    4.868  1   34.291   34.291  1
 1002.9 1002.9  1    4.847    4.847  1   34.291   34.291  1
 1007.8 1007.8  1    4.816    4.816  1   34.291   34.291  1
 1012.7 1012.7  1    4.792    4.792  1   34.292   34.292  1
 1017.7 1017.7  1    4.763    4.763  1   34.292   34.292  1
 1022.6 1022.6  1    4.736    4.736  1   34.293   34.293  1
 1027.7 1027.7  1    4.704    4.704  1   34.295   34.295  1
 1032.6 1032.6  1    4.675    4.675  1   34.295   34.295  1
 1037.8 1037.8  1    4.654    4.654  1   34.296   34.296  1
 1042.8 1042.8  1    4.609    4.609  1   34.297   34.297  1
 1047.6 1047.6  1    4.554    4.554  1   34.298   34.298  1
 1052.6 1052.6  1    4.498    4.498  1   34.301   34.301  1
 1057.7 1057.7  1    4.462    4.462  1   34.302   34.302  1
 1062.9 1062.9  1    4.435    4.435  1   34.302   34.302  1
 1067.8 1067.8  1    4.416    4.416  1   34.304   34.304  1
 1072.9 1072.9  1    4.404    4.404  1   34.304   34.304  1
 1078.1 1078.1  1    4.371    4.371  1   34.305   34.305  1
 1082.9 1082.9  1    4.342    4.342  1   34.306   34.306  1
 1087.7 1087.7  1    4.328    4.328  1   34.306   34.306  1
 1092.8 1092.8  1    4.303    4.303  1   34.308   34.308  1
 1098.0 1098.0  1    4.283    4.283  1   34.309   34.309  1
 1102.9 1102.9  1    4.254    4.254  1   34.310   34.310  1
 1107.9 1107.9  1    4.228    4.228  1   34.311   34.311  1
 1112.9 1112.9  1    4.207    4.207  1   34.311   34.311  1
 1118.0 1118.0  1    4.168    4.168  1   34.314   34.314  1
 1123.2 1123.2  1    4.147    4.147  1   34.315   34.315  1
 1128.0 1128.0  1    4.120    4.120  1   34.317   34.317  1
 1132.8 1132.8  1    4.078    4.078  1   34.319   34.319  1
 1138.1 1138.1  1    4.049    4.049  1   34.320   34.320  1
 1143.0 1143.0  1    4.040    4.040  1   34.321   34.321  1
 1147.9 1147.9  1    4.010    4.010  1   34.323   34.323  1
 1152.9 1152.9  1    3.993    3.993  1   34.324   34.324  1
 1157.7 1157.7  1    3.969    3.969  1   34.325   34.325  1
 1163.1 1163.1  1    3.939    3.939  1   34.327   34.327  1
 1167.9 1167.9  1    3.915    3.915  1   34.329   34.329  1
 1172.7 1172.7  1    3.902    3.902  1   34.329   34.329  1
 1177.9 1177.9  1    3.881    3.881  1   34.331   34.331  1
 1183.1 1183.1  1    3.846    3.846  1   34.334   34.334  1
 1187.9 1187.9  1    3.802    3.802  1   34.338   34.338  1
 1192.6 1192.6  1    3.780    3.780  1   34.340   34.340  1
 1197.8 1197.8  1    3.754    3.754  1   34.342   34.342  1
 1202.8 1202.8  1    3.732    3.732  1   34.344   34.344  1
 1207.7 1207.7  1    3.710    3.710  1   34.346   34.346  1
 1213.0 1213.0  1    3.696    3.696  1   34.347   34.347  1
 1217.9 1217.9  1    3.688    3.688  1   34.347   34.347  1
 1222.9 1222.9  1    3.667    3.667  1   34.349   34.349  1
 1227.9 1227.9  1    3.637    3.637  1   34.353   34.353  1
 1233.0 1233.0  1    3.608    3.608  1   34.356   34.356  1
 1238.3 1238.3  1    3.587    3.587  1   34.358   34.358  1
 1242.9 1242.9  1    3.583    3.583  1   34.358   34.358  1
 1247.9 1247.9  1    3.563    3.563  1   34.361   34.361  1
 1253.1 1253.1  1    3.533    3.533  1   34.365   34.365  1
 1258.0 1258.0  1    3.511    3.511  1   34.367   34.367  1
 1262.9 1262.9  1    3.495    3.495  1   34.369   34.369  1
 1267.9 1267.9  1    3.470    3.470  1   34.372   34.372  1
 1272.9 1272.9  1    3.453    3.453  1   34.374   34.374  1
 1277.9 1277.9  1    3.430    3.430  1   34.377   34.377  1
 1283.0 1283.0  1    3.414    3.414  1   34.380   34.380  1
 1287.8 1287.8  1    3.405    3.405  1   34.380   34.380  1
 1292.6 1292.6  1    3.390    3.390  1   34.382   34.382  1
 1297.9 1297.9  1    3.369    3.369  1   34.384   34.384  1
 1302.9 1302.9  1    3.357    3.357  1   34.387   34.387  1
 1307.9 1307.9  1    3.339    3.339  1   34.389   34.389  1
 1312.9 1312.9  1    3.322    3.322  1   34.390   34.390  1
 1317.8 1317.8  1    3.314    3.314  1   34.392   34.392  1
 1322.8 1322.8  1    3.302    3.302  1   34.393   34.393  1
 1327.9 1327.9  1    3.279    3.279  1   34.396   34.396  1
 1332.9 1332.9  1    3.265    3.265  1   34.399   34.399  1
 1337.9 1337.9  1    3.248    3.248  1   34.402   34.402  1
 1342.9 1342.9  1    3.227    3.227  1   34.405   34.405  1
 1347.9 1347.9  1    3.214    3.214  1   34.407   34.407  1
 1353.0 1353.0  1    3.204    3.204  1   34.409   34.409  1
 1357.7 1357.7  1    3.187    3.187  1   34.412   34.412  1
 1362.9 1362.9  1    3.171    3.171  1   34.414   34.414  1
 1368.1 1368.1  1    3.154    3.154  1   34.418   34.418  1
 1373.2 1373.2  1    3.145    3.145  1   34.420   34.420  1
 1378.1 1378.1  1    3.140    3.140  1   34.422   34.422  1
 1382.9 1382.9  1    3.125    3.125  1   34.425   34.425  1
 1387.7 1387.7  1    3.115    3.115  1   34.427   34.427  1
 1392.6 1392.6  1    3.109    3.109  1   34.428   34.428  1
 1397.9 1397.9  1    3.097    3.097  1   34.431   34.431  1
 1402.9 1402.9  1    3.083    3.083  1   34.435   34.435  1
 1407.6 1407.6  1    3.068    3.068  1   34.437   34.437  1
 1412.7 1412.7  1    3.051    3.051  1   34.441   34.441  1
 1417.8 1417.8  1    3.042    3.042  1   34.442   34.442  1
 1423.0 1423.0  1    3.032    3.032  1   34.444   34.444  1
 1427.8 1427.8  1    3.022    3.022  1   34.446   34.446  1
 1432.6 1432.6  1    3.013    3.013  1   34.448   34.448  1
 1437.9 1437.9  1    3.000    3.000  1   34.451   34.451  1
 1442.9 1442.9  1    2.992    2.992  1   34.452   34.452  1
 1448.0 1448.0  1    2.982    2.982  1   34.453   34.453  1
 1453.1 1453.1  1    2.972    2.972  1   34.455   34.455  1
 1457.7 1457.7  1    2.961    2.961  1   34.457   34.457  1
 1462.9 1462.9  1    2.950    2.950  1   34.459   34.459  1
 1468.1 1468.1  1    2.945    2.945  1   34.460   34.460  1
 1473.0 1473.0  1    2.939    2.939  1   34.461   34.461  1
 1478.2 1478.2  1    2.932    2.932  1   34.464   34.464  1
 1483.1 1483.1  1    2.924    2.924  1   34.466   34.466  1
 1488.0 1488.0  1    2.915    2.915  1   34.468   34.468  1
 1492.9 1492.9  1    2.906    2.906  1   34.471   34.471  1
 1497.9 1497.9  1    2.894    2.894  1   34.474   34.474  1
 1503.0 1503.0  1    2.883    2.883  1   34.477   34.477  1
 1508.0 1508.0  1    2.875    2.875  1   34.479   34.479  1
 1513.1 1513.1  1    2.862    2.862  1   34.482   34.482  1
 1518.2 1518.2  1    2.850    2.850  1   34.484   34.484  1
 1523.0 1523.0  1    2.841    2.841  1   34.487   34.487  1
 1527.8 1527.8  1    2.831    2.831  1   34.490   34.490  1
 1533.2 1533.2  1    2.824    2.824  1   34.491   34.491  1
 1538.1 1538.1  1    2.817    2.817  1   34.493   34.493  1
 1542.9 1542.9  1    2.805    2.805  1   34.496   34.496  1
 1547.8 1547.8  1    2.799    2.799  1   34.498   34.498  1
 1552.6 1552.6  1    2.795    2.795  1   34.499   34.499  1
 1557.9 1557.9  1    2.782    2.782  1   34.502   34.502  1
 1562.8 1562.8  1    2.771    2.771  1   34.506   34.506  1
 1567.7 1567.7  1    2.766    2.766  1   34.507   34.507  1
 1573.1 1573.1  1    2.761    2.761  1   34.509   34.509  1
 1578.1 1578.1  1    2.756    2.756  1   34.509   34.509  1
 1582.7 1582.7  1    2.746    2.746  1   34.512   34.512  1
 1587.8 1587.8  1    2.740    2.740  1   34.514   34.514  1
 1592.9 1592.9  1    2.734    2.734  1   34.516   34.516  1
 1597.9 1597.9  1    2.725    2.725  1   34.519   34.519  1
 1603.0 1603.0  1    2.717    2.717  1   34.521   34.521  1
 1608.0 1608.0  1    2.711    2.711  1   34.522   34.522  1
 1613.2 1613.2  1    2.701    2.701  1   34.525   34.525  1
 1617.8 1617.8  1    2.692    2.692  1   34.528   34.528  1
 1623.0 1623.0  1    2.682    2.682  1   34.531   34.531  1
 1628.2 1628.2  1    2.673    2.673  1   34.533   34.533  1
 1633.0 1633.0  1    2.668    2.668  1   34.535   34.535  1
 1638.0 1638.0  1    2.665    2.665  1   34.537   34.537  1
 1643.0 1643.0  1    2.660    2.660  1   34.539   34.539  1
 1647.9 1647.9  1    2.656    2.656  1   34.540   34.540  1
 1652.7 1652.7  1    2.648    2.648  1   34.542   34.542  1
 1657.6 1657.6  1    2.641    2.641  1   34.544   34.544  1
 1662.5 1662.5  1    2.637    2.637  1   34.545   34.545  1
 1667.5 1667.5  1    2.630    2.630  1   34.548   34.548  1
 1672.5 1672.5  1    2.622    2.622  1   34.549   34.549  1
 1677.5 1677.5  1    2.617    2.617  1   34.552   34.552  1
 1682.6 1682.6  1    2.612    2.612  1   34.553   34.553  1
 1687.8 1687.8  1    2.607    2.607  1   34.554   34.554  1
 1693.1 1693.1  1    2.601    2.601  1   34.556   34.556  1
 1698.1 1698.1  1    2.595    2.595  1   34.558   34.558  1
 1703.0 1703.0  1    2.590    2.590  1   34.559   34.559  1
 1708.0 1708.0  1    2.585    2.585  1   34.560   34.560  1
 1712.9 1712.9  1    2.576    2.576  1   34.563   34.563  1
 1718.0 1718.0  1    2.564    2.564  1   34.566   34.566  1
 1722.8 1722.8  1    2.557    2.557  1   34.569   34.569  1
 1727.7 1727.7  1    2.551    2.551  1   34.570   34.570  1
 1732.6 1732.6  1    2.548    2.548  1   34.571   34.571  1
 1737.5 1737.5  1    2.540    2.540  1   34.574   34.574  1
 1742.5 1742.5  1    2.534    2.534  1   34.575   34.575  1
 1747.6 1747.6  1    2.526    2.526  1   34.578   34.578  1
 1752.8 1752.8  1    2.515    2.515  1   34.580   34.580  1
 1758.0 1758.0  1    2.509    2.509  1   34.582   34.582  1
 1762.9 1762.9  1    2.501    2.501  1   34.585   34.585  1
 1767.8 1767.8  1    2.495    2.495  1   34.586   34.586  1
 1772.8 1772.8  1    2.490    2.490  1   34.588   34.588  1
 1777.9 1777.9  1    2.486    2.486  1   34.589   34.589  1
 1783.0 1783.0  1    2.483    2.483  1   34.590   34.590  1
 1787.7 1787.7  1    2.476    2.476  1   34.591   34.591  1
 1792.8 1792.8  1    2.472    2.472  1   34.593   34.593  1
 1798.0 1798.0  1    2.468    2.468  1   34.594   34.594  1
 1803.1 1803.1  1    2.462    2.462  1   34.596   34.596  1
 1808.1 1808.1  1    2.454    2.454  1   34.598   34.598  1
 1812.7 1812.7  1    2.448    2.448  1   34.599   34.599  1
 1817.8 1817.8  1    2.443    2.443  1   34.600   34.600  1
 1822.9 1822.9  1    2.438    2.438  1   34.602   34.602  1
 1827.9 1827.9  1    2.432    2.432  1   34.603   34.603  1
 1833.0 1833.0  1    2.426    2.426  1   34.604   34.604  1
 1838.1 1838.1  1    2.418    2.418  1   34.606   34.606  1
 1843.2 1843.2  1    2.413    2.413  1   34.607   34.607  1
 1848.1 1848.1  1    2.409    2.409  1   34.608   34.608  1
 1852.8 1852.8  1    2.404    2.404  1   34.609   34.609  1
 1858.0 1858.0  1    2.397    2.397  1   34.611   34.611  1
 1863.2 1863.2  1    2.392    2.392  1   34.612   34.612  1
 1868.0 1868.0  1    2.388    2.388  1   34.613   34.613  1
 1872.9 1872.9  1    2.386    2.386  1   34.613   34.613  1
 1877.8 1877.8  1    2.375    2.375  1   34.616   34.616  1
 1882.9 1882.9  1    2.368    2.368  1   34.617   34.617  1
 1887.9 1887.9  1    2.363    2.363  1   34.618   34.618  1
 1893.1 1893.1  1    2.355    2.355  1   34.620   34.620  1
 1897.9 1897.9  1    2.347    2.347  1   34.622   34.622  1
 1902.8 1902.8  1    2.341    2.341  1   34.623   34.623  1
 1908.1 1908.1  1    2.333    2.333  1   34.625   34.625  1
 1913.2 1913.2  1    2.321    2.321  1   34.627   34.627  1
 1918.0 1918.0  1    2.318    2.318  1   34.627   34.627  1
 1922.7 1922.7  1    2.315    2.315  1   34.628   34.628  1
 1927.9 1927.9  1    2.311    2.311  1   34.628   34.628  1
 1933.1 1933.1  1    2.303    2.303  1   34.630   34.630  1
 1938.0 1938.0  1    2.297    2.297  1   34.631   34.631  1
 1942.9 1942.9  1    2.294    2.294  1   34.632   34.632  1
 1947.9 1947.9  1    2.289    2.289  1   34.632   34.632  1
 1953.0 1953.0  1    2.279    2.279  1   34.634   34.634  1
 1958.2 1958.2  1    2.273    2.273  1   34.635   34.635  1
 1962.9 1962.9  1    2.266    2.266  1   34.636   34.636  1
 1967.8 1967.8  1    2.263    2.263  1   34.636   34.636  1
 1973.1 1973.1  1    2.261    2.261  1   34.637   34.637  1
 1978.0 1978.0  1    2.258    2.258  1   34.637   34.637  1
 1982.8 1982.8  1    2.256    2.256  1   34.638   34.638  1
 1987.9 1987.9  1    2.253    2.253  1   34.638   34.638  1
 1993.0 1993.0  1    2.251    2.251  1   34.638   34.638  1
 1998.2 1998.2  1    2.250    2.250  1   34.638   34.638  1
 2003.0 2003.0  1    2.246    2.246  1   34.639   34.639  1
 2007.5 2007.5  1    2.244    2.244  1   34.639   34.639  1
