*SoftWare Version 3.0  2018/12/27

*HEADER
     PLATFORM NUMBER       :3902183
     CYCLE NUMBER          :002
     DATE CREATION         :20191228180041
     DATE UPDATE           :20191228180041
     PROJECT NAME          :US ARGO PROJECT
     PI NAME               :DEAN ROEMMICH
     INSTRUMENT TYPE       :SOLO_II
     FLOAT SERIAL NO       :8831
     FIRMWARE VERSION      :V02.60; SBE602 12Sep19
     WMO INSTRUMENT TYPE   :853
     TRANSMISSION SYSTEM   :IRIDIUM
     POSITIONING SYSTEM    :GPS
     SAMPLE DIRECTION      :A(A=Ascend; D=Descend)
     DATA MODE             :R(R=Real Time; D=Delayed Mode; A=Real Time Adjusted)
     JULIAN DAY            :25562.6027 (days since 1950-01-01 00:00:00 UTC)
     DATE                  :2019-12-27
     QC FLAG FOR DATE      :1
*LOCATION
     LATITUDE              :-36.192 
     LONGITUDE             :-80.969 
     QC FLAG FOR LOCATION  :1
*FILE
     COLUMN 1              :Pressure (dbar)                             F7.1
     COLUMN 2              :Corrected Pressure (dbar)                   F7.1
     COLUMN 3              :Quality on Pressure                         I3
     COLUMN 4              :Temperature (degree_Celsius)                F9.3
     COLUMN 5              :Corrected Temperature (degree_Celsius)      F9.3
     COLUMN 6              :Quality on Temperature                      I3
     COLUMN 7              :Salinity (PSU)                              F9.3
     COLUMN 8              :Corrected Salinity (PSU)                    F9.3
     COLUMN 9              :Quality on Salinity                         I3
==========================================================================
    0.9    0.9  1   18.127   18.127  1   34.111   34.111  1
    2.0    2.0  1   18.128   18.128  1   34.111   34.111  1
    2.9    2.9  1   18.128   18.128  1   34.111   34.111  1
    4.0    4.0  1   18.126   18.126  1   34.111   34.111  1
    5.0    5.0  1   18.124   18.124  1   34.110   34.110  1
    6.0    6.0  1   18.125   18.125  1   34.110   34.110  1
    7.0    7.0  1   18.127   18.127  1   34.110   34.110  1
    8.0    8.0  1   18.127   18.127  1   34.110   34.110  1
    9.0    9.0  1   18.126   18.126  1   34.109   34.109  1
   10.0   10.0  1   18.127   18.127  1   34.109   34.109  1
   10.8   10.8  1   18.129   18.129  1   34.092   34.092  1
   12.0   12.0  1   18.126   18.126  1   34.107   34.107  1
   14.0   14.0  1   18.125   18.125  1   34.104   34.104  1
   16.0   16.0  1   18.125   18.125  1   34.099   34.099  1
   18.0   18.0  1   17.992   17.992  1   34.095   34.095  1
   20.0   20.0  1   17.502   17.502  1   34.097   34.097  1
   22.0   22.0  1   16.753   16.753  1   34.092   34.092  1
   24.0   24.0  1   16.168   16.168  1   34.052   34.052  1
   26.0   26.0  1   15.917   15.917  1   34.050   34.050  1
   28.0   28.0  1   15.779   15.779  1   34.045   34.045  1
   30.0   30.0  1   15.629   15.629  1   34.044   34.044  1
   32.0   32.0  1   15.496   15.496  1   34.043   34.043  1
   34.0   34.0  1   15.417   15.417  1   34.042   34.042  1
   36.0   36.0  1   15.336   15.336  1   34.040   34.040  1
   38.0   38.0  1   15.293   15.293  1   34.046   34.046  1
   40.0   40.0  1   15.184   15.184  1   34.044   34.044  1
   42.0   42.0  1   15.102   15.102  1   34.043   34.043  1
   44.1   44.1  1   14.906   14.906  1   34.036   34.036  1
   46.0   46.0  1   14.796   14.796  1   34.035   34.035  1
   48.0   48.0  1   14.583   14.583  1   34.038   34.038  1
   50.0   50.0  1   14.433   14.433  1   34.049   34.049  1
   51.9   51.9  1   14.244   14.244  1   34.038   34.038  1
   53.9   53.9  1   14.058   14.058  1   34.033   34.033  1
   55.9   55.9  1   13.937   13.937  1   34.062   34.062  1
   58.0   58.0  1   13.696   13.696  1   34.073   34.073  1
   60.0   60.0  1   13.580   13.580  1   34.079   34.079  1
   62.0   62.0  1   13.523   13.523  1   34.098   34.098  1
   64.0   64.0  1   13.505   13.505  1   34.119   34.119  1
   66.0   66.0  1   13.349   13.349  1   34.105   34.105  1
   68.0   68.0  1   13.220   13.220  1   34.100   34.100  1
   70.0   70.0  1   13.050   13.050  1   34.082   34.082  1
   71.9   71.9  1   12.961   12.961  1   34.071   34.071  1
   73.9   73.9  1   13.013   13.013  1   34.105   34.105  1
   76.0   76.0  1   12.900   12.900  1   34.099   34.099  1
   78.1   78.1  1   12.730   12.730  1   34.061   34.061  1
   80.0   80.0  1   12.711   12.711  1   34.059   34.059  1
   82.0   82.0  1   12.686   12.686  1   34.059   34.059  1
   84.0   84.0  1   12.650   12.650  1   34.055   34.055  1
   86.0   86.0  1   12.598   12.598  1   34.050   34.050  1
   88.0   88.0  1   12.559   12.559  1   34.043   34.043  1
   90.0   90.0  1   12.530   12.530  1   34.040   34.040  1
   91.9   91.9  1   12.518   12.518  1   34.039   34.039  1
   94.0   94.0  1   12.505   12.505  1   34.037   34.037  1
   96.0   96.0  1   12.506   12.506  1   34.041   34.041  1
   98.1   98.1  1   12.496   12.496  1   34.042   34.042  1
  100.0  100.0  1   12.526   12.526  1   34.050   34.050  1
  102.0  102.0  1   12.524   12.524  1   34.055   34.055  1
  104.0  104.0  1   12.542   12.542  1   34.062   34.062  1
  106.0  106.0  1   12.516   12.516  1   34.061   34.061  1
  108.0  108.0  1   12.496   12.496  1   34.061   34.061  1
  110.0  110.0  1   12.466   12.466  1   34.063   34.063  1
  112.0  112.0  1   12.396   12.396  1   34.057   34.057  1
  114.0  114.0  1   12.360   12.360  1   34.050   34.050  1
  116.0  116.0  1   12.305   12.305  1   34.044   34.044  1
  118.0  118.0  1   12.270   12.270  1   34.042   34.042  1
  120.0  120.0  1   12.191   12.191  1   34.036   34.036  1
  122.0  122.0  1   12.115   12.115  1   34.024   34.024  1
  124.0  124.0  1   11.975   11.975  1   34.008   34.008  1
  126.0  126.0  1   11.823   11.823  1   33.989   33.989  1
  128.0  128.0  1   11.720   11.720  1   33.970   33.970  1
  130.0  130.0  1   11.699   11.699  1   33.966   33.966  1
  132.0  132.0  1   11.693   11.693  1   33.970   33.970  1
  134.0  134.0  1   11.578   11.578  1   33.963   33.963  1
  136.0  136.0  1   11.442   11.442  1   33.944   33.944  1
  138.0  138.0  1   11.363   11.363  1   33.937   33.937  1
  140.0  140.0  1   11.321   11.321  1   33.933   33.933  1
  142.0  142.0  1   11.276   11.276  1   33.932   33.932  1
  143.9  143.9  1   11.223   11.223  1   33.931   33.931  1
  146.0  146.0  1   11.184   11.184  1   33.928   33.928  1
  148.0  148.0  1   11.163   11.163  1   33.928   33.928  1
  150.1  150.1  1   11.104   11.104  1   33.926   33.926  1
  152.1  152.1  1   11.046   11.046  1   33.923   33.923  1
  154.1  154.1  1   10.981   10.981  1   33.921   33.921  1
  156.0  156.0  1   10.941   10.941  1   33.920   33.920  1
  158.0  158.0  1   10.905   10.905  1   33.921   33.921  1
  160.0  160.0  1   10.894   10.894  1   33.929   33.929  1
  162.0  162.0  1   10.867   10.867  1   33.948   33.948  1
  164.0  164.0  1   10.795   10.795  1   33.952   33.952  1
  166.0  166.0  1   10.651   10.651  1   33.951   33.951  1
  168.1  168.1  1   10.603   10.603  1   33.950   33.950  1
  170.0  170.0  1   10.581   10.581  1   33.961   33.961  1
  172.0  172.0  1   10.539   10.539  1   33.972   33.972  1
  174.0  174.0  1   10.420   10.420  1   33.965   33.965  1
  176.0  176.0  1   10.342   10.342  1   33.962   33.962  1
  178.0  178.0  1   10.291   10.291  1   33.975   33.975  1
  180.0  180.0  1   10.239   10.239  1   33.977   33.977  1
  182.0  182.0  1   10.135   10.135  1   33.993   33.993  1
  184.0  184.0  1   10.011   10.011  1   34.001   34.001  1
  186.0  186.0  1    9.986    9.986  1   34.011   34.011  1
  188.0  188.0  1    9.979    9.979  1   34.011   34.011  1
  189.9  189.9  1    9.959    9.959  1   34.014   34.014  1
  192.0  192.0  1    9.889    9.889  1   34.024   34.024  1
  194.0  194.0  1    9.845    9.845  1   34.025   34.025  1
  196.0  196.0  1    9.834    9.834  1   34.025   34.025  1
  198.0  198.0  1    9.795    9.795  1   34.030   34.030  1
  200.0  200.0  1    9.746    9.746  1   34.034   34.034  1
  202.0  202.0  1    9.712    9.712  1   34.039   34.039  1
  204.0  204.0  1    9.663    9.663  1   34.052   34.052  1
  205.9  205.9  1    9.576    9.576  1   34.054   34.054  1
  208.0  208.0  1    9.495    9.495  1   34.058   34.058  1
  210.0  210.0  1    9.373    9.373  1   34.067   34.067  1
  212.1  212.1  1    9.295    9.295  1   34.081   34.081  1
  214.1  214.1  1    9.259    9.259  1   34.087   34.087  1
  216.0  216.0  1    9.224    9.224  1   34.094   34.094  1
  218.0  218.0  1    9.206    9.206  1   34.099   34.099  1
  220.0  220.0  1    9.204    9.204  1   34.120   34.120  1
  222.0  222.0  1    9.205    9.205  1   34.139   34.139  1
  224.0  224.0  1    9.177    9.177  1   34.145   34.145  1
  226.0  226.0  1    9.136    9.136  1   34.146   34.146  1
  228.0  228.0  1    9.119    9.119  1   34.150   34.150  1
  230.0  230.0  1    9.036    9.036  1   34.161   34.161  1
  232.0  232.0  1    9.019    9.019  1   34.166   34.166  1
  234.0  234.0  1    9.010    9.010  1   34.171   34.171  1
  236.0  236.0  1    8.907    8.907  1   34.172   34.172  1
  238.0  238.0  1    8.869    8.869  1   34.163   34.163  1
  240.0  240.0  1    8.848    8.848  1   34.163   34.163  1
  242.0  242.0  1    8.819    8.819  1   34.172   34.172  1
  244.0  244.0  1    8.842    8.842  1   34.189   34.189  1
  246.0  246.0  1    8.815    8.815  1   34.196   34.196  1
  248.1  248.1  1    8.745    8.745  1   34.193   34.193  1
  250.0  250.0  1    8.649    8.649  1   34.188   34.188  1
  252.0  252.0  1    8.607    8.607  1   34.197   34.197  1
  254.0  254.0  1    8.570    8.570  1   34.202   34.202  1
  256.0  256.0  1    8.599    8.599  1   34.218   34.218  1
  258.0  258.0  1    8.628    8.628  1   34.233   34.233  1
  260.0  260.0  1    8.604    8.604  1   34.231   34.231  1
  262.0  262.0  1    8.390    8.390  1   34.225   34.225  1
  264.0  264.0  1    8.266    8.266  1   34.203   34.203  1
  266.1  266.1  1    8.241    8.241  1   34.210   34.210  1
  268.0  268.0  1    8.225    8.225  1   34.210   34.210  1
  270.0  270.0  1    8.244    8.244  1   34.226   34.226  1
  272.0  272.0  1    8.151    8.151  1   34.222   34.222  1
  274.0  274.0  1    8.060    8.060  1   34.209   34.209  1
  276.0  276.0  1    8.016    8.016  1   34.206   34.206  1
  277.9  277.9  1    7.979    7.979  1   34.204   34.204  1
  280.0  280.0  1    8.051    8.051  1   34.221   34.221  1
  282.1  282.1  1    8.121    8.121  1   34.253   34.253  1
  284.0  284.0  1    8.179    8.179  1   34.287   34.287  1
  285.9  285.9  1    8.138    8.138  1   34.279   34.279  1
  288.0  288.0  1    8.169    8.169  1   34.296   34.296  1
  290.0  290.0  1    8.174    8.174  1   34.304   34.304  1
  292.0  292.0  1    8.092    8.092  1   34.303   34.303  1
  294.1  294.1  1    8.047    8.047  1   34.296   34.296  1
  296.0  296.0  1    8.030    8.030  1   34.294   34.294  1
  298.0  298.0  1    8.000    8.000  1   34.295   34.295  1
  299.9  299.9  1    7.999    7.999  1   34.302   34.302  1
  302.0  302.0  1    7.955    7.955  1   34.305   34.305  1
  304.0  304.0  1    7.881    7.881  1   34.302   34.302  1
  306.0  306.0  1    7.819    7.819  1   34.298   34.298  1
  308.0  308.0  1    7.791    7.791  1   34.295   34.295  1
  310.0  310.0  1    7.768    7.768  1   34.299   34.299  1
  312.0  312.0  1    7.733    7.733  1   34.295   34.295  1
  314.0  314.0  1    7.694    7.694  1   34.294   34.294  1
  316.0  316.0  1    7.651    7.651  1   34.294   34.294  1
  317.9  317.9  1    7.615    7.615  1   34.294   34.294  1
  320.0  320.0  1    7.590    7.590  1   34.295   34.295  1
  322.0  322.0  1    7.582    7.582  1   34.296   34.296  1
  324.0  324.0  1    7.548    7.548  1   34.304   34.304  1
  326.0  326.0  1    7.499    7.499  1   34.303   34.303  1
  327.9  327.9  1    7.454    7.454  1   34.301   34.301  1
  330.0  330.0  1    7.422    7.422  1   34.301   34.301  1
  332.0  332.0  1    7.388    7.388  1   34.300   34.300  1
  334.0  334.0  1    7.364    7.364  1   34.299   34.299  1
  336.0  336.0  1    7.344    7.344  1   34.297   34.297  1
  338.0  338.0  1    7.314    7.314  1   34.297   34.297  1
  340.0  340.0  1    7.241    7.241  1   34.293   34.293  1
  342.1  342.1  1    7.185    7.185  1   34.289   34.289  1
  344.0  344.0  1    7.153    7.153  1   34.286   34.286  1
  346.0  346.0  1    7.128    7.128  1   34.284   34.284  1
  348.0  348.0  1    7.098    7.098  1   34.285   34.285  1
  350.1  350.1  1    7.069    7.069  1   34.282   34.282  1
  352.0  352.0  1    7.048    7.048  1   34.282   34.282  1
  354.0  354.0  1    7.029    7.029  1   34.280   34.280  1
  356.0  356.0  1    7.014    7.014  1   34.280   34.280  1
  358.0  358.0  1    6.976    6.976  1   34.279   34.279  1
  360.0  360.0  1    6.948    6.948  1   34.279   34.279  1
  362.0  362.0  1    6.921    6.921  1   34.278   34.278  1
  364.1  364.1  1    6.888    6.888  1   34.277   34.277  1
  366.0  366.0  1    6.862    6.862  1   34.276   34.276  1
  368.0  368.0  1    6.844    6.844  1   34.276   34.276  1
  370.1  370.1  1    6.828    6.828  1   34.275   34.275  1
  372.1  372.1  1    6.797    6.797  1   34.274   34.274  1
  374.0  374.0  1    6.776    6.776  1   34.272   34.272  1
  376.0  376.0  1    6.752    6.752  1   34.272   34.272  1
  378.0  378.0  1    6.726    6.726  1   34.273   34.273  1
  380.0  380.0  1    6.707    6.707  1   34.272   34.272  1
  382.0  382.0  1    6.683    6.683  1   34.273   34.273  1
  384.0  384.0  1    6.663    6.663  1   34.272   34.272  1
  386.0  386.0  1    6.652    6.652  1   34.271   34.271  1
  388.0  388.0  1    6.637    6.637  1   34.270   34.270  1
  390.0  390.0  1    6.613    6.613  1   34.269   34.269  1
  392.0  392.0  1    6.583    6.583  1   34.267   34.267  1
  394.0  394.0  1    6.556    6.556  1   34.265   34.265  1
  396.0  396.0  1    6.523    6.523  1   34.264   34.264  1
  398.1  398.1  1    6.495    6.495  1   34.263   34.263  1
  400.0  400.0  1    6.480    6.480  1   34.262   34.262  1
  402.0  402.0  1    6.466    6.466  1   34.263   34.263  1
  404.1  404.1  1    6.421    6.421  1   34.261   34.261  1
  406.0  406.0  1    6.392    6.392  1   34.257   34.257  1
  408.0  408.0  1    6.372    6.372  1   34.257   34.257  1
  410.0  410.0  1    6.356    6.356  1   34.255   34.255  1
  412.0  412.0  1    6.351    6.351  1   34.259   34.259  1
  414.0  414.0  1    6.324    6.324  1   34.256   34.256  1
  416.1  416.1  1    6.286    6.286  1   34.255   34.255  1
  418.1  418.1  1    6.249    6.249  1   34.250   34.250  1
  420.0  420.0  1    6.232    6.232  1   34.249   34.249  1
  422.0  422.0  1    6.213    6.213  1   34.246   34.246  1
  424.0  424.0  1    6.220    6.220  1   34.249   34.249  1
  426.0  426.0  1    6.225    6.225  1   34.250   34.250  1
  428.0  428.0  1    6.229    6.229  1   34.252   34.252  1
  430.0  430.0  1    6.197    6.197  1   34.253   34.253  1
  432.1  432.1  1    6.172    6.172  1   34.250   34.250  1
  434.0  434.0  1    6.169    6.169  1   34.251   34.251  1
  436.0  436.0  1    6.150    6.150  1   34.251   34.251  1
  438.1  438.1  1    6.119    6.119  1   34.248   34.248  1
  440.0  440.0  1    6.108    6.108  1   34.247   34.247  1
  442.0  442.0  1    6.080    6.080  1   34.244   34.244  1
  444.0  444.0  1    6.064    6.064  1   34.244   34.244  1
  445.9  445.9  1    6.053    6.053  1   34.243   34.243  1
  448.0  448.0  1    6.052    6.052  1   34.243   34.243  1
  450.0  450.0  1    6.054    6.054  1   34.245   34.245  1
  452.0  452.0  1    6.045    6.045  1   34.247   34.247  1
  454.0  454.0  1    6.029    6.029  1   34.245   34.245  1
  455.9  455.9  1    6.014    6.014  1   34.243   34.243  1
  458.0  458.0  1    5.991    5.991  1   34.242   34.242  1
  460.1  460.1  1    5.969    5.969  1   34.240   34.240  1
  462.0  462.0  1    5.944    5.944  1   34.238   34.238  1
  463.9  463.9  1    5.919    5.919  1   34.236   34.236  1
  465.9  465.9  1    5.899    5.899  1   34.233   34.233  1
  468.0  468.0  1    5.894    5.894  1   34.233   34.233  1
  470.0  470.0  1    5.886    5.886  1   34.232   34.232  1
  472.0  472.0  1    5.879    5.879  1   34.232   34.232  1
  474.0  474.0  1    5.865    5.865  1   34.232   34.232  1
  475.9  475.9  1    5.849    5.849  1   34.230   34.230  1
  478.0  478.0  1    5.858    5.858  1   34.231   34.231  1
  480.1  480.1  1    5.849    5.849  1   34.233   34.233  1
  482.0  482.0  1    5.848    5.848  1   34.232   34.232  1
  483.9  483.9  1    5.827    5.827  1   34.234   34.234  1
  486.0  486.0  1    5.802    5.802  1   34.229   34.229  1
  488.1  488.1  1    5.785    5.785  1   34.229   34.229  1
  490.0  490.0  1    5.772    5.772  1   34.228   34.228  1
  491.9  491.9  1    5.765    5.765  1   34.228   34.228  1
  493.9  493.9  1    5.753    5.753  1   34.227   34.227  1
  496.0  496.0  1    5.744    5.744  1   34.227   34.227  1
  498.0  498.0  1    5.728    5.728  1   34.227   34.227  1
  500.1  500.1  1    5.695    5.695  1   34.224   34.224  1
  502.0  502.0  1    5.686    5.686  1   34.223   34.223  1
  504.0  504.0  1    5.679    5.679  1   34.223   34.223  1
  506.0  506.0  1    5.690    5.690  1   34.224   34.224  1
  508.0  508.0  1    5.699    5.699  1   34.227   34.227  1
  510.1  510.1  1    5.701    5.701  1   34.229   34.229  1
  512.0  512.0  1    5.702    5.702  1   34.229   34.229  1
  513.9  513.9  1    5.686    5.686  1   34.230   34.230  1
  516.0  516.0  1    5.670    5.670  1   34.227   34.227  1
  518.1  518.1  1    5.657    5.657  1   34.227   34.227  1
  520.0  520.0  1    5.639    5.639  1   34.225   34.225  1
  522.0  522.0  1    5.626    5.626  1   34.225   34.225  1
  524.0  524.0  1    5.618    5.618  1   34.225   34.225  1
  526.0  526.0  1    5.615    5.615  1   34.225   34.225  1
  528.0  528.0  1    5.620    5.620  1   34.226   34.226  1
  530.0  530.0  1    5.628    5.628  1   34.227   34.227  1
  532.0  532.0  1    5.630    5.630  1   34.230   34.230  1
  534.0  534.0  1    5.617    5.617  1   34.228   34.228  1
  535.9  535.9  1    5.611    5.611  1   34.228   34.228  1
  538.0  538.0  1    5.606    5.606  1   34.227   34.227  1
  540.0  540.0  1    5.605    5.605  1   34.228   34.228  1
  542.1  542.1  1    5.597    5.597  1   34.228   34.228  1
  544.0  544.0  1    5.589    5.589  1   34.228   34.228  1
  546.0  546.0  1    5.583    5.583  1   34.228   34.228  1
  548.0  548.0  1    5.573    5.573  1   34.228   34.228  1
  550.1  550.1  1    5.565    5.565  1   34.228   34.228  1
  552.0  552.0  1    5.561    5.561  1   34.228   34.228  1
  554.0  554.0  1    5.553    5.553  1   34.228   34.228  1
  556.0  556.0  1    5.549    5.549  1   34.227   34.227  1
  558.0  558.0  1    5.540    5.540  1   34.227   34.227  1
  560.0  560.0  1    5.534    5.534  1   34.227   34.227  1
  562.0  562.0  1    5.530    5.530  1   34.227   34.227  1
  564.0  564.0  1    5.520    5.520  1   34.227   34.227  1
  566.1  566.1  1    5.505    5.505  1   34.226   34.226  1
  568.1  568.1  1    5.495    5.495  1   34.226   34.226  1
  570.0  570.0  1    5.489    5.489  1   34.226   34.226  1
  572.0  572.0  1    5.479    5.479  1   34.226   34.226  1
  574.0  574.0  1    5.470    5.470  1   34.226   34.226  1
  576.0  576.0  1    5.462    5.462  1   34.226   34.226  1
  578.0  578.0  1    5.458    5.458  1   34.225   34.225  1
  580.0  580.0  1    5.455    5.455  1   34.225   34.225  1
  582.0  582.0  1    5.450    5.450  1   34.225   34.225  1
  584.0  584.0  1    5.446    5.446  1   34.225   34.225  1
  586.0  586.0  1    5.442    5.442  1   34.225   34.225  1
  588.0  588.0  1    5.433    5.433  1   34.225   34.225  1
  590.0  590.0  1    5.429    5.429  1   34.225   34.225  1
  592.0  592.0  1    5.426    5.426  1   34.224   34.224  1
  594.0  594.0  1    5.420    5.420  1   34.225   34.225  1
  595.9  595.9  1    5.413    5.413  1   34.225   34.225  1
  597.9  597.9  1    5.400    5.400  1   34.225   34.225  1
  599.9  599.9  1    5.391    5.391  1   34.225   34.225  1
  601.9  601.9  1    5.381    5.381  1   34.224   34.224  1
  604.0  604.0  1    5.374    5.374  1   34.224   34.224  1
  606.0  606.0  1    5.369    5.369  1   34.224   34.224  1
  608.0  608.0  1    5.365    5.365  1   34.224   34.224  1
  610.0  610.0  1    5.357    5.357  1   34.224   34.224  1
  612.0  612.0  1    5.352    5.352  1   34.224   34.224  1
  614.0  614.0  1    5.345    5.345  1   34.224   34.224  1
  616.0  616.0  1    5.336    5.336  1   34.224   34.224  1
  618.0  618.0  1    5.329    5.329  1   34.224   34.224  1
  620.0  620.0  1    5.322    5.322  1   34.224   34.224  1
  622.0  622.0  1    5.315    5.315  1   34.224   34.224  1
  624.1  624.1  1    5.309    5.309  1   34.224   34.224  1
  626.1  626.1  1    5.295    5.295  1   34.225   34.225  1
  628.1  628.1  1    5.286    5.286  1   34.225   34.225  1
  630.0  630.0  1    5.281    5.281  1   34.225   34.225  1
  631.9  631.9  1    5.276    5.276  1   34.225   34.225  1
  633.9  633.9  1    5.268    5.268  1   34.225   34.225  1
  636.0  636.0  1    5.260    5.260  1   34.225   34.225  1
  638.0  638.0  1    5.252    5.252  1   34.225   34.225  1
  639.9  639.9  1    5.247    5.247  1   34.225   34.225  1
  641.9  641.9  1    5.243    5.243  1   34.225   34.225  1
  643.9  643.9  1    5.242    5.242  1   34.225   34.225  1
  646.0  646.0  1    5.238    5.238  1   34.225   34.225  1
  648.0  648.0  1    5.234    5.234  1   34.225   34.225  1
  650.0  650.0  1    5.228    5.228  1   34.225   34.225  1
  652.0  652.0  1    5.221    5.221  1   34.225   34.225  1
  654.0  654.0  1    5.217    5.217  1   34.225   34.225  1
  656.0  656.0  1    5.210    5.210  1   34.226   34.226  1
  658.0  658.0  1    5.202    5.202  1   34.226   34.226  1
  660.0  660.0  1    5.196    5.196  1   34.226   34.226  1
  662.0  662.0  1    5.188    5.188  1   34.227   34.227  1
  664.0  664.0  1    5.182    5.182  1   34.227   34.227  1
  666.0  666.0  1    5.176    5.176  1   34.227   34.227  1
  668.0  668.0  1    5.171    5.171  1   34.227   34.227  1
  670.0  670.0  1    5.164    5.164  1   34.228   34.228  1
  672.0  672.0  1    5.157    5.157  1   34.228   34.228  1
  674.0  674.0  1    5.149    5.149  1   34.228   34.228  1
  676.0  676.0  1    5.139    5.139  1   34.229   34.229  1
  678.0  678.0  1    5.132    5.132  1   34.229   34.229  1
  680.0  680.0  1    5.127    5.127  1   34.229   34.229  1
  682.0  682.0  1    5.120    5.120  1   34.229   34.229  1
  684.1  684.1  1    5.115    5.115  1   34.229   34.229  1
  686.0  686.0  1    5.112    5.112  1   34.229   34.229  1
  687.9  687.9  1    5.109    5.109  1   34.229   34.229  1
  690.0  690.0  1    5.098    5.098  1   34.231   34.231  1
  692.0  692.0  1    5.088    5.088  1   34.230   34.230  1
  694.0  694.0  1    5.082    5.082  1   34.231   34.231  1
  696.1  696.1  1    5.076    5.076  1   34.231   34.231  1
  698.0  698.0  1    5.071    5.071  1   34.231   34.231  1
  700.0  700.0  1    5.067    5.067  1   34.231   34.231  1
  701.9  701.9  1    5.063    5.063  1   34.232   34.232  1
  704.0  704.0  1    5.054    5.054  1   34.233   34.233  1
  706.0  706.0  1    5.044    5.044  1   34.233   34.233  1
  708.0  708.0  1    5.032    5.032  1   34.234   34.234  1
  710.0  710.0  1    5.020    5.020  1   34.234   34.234  1
  712.0  712.0  1    5.015    5.015  1   34.234   34.234  1
  714.0  714.0  1    5.012    5.012  1   34.234   34.234  1
  716.0  716.0  1    5.003    5.003  1   34.235   34.235  1
  718.0  718.0  1    4.998    4.998  1   34.235   34.235  1
  720.0  720.0  1    4.984    4.984  1   34.236   34.236  1
  722.1  722.1  1    4.974    4.974  1   34.237   34.237  1
  724.0  724.0  1    4.968    4.968  1   34.237   34.237  1
  726.0  726.0  1    4.957    4.957  1   34.238   34.238  1
  728.0  728.0  1    4.945    4.945  1   34.239   34.239  1
  729.9  729.9  1    4.935    4.935  1   34.239   34.239  1
  732.0  732.0  1    4.926    4.926  1   34.239   34.239  1
  734.1  734.1  1    4.917    4.917  1   34.240   34.240  1
  736.0  736.0  1    4.912    4.912  1   34.241   34.241  1
  738.0  738.0  1    4.906    4.906  1   34.241   34.241  1
  740.0  740.0  1    4.894    4.894  1   34.241   34.241  1
  742.0  742.0  1    4.886    4.886  1   34.241   34.241  1
  744.0  744.0  1    4.874    4.874  1   34.241   34.241  1
  746.0  746.0  1    4.856    4.856  1   34.243   34.243  1
  747.9  747.9  1    4.844    4.844  1   34.243   34.243  1
  749.9  749.9  1    4.841    4.841  1   34.242   34.242  1
  752.0  752.0  1    4.839    4.839  1   34.242   34.242  1
  754.0  754.0  1    4.831    4.831  1   34.243   34.243  1
  755.9  755.9  1    4.816    4.816  1   34.244   34.244  1
  758.0  758.0  1    4.804    4.804  1   34.245   34.245  1
  760.0  760.0  1    4.798    4.798  1   34.245   34.245  1
  761.9  761.9  1    4.791    4.791  1   34.247   34.247  1
  763.9  763.9  1    4.784    4.784  1   34.248   34.248  1
  766.0  766.0  1    4.774    4.774  1   34.248   34.248  1
  768.0  768.0  1    4.768    4.768  1   34.250   34.250  1
  770.0  770.0  1    4.758    4.758  1   34.250   34.250  1
  772.0  772.0  1    4.750    4.750  1   34.251   34.251  1
  774.1  774.1  1    4.740    4.740  1   34.253   34.253  1
  776.1  776.1  1    4.730    4.730  1   34.253   34.253  1
  778.0  778.0  1    4.722    4.722  1   34.252   34.252  1
  779.9  779.9  1    4.716    4.716  1   34.254   34.254  1
  781.9  781.9  1    4.707    4.707  1   34.254   34.254  1
  784.0  784.0  1    4.699    4.699  1   34.255   34.255  1
  786.0  786.0  1    4.689    4.689  1   34.256   34.256  1
  788.0  788.0  1    4.682    4.682  1   34.256   34.256  1
  790.0  790.0  1    4.671    4.671  1   34.258   34.258  1
  792.0  792.0  1    4.653    4.653  1   34.259   34.259  1
  794.0  794.0  1    4.646    4.646  1   34.259   34.259  1
  796.0  796.0  1    4.638    4.638  1   34.260   34.260  1
  798.0  798.0  1    4.633    4.633  1   34.260   34.260  1
  800.0  800.0  1    4.629    4.629  1   34.261   34.261  1
  802.0  802.0  1    4.619    4.619  1   34.262   34.262  1
  804.0  804.0  1    4.609    4.609  1   34.262   34.262  1
  806.0  806.0  1    4.598    4.598  1   34.264   34.264  1
  808.0  808.0  1    4.592    4.592  1   34.265   34.265  1
  810.0  810.0  1    4.585    4.585  1   34.266   34.266  1
  812.0  812.0  1    4.578    4.578  1   34.267   34.267  1
  813.9  813.9  1    4.578    4.578  1   34.268   34.268  1
  815.9  815.9  1    4.570    4.570  1   34.270   34.270  1
  818.0  818.0  1    4.555    4.555  1   34.271   34.271  1
  820.1  820.1  1    4.551    4.551  1   34.272   34.272  1
  822.0  822.0  1    4.538    4.538  1   34.273   34.273  1
  824.0  824.0  1    4.524    4.524  1   34.274   34.274  1
  826.0  826.0  1    4.520    4.520  1   34.275   34.275  1
  828.0  828.0  1    4.526    4.526  1   34.280   34.280  1
  830.0  830.0  1    4.515    4.515  1   34.279   34.279  1
  832.0  832.0  1    4.513    4.513  1   34.285   34.285  1
  834.0  834.0  1    4.473    4.473  1   34.281   34.281  1
  836.0  836.0  1    4.461    4.461  1   34.282   34.282  1
  838.0  838.0  1    4.452    4.452  1   34.283   34.283  1
  839.9  839.9  1    4.452    4.452  1   34.285   34.285  1
  842.0  842.0  1    4.471    4.471  1   34.290   34.290  1
  844.1  844.1  1    4.474    4.474  1   34.293   34.293  1
  846.0  846.0  1    4.455    4.455  1   34.295   34.295  1
  848.0  848.0  1    4.449    4.449  1   34.292   34.292  1
  850.0  850.0  1    4.454    4.454  1   34.299   34.299  1
  852.0  852.0  1    4.427    4.427  1   34.296   34.296  1
  854.0  854.0  1    4.424    4.424  1   34.298   34.298  1
  855.9  855.9  1    4.405    4.405  1   34.299   34.299  1
  857.9  857.9  1    4.393    4.393  1   34.299   34.299  1
  860.0  860.0  1    4.402    4.402  1   34.301   34.301  1
  862.0  862.0  1    4.398    4.398  1   34.304   34.304  1
  864.0  864.0  1    4.388    4.388  1   34.304   34.304  1
  866.0  866.0  1    4.377    4.377  1   34.307   34.307  1
  867.9  867.9  1    4.360    4.360  1   34.308   34.308  1
  870.0  870.0  1    4.349    4.349  1   34.309   34.309  1
  872.0  872.0  1    4.334    4.334  1   34.311   34.311  1
  874.0  874.0  1    4.324    4.324  1   34.312   34.312  1
  876.1  876.1  1    4.313    4.313  1   34.312   34.312  1
  878.0  878.0  1    4.305    4.305  1   34.313   34.313  1
  880.0  880.0  1    4.291    4.291  1   34.315   34.315  1
  881.9  881.9  1    4.280    4.280  1   34.316   34.316  1
  883.9  883.9  1    4.271    4.271  1   34.317   34.317  1
  886.0  886.0  1    4.262    4.262  1   34.317   34.317  1
  888.0  888.0  1    4.253    4.253  1   34.319   34.319  1
  890.0  890.0  1    4.244    4.244  1   34.319   34.319  1
  891.9  891.9  1    4.240    4.240  1   34.320   34.320  1
  893.9  893.9  1    4.236    4.236  1   34.322   34.322  1
  895.9  895.9  1    4.222    4.222  1   34.323   34.323  1
  898.0  898.0  1    4.215    4.215  1   34.325   34.325  1
  900.0  900.0  1    4.202    4.202  1   34.326   34.326  1
  902.0  902.0  1    4.182    4.182  1   34.326   34.326  1
  904.0  904.0  1    4.174    4.174  1   34.326   34.326  1
  906.0  906.0  1    4.158    4.158  1   34.328   34.328  1
  908.0  908.0  1    4.153    4.153  1   34.329   34.329  1
  910.0  910.0  1    4.151    4.151  1   34.329   34.329  1
  912.0  912.0  1    4.147    4.147  1   34.330   34.330  1
  913.9  913.9  1    4.140    4.140  1   34.330   34.330  1
  916.0  916.0  1    4.131    4.131  1   34.331   34.331  1
  918.0  918.0  1    4.120    4.120  1   34.332   34.332  1
  919.9  919.9  1    4.109    4.109  1   34.333   34.333  1
  922.0  922.0  1    4.101    4.101  1   34.333   34.333  1
  924.0  924.0  1    4.093    4.093  1   34.334   34.334  1
  926.1  926.1  1    4.086    4.086  1   34.335   34.335  1
  928.1  928.1  1    4.084    4.084  1   34.337   34.337  1
  930.1  930.1  1    4.079    4.079  1   34.338   34.338  1
  932.0  932.0  1    4.072    4.072  1   34.338   34.338  1
  934.0  934.0  1    4.064    4.064  1   34.338   34.338  1
  936.0  936.0  1    4.050    4.050  1   34.340   34.340  1
  938.1  938.1  1    4.040    4.040  1   34.340   34.340  1
  940.0  940.0  1    4.030    4.030  1   34.341   34.341  1
  942.0  942.0  1    4.023    4.023  1   34.342   34.342  1
  944.0  944.0  1    4.014    4.014  1   34.345   34.345  1
  946.0  946.0  1    4.009    4.009  1   34.345   34.345  1
  948.0  948.0  1    4.000    4.000  1   34.346   34.346  1
  949.9  949.9  1    3.987    3.987  1   34.348   34.348  1
  952.0  952.0  1    3.971    3.971  1   34.350   34.350  1
  954.0  954.0  1    3.957    3.957  1   34.351   34.351  1
  956.0  956.0  1    3.954    3.954  1   34.352   34.352  1
  958.0  958.0  1    3.951    3.951  1   34.352   34.352  1
  960.1  960.1  1    3.940    3.940  1   34.354   34.354  1
  962.0  962.0  1    3.932    3.932  1   34.355   34.355  1
  964.0  964.0  1    3.925    3.925  1   34.356   34.356  1
  966.0  966.0  1    3.912    3.912  1   34.358   34.358  1
  968.1  968.1  1    3.899    3.899  1   34.360   34.360  1
  970.0  970.0  1    3.893    3.893  1   34.361   34.361  1
  972.0  972.0  1    3.891    3.891  1   34.362   34.362  1
  974.1  974.1  1    3.886    3.886  1   34.362   34.362  1
  976.0  976.0  1    3.879    3.879  1   34.363   34.363  1
  978.0  978.0  1    3.866    3.866  1   34.366   34.366  1
  979.9  979.9  1    3.861    3.861  1   34.366   34.366  1
  981.9  981.9  1    3.857    3.857  1   34.367   34.367  1
  984.0  984.0  1    3.846    3.846  1   34.370   34.370  1
  986.0  986.0  1    3.841    3.841  1   34.370   34.370  1
  988.0  988.0  1    3.837    3.837  1   34.371   34.371  1
  990.0  990.0  1    3.834    3.834  1   34.372   34.372  1
  991.9  991.9  1    3.831    3.831  1   34.373   34.373  1
  994.0  994.0  1    3.822    3.822  1   34.376   34.376  1
  996.0  996.0  1    3.817    3.817  1   34.378   34.378  1
  998.0  998.0  1    3.813    3.813  1   34.378   34.378  1
  999.9  999.9  1    3.804    3.804  1   34.378   34.378  1
 1001.9 1001.9  1    3.801    3.801  1   34.379   34.379  1
 1004.0 1004.0  1    3.804    3.804  1   34.380   34.380  1
 1006.0 1006.0  1    3.796    3.796  1   34.380   34.380  1
 1007.9 1007.9  1    3.791    3.791  1   34.380   34.380  1
 1009.9 1009.9  1    3.779    3.779  1   34.381   34.381  1
 1011.9 1011.9  1    3.777    3.777  1   34.381   34.381  1
 1014.0 1014.0  1    3.772    3.772  1   34.383   34.383  1
 1016.0 1016.0  1    3.768    3.768  1   34.384   34.384  1
 1018.0 1018.0  1    3.760    3.760  1   34.386   34.386  1
 1020.0 1020.0  1    3.754    3.754  1   34.387   34.387  1
 1021.9 1021.9  1    3.747    3.747  1   34.390   34.390  1
 1023.9 1023.9  1    3.742    3.742  1   34.391   34.391  1
 1026.0 1026.0  1    3.736    3.736  1   34.393   34.393  1
 1028.0 1028.0  1    3.731    3.731  1   34.394   34.394  1
 1030.0 1030.0  1    3.724    3.724  1   34.395   34.395  1
 1032.0 1032.0  1    3.722    3.722  1   34.395   34.395  1
 1033.9 1033.9  1    3.716    3.716  1   34.397   34.397  1
 1036.0 1036.0  1    3.708    3.708  1   34.398   34.398  1
 1038.0 1038.0  1    3.698    3.698  1   34.399   34.399  1
 1040.0 1040.0  1    3.695    3.695  1   34.399   34.399  1
 1042.0 1042.0  1    3.689    3.689  1   34.400   34.400  1
 1043.9 1043.9  1    3.672    3.672  1   34.400   34.400  1
 1046.0 1046.0  1    3.660    3.660  1   34.399   34.399  1
 1048.0 1048.0  1    3.670    3.670  1   34.402   34.402  1
 1050.0 1050.0  1    3.665    3.665  1   34.404   34.404  1
 1052.0 1052.0  1    3.650    3.650  1   34.404   34.404  1
 1054.0 1054.0  1    3.645    3.645  1   34.404   34.404  1
 1055.9 1055.9  1    3.644    3.644  1   34.404   34.404  1
 1057.9 1057.9  1    3.617    3.617  1   34.407   34.407  1
 1060.0 1060.0  1    3.561    3.561  1   34.399   34.399  1
 1062.0 1062.0  1    3.598    3.598  1   34.401   34.401  1
 1064.0 1064.0  1    3.610    3.610  1   34.408   34.408  1
 1066.0 1066.0  1    3.600    3.600  1   34.411   34.411  1
 1067.9 1067.9  1    3.576    3.576  1   34.409   34.409  1
 1070.0 1070.0  1    3.569    3.569  1   34.408   34.408  1
 1072.0 1072.0  1    3.562    3.562  1   34.407   34.407  1
 1073.9 1073.9  1    3.564    3.564  1   34.410   34.410  1
 1076.0 1076.0  1    3.566    3.566  1   34.412   34.412  1
 1078.1 1078.1  1    3.561    3.561  1   34.412   34.412  1
 1080.1 1080.1  1    3.563    3.563  1   34.415   34.415  1
 1082.0 1082.0  1    3.557    3.557  1   34.414   34.414  1
 1084.0 1084.0  1    3.543    3.543  1   34.416   34.416  1
 1086.0 1086.0  1    3.524    3.524  1   34.414   34.414  1
 1088.0 1088.0  1    3.507    3.507  1   34.415   34.415  1
 1089.9 1089.9  1    3.494    3.494  1   34.415   34.415  1
 1092.0 1092.0  1    3.473    3.473  1   34.413   34.413  1
 1094.0 1094.0  1    3.471    3.471  1   34.414   34.414  1
 1095.9 1095.9  1    3.465    3.465  1   34.414   34.414  1
 1097.8 1097.8  1    3.453    3.453  1   34.416   34.416  1
 1100.0 1100.0  1    3.438    3.438  1   34.416   34.416  1
 1102.0 1102.0  1    3.433    3.433  1   34.417   34.417  1
 1104.0 1104.0  1    3.431    3.431  1   34.417   34.417  1
 1106.0 1106.0  1    3.427    3.427  1   34.418   34.418  1
 1107.9 1107.9  1    3.421    3.421  1   34.419   34.419  1
 1109.9 1109.9  1    3.417    3.417  1   34.420   34.420  1
 1111.9 1111.9  1    3.414    3.414  1   34.421   34.421  1
 1113.9 1113.9  1    3.413    3.413  1   34.421   34.421  1
 1116.0 1116.0  1    3.411    3.411  1   34.423   34.423  1
 1118.1 1118.1  1    3.412    3.412  1   34.423   34.423  1
 1120.0 1120.0  1    3.405    3.405  1   34.426   34.426  1
 1122.0 1122.0  1    3.393    3.393  1   34.426   34.426  1
 1124.0 1124.0  1    3.390    3.390  1   34.426   34.426  1
 1125.9 1125.9  1    3.388    3.388  1   34.427   34.427  1
 1127.9 1127.9  1    3.387    3.387  1   34.427   34.427  1
 1129.8 1129.8  1    3.385    3.385  1   34.428   34.428  1
 1132.0 1132.0  1    3.382    3.382  1   34.429   34.429  1
 1134.0 1134.0  1    3.380    3.380  1   34.430   34.430  1
 1136.0 1136.0  1    3.379    3.379  1   34.431   34.431  1
 1138.0 1138.0  1    3.379    3.379  1   34.431   34.431  1
 1140.0 1140.0  1    3.384    3.384  1   34.432   34.432  1
 1142.0 1142.0  1    3.392    3.392  1   34.434   34.434  1
 1144.0 1144.0  1    3.390    3.390  1   34.438   34.438  1
 1146.0 1146.0  1    3.376    3.376  1   34.438   34.438  1
 1148.0 1148.0  1    3.362    3.362  1   34.437   34.437  1
 1150.0 1150.0  1    3.358    3.358  1   34.437   34.437  1
 1152.0 1152.0  1    3.359    3.359  1   34.438   34.438  1
 1154.1 1154.1  1    3.357    3.357  1   34.439   34.439  1
 1156.1 1156.1  1    3.360    3.360  1   34.444   34.444  1
 1158.0 1158.0  1    3.359    3.359  1   34.444   34.444  1
 1159.9 1159.9  1    3.369    3.369  1   34.447   34.447  1
 1161.9 1161.9  1    3.364    3.364  1   34.449   34.449  1
 1164.0 1164.0  1    3.339    3.339  1   34.448   34.448  1
 1166.1 1166.1  1    3.332    3.332  1   34.447   34.447  1
 1168.1 1168.1  1    3.331    3.331  1   34.448   34.448  1
 1170.1 1170.1  1    3.330    3.330  1   34.449   34.449  1
 1172.0 1172.0  1    3.334    3.334  1   34.451   34.451  1
 1174.0 1174.0  1    3.333    3.333  1   34.455   34.455  1
 1176.0 1176.0  1    3.308    3.308  1   34.454   34.454  1
 1178.0 1178.0  1    3.319    3.319  1   34.457   34.457  1
 1180.1 1180.1  1    3.327    3.327  1   34.459   34.459  1
 1182.1 1182.1  1    3.326    3.326  1   34.462   34.462  1
 1184.1 1184.1  1    3.319    3.319  1   34.462   34.462  1
 1186.1 1186.1  1    3.314    3.314  1   34.463   34.463  1
 1188.0 1188.0  1    3.313    3.313  1   34.465   34.465  1
 1189.9 1189.9  1    3.312    3.312  1   34.466   34.466  1
 1192.0 1192.0  1    3.309    3.309  1   34.467   34.467  1
 1194.0 1194.0  1    3.305    3.305  1   34.467   34.467  1
 1196.1 1196.1  1    3.297    3.297  1   34.468   34.468  1
 1198.1 1198.1  1    3.292    3.292  1   34.469   34.469  1
 1200.0 1200.0  1    3.288    3.288  1   34.469   34.469  1
 1201.9 1201.9  1    3.285    3.285  1   34.471   34.471  1
 1203.9 1203.9  1    3.281    3.281  1   34.471   34.471  1
 1205.9 1205.9  1    3.269    3.269  1   34.473   34.473  1
 1208.0 1208.0  1    3.261    3.261  1   34.474   34.474  1
 1210.0 1210.0  1    3.257    3.257  1   34.476   34.476  1
 1212.0 1212.0  1    3.251    3.251  1   34.477   34.477  1
 1214.0 1214.0  1    3.249    3.249  1   34.477   34.477  1
 1216.0 1216.0  1    3.249    3.249  1   34.477   34.477  1
 1218.0 1218.0  1    3.248    3.248  1   34.478   34.478  1
 1220.0 1220.0  1    3.248    3.248  1   34.479   34.479  1
 1222.0 1222.0  1    3.245    3.245  1   34.480   34.480  1
 1224.0 1224.0  1    3.239    3.239  1   34.480   34.480  1
 1226.0 1226.0  1    3.232    3.232  1   34.481   34.481  1
 1228.0 1228.0  1    3.235    3.235  1   34.483   34.483  1
 1230.0 1230.0  1    3.232    3.232  1   34.484   34.484  1
 1232.0 1232.0  1    3.231    3.231  1   34.485   34.485  1
 1234.0 1234.0  1    3.230    3.230  1   34.485   34.485  1
 1236.0 1236.0  1    3.227    3.227  1   34.485   34.485  1
 1238.0 1238.0  1    3.224    3.224  1   34.486   34.486  1
 1240.0 1240.0  1    3.216    3.216  1   34.486   34.486  1
 1242.0 1242.0  1    3.215    3.215  1   34.487   34.487  1
 1244.0 1244.0  1    3.212    3.212  1   34.488   34.488  1
 1246.0 1246.0  1    3.209    3.209  1   34.489   34.489  1
 1248.0 1248.0  1    3.202    3.202  1   34.491   34.491  1
 1250.0 1250.0  1    3.195    3.195  1   34.491   34.491  1
 1252.0 1252.0  1    3.192    3.192  1   34.491   34.491  1
 1254.0 1254.0  1    3.188    3.188  1   34.491   34.491  1
 1256.0 1256.0  1    3.184    3.184  1   34.492   34.492  1
 1258.0 1258.0  1    3.180    3.180  1   34.493   34.493  1
 1260.0 1260.0  1    3.179    3.179  1   34.494   34.494  1
 1262.0 1262.0  1    3.177    3.177  1   34.494   34.494  1
 1264.0 1264.0  1    3.173    3.173  1   34.495   34.495  1
 1265.9 1265.9  1    3.164    3.164  1   34.497   34.497  1
 1268.0 1268.0  1    3.159    3.159  1   34.499   34.499  1
 1270.1 1270.1  1    3.155    3.155  1   34.499   34.499  1
 1272.0 1272.0  1    3.153    3.153  1   34.500   34.500  1
 1273.9 1273.9  1    3.150    3.150  1   34.501   34.501  1
 1276.0 1276.0  1    3.149    3.149  1   34.501   34.501  1
 1278.0 1278.0  1    3.146    3.146  1   34.502   34.502  1
 1280.0 1280.0  1    3.142    3.142  1   34.503   34.503  1
 1282.0 1282.0  1    3.139    3.139  1   34.504   34.504  1
 1283.9 1283.9  1    3.137    3.137  1   34.504   34.504  1
 1286.0 1286.0  1    3.134    3.134  1   34.505   34.505  1
 1288.1 1288.1  1    3.132    3.132  1   34.505   34.505  1
 1290.0 1290.0  1    3.131    3.131  1   34.506   34.506  1
 1292.0 1292.0  1    3.127    3.127  1   34.507   34.507  1
 1294.0 1294.0  1    3.125    3.125  1   34.507   34.507  1
 1296.1 1296.1  1    3.122    3.122  1   34.508   34.508  1
 1298.1 1298.1  1    3.121    3.121  1   34.508   34.508  1
 1300.0 1300.0  1    3.120    3.120  1   34.508   34.508  1
 1302.0 1302.0  1    3.118    3.118  1   34.509   34.509  1
 1304.0 1304.0  1    3.115    3.115  1   34.509   34.509  1
 1306.0 1306.0  1    3.112    3.112  1   34.510   34.510  1
 1307.9 1307.9  1    3.109    3.109  1   34.511   34.511  1
 1310.0 1310.0  1    3.104    3.104  1   34.512   34.512  1
 1312.0 1312.0  1    3.099    3.099  1   34.513   34.513  1
 1314.1 1314.1  1    3.094    3.094  1   34.514   34.514  1
 1316.0 1316.0  1    3.094    3.094  1   34.514   34.514  1
 1318.0 1318.0  1    3.092    3.092  1   34.515   34.515  1
 1320.0 1320.0  1    3.089    3.089  1   34.516   34.516  1
 1322.0 1322.0  1    3.087    3.087  1   34.516   34.516  1
 1324.0 1324.0  1    3.083    3.083  1   34.517   34.517  1
 1325.9 1325.9  1    3.080    3.080  1   34.518   34.518  1
 1328.0 1328.0  1    3.078    3.078  1   34.518   34.518  1
 1330.0 1330.0  1    3.077    3.077  1   34.518   34.518  1
 1332.0 1332.0  1    3.075    3.075  1   34.519   34.519  1
 1334.0 1334.0  1    3.072    3.072  1   34.520   34.520  1
 1336.0 1336.0  1    3.068    3.068  1   34.520   34.520  1
 1338.0 1338.0  1    3.064    3.064  1   34.521   34.521  1
 1340.1 1340.1  1    3.058    3.058  1   34.523   34.523  1
 1342.0 1342.0  1    3.056    3.056  1   34.523   34.523  1
 1344.0 1344.0  1    3.051    3.051  1   34.524   34.524  1
 1346.0 1346.0  1    3.044    3.044  1   34.525   34.525  1
 1348.0 1348.0  1    3.041    3.041  1   34.525   34.525  1
 1350.0 1350.0  1    3.038    3.038  1   34.527   34.527  1
 1352.1 1352.1  1    3.029    3.029  1   34.528   34.528  1
 1354.0 1354.0  1    3.027    3.027  1   34.528   34.528  1
 1355.9 1355.9  1    3.023    3.023  1   34.529   34.529  1
 1358.0 1358.0  1    3.021    3.021  1   34.530   34.530  1
 1360.0 1360.0  1    3.020    3.020  1   34.530   34.530  1
 1362.0 1362.0  1    3.019    3.019  1   34.530   34.530  1
 1364.0 1364.0  1    3.019    3.019  1   34.530   34.530  1
 1365.6 1365.6  1    3.018    3.018  1   34.531   34.531  1
