*SoftWare Version 3.0  2018/12/27

*HEADER
     PLATFORM NUMBER       :3902121
     CYCLE NUMBER          :195
     DATE CREATION         :20191229185840
     DATE UPDATE           :20191229190336
     PROJECT NAME          :AtlantOS
     PI NAME               :Herve Claustre
     INSTRUMENT TYPE       :PROVOR_III
     FLOAT SERIAL NO       :P41306-16FR102
     FIRMWARE VERSION      :3.01
     WMO INSTRUMENT TYPE   :836
     TRANSMISSION SYSTEM   :IRIDIUM
     POSITIONING SYSTEM    :GPS
     SAMPLE DIRECTION      :A(A=Ascend; D=Descend)
     DATA MODE             :R(R=Real Time; D=Delayed Mode; A=Real Time Adjusted)
     JULIAN DAY            :25564.5382 (days since 1950-01-01 00:00:00 UTC)
     DATE                  :2019-12-29
     QC FLAG FOR DATE      :1
*LOCATION
     LATITUDE              :-23.099 
     LONGITUDE             :-21.321 
     QC FLAG FOR LOCATION  :1
*FILE
     COLUMN 1              :Pressure (dbar)                             F7.1
     COLUMN 2              :Corrected Pressure (dbar)                   F7.1
     COLUMN 3              :Quality on Pressure                         I3
     COLUMN 4              :Temperature (degree_Celsius)                F9.3
     COLUMN 5              :Corrected Temperature (degree_Celsius)      F9.3
     COLUMN 6              :Quality on Temperature                      I3
     COLUMN 7              :Salinity (PSU)                              F9.3
     COLUMN 8              :Corrected Salinity (PSU)                    F9.3
     COLUMN 9              :Quality on Salinity                         I3
==========================================================================
    2.5    2.5  1   25.410   25.410  1   36.885   36.885  1
    3.4    3.4  1   25.343   25.343  1   36.884   36.884  1
    4.4    4.4  1   25.324   25.324  1   36.884   36.884  1
    5.4    5.4  1   25.294   25.294  1   36.885   36.885  1
    6.5    6.5  1   25.252   25.252  1   36.884   36.884  1
    7.5    7.5  1   25.240   25.240  1   36.883   36.883  1
    8.5    8.5  1   25.236   25.236  1   36.881   36.881  1
    9.5    9.5  1   25.233   25.233  1   36.881   36.881  1
   11.1   11.1  1   25.226   25.226  1   36.882   36.882  1
   13.0   13.0  1   25.220   25.220  1   36.881   36.881  1
   14.9   14.9  1   25.215   25.215  1   36.881   36.881  1
   17.0   17.0  1   25.212   25.212  1   36.881   36.881  1
   19.1   19.1  1   25.207   25.207  1   36.882   36.882  1
   21.0   21.0  1   25.204   25.204  1   36.881   36.881  1
   22.9   22.9  1   25.199   25.199  1   36.881   36.881  1
   25.0   25.0  1   25.195   25.195  1   36.881   36.881  1
   27.0   27.0  1   25.191   25.191  1   36.881   36.881  1
   29.0   29.0  1   25.191   25.191  1   36.881   36.881  1
   30.9   30.9  1   25.190   25.190  1   36.881   36.881  1
   33.1   33.1  1   25.189   25.189  1   36.881   36.881  1
   35.1   35.1  1   25.184   25.184  1   36.880   36.880  1
   37.0   37.0  1   25.038   25.038  1   36.881   36.881  1
   38.9   38.9  1   24.647   24.647  1   36.885   36.885  1
   41.0   41.0  1   23.944   23.944  1   36.918   36.918  1
   43.0   43.0  1   23.867   23.867  1   36.912   36.912  1
   44.9   44.9  1   23.772   23.772  1   36.908   36.908  1
   47.0   47.0  1   23.652   23.652  1   36.899   36.899  1
   48.9   48.9  1   23.532   23.532  1   36.887   36.887  1
   50.9   50.9  1   23.425   23.425  1   36.871   36.871  1
   52.9   52.9  1   23.378   23.378  1   36.865   36.865  1
   55.0   55.0  1   23.351   23.351  1   36.858   36.858  1
   57.1   57.1  1   23.300   23.300  1   36.852   36.852  1
   59.0   59.0  1   23.325   23.325  1   36.870   36.870  1
   61.0   61.0  1   23.395   23.395  1   36.905   36.905  1
   63.0   63.0  1   23.336   23.336  1   36.904   36.904  1
   65.0   65.0  1   23.121   23.121  1   36.858   36.858  1
   67.0   67.0  1   23.110   23.110  1   36.865   36.865  1
   69.0   69.0  1   23.115   23.115  1   36.885   36.885  1
   70.9   70.9  1   22.967   22.967  1   36.864   36.864  1
   73.0   73.0  1   22.862   22.862  1   36.842   36.842  1
   74.9   74.9  1   22.809   22.809  1   36.834   36.834  1
   77.0   77.0  1   22.718   22.718  1   36.827   36.827  1
   78.9   78.9  1   22.626   22.626  1   36.814   36.814  1
   81.0   81.0  1   22.546   22.546  1   36.802   36.802  1
   82.9   82.9  1   22.519   22.519  1   36.795   36.795  1
   84.9   84.9  1   22.473   22.473  1   36.788   36.788  1
   87.0   87.0  1   22.345   22.345  1   36.770   36.770  1
   89.0   89.0  1   22.279   22.279  1   36.757   36.757  1
   91.0   91.0  1   22.242   22.242  1   36.746   36.746  1
   92.9   92.9  1   22.121   22.121  1   36.730   36.730  1
   95.0   95.0  1   22.007   22.007  1   36.703   36.703  1
   96.9   96.9  1   21.957   21.957  1   36.694   36.694  1
   99.0   99.0  1   21.859   21.859  1   36.673   36.673  1
  101.0  101.0  1   21.798   21.798  1   36.658   36.658  1
  102.9  102.9  1   21.775   21.775  1   36.653   36.653  1
  105.0  105.0  1   21.747   21.747  1   36.645   36.645  1
  107.0  107.0  1   21.717   21.717  1   36.637   36.637  1
  108.9  108.9  1   21.690   21.690  1   36.630   36.630  1
  111.0  111.0  1   21.543   21.543  1   36.601   36.601  1
  113.0  113.0  1   21.427   21.427  1   36.570   36.570  1
  115.0  115.0  1   21.379   21.379  1   36.555   36.555  1
  117.1  117.1  1   21.346   21.346  1   36.546   36.546  1
  119.1  119.1  1   21.267   21.267  1   36.529   36.529  1
  121.0  121.0  1   21.104   21.104  1   36.500   36.500  1
  123.0  123.0  1   20.942   20.942  1   36.464   36.464  1
  125.2  125.2  1   20.844   20.844  1   36.442   36.442  1
  127.1  127.1  1   20.659   20.659  1   36.410   36.410  1
  129.0  129.0  1   20.506   20.506  1   36.376   36.376  1
  131.0  131.0  1   20.401   20.401  1   36.349   36.349  1
  133.1  133.1  1   20.233   20.233  1   36.317   36.317  1
  135.0  135.0  1   20.057   20.057  1   36.283   36.283  1
  137.1  137.1  1   19.846   19.846  1   36.246   36.246  1
  139.0  139.0  1   19.741   19.741  1   36.226   36.226  1
  140.9  140.9  1   19.641   19.641  1   36.211   36.211  1
  143.0  143.0  1   19.531   19.531  1   36.189   36.189  1
  145.0  145.0  1   19.444   19.444  1   36.173   36.173  1
  147.0  147.0  1   19.416   19.416  1   36.167   36.167  1
  149.0  149.0  1   19.368   19.368  1   36.154   36.154  1
  151.0  151.0  1   19.325   19.325  1   36.146   36.146  1
  152.9  152.9  1   19.254   19.254  1   36.135   36.135  1
  155.0  155.0  1   19.008   19.008  1   36.097   36.097  1
  157.0  157.0  1   18.895   18.895  1   36.071   36.071  1
  159.1  159.1  1   18.857   18.857  1   36.064   36.064  1
  160.9  160.9  1   18.771   18.771  1   36.056   36.056  1
  163.0  163.0  1   18.685   18.685  1   36.039   36.039  1
  164.9  164.9  1   18.643   18.643  1   36.032   36.032  1
  167.0  167.0  1   18.544   18.544  1   36.017   36.017  1
  169.2  169.2  1   18.431   18.431  1   35.998   35.998  1
  171.1  171.1  1   18.386   18.386  1   35.989   35.989  1
  173.0  173.0  1   18.234   18.234  1   35.972   35.972  1
  175.1  175.1  1   18.130   18.130  1   35.953   35.953  1
  177.0  177.0  1   18.098   18.098  1   35.946   35.946  1
  179.1  179.1  1   18.068   18.068  1   35.941   35.941  1
  181.1  181.1  1   18.029   18.029  1   35.933   35.933  1
  183.0  183.0  1   17.940   17.940  1   35.922   35.922  1
  185.1  185.1  1   17.883   17.883  1   35.913   35.913  1
  187.0  187.0  1   17.781   17.781  1   35.898   35.898  1
  189.0  189.0  1   17.662   17.662  1   35.881   35.881  1
  191.0  191.0  1   17.449   17.449  1   35.851   35.851  1
  193.0  193.0  1   17.353   17.353  1   35.831   35.831  1
  195.0  195.0  1   17.276   17.276  1   35.820   35.820  1
  197.1  197.1  1   17.112   17.112  1   35.799   35.799  1
  198.9  198.9  1   17.019   17.019  1   35.780   35.780  1
  200.9  200.9  1   16.961   16.961  1   35.773   35.773  1
  202.9  202.9  1   16.914   16.914  1   35.765   35.765  1
  205.0  205.0  1   16.859   16.859  1   35.757   35.757  1
  207.1  207.1  1   16.838   16.838  1   35.751   35.751  1
  208.9  208.9  1   16.799   16.799  1   35.746   35.746  1
  210.9  210.9  1   16.710   16.710  1   35.733   35.733  1
  212.9  212.9  1   16.666   16.666  1   35.724   35.724  1
  214.9  214.9  1   16.630   16.630  1   35.717   35.717  1
  217.1  217.1  1   16.579   16.579  1   35.707   35.707  1
  219.2  219.2  1   16.538   16.538  1   35.700   35.700  1
  220.9  220.9  1   16.433   16.433  1   35.684   35.684  1
  223.0  223.0  1   16.363   16.363  1   35.667   35.667  1
  225.1  225.1  1   16.291   16.291  1   35.660   35.660  1
  227.0  227.0  1   16.219   16.219  1   35.642   35.642  1
  229.1  229.1  1   16.140   16.140  1   35.629   35.629  1
  231.0  231.0  1   16.001   16.001  1   35.609   35.609  1
  233.0  233.0  1   15.932   15.932  1   35.591   35.591  1
  234.9  234.9  1   15.919   15.919  1   35.589   35.589  1
  237.1  237.1  1   15.902   15.902  1   35.585   35.585  1
  238.9  238.9  1   15.875   15.875  1   35.580   35.580  1
  241.0  241.0  1   15.831   15.831  1   35.573   35.573  1
  243.0  243.0  1   15.797   15.797  1   35.567   35.567  1
  245.0  245.0  1   15.707   15.707  1   35.555   35.555  1
  246.9  246.9  1   15.619   15.619  1   35.541   35.541  1
  249.0  249.0  1   15.590   15.590  1   35.535   35.535  1
  254.8  254.8  1   15.471   15.471  1   35.515   35.515  1
  264.7  264.7  1   15.150   15.150  1   35.460   35.460  1
  274.8  274.8  1   14.925   14.925  1   35.427   35.427  1
  285.1  285.1  1   14.747   14.747  1   35.399   35.399  1
  295.0  295.0  1   14.538   14.538  1   35.371   35.371  1
  305.1  305.1  1   14.286   14.286  1   35.330   35.330  1
  315.0  315.0  1   13.971   13.971  1   35.282   35.282  1
  325.0  325.0  1   13.546   13.546  1   35.220   35.220  1
  335.0  335.0  1   13.357   13.357  1   35.196   35.196  1
  344.8  344.8  1   13.178   13.178  1   35.174   35.174  1
  354.9  354.9  1   12.897   12.897  1   35.141   35.141  1
  365.0  365.0  1   12.737   12.737  1   35.122   35.122  1
  374.8  374.8  1   12.481   12.481  1   35.097   35.097  1
  385.0  385.0  1   12.182   12.182  1   35.062   35.062  1
  395.0  395.0  1   12.019   12.019  1   35.043   35.043  1
  405.1  405.1  1   11.772   11.772  1   35.018   35.018  1
  414.9  414.9  1   11.579   11.579  1   34.995   34.995  1
  425.0  425.0  1   11.422   11.422  1   34.975   34.975  1
  435.2  435.2  1   11.312   11.312  1   34.961   34.961  1
  445.1  445.1  1   11.122   11.122  1   34.937   34.937  1
  454.9  454.9  1   10.819   10.819  1   34.901   34.901  1
  464.9  464.9  1   10.538   10.538  1   34.867   34.867  1
  475.0  475.0  1   10.268   10.268  1   34.837   34.837  1
  484.9  484.9  1   10.119   10.119  1   34.822   34.822  1
  494.7  494.7  1    9.946    9.946  1   34.802   34.802  1
  505.0  505.0  1    9.708    9.708  1   34.776   34.776  1
  515.0  515.0  1    9.405    9.405  1   34.743   34.743  1
  524.8  524.8  1    9.178    9.178  1   34.719   34.719  1
  535.1  535.1  1    8.901    8.901  1   34.690   34.690  1
  545.0  545.0  1    8.596    8.596  1   34.660   34.660  1
  554.8  554.8  1    8.326    8.326  1   34.633   34.633  1
  564.8  564.8  1    8.117    8.117  1   34.613   34.613  1
  574.9  574.9  1    8.002    8.002  1   34.601   34.601  1
  585.0  585.0  1    7.888    7.888  1   34.591   34.591  1
  594.9  594.9  1    7.767    7.767  1   34.579   34.579  1
  604.9  604.9  1    7.653    7.653  1   34.568   34.568  1
  614.9  614.9  1    7.513    7.513  1   34.555   34.555  1
  625.0  625.0  1    7.297    7.297  1   34.536   34.536  1
  635.0  635.0  1    7.149    7.149  1   34.524   34.524  1
  645.2  645.2  1    7.031    7.031  1   34.514   34.514  1
  655.1  655.1  1    6.917    6.917  1   34.505   34.505  1
  664.7  664.7  1    6.765    6.765  1   34.492   34.492  1
  675.1  675.1  1    6.618    6.618  1   34.481   34.481  1
  685.3  685.3  1    6.372    6.372  1   34.464   34.464  1
  695.1  695.1  1    6.166    6.166  1   34.451   34.451  1
  705.0  705.0  1    6.052    6.052  1   34.444   34.444  1
  715.0  715.0  1    5.981    5.981  1   34.440   34.440  1
  725.1  725.1  1    5.888    5.888  1   34.435   34.435  1
  735.1  735.1  1    5.774    5.774  1   34.427   34.427  1
  745.0  745.0  1    5.662    5.662  1   34.421   34.421  1
  755.0  755.0  1    5.536    5.536  1   34.416   34.416  1
  765.0  765.0  1    5.442    5.442  1   34.411   34.411  1
  775.0  775.0  1    5.325    5.325  1   34.403   34.403  1
  784.8  784.8  1    5.135    5.135  1   34.396   34.396  1
  794.8  794.8  1    5.083    5.083  1   34.395   34.395  1
  805.0  805.0  1    5.001    5.001  1   34.396   34.396  1
  815.0  815.0  1    4.851    4.851  1   34.395   34.395  1
  825.0  825.0  1    4.752    4.752  1   34.397   34.397  1
  835.2  835.2  1    4.697    4.697  1   34.398   34.398  1
  845.1  845.1  1    4.637    4.637  1   34.401   34.401  1
  855.0  855.0  1    4.597    4.597  1   34.401   34.401  1
  865.0  865.0  1    4.539    4.539  1   34.402   34.402  1
  875.0  875.0  1    4.459    4.459  1   34.404   34.404  1
  884.8  884.8  1    4.424    4.424  1   34.406   34.406  1
  895.0  895.0  1    4.399    4.399  1   34.407   34.407  1
  905.1  905.1  1    4.340    4.340  1   34.409   34.409  1
  915.0  915.0  1    4.282    4.282  1   34.413   34.413  1
  925.0  925.0  1    4.246    4.246  1   34.414   34.414  1
  934.9  934.9  1    4.202    4.202  1   34.417   34.417  1
  944.9  944.9  1    4.147    4.147  1   34.421   34.421  1
  955.0  955.0  1    4.079    4.079  1   34.426   34.426  1
  965.0  965.0  1    4.015    4.015  1   34.432   34.432  1
  975.0  975.0  1    3.986    3.986  1   34.436   34.436  1
  984.1  984.1  1    3.961    3.961  1   34.442   34.442  1
