*SoftWare Version 3.0  2018/12/27

*HEADER
     PLATFORM NUMBER       :3902182
     CYCLE NUMBER          :001
     DATE CREATION         :20191226180046
     DATE UPDATE           :20191226180046
     PROJECT NAME          :US ARGO PROJECT
     PI NAME               :DEAN ROEMMICH
     INSTRUMENT TYPE       :SOLO_II
     FLOAT SERIAL NO       :8830
     FIRMWARE VERSION      :V02.60; SBE602 12Sep19
     WMO INSTRUMENT TYPE   :853
     TRANSMISSION SYSTEM   :IRIDIUM
     POSITIONING SYSTEM    :GPS
     SAMPLE DIRECTION      :A(A=Ascend; D=Descend)
     DATA MODE             :R(R=Real Time; D=Delayed Mode; A=Real Time Adjusted)
     JULIAN DAY            :25560.4774 (days since 1950-01-01 00:00:00 UTC)
     DATE                  :2019-12-25
     QC FLAG FOR DATE      :1
*LOCATION
     LATITUDE              :-37.801 
     LONGITUDE             :-86.012 
     QC FLAG FOR LOCATION  :1
*FILE
     COLUMN 1              :Pressure (dbar)                             F7.1
     COLUMN 2              :Corrected Pressure (dbar)                   F7.1
     COLUMN 3              :Quality on Pressure                         I3
     COLUMN 4              :Temperature (degree_Celsius)                F9.3
     COLUMN 5              :Corrected Temperature (degree_Celsius)      F9.3
     COLUMN 6              :Quality on Temperature                      I3
     COLUMN 7              :Salinity (PSU)                              F9.3
     COLUMN 8              :Corrected Salinity (PSU)                    F9.3
     COLUMN 9              :Quality on Salinity                         I3
==========================================================================
    1.0    1.0  1   17.372   17.372  1   34.120   34.120  1
    2.0    2.0  1   17.375   17.375  1   34.121   34.121  1
    3.0    3.0  1   17.374   17.374  1   34.121   34.121  1
    4.0    4.0  1   17.375   17.375  1   34.121   34.121  1
    5.0    5.0  1   17.376   17.376  1   34.121   34.121  1
    6.0    6.0  1   17.376   17.376  1   34.121   34.121  1
    7.0    7.0  1   17.376   17.376  1   34.121   34.121  1
    8.0    8.0  1   17.374   17.374  1   34.121   34.121  1
    9.0    9.0  1   17.375   17.375  1   34.121   34.121  1
   10.0   10.0  1   17.375   17.375  1   34.121   34.121  1
   10.8   10.8  1   17.376   17.376  1   34.121   34.121  1
   11.9   11.9  1   17.377   17.377  1   34.120   34.120  1
   13.9   13.9  1   17.378   17.378  1   34.120   34.120  1
   16.0   16.0  1   17.376   17.376  1   34.119   34.119  1
   18.0   18.0  1   17.376   17.376  1   34.117   34.117  1
   20.0   20.0  1   17.376   17.376  1   34.115   34.115  1
   22.0   22.0  1   17.377   17.377  1   34.112   34.112  1
   24.0   24.0  1   17.371   17.371  1   34.106   34.106  1
   26.0   26.0  1   17.340   17.340  1   34.098   34.098  1
   28.0   28.0  1   16.553   16.553  1   34.155   34.155  1
   30.0   30.0  1   15.701   15.701  1   34.116   34.116  1
   32.0   32.0  1   15.410   15.410  1   34.092   34.092  1
   34.0   34.0  1   15.195   15.195  1   34.082   34.082  1
   36.0   36.0  1   15.137   15.137  1   34.082   34.082  1
   38.0   38.0  1   15.111   15.111  1   34.097   34.097  1
   40.0   40.0  1   15.007   15.007  1   34.094   34.094  1
   42.0   42.0  1   15.022   15.022  1   34.096   34.096  1
   44.0   44.0  1   15.024   15.024  1   34.113   34.113  1
   46.0   46.0  1   14.965   14.965  1   34.116   34.116  1
   47.9   47.9  1   14.892   14.892  1   34.105   34.105  1
   50.0   50.0  1   14.824   14.824  1   34.096   34.096  1
   52.0   52.0  1   14.775   14.775  1   34.099   34.099  1
   54.0   54.0  1   14.589   14.589  1   34.078   34.078  1
   56.0   56.0  1   14.425   14.425  1   34.042   34.042  1
   58.0   58.0  1   14.341   14.341  1   34.029   34.029  1
   60.0   60.0  1   14.236   14.236  1   34.025   34.025  1
   62.0   62.0  1   14.093   14.093  1   34.024   34.024  1
   64.0   64.0  1   13.874   13.874  1   34.033   34.033  1
   66.0   66.0  1   13.779   13.779  1   34.043   34.043  1
   68.0   68.0  1   13.609   13.609  1   34.076   34.076  1
   70.0   70.0  1   13.430   13.430  1   34.067   34.067  1
   71.9   71.9  1   13.438   13.438  1   34.088   34.088  1
   74.0   74.0  1   13.308   13.308  1   34.093   34.093  1
   76.1   76.1  1   13.295   13.295  1   34.099   34.099  1
   78.0   78.0  1   13.243   13.243  1   34.116   34.116  1
   80.0   80.0  1   13.115   13.115  1   34.113   34.113  1
   82.0   82.0  1   13.011   13.011  1   34.103   34.103  1
   84.0   84.0  1   12.895   12.895  1   34.089   34.089  1
   85.9   85.9  1   12.846   12.846  1   34.081   34.081  1
   87.9   87.9  1   12.833   12.833  1   34.078   34.078  1
   90.0   90.0  1   12.806   12.806  1   34.074   34.074  1
   92.0   92.0  1   12.738   12.738  1   34.070   34.070  1
   94.0   94.0  1   12.666   12.666  1   34.057   34.057  1
   96.0   96.0  1   12.627   12.627  1   34.052   34.052  1
   97.9   97.9  1   12.577   12.577  1   34.048   34.048  1
  100.0  100.0  1   12.530   12.530  1   34.044   34.044  1
  102.0  102.0  1   12.484   12.484  1   34.040   34.040  1
  104.1  104.1  1   12.453   12.453  1   34.036   34.036  1
  106.0  106.0  1   12.375   12.375  1   34.032   34.032  1
  108.0  108.0  1   12.293   12.293  1   34.027   34.027  1
  110.0  110.0  1   12.259   12.259  1   34.027   34.027  1
  112.0  112.0  1   12.228   12.228  1   34.031   34.031  1
  114.0  114.0  1   12.158   12.158  1   34.026   34.026  1
  115.9  115.9  1   12.117   12.117  1   34.021   34.021  1
  118.0  118.0  1   12.067   12.067  1   34.023   34.023  1
  120.0  120.0  1   12.005   12.005  1   34.018   34.018  1
  121.9  121.9  1   11.985   11.985  1   34.016   34.016  1
  124.0  124.0  1   11.957   11.957  1   34.018   34.018  1
  126.0  126.0  1   11.897   11.897  1   34.020   34.020  1
  127.9  127.9  1   11.844   11.844  1   34.020   34.020  1
  129.9  129.9  1   11.765   11.765  1   34.019   34.019  1
  132.0  132.0  1   11.667   11.667  1   34.021   34.021  1
  133.9  133.9  1   11.602   11.602  1   34.018   34.018  1
  136.0  136.0  1   11.562   11.562  1   34.018   34.018  1
  138.0  138.0  1   11.476   11.476  1   34.021   34.021  1
  140.0  140.0  1   11.409   11.409  1   34.021   34.021  1
  141.9  141.9  1   11.372   11.372  1   34.020   34.020  1
  144.0  144.0  1   11.347   11.347  1   34.019   34.019  1
  146.0  146.0  1   11.287   11.287  1   34.026   34.026  1
  148.1  148.1  1   11.200   11.200  1   34.024   34.024  1
  150.1  150.1  1   11.162   11.162  1   34.026   34.026  1
  152.1  152.1  1   11.132   11.132  1   34.024   34.024  1
  154.0  154.0  1   11.111   11.111  1   34.023   34.023  1
  156.0  156.0  1   11.044   11.044  1   34.030   34.030  1
  157.9  157.9  1   10.966   10.966  1   34.032   34.032  1
  160.0  160.0  1   10.898   10.898  1   34.033   34.033  1
  162.0  162.0  1   10.763   10.763  1   34.044   34.044  1
  164.0  164.0  1   10.745   10.745  1   34.047   34.047  1
  166.0  166.0  1   10.688   10.688  1   34.063   34.063  1
  168.0  168.0  1   10.580   10.580  1   34.067   34.067  1
  170.0  170.0  1   10.504   10.504  1   34.070   34.070  1
  172.0  172.0  1   10.397   10.397  1   34.073   34.073  1
  173.9  173.9  1   10.234   10.234  1   34.057   34.057  1
  176.0  176.0  1   10.129   10.129  1   34.052   34.052  1
  178.1  178.1  1   10.080   10.080  1   34.055   34.055  1
  180.0  180.0  1   10.081   10.081  1   34.062   34.062  1
  182.0  182.0  1   10.058   10.058  1   34.066   34.066  1
  184.1  184.1  1    9.998    9.998  1   34.068   34.068  1
  186.1  186.1  1    9.964    9.964  1   34.069   34.069  1
  188.1  188.1  1    9.871    9.871  1   34.079   34.079  1
  190.0  190.0  1    9.792    9.792  1   34.075   34.075  1
  192.1  192.1  1    9.681    9.681  1   34.078   34.078  1
  194.0  194.0  1    9.584    9.584  1   34.077   34.077  1
  195.9  195.9  1    9.558    9.558  1   34.082   34.082  1
  197.9  197.9  1    9.533    9.533  1   34.087   34.087  1
  200.0  200.0  1    9.452    9.452  1   34.087   34.087  1
  202.0  202.0  1    9.416    9.416  1   34.090   34.090  1
  204.0  204.0  1    9.339    9.339  1   34.098   34.098  1
  206.0  206.0  1    9.271    9.271  1   34.097   34.097  1
  208.1  208.1  1    9.210    9.210  1   34.099   34.099  1
  210.0  210.0  1    9.153    9.153  1   34.105   34.105  1
  212.0  212.0  1    9.073    9.073  1   34.105   34.105  1
  214.1  214.1  1    9.023    9.023  1   34.108   34.108  1
  216.0  216.0  1    8.966    8.966  1   34.110   34.110  1
  218.0  218.0  1    8.913    8.913  1   34.117   34.117  1
  220.0  220.0  1    8.871    8.871  1   34.115   34.115  1
  222.0  222.0  1    8.853    8.853  1   34.120   34.120  1
  224.0  224.0  1    8.811    8.811  1   34.127   34.127  1
  225.9  225.9  1    8.776    8.776  1   34.130   34.130  1
  228.0  228.0  1    8.718    8.718  1   34.131   34.131  1
  230.0  230.0  1    8.703    8.703  1   34.135   34.135  1
  232.0  232.0  1    8.695    8.695  1   34.138   34.138  1
  234.0  234.0  1    8.674    8.674  1   34.148   34.148  1
  236.0  236.0  1    8.658    8.658  1   34.155   34.155  1
  238.0  238.0  1    8.610    8.610  1   34.159   34.159  1
  240.0  240.0  1    8.578    8.578  1   34.164   34.164  1
  242.0  242.0  1    8.528    8.528  1   34.165   34.165  1
  244.0  244.0  1    8.452    8.452  1   34.166   34.166  1
  246.0  246.0  1    8.315    8.315  1   34.160   34.160  1
  248.0  248.0  1    8.262    8.262  1   34.161   34.161  1
  250.0  250.0  1    8.215    8.215  1   34.163   34.163  1
  251.9  251.9  1    8.160    8.160  1   34.169   34.169  1
  253.9  253.9  1    8.095    8.095  1   34.181   34.181  1
  255.9  255.9  1    8.028    8.028  1   34.185   34.185  1
  257.9  257.9  1    7.993    7.993  1   34.185   34.185  1
  260.0  260.0  1    7.957    7.957  1   34.197   34.197  1
  262.0  262.0  1    7.933    7.933  1   34.200   34.200  1
  264.0  264.0  1    7.918    7.918  1   34.209   34.209  1
  266.0  266.0  1    7.827    7.827  1   34.210   34.210  1
  268.1  268.1  1    7.713    7.713  1   34.208   34.208  1
  270.0  270.0  1    7.693    7.693  1   34.202   34.202  1
  271.9  271.9  1    7.669    7.669  1   34.199   34.199  1
  274.0  274.0  1    7.617    7.617  1   34.203   34.203  1
  276.0  276.0  1    7.560    7.560  1   34.201   34.201  1
  278.0  278.0  1    7.517    7.517  1   34.210   34.210  1
  280.0  280.0  1    7.519    7.519  1   34.215   34.215  1
  282.0  282.0  1    7.499    7.499  1   34.216   34.216  1
  284.0  284.0  1    7.473    7.473  1   34.218   34.218  1
  286.0  286.0  1    7.396    7.396  1   34.219   34.219  1
  288.0  288.0  1    7.334    7.334  1   34.215   34.215  1
  290.0  290.0  1    7.283    7.283  1   34.210   34.210  1
  292.0  292.0  1    7.269    7.269  1   34.209   34.209  1
  293.9  293.9  1    7.268    7.268  1   34.208   34.208  1
  296.0  296.0  1    7.224    7.224  1   34.213   34.213  1
  298.0  298.0  1    7.180    7.180  1   34.212   34.212  1
  300.0  300.0  1    7.150    7.150  1   34.213   34.213  1
  301.9  301.9  1    7.125    7.125  1   34.214   34.214  1
  304.0  304.0  1    7.110    7.110  1   34.214   34.214  1
  306.0  306.0  1    7.099    7.099  1   34.214   34.214  1
  307.9  307.9  1    7.086    7.086  1   34.215   34.215  1
  310.0  310.0  1    7.031    7.031  1   34.221   34.221  1
  312.0  312.0  1    7.000    7.000  1   34.220   34.220  1
  314.0  314.0  1    6.977    6.977  1   34.222   34.222  1
  316.0  316.0  1    6.951    6.951  1   34.223   34.223  1
  318.0  318.0  1    6.933    6.933  1   34.223   34.223  1
  320.0  320.0  1    6.922    6.922  1   34.223   34.223  1
  321.9  321.9  1    6.914    6.914  1   34.224   34.224  1
  324.0  324.0  1    6.897    6.897  1   34.224   34.224  1
  326.1  326.1  1    6.880    6.880  1   34.225   34.225  1
  328.0  328.0  1    6.861    6.861  1   34.226   34.226  1
  330.0  330.0  1    6.841    6.841  1   34.227   34.227  1
  332.0  332.0  1    6.800    6.800  1   34.230   34.230  1
  334.1  334.1  1    6.783    6.783  1   34.229   34.229  1
  336.1  336.1  1    6.775    6.775  1   34.229   34.229  1
  338.0  338.0  1    6.765    6.765  1   34.229   34.229  1
  340.0  340.0  1    6.756    6.756  1   34.229   34.229  1
  342.0  342.0  1    6.738    6.738  1   34.230   34.230  1
  344.0  344.0  1    6.726    6.726  1   34.230   34.230  1
  346.1  346.1  1    6.706    6.706  1   34.232   34.232  1
  348.0  348.0  1    6.686    6.686  1   34.231   34.231  1
  350.0  350.0  1    6.645    6.645  1   34.234   34.234  1
  352.1  352.1  1    6.621    6.621  1   34.232   34.232  1
  354.0  354.0  1    6.601    6.601  1   34.234   34.234  1
  356.0  356.0  1    6.571    6.571  1   34.235   34.235  1
  357.9  357.9  1    6.559    6.559  1   34.234   34.234  1
  360.0  360.0  1    6.548    6.548  1   34.235   34.235  1
  362.1  362.1  1    6.540    6.540  1   34.234   34.234  1
  364.0  364.0  1    6.534    6.534  1   34.235   34.235  1
  366.0  366.0  1    6.516    6.516  1   34.237   34.237  1
  368.0  368.0  1    6.502    6.502  1   34.236   34.236  1
  370.0  370.0  1    6.483    6.483  1   34.239   34.239  1
  372.0  372.0  1    6.449    6.449  1   34.241   34.241  1
  374.0  374.0  1    6.438    6.438  1   34.240   34.240  1
  376.0  376.0  1    6.418    6.418  1   34.241   34.241  1
  377.9  377.9  1    6.414    6.414  1   34.241   34.241  1
  379.9  379.9  1    6.393    6.393  1   34.243   34.243  1
  381.9  381.9  1    6.362    6.362  1   34.242   34.242  1
  383.9  383.9  1    6.337    6.337  1   34.242   34.242  1
  385.9  385.9  1    6.317    6.317  1   34.242   34.242  1
  387.9  387.9  1    6.303    6.303  1   34.242   34.242  1
  390.0  390.0  1    6.307    6.307  1   34.244   34.244  1
  392.1  392.1  1    6.300    6.300  1   34.246   34.246  1
  394.1  394.1  1    6.283    6.283  1   34.246   34.246  1
  396.1  396.1  1    6.268    6.268  1   34.245   34.245  1
  398.1  398.1  1    6.263    6.263  1   34.246   34.246  1
  400.0  400.0  1    6.240    6.240  1   34.247   34.247  1
  402.0  402.0  1    6.211    6.211  1   34.245   34.245  1
  404.0  404.0  1    6.195    6.195  1   34.245   34.245  1
  406.0  406.0  1    6.182    6.182  1   34.245   34.245  1
  408.0  408.0  1    6.176    6.176  1   34.244   34.244  1
  410.0  410.0  1    6.166    6.166  1   34.244   34.244  1
  412.0  412.0  1    6.149    6.149  1   34.243   34.243  1
  414.0  414.0  1    6.138    6.138  1   34.242   34.242  1
  416.0  416.0  1    6.124    6.124  1   34.243   34.243  1
  418.0  418.0  1    6.109    6.109  1   34.241   34.241  1
  420.0  420.0  1    6.105    6.105  1   34.241   34.241  1
  422.0  422.0  1    6.096    6.096  1   34.241   34.241  1
  424.0  424.0  1    6.085    6.085  1   34.241   34.241  1
  426.0  426.0  1    6.077    6.077  1   34.241   34.241  1
  428.0  428.0  1    6.067    6.067  1   34.241   34.241  1
  430.1  430.1  1    6.058    6.058  1   34.241   34.241  1
  432.0  432.0  1    6.045    6.045  1   34.241   34.241  1
  433.9  433.9  1    6.033    6.033  1   34.240   34.240  1
  436.0  436.0  1    6.026    6.026  1   34.239   34.239  1
  438.0  438.0  1    6.019    6.019  1   34.240   34.240  1
  440.1  440.1  1    6.012    6.012  1   34.241   34.241  1
  442.0  442.0  1    5.999    5.999  1   34.239   34.239  1
  444.0  444.0  1    5.997    5.997  1   34.238   34.238  1
  446.0  446.0  1    5.993    5.993  1   34.240   34.240  1
  448.0  448.0  1    5.980    5.980  1   34.239   34.239  1
  450.1  450.1  1    5.970    5.970  1   34.238   34.238  1
  452.1  452.1  1    5.962    5.962  1   34.238   34.238  1
  454.1  454.1  1    5.950    5.950  1   34.237   34.237  1
  456.1  456.1  1    5.945    5.945  1   34.237   34.237  1
  458.1  458.1  1    5.938    5.938  1   34.237   34.237  1
  460.1  460.1  1    5.935    5.935  1   34.237   34.237  1
  462.0  462.0  1    5.928    5.928  1   34.237   34.237  1
  464.0  464.0  1    5.918    5.918  1   34.238   34.238  1
  466.0  466.0  1    5.913    5.913  1   34.237   34.237  1
  468.1  468.1  1    5.908    5.908  1   34.236   34.236  1
  470.1  470.1  1    5.904    5.904  1   34.238   34.238  1
  472.1  472.1  1    5.893    5.893  1   34.237   34.237  1
  474.0  474.0  1    5.887    5.887  1   34.237   34.237  1
  475.9  475.9  1    5.883    5.883  1   34.236   34.236  1
  478.0  478.0  1    5.875    5.875  1   34.236   34.236  1
  480.0  480.0  1    5.869    5.869  1   34.236   34.236  1
  482.1  482.1  1    5.863    5.863  1   34.236   34.236  1
  484.0  484.0  1    5.856    5.856  1   34.235   34.235  1
  485.9  485.9  1    5.851    5.851  1   34.235   34.235  1
  488.0  488.0  1    5.846    5.846  1   34.235   34.235  1
  490.1  490.1  1    5.836    5.836  1   34.234   34.234  1
  492.0  492.0  1    5.825    5.825  1   34.234   34.234  1
  493.9  493.9  1    5.812    5.812  1   34.233   34.233  1
  496.0  496.0  1    5.799    5.799  1   34.232   34.232  1
  498.0  498.0  1    5.790    5.790  1   34.231   34.231  1
  500.0  500.0  1    5.785    5.785  1   34.230   34.230  1
  501.9  501.9  1    5.779    5.779  1   34.230   34.230  1
  504.0  504.0  1    5.776    5.776  1   34.229   34.229  1
  506.0  506.0  1    5.773    5.773  1   34.230   34.230  1
  508.0  508.0  1    5.766    5.766  1   34.230   34.230  1
  510.0  510.0  1    5.754    5.754  1   34.229   34.229  1
  512.1  512.1  1    5.751    5.751  1   34.228   34.228  1
  514.0  514.0  1    5.748    5.748  1   34.228   34.228  1
  516.0  516.0  1    5.745    5.745  1   34.228   34.228  1
  518.0  518.0  1    5.738    5.738  1   34.228   34.228  1
  520.0  520.0  1    5.733    5.733  1   34.228   34.228  1
  521.9  521.9  1    5.729    5.729  1   34.228   34.228  1
  524.0  524.0  1    5.729    5.729  1   34.228   34.228  1
  526.0  526.0  1    5.724    5.724  1   34.229   34.229  1
  528.0  528.0  1    5.721    5.721  1   34.229   34.229  1
  529.9  529.9  1    5.716    5.716  1   34.229   34.229  1
  532.0  532.0  1    5.703    5.703  1   34.228   34.228  1
  534.0  534.0  1    5.701    5.701  1   34.228   34.228  1
  536.1  536.1  1    5.696    5.696  1   34.228   34.228  1
  538.0  538.0  1    5.688    5.688  1   34.229   34.229  1
  540.0  540.0  1    5.679    5.679  1   34.228   34.228  1
  542.0  542.0  1    5.675    5.675  1   34.227   34.227  1
  544.0  544.0  1    5.670    5.670  1   34.227   34.227  1
  546.1  546.1  1    5.666    5.666  1   34.227   34.227  1
  548.1  548.1  1    5.660    5.660  1   34.227   34.227  1
  550.0  550.0  1    5.652    5.652  1   34.227   34.227  1
  552.0  552.0  1    5.641    5.641  1   34.226   34.226  1
  554.0  554.0  1    5.636    5.636  1   34.226   34.226  1
  556.0  556.0  1    5.633    5.633  1   34.225   34.225  1
  558.0  558.0  1    5.632    5.632  1   34.225   34.225  1
  560.0  560.0  1    5.628    5.628  1   34.225   34.225  1
  562.0  562.0  1    5.622    5.622  1   34.225   34.225  1
  564.0  564.0  1    5.616    5.616  1   34.225   34.225  1
  566.0  566.0  1    5.608    5.608  1   34.225   34.225  1
  568.0  568.0  1    5.604    5.604  1   34.225   34.225  1
  570.0  570.0  1    5.597    5.597  1   34.225   34.225  1
  572.0  572.0  1    5.585    5.585  1   34.225   34.225  1
  574.0  574.0  1    5.577    5.577  1   34.224   34.224  1
  576.0  576.0  1    5.571    5.571  1   34.224   34.224  1
  578.0  578.0  1    5.564    5.564  1   34.224   34.224  1
  580.0  580.0  1    5.558    5.558  1   34.224   34.224  1
  581.9  581.9  1    5.549    5.549  1   34.223   34.223  1
  584.0  584.0  1    5.542    5.542  1   34.224   34.224  1
  586.0  586.0  1    5.532    5.532  1   34.223   34.223  1
  587.9  587.9  1    5.530    5.530  1   34.222   34.222  1
  590.0  590.0  1    5.524    5.524  1   34.223   34.223  1
  592.1  592.1  1    5.519    5.519  1   34.223   34.223  1
  594.0  594.0  1    5.513    5.513  1   34.222   34.222  1
  596.0  596.0  1    5.511    5.511  1   34.222   34.222  1
  598.0  598.0  1    5.509    5.509  1   34.222   34.222  1
  600.0  600.0  1    5.505    5.505  1   34.222   34.222  1
  602.0  602.0  1    5.500    5.500  1   34.222   34.222  1
  604.0  604.0  1    5.495    5.495  1   34.222   34.222  1
  606.0  606.0  1    5.488    5.488  1   34.222   34.222  1
  608.0  608.0  1    5.485    5.485  1   34.222   34.222  1
  610.0  610.0  1    5.482    5.482  1   34.222   34.222  1
  612.0  612.0  1    5.479    5.479  1   34.222   34.222  1
  613.9  613.9  1    5.477    5.477  1   34.222   34.222  1
  616.0  616.0  1    5.475    5.475  1   34.222   34.222  1
  617.9  617.9  1    5.469    5.469  1   34.222   34.222  1
  619.9  619.9  1    5.466    5.466  1   34.221   34.221  1
  622.0  622.0  1    5.456    5.456  1   34.222   34.222  1
  624.0  624.0  1    5.446    5.446  1   34.221   34.221  1
  626.0  626.0  1    5.439    5.439  1   34.220   34.220  1
  628.0  628.0  1    5.435    5.435  1   34.221   34.221  1
  630.0  630.0  1    5.435    5.435  1   34.221   34.221  1
  632.0  632.0  1    5.432    5.432  1   34.222   34.222  1
  633.9  633.9  1    5.430    5.430  1   34.222   34.222  1
  635.9  635.9  1    5.424    5.424  1   34.222   34.222  1
  637.9  637.9  1    5.418    5.418  1   34.222   34.222  1
  640.0  640.0  1    5.409    5.409  1   34.222   34.222  1
  642.0  642.0  1    5.402    5.402  1   34.222   34.222  1
  644.0  644.0  1    5.399    5.399  1   34.222   34.222  1
  646.0  646.0  1    5.396    5.396  1   34.222   34.222  1
  648.0  648.0  1    5.387    5.387  1   34.222   34.222  1
  650.0  650.0  1    5.382    5.382  1   34.221   34.221  1
  652.0  652.0  1    5.375    5.375  1   34.221   34.221  1
  654.0  654.0  1    5.369    5.369  1   34.221   34.221  1
  656.0  656.0  1    5.363    5.363  1   34.222   34.222  1
  658.0  658.0  1    5.357    5.357  1   34.222   34.222  1
  660.0  660.0  1    5.352    5.352  1   34.222   34.222  1
  662.0  662.0  1    5.348    5.348  1   34.222   34.222  1
  664.0  664.0  1    5.341    5.341  1   34.222   34.222  1
  666.0  666.0  1    5.331    5.331  1   34.222   34.222  1
  668.0  668.0  1    5.322    5.322  1   34.222   34.222  1
  670.0  670.0  1    5.315    5.315  1   34.221   34.221  1
  672.0  672.0  1    5.307    5.307  1   34.222   34.222  1
  674.0  674.0  1    5.304    5.304  1   34.222   34.222  1
  676.0  676.0  1    5.302    5.302  1   34.222   34.222  1
  678.0  678.0  1    5.298    5.298  1   34.222   34.222  1
  680.0  680.0  1    5.294    5.294  1   34.223   34.223  1
  682.0  682.0  1    5.288    5.288  1   34.223   34.223  1
  684.0  684.0  1    5.284    5.284  1   34.223   34.223  1
  686.0  686.0  1    5.277    5.277  1   34.223   34.223  1
  688.0  688.0  1    5.274    5.274  1   34.223   34.223  1
  690.0  690.0  1    5.265    5.265  1   34.224   34.224  1
  692.0  692.0  1    5.259    5.259  1   34.223   34.223  1
  694.0  694.0  1    5.253    5.253  1   34.224   34.224  1
  696.1  696.1  1    5.238    5.238  1   34.225   34.225  1
  698.1  698.1  1    5.227    5.227  1   34.225   34.225  1
  700.0  700.0  1    5.219    5.219  1   34.225   34.225  1
  702.0  702.0  1    5.213    5.213  1   34.225   34.225  1
  704.0  704.0  1    5.207    5.207  1   34.225   34.225  1
  706.0  706.0  1    5.204    5.204  1   34.225   34.225  1
  708.0  708.0  1    5.201    5.201  1   34.225   34.225  1
  710.0  710.0  1    5.195    5.195  1   34.225   34.225  1
  712.0  712.0  1    5.185    5.185  1   34.226   34.226  1
  714.0  714.0  1    5.174    5.174  1   34.226   34.226  1
  716.0  716.0  1    5.165    5.165  1   34.226   34.226  1
  718.1  718.1  1    5.159    5.159  1   34.226   34.226  1
  720.1  720.1  1    5.154    5.154  1   34.226   34.226  1
  722.0  722.0  1    5.148    5.148  1   34.227   34.227  1
  724.0  724.0  1    5.142    5.142  1   34.228   34.228  1
  726.0  726.0  1    5.133    5.133  1   34.228   34.228  1
  728.0  728.0  1    5.127    5.127  1   34.228   34.228  1
  730.0  730.0  1    5.123    5.123  1   34.228   34.228  1
  731.9  731.9  1    5.116    5.116  1   34.229   34.229  1
  734.0  734.0  1    5.108    5.108  1   34.229   34.229  1
  736.0  736.0  1    5.099    5.099  1   34.230   34.230  1
  738.0  738.0  1    5.087    5.087  1   34.229   34.229  1
  740.0  740.0  1    5.084    5.084  1   34.229   34.229  1
  741.9  741.9  1    5.078    5.078  1   34.230   34.230  1
  744.0  744.0  1    5.066    5.066  1   34.231   34.231  1
  746.0  746.0  1    5.060    5.060  1   34.231   34.231  1
  747.9  747.9  1    5.053    5.053  1   34.232   34.232  1
  749.9  749.9  1    5.040    5.040  1   34.233   34.233  1
  752.0  752.0  1    5.031    5.031  1   34.234   34.234  1
  754.0  754.0  1    5.027    5.027  1   34.233   34.233  1
  756.0  756.0  1    5.024    5.024  1   34.233   34.233  1
  758.0  758.0  1    5.016    5.016  1   34.234   34.234  1
  760.0  760.0  1    5.006    5.006  1   34.235   34.235  1
  762.1  762.1  1    5.000    5.000  1   34.234   34.234  1
  764.0  764.0  1    4.990    4.990  1   34.236   34.236  1
  765.9  765.9  1    4.980    4.980  1   34.236   34.236  1
  768.0  768.0  1    4.971    4.971  1   34.236   34.236  1
  770.0  770.0  1    4.966    4.966  1   34.237   34.237  1
  772.0  772.0  1    4.957    4.957  1   34.237   34.237  1
  774.0  774.0  1    4.952    4.952  1   34.237   34.237  1
  776.1  776.1  1    4.940    4.940  1   34.239   34.239  1
  778.0  778.0  1    4.922    4.922  1   34.241   34.241  1
  780.0  780.0  1    4.912    4.912  1   34.241   34.241  1
  782.0  782.0  1    4.906    4.906  1   34.241   34.241  1
  783.9  783.9  1    4.902    4.902  1   34.241   34.241  1
  786.0  786.0  1    4.891    4.891  1   34.243   34.243  1
  788.0  788.0  1    4.884    4.884  1   34.242   34.242  1
  790.0  790.0  1    4.882    4.882  1   34.242   34.242  1
  792.0  792.0  1    4.877    4.877  1   34.242   34.242  1
  794.0  794.0  1    4.866    4.866  1   34.244   34.244  1
  796.0  796.0  1    4.856    4.856  1   34.244   34.244  1
  798.0  798.0  1    4.857    4.857  1   34.243   34.243  1
  800.0  800.0  1    4.851    4.851  1   34.244   34.244  1
  801.9  801.9  1    4.839    4.839  1   34.246   34.246  1
  804.0  804.0  1    4.824    4.824  1   34.246   34.246  1
  806.0  806.0  1    4.813    4.813  1   34.247   34.247  1
  808.0  808.0  1    4.799    4.799  1   34.248   34.248  1
  810.0  810.0  1    4.794    4.794  1   34.248   34.248  1
  812.0  812.0  1    4.788    4.788  1   34.248   34.248  1
  813.9  813.9  1    4.778    4.778  1   34.250   34.250  1
  816.0  816.0  1    4.759    4.759  1   34.251   34.251  1
  818.1  818.1  1    4.753    4.753  1   34.251   34.251  1
  820.0  820.0  1    4.741    4.741  1   34.253   34.253  1
  822.0  822.0  1    4.731    4.731  1   34.253   34.253  1
  823.9  823.9  1    4.726    4.726  1   34.253   34.253  1
  826.0  826.0  1    4.724    4.724  1   34.253   34.253  1
  828.0  828.0  1    4.716    4.716  1   34.254   34.254  1
  830.0  830.0  1    4.701    4.701  1   34.256   34.256  1
  831.9  831.9  1    4.681    4.681  1   34.257   34.257  1
  834.0  834.0  1    4.676    4.676  1   34.257   34.257  1
  836.1  836.1  1    4.671    4.671  1   34.257   34.257  1
  838.0  838.0  1    4.666    4.666  1   34.258   34.258  1
  840.0  840.0  1    4.664    4.664  1   34.257   34.257  1
  841.9  841.9  1    4.659    4.659  1   34.258   34.258  1
  843.8  843.8  1    4.653    4.653  1   34.258   34.258  1
  846.0  846.0  1    4.646    4.646  1   34.259   34.259  1
  848.0  848.0  1    4.637    4.637  1   34.260   34.260  1
  850.0  850.0  1    4.632    4.632  1   34.261   34.261  1
  852.0  852.0  1    4.621    4.621  1   34.261   34.261  1
  854.0  854.0  1    4.613    4.613  1   34.261   34.261  1
  856.0  856.0  1    4.610    4.610  1   34.261   34.261  1
  858.0  858.0  1    4.603    4.603  1   34.262   34.262  1
  860.1  860.1  1    4.596    4.596  1   34.262   34.262  1
  862.0  862.0  1    4.585    4.585  1   34.264   34.264  1
  864.0  864.0  1    4.564    4.564  1   34.265   34.265  1
  866.0  866.0  1    4.551    4.551  1   34.266   34.266  1
  867.9  867.9  1    4.541    4.541  1   34.267   34.267  1
  870.0  870.0  1    4.534    4.534  1   34.267   34.267  1
  872.1  872.1  1    4.523    4.523  1   34.268   34.268  1
  874.1  874.1  1    4.506    4.506  1   34.270   34.270  1
  876.0  876.0  1    4.493    4.493  1   34.271   34.271  1
  878.0  878.0  1    4.484    4.484  1   34.271   34.271  1
  879.9  879.9  1    4.477    4.477  1   34.271   34.271  1
  882.0  882.0  1    4.468    4.468  1   34.272   34.272  1
  884.0  884.0  1    4.456    4.456  1   34.274   34.274  1
  886.0  886.0  1    4.445    4.445  1   34.275   34.275  1
  887.9  887.9  1    4.432    4.432  1   34.276   34.276  1
  890.0  890.0  1    4.421    4.421  1   34.276   34.276  1
  892.1  892.1  1    4.417    4.417  1   34.277   34.277  1
  894.0  894.0  1    4.409    4.409  1   34.277   34.277  1
  896.0  896.0  1    4.404    4.404  1   34.277   34.277  1
  898.0  898.0  1    4.400    4.400  1   34.278   34.278  1
  899.9  899.9  1    4.397    4.397  1   34.278   34.278  1
  902.0  902.0  1    4.394    4.394  1   34.278   34.278  1
  904.2  904.2  1    4.391    4.391  1   34.278   34.278  1
  906.1  906.1  1    4.387    4.387  1   34.278   34.278  1
  908.1  908.1  1    4.380    4.380  1   34.279   34.279  1
  910.1  910.1  1    4.372    4.372  1   34.280   34.280  1
  912.1  912.1  1    4.359    4.359  1   34.281   34.281  1
  914.1  914.1  1    4.355    4.355  1   34.281   34.281  1
  916.0  916.0  1    4.344    4.344  1   34.284   34.284  1
  918.0  918.0  1    4.330    4.330  1   34.284   34.284  1
  920.0  920.0  1    4.318    4.318  1   34.286   34.286  1
  921.9  921.9  1    4.298    4.298  1   34.287   34.287  1
  924.0  924.0  1    4.285    4.285  1   34.287   34.287  1
  926.1  926.1  1    4.273    4.273  1   34.287   34.287  1
  928.0  928.0  1    4.263    4.263  1   34.288   34.288  1
  930.0  930.0  1    4.251    4.251  1   34.289   34.289  1
  932.0  932.0  1    4.240    4.240  1   34.290   34.290  1
  934.1  934.1  1    4.220    4.220  1   34.292   34.292  1
  936.0  936.0  1    4.203    4.203  1   34.294   34.294  1
  938.0  938.0  1    4.194    4.194  1   34.294   34.294  1
  940.0  940.0  1    4.189    4.189  1   34.293   34.293  1
  942.1  942.1  1    4.171    4.171  1   34.298   34.298  1
  944.0  944.0  1    4.148    4.148  1   34.299   34.299  1
  946.0  946.0  1    4.134    4.134  1   34.301   34.301  1
  948.0  948.0  1    4.123    4.123  1   34.301   34.301  1
  950.0  950.0  1    4.117    4.117  1   34.302   34.302  1
  952.0  952.0  1    4.104    4.104  1   34.303   34.303  1
  953.9  953.9  1    4.094    4.094  1   34.304   34.304  1
  955.9  955.9  1    4.085    4.085  1   34.305   34.305  1
  957.9  957.9  1    4.078    4.078  1   34.306   34.306  1
  960.0  960.0  1    4.068    4.068  1   34.307   34.307  1
  962.1  962.1  1    4.065    4.065  1   34.307   34.307  1
  964.1  964.1  1    4.065    4.065  1   34.307   34.307  1
  966.1  966.1  1    4.062    4.062  1   34.308   34.308  1
  968.1  968.1  1    4.052    4.052  1   34.310   34.310  1
  970.0  970.0  1    4.044    4.044  1   34.310   34.310  1
  972.0  972.0  1    4.035    4.035  1   34.312   34.312  1
  974.0  974.0  1    4.030    4.030  1   34.312   34.312  1
  976.0  976.0  1    4.023    4.023  1   34.314   34.314  1
  978.0  978.0  1    4.011    4.011  1   34.315   34.315  1
  980.0  980.0  1    4.008    4.008  1   34.315   34.315  1
  982.0  982.0  1    3.999    3.999  1   34.316   34.316  1
  984.0  984.0  1    3.996    3.996  1   34.316   34.316  1
  986.0  986.0  1    3.990    3.990  1   34.317   34.317  1
  987.9  987.9  1    3.982    3.982  1   34.318   34.318  1
  990.0  990.0  1    3.975    3.975  1   34.319   34.319  1
  992.1  992.1  1    3.969    3.969  1   34.319   34.319  1
  994.0  994.0  1    3.958    3.958  1   34.321   34.321  1
