*SoftWare Version 3.0  2018/12/27

*HEADER
     PLATFORM NUMBER       :3902123
     CYCLE NUMBER          :185
     DATE CREATION         :20191228212533
     DATE UPDATE           :20191228213352
     PROJECT NAME          :AtlantOS
     PI NAME               :Herve Claustre
     INSTRUMENT TYPE       :PROVOR_III
     FLOAT SERIAL NO       :P41306-16FR104
     FIRMWARE VERSION      :3.01
     WMO INSTRUMENT TYPE   :836
     TRANSMISSION SYSTEM   :IRIDIUM
     POSITIONING SYSTEM    :GPS
     SAMPLE DIRECTION      :A(A=Ascend; D=Descend)
     DATA MODE             :R(R=Real Time; D=Delayed Mode; A=Real Time Adjusted)
     JULIAN DAY            :25563.7347 (days since 1950-01-01 00:00:00 UTC)
     DATE                  :2019-12-28
     QC FLAG FOR DATE      :1
*LOCATION
     LATITUDE              :8.019
     LONGITUDE             :-21.599
     QC FLAG FOR LOCATION  :1
*FILE
     COLUMN 1              :Pressure (dbar)                             F7.1
     COLUMN 2              :Corrected Pressure (dbar)                   F7.1
     COLUMN 3              :Quality on Pressure                         I3
     COLUMN 4              :Temperature (degree_Celsius)                F9.3
     COLUMN 5              :Corrected Temperature (degree_Celsius)      F9.3
     COLUMN 6              :Quality on Temperature                      I3
     COLUMN 7              :Salinity (PSU)                              F9.3
     COLUMN 8              :Corrected Salinity (PSU)                    F9.3
     COLUMN 9              :Quality on Salinity                         I3
==========================================================================
    2.5    2.5  1   27.929   27.929  1   35.887   35.887  3
    3.6    3.6  1   27.928   27.928  1   35.886   35.886  3
    4.5    4.5  1   27.927   27.927  1   35.887   35.887  3
    5.3    5.3  1   27.913   27.913  1   35.885   35.885  3
    6.5    6.5  1   27.838   27.838  1   35.885   35.885  3
    7.6    7.6  1   27.760   27.760  1   35.885   35.885  3
    8.5    8.5  1   27.743   27.743  1   35.881   35.881  3
    9.4    9.4  1   27.734   27.734  1   35.880   35.880  3
   10.9   10.9  1   27.716   27.716  1   35.880   35.880  3
   12.9   12.9  1   27.700   27.700  1   35.879   35.879  3
   15.1   15.1  1   27.670   27.670  1   35.879   35.879  3
   17.0   17.0  1   27.571   27.571  1   35.880   35.880  3
   19.0   19.0  1   27.470   27.470  1   35.876   35.876  3
   21.0   21.0  1   27.190   27.190  1   35.884   35.884  3
   23.0   23.0  1   26.543   26.543  1   35.906   35.906  3
   24.9   24.9  1   26.209   26.209  1   35.908   35.908  3
   26.9   26.9  1   25.794   25.794  1   35.927   35.927  3
   28.9   28.9  1   24.787   24.787  1   35.958   35.958  3
   31.0   31.0  1   23.564   23.564  1   36.006   36.006  3
   33.0   33.0  1   22.809   22.809  1   36.006   36.006  3
   35.0   35.0  1   22.358   22.358  1   36.005   36.005  3
   37.0   37.0  1   21.312   21.312  1   36.001   36.001  3
   39.0   39.0  1   20.652   20.652  1   35.971   35.971  3
   41.0   41.0  1   19.237   19.237  1   35.931   35.931  3
   43.1   43.1  1   18.708   18.708  1   35.888   35.888  3
   45.0   45.0  1   18.688   18.688  1   35.888   35.888  3
   47.1   47.1  1   18.640   18.640  1   35.884   35.884  3
   49.1   49.1  1   18.572   18.572  1   35.875   35.875  3
   51.1   51.1  1   18.394   18.394  1   35.863   35.863  3
   53.0   53.0  1   18.282   18.282  1   35.853   35.853  3
   54.9   54.9  1   18.145   18.145  1   35.841   35.841  3
   57.0   57.0  1   17.958   17.958  1   35.830   35.830  3
   59.1   59.1  1   17.866   17.866  1   35.818   35.818  3
   60.9   60.9  1   17.741   17.741  1   35.815   35.815  3
   62.9   62.9  1   17.478   17.478  1   35.794   35.794  3
   65.0   65.0  1   17.173   17.173  1   35.776   35.776  3
   67.0   67.0  1   16.779   16.779  1   35.750   35.750  3
   69.0   69.0  1   16.704   16.704  1   35.737   35.737  3
   70.9   70.9  1   16.468   16.468  1   35.736   35.736  3
   73.0   73.0  1   16.164   16.164  1   35.701   35.701  3
   75.0   75.0  1   15.982   15.982  1   35.688   35.688  3
   76.9   76.9  1   15.907   15.907  1   35.678   35.678  3
   79.1   79.1  1   15.863   15.863  1   35.673   35.673  3
   81.0   81.0  1   15.789   15.789  1   35.669   35.669  3
   83.1   83.1  1   15.701   15.701  1   35.661   35.661  3
   85.0   85.0  1   15.547   15.547  1   35.651   35.651  3
   87.0   87.0  1   15.478   15.478  1   35.643   35.643  3
   89.0   89.0  1   15.389   15.389  1   35.632   35.632  3
   91.0   91.0  1   15.345   15.345  1   35.628   35.628  3
   92.9   92.9  1   15.312   15.312  1   35.624   35.624  3
   95.0   95.0  1   15.286   15.286  1   35.620   35.620  3
   97.1   97.1  1   15.199   15.199  1   35.614   35.614  3
   99.1   99.1  1   15.127   15.127  1   35.604   35.604  3
  101.2  101.2  1   15.082   15.082  1   35.598   35.598  3
  103.0  103.0  1   14.931   14.931  1   35.588   35.588  3
  105.0  105.0  1   14.858   14.858  1   35.576   35.576  3
  107.0  107.0  1   14.843   14.843  1   35.574   35.574  3
  109.1  109.1  1   14.828   14.828  1   35.572   35.572  3
  111.1  111.1  1   14.788   14.788  1   35.569   35.569  3
  113.1  113.1  1   14.759   14.759  1   35.564   35.564  3
  115.0  115.0  1   14.737   14.737  1   35.561   35.561  3
  117.0  117.0  1   14.731   14.731  1   35.561   35.561  3
  118.9  118.9  1   14.722   14.722  1   35.560   35.560  3
  121.0  121.0  1   14.701   14.701  1   35.557   35.557  3
  123.0  123.0  1   14.684   14.684  1   35.555   35.555  3
  125.0  125.0  1   14.677   14.677  1   35.553   35.553  3
  127.0  127.0  1   14.654   14.654  1   35.551   35.551  3
  129.0  129.0  1   14.600   14.600  1   35.548   35.548  3
  131.0  131.0  1   14.553   14.553  1   35.540   35.540  3
  132.9  132.9  1   14.542   14.542  1   35.538   35.538  3
  135.0  135.0  1   14.487   14.487  1   35.535   35.535  3
  136.9  136.9  1   14.432   14.432  1   35.527   35.527  3
  139.0  139.0  1   14.420   14.420  1   35.525   35.525  3
  141.0  141.0  1   14.405   14.405  1   35.522   35.522  3
  142.9  142.9  1   14.377   14.377  1   35.520   35.520  3
  144.9  144.9  1   14.314   14.314  1   35.513   35.513  3
  147.0  147.0  1   14.296   14.296  1   35.510   35.510  3
  149.0  149.0  1   14.283   14.283  1   35.508   35.508  3
  151.1  151.1  1   14.264   14.264  1   35.506   35.506  3
  153.1  153.1  1   14.223   14.223  1   35.503   35.503  3
  155.0  155.0  1   14.163   14.163  1   35.495   35.495  3
  157.1  157.1  1   14.139   14.139  1   35.491   35.491  3
  159.0  159.0  1   14.120   14.120  1   35.489   35.489  3
  160.9  160.9  1   14.077   14.077  1   35.485   35.485  3
  163.0  163.0  1   14.014   14.014  1   35.476   35.476  3
  165.1  165.1  1   14.001   14.001  1   35.474   35.474  3
  167.0  167.0  1   13.990   13.990  1   35.472   35.472  3
  169.0  169.0  1   13.982   13.982  1   35.471   35.471  3
  171.0  171.0  1   13.961   13.961  1   35.469   35.469  3
  173.0  173.0  1   13.947   13.947  1   35.465   35.465  3
  175.0  175.0  1   13.910   13.910  1   35.461   35.461  3
  177.1  177.1  1   13.808   13.808  1   35.452   35.452  3
  179.0  179.0  1   13.774   13.774  1   35.445   35.445  3
  181.0  181.0  1   13.733   13.733  1   35.442   35.442  3
  183.1  183.1  1   13.707   13.707  1   35.437   35.437  3
  185.1  185.1  1   13.703   13.703  1   35.437   35.437  3
  187.0  187.0  1   13.701   13.701  1   35.436   35.436  3
  189.0  189.0  1   13.696   13.696  1   35.435   35.435  3
  190.9  190.9  1   13.685   13.685  1   35.434   35.434  3
  192.8  192.8  1   13.671   13.671  1   35.433   35.433  3
  194.9  194.9  1   13.645   13.645  1   35.429   35.429  3
  196.9  196.9  1   13.635   13.635  1   35.428   35.428  3
  199.1  199.1  1   13.620   13.620  1   35.426   35.426  3
  201.1  201.1  1   13.596   13.596  1   35.423   35.423  3
  203.1  203.1  1   13.566   13.566  1   35.419   35.419  3
  204.9  204.9  1   13.532   13.532  1   35.414   35.414  3
  206.9  206.9  1   13.488   13.488  1   35.408   35.408  3
  208.9  208.9  1   13.395   13.395  1   35.398   35.398  3
  210.9  210.9  1   13.292   13.292  1   35.388   35.388  3
  213.0  213.0  1   13.199   13.199  1   35.375   35.375  3
  214.9  214.9  1   13.166   13.166  1   35.371   35.371  3
  217.0  217.0  1   13.157   13.157  1   35.369   35.369  3
  218.8  218.8  1   13.151   13.151  1   35.368   35.368  3
  220.9  220.9  1   13.147   13.147  1   35.367   35.367  3
  222.9  222.9  1   13.144   13.144  1   35.366   35.366  3
  224.9  224.9  1   13.138   13.138  1   35.366   35.366  3
  227.0  227.0  1   13.132   13.132  1   35.365   35.365  3
  229.1  229.1  1   13.121   13.121  1   35.364   35.364  3
  231.1  231.1  1   13.113   13.113  1   35.362   35.362  3
  232.9  232.9  1   13.101   13.101  1   35.361   35.361  3
  235.1  235.1  1   13.088   13.088  1   35.359   35.359  3
  236.9  236.9  1   13.057   13.057  1   35.357   35.357  3
  238.9  238.9  1   13.042   13.042  1   35.354   35.354  3
  241.0  241.0  1   13.030   13.030  1   35.353   35.353  3
  242.9  242.9  1   13.021   13.021  1   35.351   35.351  3
  245.1  245.1  1   12.985   12.985  1   35.348   35.348  3
  246.9  246.9  1   12.930   12.930  1   35.341   35.341  3
  249.0  249.0  1   12.880   12.880  1   35.334   35.334  3
  255.2  255.2  1   12.673   12.673  1   35.312   35.312  3
  265.3  265.3  1   12.455   12.455  1   35.287   35.287  3
  275.1  275.1  1   12.353   12.353  1   35.275   35.275  3
  284.9  284.9  1   12.159   12.159  1   35.254   35.254  3
  295.1  295.1  1   12.056   12.056  1   35.242   35.242  3
  304.8  304.8  1   11.867   11.867  1   35.222   35.222  3
  314.8  314.8  1   11.752   11.752  1   35.211   35.211  3
  325.3  325.3  1   11.601   11.601  1   35.195   35.195  3
  335.0  335.0  1   11.398   11.398  1   35.175   35.175  3
  344.9  344.9  1   11.264   11.264  1   35.167   35.167  3
  355.0  355.0  1   11.094   11.094  1   35.153   35.153  3
  365.1  365.1  1   10.925   10.925  1   35.134   35.134  3
  374.7  374.7  1   10.829   10.829  1   35.135   35.135  3
  385.1  385.1  1   10.665   10.665  1   35.134   35.134  3
  395.1  395.1  1   10.434   10.434  1   35.118   35.118  3
  405.2  405.2  1   10.362   10.362  1   35.123   35.123  3
  415.1  415.1  1   10.217   10.217  1   35.107   35.107  3
  425.0  425.0  1   10.083   10.083  1   35.086   35.086  3
  434.7  434.7  1    9.887    9.887  1   35.066   35.066  3
  445.1  445.1  1    9.558    9.558  1   35.025   35.025  3
  454.8  454.8  1    9.408    9.408  1   35.008   35.008  3
  464.9  464.9  1    9.335    9.335  1   35.000   35.000  3
  474.9  474.9  1    9.289    9.289  1   34.994   34.994  3
  484.9  484.9  1    9.200    9.200  1   34.985   34.985  3
  495.1  495.1  1    9.140    9.140  1   34.979   34.979  3
  505.1  505.1  1    9.038    9.038  1   34.967   34.967  3
  514.6  514.6  1    8.927    8.927  1   34.959   34.959  3
  524.9  524.9  1    8.734    8.734  1   34.946   34.946  3
  534.9  534.9  1    8.573    8.573  1   34.927   34.927  3
  545.3  545.3  1    8.369    8.369  1   34.912   34.912  3
  554.9  554.9  1    8.215    8.215  1   34.905   34.905  3
  565.0  565.0  1    8.147    8.147  1   34.900   34.900  3
  574.9  574.9  1    7.923    7.923  1   34.872   34.872  3
  584.7  584.7  1    7.731    7.731  1   34.848   34.848  3
  595.0  595.0  1    7.519    7.519  1   34.827   34.827  3
  605.1  605.1  1    7.381    7.381  1   34.810   34.810  3
  615.2  615.2  1    7.204    7.204  1   34.791   34.791  3
  624.8  624.8  1    6.957    6.957  1   34.768   34.768  3
  635.1  635.1  1    6.847    6.847  1   34.756   34.756  3
  645.2  645.2  1    6.767    6.767  1   34.749   34.749  3
  655.1  655.1  1    6.710    6.710  1   34.745   34.745  3
  665.2  665.2  1    6.626    6.626  1   34.739   34.739  3
  675.1  675.1  1    6.527    6.527  1   34.732   34.732  3
  685.3  685.3  1    6.385    6.385  1   34.724   34.724  3
  695.1  695.1  1    6.352    6.352  1   34.723   34.723  3
  704.9  704.9  1    6.325    6.325  1   34.723   34.723  3
  714.9  714.9  1    6.215    6.215  1   34.718   34.718  3
  725.1  725.1  1    6.134    6.134  1   34.712   34.712  3
  735.3  735.3  1    6.096    6.096  1   34.709   34.709  3
  745.1  745.1  1    6.064    6.064  1   34.706   34.706  3
  755.0  755.0  1    6.042    6.042  1   34.706   34.706  3
  764.8  764.8  1    5.994    5.994  1   34.706   34.706  3
  775.0  775.0  1    5.971    5.971  1   34.711   34.711  3
  785.0  785.0  1    5.949    5.949  1   34.710   34.710  3
  794.9  794.9  1    5.919    5.919  1   34.709   34.709  3
  804.9  804.9  1    5.868    5.868  1   34.708   34.708  3
  814.7  814.7  1    5.824    5.824  1   34.707   34.707  3
  824.6  824.6  1    5.775    5.775  1   34.707   34.707  3
  835.1  835.1  1    5.747    5.747  1   34.711   34.711  3
  845.1  845.1  1    5.713    5.713  1   34.713   34.713  3
  855.1  855.1  1    5.664    5.664  1   34.713   34.713  3
  864.9  864.9  1    5.616    5.616  1   34.711   34.711  3
  875.1  875.1  1    5.592    5.592  1   34.713   34.713  3
  885.2  885.2  1    5.567    5.567  1   34.711   34.711  3
  895.0  895.0  1    5.546    5.546  1   34.709   34.709  3
  905.1  905.1  1    5.522    5.522  1   34.717   34.717  3
  915.0  915.0  1    5.489    5.489  1   34.720   34.720  3
  925.0  925.0  1    5.457    5.457  1   34.719   34.719  3
  935.1  935.1  1    5.407    5.407  1   34.719   34.719  3
  945.0  945.0  1    5.399    5.399  1   34.722   34.722  3
  954.9  954.9  1    5.379    5.379  1   34.726   34.726  3
  964.7  964.7  1    5.339    5.339  1   34.728   34.728  3
  974.9  974.9  1    5.310    5.310  1   34.728   34.728  3
  985.1  985.1  1    5.282    5.282  1   34.736   34.736  3
  992.9  992.9  1    5.245    5.245  1   34.740   34.740  3
