*SoftWare Version 3.0  2018/12/27

*HEADER
     PLATFORM NUMBER       :4901704
     CYCLE NUMBER          :244
     DATE CREATION         :20191230230041
     DATE UPDATE           :20191230230041
     PROJECT NAME          :US ARGO PROJECT
     PI NAME               :BRECK OWENS, STEVEN JAYNE, P.E. ROBBINS
     INSTRUMENT TYPE       :S2A
     FLOAT SERIAL NO       :7064
     FIRMWARE VERSION      :SBE602 20Sep13 V1.5
     WMO INSTRUMENT TYPE   :854
     TRANSMISSION SYSTEM   :IRIDIUM
     POSITIONING SYSTEM    :GPS
     SAMPLE DIRECTION      :A(A=Ascend; D=Descend)
     DATA MODE             :R(R=Real Time; D=Delayed Mode; A=Real Time Adjusted)
     JULIAN DAY            :25565.8062 (days since 1950-01-01 00:00:00 UTC)
     DATE                  :2019-12-30
     QC FLAG FOR DATE      :1
*LOCATION
     LATITUDE              :53.001  
     LONGITUDE             :-29.069 
     QC FLAG FOR LOCATION  :1
*FILE
     COLUMN 1              :Pressure (dbar)                             F7.1
     COLUMN 2              :Corrected Pressure (dbar)                   F7.1
     COLUMN 3              :Quality on Pressure                         I3
     COLUMN 4              :Temperature (degree_Celsius)                F9.3
     COLUMN 5              :Corrected Temperature (degree_Celsius)      F9.3
     COLUMN 6              :Quality on Temperature                      I3
     COLUMN 7              :Salinity (PSU)                              F9.3
     COLUMN 8              :Corrected Salinity (PSU)                    F9.3
     COLUMN 9              :Quality on Salinity                         I3
==========================================================================
    1.2    1.2  1    7.618    7.618  1   34.648   34.648  1
    2.0    2.0  1    7.616    7.616  1   34.648   34.648  1
    3.0    3.0  1    7.617    7.617  1   34.648   34.648  1
    4.0    4.0  1    7.617    7.617  1   34.648   34.648  1
    5.0    5.0  1    7.619    7.619  1   34.648   34.648  1
    6.0    6.0  1    7.619    7.619  1   34.648   34.648  1
    7.0    7.0  1    7.616    7.616  1   34.648   34.648  1
    8.0    8.0  1    7.616    7.616  1   34.648   34.648  1
    9.0    9.0  1    7.616    7.616  1   34.648   34.648  1
   10.0   10.0  1    7.616    7.616  1   34.648   34.648  1
   12.0   12.0  1    7.617    7.617  1   34.648   34.648  1
   14.0   14.0  1    7.617    7.617  1   34.648   34.648  1
   16.0   16.0  1    7.618    7.618  1   34.648   34.648  1
   18.0   18.0  1    7.618    7.618  1   34.648   34.648  1
   20.0   20.0  1    7.617    7.617  1   34.648   34.648  1
   22.0   22.0  1    7.617    7.617  1   34.648   34.648  1
   24.0   24.0  1    7.617    7.617  1   34.648   34.648  1
   26.0   26.0  1    7.617    7.617  1   34.648   34.648  1
   28.0   28.0  1    7.617    7.617  1   34.648   34.648  1
   30.0   30.0  1    7.618    7.618  1   34.648   34.648  1
   31.9   31.9  1    7.618    7.618  1   34.648   34.648  1
   34.0   34.0  1    7.618    7.618  1   34.648   34.648  1
   36.0   36.0  1    7.618    7.618  1   34.648   34.648  1
   38.0   38.0  1    7.616    7.616  1   34.649   34.649  1
   40.0   40.0  1    7.617    7.617  1   34.649   34.649  1
   42.0   42.0  1    7.618    7.618  1   34.649   34.649  1
   44.0   44.0  1    7.618    7.618  1   34.649   34.649  1
   46.0   46.0  1    7.618    7.618  1   34.649   34.649  1
   48.0   48.0  1    7.618    7.618  1   34.649   34.649  1
   50.0   50.0  1    7.619    7.619  1   34.649   34.649  1
   52.0   52.0  1    7.619    7.619  1   34.649   34.649  1
   54.0   54.0  1    7.619    7.619  1   34.649   34.649  1
   56.0   56.0  1    7.618    7.618  1   34.649   34.649  1
   58.0   58.0  1    7.618    7.618  1   34.649   34.649  1
   60.0   60.0  1    7.610    7.610  1   34.655   34.655  1
   62.0   62.0  1    7.613    7.613  1   34.653   34.653  1
   64.0   64.0  1    7.605    7.605  1   34.657   34.657  1
   66.0   66.0  1    7.592    7.592  1   34.664   34.664  1
   68.0   68.0  1    7.582    7.582  1   34.668   34.668  1
   70.0   70.0  1    7.575    7.575  1   34.672   34.672  1
   72.0   72.0  1    7.572    7.572  1   34.673   34.673  1
   74.0   74.0  1    7.570    7.570  1   34.675   34.675  1
   76.0   76.0  1    7.569    7.569  1   34.675   34.675  1
   78.0   78.0  1    7.569    7.569  1   34.676   34.676  1
   80.0   80.0  1    7.569    7.569  1   34.676   34.676  1
   82.0   82.0  1    7.570    7.570  1   34.677   34.677  1
   84.0   84.0  1    7.570    7.570  1   34.678   34.678  1
   86.0   86.0  1    7.568    7.568  1   34.678   34.678  1
   88.0   88.0  1    7.568    7.568  1   34.678   34.678  1
   90.0   90.0  1    7.569    7.569  1   34.678   34.678  1
   92.0   92.0  1    7.568    7.568  1   34.678   34.678  1
   94.0   94.0  1    7.568    7.568  1   34.678   34.678  1
   96.0   96.0  1    7.566    7.566  1   34.678   34.678  1
   98.0   98.0  1    7.566    7.566  1   34.679   34.679  1
  100.0  100.0  1    7.566    7.566  1   34.679   34.679  1
  102.0  102.0  1    7.566    7.566  1   34.679   34.679  1
  104.0  104.0  1    7.568    7.568  1   34.679   34.679  1
  106.0  106.0  1    7.566    7.566  1   34.679   34.679  1
  108.0  108.0  1    7.570    7.570  1   34.680   34.680  1
  110.0  110.0  1    7.574    7.574  1   34.681   34.681  1
  112.0  112.0  1    7.572    7.572  1   34.682   34.682  1
  114.0  114.0  1    7.572    7.572  1   34.682   34.682  1
  116.0  116.0  1    7.570    7.570  1   34.682   34.682  1
  118.0  118.0  1    7.570    7.570  1   34.683   34.683  1
  120.0  120.0  1    7.572    7.572  1   34.684   34.684  1
  122.0  122.0  1    7.574    7.574  1   34.684   34.684  1
  124.0  124.0  1    7.576    7.576  1   34.686   34.686  1
  126.0  126.0  1    7.584    7.584  1   34.693   34.693  1
  128.0  128.0  1    7.588    7.588  1   34.699   34.699  1
  130.0  130.0  1    7.574    7.574  1   34.702   34.702  1
  132.0  132.0  1    7.530    7.530  1   34.713   34.713  1
  134.0  134.0  1    7.426    7.426  1   34.729   34.729  1
  136.0  136.0  1    7.286    7.286  1   34.742   34.742  1
  138.0  138.0  1    7.196    7.196  1   34.749   34.749  1
  140.0  140.0  1    7.068    7.068  1   34.757   34.757  1
  142.0  142.0  1    6.975    6.975  1   34.759   34.759  1
  144.0  144.0  1    6.918    6.918  1   34.761   34.761  1
  146.0  146.0  1    6.869    6.869  1   34.778   34.778  1
  148.0  148.0  1    6.837    6.837  1   34.786   34.786  1
  150.0  150.0  1    6.782    6.782  1   34.781   34.781  1
  152.0  152.0  1    6.687    6.687  1   34.781   34.781  1
  154.0  154.0  1    6.592    6.592  1   34.780   34.780  1
  156.0  156.0  1    6.528    6.528  1   34.779   34.779  1
  158.0  158.0  1    6.479    6.479  1   34.777   34.777  1
  160.0  160.0  1    6.399    6.399  1   34.776   34.776  1
  162.0  162.0  1    6.365    6.365  1   34.776   34.776  1
  164.0  164.0  1    6.358    6.358  1   34.775   34.775  1
  166.0  166.0  1    6.333    6.333  1   34.773   34.773  1
  168.0  168.0  1    6.289    6.289  1   34.771   34.771  1
  170.0  170.0  1    6.192    6.192  1   34.769   34.769  1
  172.0  172.0  1    6.132    6.132  1   34.768   34.768  1
  174.0  174.0  1    6.073    6.073  1   34.767   34.767  1
  176.0  176.0  1    6.042    6.042  1   34.769   34.769  1
  178.0  178.0  1    6.022    6.022  1   34.770   34.770  1
  180.0  180.0  1    6.011    6.011  1   34.771   34.771  1
  182.0  182.0  1    6.000    6.000  1   34.771   34.771  1
  184.0  184.0  1    5.989    5.989  1   34.771   34.771  1
  186.0  186.0  1    5.987    5.987  1   34.771   34.771  1
  188.0  188.0  1    5.980    5.980  1   34.771   34.771  1
  190.0  190.0  1    5.966    5.966  1   34.771   34.771  1
  192.0  192.0  1    5.947    5.947  1   34.771   34.771  1
  194.0  194.0  1    5.934    5.934  1   34.772   34.772  1
  196.0  196.0  1    5.932    5.932  1   34.771   34.771  1
  198.0  198.0  1    5.899    5.899  1   34.772   34.772  1
  200.0  200.0  1    5.872    5.872  1   34.772   34.772  1
  202.0  202.0  1    5.840    5.840  1   34.773   34.773  1
  204.0  204.0  1    5.804    5.804  1   34.776   34.776  1
  206.0  206.0  1    5.784    5.784  1   34.777   34.777  1
  208.0  208.0  1    5.768    5.768  1   34.779   34.779  1
  210.0  210.0  1    5.759    5.759  1   34.781   34.781  1
  212.0  212.0  1    5.754    5.754  1   34.786   34.786  1
  214.0  214.0  1    5.750    5.750  1   34.789   34.789  1
  216.0  216.0  1    5.742    5.742  1   34.791   34.791  1
  218.0  218.0  1    5.734    5.734  1   34.791   34.791  1
  220.0  220.0  1    5.727    5.727  1   34.792   34.792  1
  222.0  222.0  1    5.721    5.721  1   34.793   34.793  1
  224.0  224.0  1    5.709    5.709  1   34.794   34.794  1
  226.0  226.0  1    5.692    5.692  1   34.794   34.794  1
  228.0  228.0  1    5.690    5.690  1   34.797   34.797  1
  230.0  230.0  1    5.689    5.689  1   34.800   34.800  1
  232.0  232.0  1    5.682    5.682  1   34.801   34.801  1
  234.0  234.0  1    5.661    5.661  1   34.804   34.804  1
  236.0  236.0  1    5.649    5.649  1   34.807   34.807  1
  238.0  238.0  1    5.618    5.618  1   34.808   34.808  1
  240.0  240.0  1    5.585    5.585  1   34.808   34.808  1
  242.0  242.0  1    5.586    5.586  1   34.813   34.813  1
  244.0  244.0  1    5.585    5.585  1   34.817   34.817  1
  246.0  246.0  1    5.584    5.584  1   34.817   34.817  1
  248.0  248.0  1    5.603    5.603  1   34.825   34.825  1
  250.0  250.0  1    5.599    5.599  1   34.835   34.835  1
  252.0  252.0  1    5.586    5.586  1   34.836   34.836  1
  254.0  254.0  1    5.555    5.555  1   34.835   34.835  1
  256.0  256.0  1    5.515    5.515  1   34.833   34.833  1
  258.0  258.0  1    5.390    5.390  1   34.824   34.824  1
  260.0  260.0  1    5.353    5.353  1   34.824   34.824  1
  262.0  262.0  1    5.350    5.350  1   34.825   34.825  1
  264.0  264.0  1    5.327    5.327  1   34.826   34.826  1
  266.0  266.0  1    5.298    5.298  1   34.828   34.828  1
  268.0  268.0  1    5.293    5.293  1   34.834   34.834  1
  270.0  270.0  1    5.278    5.278  1   34.839   34.839  1
  272.0  272.0  1    5.261    5.261  1   34.839   34.839  1
  274.0  274.0  1    5.239    5.239  1   34.838   34.838  1
  276.0  276.0  1    5.224    5.224  1   34.843   34.843  1
  278.0  278.0  1    5.235    5.235  1   34.847   34.847  1
  280.0  280.0  1    5.235    5.235  1   34.848   34.848  1
  282.0  282.0  1    5.235    5.235  1   34.849   34.849  1
  284.0  284.0  1    5.199    5.199  1   34.850   34.850  1
  286.0  286.0  1    5.146    5.146  1   34.846   34.846  1
  288.0  288.0  1    5.142    5.142  1   34.845   34.845  1
  290.0  290.0  1    5.091    5.091  1   34.842   34.842  1
  292.0  292.0  1    5.038    5.038  1   34.840   34.840  1
  294.0  294.0  1    5.019    5.019  1   34.841   34.841  1
  296.0  296.0  1    5.042    5.042  1   34.847   34.847  1
  298.0  298.0  1    5.026    5.026  1   34.848   34.848  1
  300.0  300.0  1    5.017    5.017  1   34.847   34.847  1
  302.0  302.0  1    4.997    4.997  1   34.846   34.846  1
  304.1  304.1  1    4.985    4.985  1   34.849   34.849  1
  306.0  306.0  1    4.987    4.987  1   34.851   34.851  1
  308.0  308.0  1    4.984    4.984  1   34.853   34.853  1
  310.0  310.0  1    4.979    4.979  1   34.854   34.854  1
  312.0  312.0  1    4.975    4.975  1   34.855   34.855  1
  314.0  314.0  1    4.971    4.971  1   34.856   34.856  1
  316.0  316.0  1    4.953    4.953  1   34.857   34.857  1
  318.0  318.0  1    4.918    4.918  1   34.860   34.860  1
  320.0  320.0  1    4.905    4.905  1   34.865   34.865  1
  322.0  322.0  1    4.902    4.902  1   34.865   34.865  1
  324.0  324.0  1    4.898    4.898  1   34.865   34.865  1
  326.0  326.0  1    4.884    4.884  1   34.866   34.866  1
  328.0  328.0  1    4.875    4.875  1   34.867   34.867  1
  330.0  330.0  1    4.872    4.872  1   34.868   34.868  1
  332.0  332.0  1    4.871    4.871  1   34.869   34.869  1
  334.0  334.0  1    4.870    4.870  1   34.870   34.870  1
  336.0  336.0  1    4.869    4.869  1   34.873   34.873  1
  338.0  338.0  1    4.859    4.859  1   34.875   34.875  1
  340.0  340.0  1    4.854    4.854  1   34.878   34.878  1
  342.0  342.0  1    4.852    4.852  1   34.879   34.879  1
  344.0  344.0  1    4.853    4.853  1   34.879   34.879  1
  346.0  346.0  1    4.853    4.853  1   34.879   34.879  1
  348.0  348.0  1    4.848    4.848  1   34.880   34.880  1
  350.0  350.0  1    4.826    4.826  1   34.881   34.881  1
  352.0  352.0  1    4.820    4.820  1   34.881   34.881  1
  354.0  354.0  1    4.813    4.813  1   34.882   34.882  1
  356.0  356.0  1    4.807    4.807  1   34.882   34.882  1
  358.0  358.0  1    4.804    4.804  1   34.882   34.882  1
  360.0  360.0  1    4.803    4.803  1   34.883   34.883  1
  362.0  362.0  1    4.802    4.802  1   34.883   34.883  1
  364.0  364.0  1    4.800    4.800  1   34.883   34.883  1
  366.0  366.0  1    4.798    4.798  1   34.883   34.883  1
  368.0  368.0  1    4.796    4.796  1   34.884   34.884  1
  370.0  370.0  1    4.795    4.795  1   34.884   34.884  1
  372.0  372.0  1    4.790    4.790  1   34.886   34.886  1
  374.0  374.0  1    4.788    4.788  1   34.887   34.887  1
  376.0  376.0  1    4.786    4.786  1   34.888   34.888  1
  378.0  378.0  1    4.786    4.786  1   34.890   34.890  1
  380.0  380.0  1    4.782    4.782  1   34.893   34.893  1
  382.0  382.0  1    4.769    4.769  1   34.894   34.894  1
  384.0  384.0  1    4.756    4.756  1   34.894   34.894  1
  386.0  386.0  1    4.752    4.752  1   34.895   34.895  1
  388.0  388.0  1    4.759    4.759  1   34.897   34.897  1
  390.0  390.0  1    4.753    4.753  1   34.897   34.897  1
  392.0  392.0  1    4.732    4.732  1   34.899   34.899  1
  394.0  394.0  1    4.721    4.721  1   34.900   34.900  1
  396.0  396.0  1    4.717    4.717  1   34.900   34.900  1
  398.0  398.0  1    4.712    4.712  1   34.900   34.900  1
  400.0  400.0  1    4.705    4.705  1   34.901   34.901  1
  402.0  402.0  1    4.699    4.699  1   34.901   34.901  1
  404.0  404.0  1    4.695    4.695  1   34.902   34.902  1
  406.0  406.0  1    4.689    4.689  1   34.902   34.902  1
  408.0  408.0  1    4.681    4.681  1   34.903   34.903  1
  410.0  410.0  1    4.660    4.660  1   34.903   34.903  1
  412.0  412.0  1    4.641    4.641  1   34.903   34.903  1
  414.0  414.0  1    4.644    4.644  1   34.904   34.904  1
  416.0  416.0  1    4.649    4.649  1   34.906   34.906  1
  418.0  418.0  1    4.644    4.644  1   34.907   34.907  1
  420.0  420.0  1    4.640    4.640  1   34.906   34.906  1
  422.0  422.0  1    4.626    4.626  1   34.907   34.907  1
  424.0  424.0  1    4.620    4.620  1   34.909   34.909  1
  426.0  426.0  1    4.602    4.602  1   34.910   34.910  1
  428.0  428.0  1    4.593    4.593  1   34.911   34.911  1
  430.0  430.0  1    4.590    4.590  1   34.911   34.911  1
  432.0  432.0  1    4.586    4.586  1   34.911   34.911  1
  434.0  434.0  1    4.580    4.580  1   34.911   34.911  1
  436.0  436.0  1    4.575    4.575  1   34.912   34.912  1
  438.0  438.0  1    4.570    4.570  1   34.913   34.913  1
  440.0  440.0  1    4.567    4.567  1   34.914   34.914  1
  442.0  442.0  1    4.564    4.564  1   34.913   34.913  1
  444.0  444.0  1    4.556    4.556  1   34.913   34.913  1
  446.0  446.0  1    4.538    4.538  1   34.914   34.914  1
  448.0  448.0  1    4.535    4.535  1   34.914   34.914  1
  450.0  450.0  1    4.536    4.536  1   34.914   34.914  1
  452.0  452.0  1    4.514    4.514  1   34.915   34.915  1
  454.0  454.0  1    4.509    4.509  1   34.915   34.915  1
  456.0  456.0  1    4.509    4.509  1   34.915   34.915  1
  458.0  458.0  1    4.509    4.509  1   34.915   34.915  1
  460.0  460.0  1    4.508    4.508  1   34.915   34.915  1
  462.0  462.0  1    4.504    4.504  1   34.915   34.915  1
  464.0  464.0  1    4.495    4.495  1   34.917   34.917  1
  465.9  465.9  1    4.487    4.487  1   34.918   34.918  1
  468.0  468.0  1    4.482    4.482  1   34.918   34.918  1
  470.0  470.0  1    4.475    4.475  1   34.918   34.918  1
  472.0  472.0  1    4.473    4.473  1   34.918   34.918  1
  474.0  474.0  1    4.472    4.472  1   34.917   34.917  1
  476.0  476.0  1    4.469    4.469  1   34.917   34.917  1
  478.0  478.0  1    4.465    4.465  1   34.917   34.917  1
  480.0  480.0  1    4.454    4.454  1   34.917   34.917  1
  482.0  482.0  1    4.439    4.439  1   34.917   34.917  1
  484.0  484.0  1    4.434    4.434  1   34.918   34.918  1
  486.0  486.0  1    4.432    4.432  1   34.918   34.918  1
  488.0  488.0  1    4.432    4.432  1   34.918   34.918  1
  490.0  490.0  1    4.429    4.429  1   34.918   34.918  1
  492.0  492.0  1    4.425    4.425  1   34.918   34.918  1
  494.0  494.0  1    4.424    4.424  1   34.917   34.917  1
  496.0  496.0  1    4.418    4.418  1   34.917   34.917  1
  498.0  498.0  1    4.409    4.409  1   34.917   34.917  1
  500.0  500.0  1    4.403    4.403  1   34.917   34.917  1
  502.0  502.0  1    4.400    4.400  1   34.917   34.917  1
  504.0  504.0  1    4.393    4.393  1   34.918   34.918  1
  506.0  506.0  1    4.389    4.389  1   34.919   34.919  1
  508.0  508.0  1    4.387    4.387  1   34.919   34.919  1
  510.0  510.0  1    4.384    4.384  1   34.919   34.919  1
  512.0  512.0  1    4.382    4.382  1   34.919   34.919  1
  514.0  514.0  1    4.375    4.375  1   34.919   34.919  1
  516.0  516.0  1    4.371    4.371  1   34.918   34.918  1
  518.0  518.0  1    4.367    4.367  1   34.919   34.919  1
  520.0  520.0  1    4.363    4.363  1   34.919   34.919  1
  522.0  522.0  1    4.363    4.363  1   34.919   34.919  1
  524.0  524.0  1    4.360    4.360  1   34.919   34.919  1
  526.0  526.0  1    4.357    4.357  1   34.919   34.919  1
  528.0  528.0  1    4.356    4.356  1   34.919   34.919  1
  530.0  530.0  1    4.354    4.354  1   34.919   34.919  1
  532.0  532.0  1    4.351    4.351  1   34.919   34.919  1
  534.0  534.0  1    4.350    4.350  1   34.919   34.919  1
  536.0  536.0  1    4.347    4.347  1   34.919   34.919  1
  538.0  538.0  1    4.340    4.340  1   34.920   34.920  1
  540.0  540.0  1    4.340    4.340  1   34.920   34.920  1
  542.0  542.0  1    4.339    4.339  1   34.920   34.920  1
  544.0  544.0  1    4.338    4.338  1   34.920   34.920  1
  546.0  546.0  1    4.337    4.337  1   34.920   34.920  1
  548.0  548.0  1    4.331    4.331  1   34.920   34.920  1
  550.0  550.0  1    4.326    4.326  1   34.920   34.920  1
  552.0  552.0  1    4.324    4.324  1   34.920   34.920  1
  554.0  554.0  1    4.322    4.322  1   34.919   34.919  1
  556.0  556.0  1    4.318    4.318  1   34.919   34.919  1
  558.0  558.0  1    4.314    4.314  1   34.919   34.919  1
  560.0  560.0  1    4.305    4.305  1   34.919   34.919  1
  562.0  562.0  1    4.303    4.303  1   34.920   34.920  1
  564.0  564.0  1    4.301    4.301  1   34.920   34.920  1
  566.0  566.0  1    4.299    4.299  1   34.920   34.920  1
  568.0  568.0  1    4.297    4.297  1   34.919   34.919  1
  570.0  570.0  1    4.288    4.288  1   34.919   34.919  1
  572.0  572.0  1    4.283    4.283  1   34.919   34.919  1
  574.0  574.0  1    4.283    4.283  1   34.919   34.919  1
  576.0  576.0  1    4.273    4.273  1   34.919   34.919  1
  578.0  578.0  1    4.265    4.265  1   34.919   34.919  1
  580.0  580.0  1    4.262    4.262  1   34.919   34.919  1
  582.0  582.0  1    4.255    4.255  1   34.919   34.919  1
  584.0  584.0  1    4.251    4.251  1   34.919   34.919  1
  586.0  586.0  1    4.249    4.249  1   34.919   34.919  1
  588.0  588.0  1    4.245    4.245  1   34.918   34.918  1
  590.0  590.0  1    4.241    4.241  1   34.918   34.918  1
  592.0  592.0  1    4.234    4.234  1   34.919   34.919  1
  594.0  594.0  1    4.232    4.232  1   34.918   34.918  1
  596.0  596.0  1    4.227    4.227  1   34.918   34.918  1
  598.0  598.0  1    4.223    4.223  1   34.918   34.918  1
  600.0  600.0  1    4.217    4.217  1   34.918   34.918  1
  602.0  602.0  1    4.210    4.210  1   34.918   34.918  1
  604.0  604.0  1    4.204    4.204  1   34.918   34.918  1
  606.0  606.0  1    4.196    4.196  1   34.917   34.917  1
  608.0  608.0  1    4.193    4.193  1   34.917   34.917  1
  610.0  610.0  1    4.186    4.186  1   34.917   34.917  1
  612.0  612.0  1    4.183    4.183  1   34.917   34.917  1
  614.0  614.0  1    4.182    4.182  1   34.917   34.917  1
  616.0  616.0  1    4.180    4.180  1   34.917   34.917  1
  618.0  618.0  1    4.175    4.175  1   34.917   34.917  1
  620.0  620.0  1    4.173    4.173  1   34.917   34.917  1
  622.0  622.0  1    4.171    4.171  1   34.917   34.917  1
  624.0  624.0  1    4.167    4.167  1   34.917   34.917  1
  626.0  626.0  1    4.161    4.161  1   34.917   34.917  1
  628.0  628.0  1    4.159    4.159  1   34.917   34.917  1
  630.0  630.0  1    4.158    4.158  1   34.916   34.916  1
  632.0  632.0  1    4.156    4.156  1   34.917   34.917  1
  634.0  634.0  1    4.155    4.155  1   34.916   34.916  1
  636.0  636.0  1    4.153    4.153  1   34.916   34.916  1
  638.0  638.0  1    4.147    4.147  1   34.916   34.916  1
  640.0  640.0  1    4.126    4.126  1   34.914   34.914  1
  642.0  642.0  1    4.120    4.120  1   34.914   34.914  1
  644.0  644.0  1    4.124    4.124  1   34.915   34.915  1
  646.0  646.0  1    4.127    4.127  1   34.916   34.916  1
  648.0  648.0  1    4.125    4.125  1   34.916   34.916  1
  650.0  650.0  1    4.122    4.122  1   34.916   34.916  1
  652.0  652.0  1    4.118    4.118  1   34.916   34.916  1
  654.0  654.0  1    4.114    4.114  1   34.916   34.916  1
  656.0  656.0  1    4.106    4.106  1   34.915   34.915  1
  658.0  658.0  1    4.105    4.105  1   34.915   34.915  1
  660.0  660.0  1    4.101    4.101  1   34.914   34.914  1
  662.0  662.0  1    4.089    4.089  1   34.913   34.913  1
  664.0  664.0  1    4.085    4.085  1   34.913   34.913  1
  666.0  666.0  1    4.079    4.079  1   34.913   34.913  1
  668.0  668.0  1    4.070    4.070  1   34.912   34.912  1
  670.0  670.0  1    4.065    4.065  1   34.912   34.912  1
  672.0  672.0  1    4.063    4.063  1   34.912   34.912  1
  674.0  674.0  1    4.060    4.060  1   34.912   34.912  1
  676.0  676.0  1    4.056    4.056  1   34.911   34.911  1
  678.0  678.0  1    4.052    4.052  1   34.911   34.911  1
  680.0  680.0  1    4.050    4.050  1   34.911   34.911  1
  682.0  682.0  1    4.045    4.045  1   34.911   34.911  1
  684.0  684.0  1    4.042    4.042  1   34.911   34.911  1
  686.0  686.0  1    4.041    4.041  1   34.911   34.911  1
  688.0  688.0  1    4.036    4.036  1   34.911   34.911  1
  690.0  690.0  1    4.036    4.036  1   34.911   34.911  1
  692.0  692.0  1    4.029    4.029  1   34.911   34.911  1
  694.0  694.0  1    4.028    4.028  1   34.911   34.911  1
  696.0  696.0  1    4.028    4.028  1   34.911   34.911  1
  698.0  698.0  1    4.027    4.027  1   34.911   34.911  1
  700.0  700.0  1    4.023    4.023  1   34.911   34.911  1
  702.0  702.0  1    4.017    4.017  1   34.911   34.911  1
  704.0  704.0  1    4.014    4.014  1   34.910   34.910  1
  706.0  706.0  1    4.012    4.012  1   34.910   34.910  1
  708.0  708.0  1    4.008    4.008  1   34.910   34.910  1
  710.0  710.0  1    3.998    3.998  1   34.909   34.909  1
  712.0  712.0  1    3.994    3.994  1   34.910   34.910  1
  714.0  714.0  1    3.992    3.992  1   34.910   34.910  1
  716.0  716.0  1    3.984    3.984  1   34.909   34.909  1
  718.0  718.0  1    3.980    3.980  1   34.909   34.909  1
  720.0  720.0  1    3.982    3.982  1   34.910   34.910  1
  722.0  722.0  1    3.985    3.985  1   34.910   34.910  1
  724.0  724.0  1    3.985    3.985  1   34.911   34.911  1
  726.0  726.0  1    3.978    3.978  1   34.910   34.910  1
  728.0  728.0  1    3.973    3.973  1   34.910   34.910  1
  730.0  730.0  1    3.970    3.970  1   34.910   34.910  1
  732.0  732.0  1    3.969    3.969  1   34.909   34.909  1
  734.0  734.0  1    3.966    3.966  1   34.909   34.909  1
  736.0  736.0  1    3.963    3.963  1   34.909   34.909  1
  738.0  738.0  1    3.961    3.961  1   34.909   34.909  1
  740.0  740.0  1    3.958    3.958  1   34.909   34.909  1
  742.0  742.0  1    3.954    3.954  1   34.909   34.909  1
  744.0  744.0  1    3.950    3.950  1   34.909   34.909  1
  746.0  746.0  1    3.948    3.948  1   34.909   34.909  1
  748.0  748.0  1    3.947    3.947  1   34.909   34.909  1
  750.0  750.0  1    3.948    3.948  1   34.909   34.909  1
  752.0  752.0  1    3.948    3.948  1   34.909   34.909  1
  754.0  754.0  1    3.945    3.945  1   34.909   34.909  1
  756.0  756.0  1    3.940    3.940  1   34.909   34.909  1
  758.0  758.0  1    3.940    3.940  1   34.909   34.909  1
  760.0  760.0  1    3.938    3.938  1   34.909   34.909  1
  762.0  762.0  1    3.936    3.936  1   34.909   34.909  1
  764.0  764.0  1    3.934    3.934  1   34.909   34.909  1
  766.0  766.0  1    3.933    3.933  1   34.909   34.909  1
  768.0  768.0  1    3.928    3.928  1   34.909   34.909  1
  770.0  770.0  1    3.926    3.926  1   34.909   34.909  1
  772.0  772.0  1    3.922    3.922  1   34.909   34.909  1
  774.0  774.0  1    3.920    3.920  1   34.909   34.909  1
  776.0  776.0  1    3.919    3.919  1   34.908   34.908  1
  778.0  778.0  1    3.915    3.915  1   34.908   34.908  1
  780.0  780.0  1    3.909    3.909  1   34.908   34.908  1
  782.0  782.0  1    3.909    3.909  1   34.908   34.908  1
  784.0  784.0  1    3.907    3.907  1   34.908   34.908  1
  786.0  786.0  1    3.904    3.904  1   34.908   34.908  1
  788.0  788.0  1    3.901    3.901  1   34.908   34.908  1
  790.0  790.0  1    3.897    3.897  1   34.908   34.908  1
  792.0  792.0  1    3.896    3.896  1   34.908   34.908  1
  793.9  793.9  1    3.893    3.893  1   34.908   34.908  1
  796.0  796.0  1    3.892    3.892  1   34.908   34.908  1
  798.0  798.0  1    3.891    3.891  1   34.907   34.907  1
  800.0  800.0  1    3.887    3.887  1   34.907   34.907  1
  802.0  802.0  1    3.881    3.881  1   34.907   34.907  1
  804.0  804.0  1    3.881    3.881  1   34.907   34.907  1
  806.0  806.0  1    3.880    3.880  1   34.907   34.907  1
  808.0  808.0  1    3.880    3.880  1   34.907   34.907  1
  810.0  810.0  1    3.880    3.880  1   34.907   34.907  1
  812.0  812.0  1    3.879    3.879  1   34.907   34.907  1
  814.0  814.0  1    3.877    3.877  1   34.907   34.907  1
  816.0  816.0  1    3.874    3.874  1   34.907   34.907  1
  818.0  818.0  1    3.871    3.871  1   34.907   34.907  1
  820.0  820.0  1    3.870    3.870  1   34.907   34.907  1
  822.0  822.0  1    3.862    3.862  1   34.907   34.907  1
  824.0  824.0  1    3.855    3.855  1   34.906   34.906  1
  826.0  826.0  1    3.853    3.853  1   34.906   34.906  1
  828.0  828.0  1    3.852    3.852  1   34.906   34.906  1
  830.0  830.0  1    3.851    3.851  1   34.906   34.906  1
  832.0  832.0  1    3.849    3.849  1   34.906   34.906  1
  834.0  834.0  1    3.848    3.848  1   34.906   34.906  1
  836.0  836.0  1    3.847    3.847  1   34.906   34.906  1
  838.0  838.0  1    3.845    3.845  1   34.906   34.906  1
  840.0  840.0  1    3.839    3.839  1   34.905   34.905  1
  842.0  842.0  1    3.836    3.836  1   34.905   34.905  1
  844.0  844.0  1    3.835    3.835  1   34.905   34.905  1
  846.0  846.0  1    3.834    3.834  1   34.905   34.905  1
  848.0  848.0  1    3.832    3.832  1   34.905   34.905  1
  850.0  850.0  1    3.830    3.830  1   34.905   34.905  1
  852.0  852.0  1    3.829    3.829  1   34.905   34.905  1
  854.0  854.0  1    3.828    3.828  1   34.905   34.905  1
  856.0  856.0  1    3.831    3.831  1   34.906   34.906  1
  858.0  858.0  1    3.831    3.831  1   34.907   34.907  1
  860.0  860.0  1    3.834    3.834  1   34.907   34.907  1
  862.0  862.0  1    3.833    3.833  1   34.907   34.907  1
  864.0  864.0  1    3.833    3.833  1   34.907   34.907  1
  866.0  866.0  1    3.833    3.833  1   34.907   34.907  1
  868.0  868.0  1    3.834    3.834  1   34.907   34.907  1
  870.0  870.0  1    3.833    3.833  1   34.907   34.907  1
  872.0  872.0  1    3.831    3.831  1   34.907   34.907  1
  874.0  874.0  1    3.830    3.830  1   34.907   34.907  1
  876.0  876.0  1    3.831    3.831  1   34.908   34.908  1
  878.0  878.0  1    3.837    3.837  1   34.909   34.909  1
  880.0  880.0  1    3.843    3.843  1   34.910   34.910  1
  882.0  882.0  1    3.844    3.844  1   34.910   34.910  1
  884.0  884.0  1    3.844    3.844  1   34.910   34.910  1
  886.0  886.0  1    3.841    3.841  1   34.910   34.910  1
  888.0  888.0  1    3.838    3.838  1   34.910   34.910  1
  890.0  890.0  1    3.838    3.838  1   34.910   34.910  1
  892.0  892.0  1    3.838    3.838  1   34.910   34.910  1
  894.0  894.0  1    3.834    3.834  1   34.909   34.909  1
  896.0  896.0  1    3.833    3.833  1   34.909   34.909  1
  898.0  898.0  1    3.829    3.829  1   34.909   34.909  1
  900.0  900.0  1    3.822    3.822  1   34.908   34.908  1
  902.0  902.0  1    3.818    3.818  1   34.908   34.908  1
  904.0  904.0  1    3.818    3.818  1   34.908   34.908  1
  906.0  906.0  1    3.815    3.815  1   34.908   34.908  1
  908.0  908.0  1    3.814    3.814  1   34.908   34.908  1
  910.0  910.0  1    3.813    3.813  1   34.908   34.908  1
  912.0  912.0  1    3.808    3.808  1   34.907   34.907  1
  914.0  914.0  1    3.808    3.808  1   34.907   34.907  1
  916.0  916.0  1    3.803    3.803  1   34.907   34.907  1
  918.0  918.0  1    3.795    3.795  1   34.906   34.906  1
  920.0  920.0  1    3.793    3.793  1   34.906   34.906  1
  922.0  922.0  1    3.791    3.791  1   34.906   34.906  1
  924.0  924.0  1    3.787    3.787  1   34.906   34.906  1
  926.0  926.0  1    3.786    3.786  1   34.905   34.905  1
  928.0  928.0  1    3.785    3.785  1   34.906   34.906  1
  930.0  930.0  1    3.786    3.786  1   34.906   34.906  1
  932.0  932.0  1    3.786    3.786  1   34.906   34.906  1
  934.0  934.0  1    3.787    3.787  1   34.906   34.906  1
  936.0  936.0  1    3.786    3.786  1   34.906   34.906  1
  938.0  938.0  1    3.783    3.783  1   34.906   34.906  1
  940.0  940.0  1    3.779    3.779  1   34.906   34.906  1
  942.0  942.0  1    3.778    3.778  1   34.906   34.906  1
  944.0  944.0  1    3.777    3.777  1   34.906   34.906  1
  946.0  946.0  1    3.777    3.777  1   34.906   34.906  1
  948.0  948.0  1    3.774    3.774  1   34.905   34.905  1
  950.0  950.0  1    3.769    3.769  1   34.905   34.905  1
  952.0  952.0  1    3.765    3.765  1   34.905   34.905  1
  954.0  954.0  1    3.762    3.762  1   34.904   34.904  1
  956.0  956.0  1    3.760    3.760  1   34.904   34.904  1
  958.0  958.0  1    3.757    3.757  1   34.904   34.904  1
  960.0  960.0  1    3.755    3.755  1   34.904   34.904  1
  962.0  962.0  1    3.755    3.755  1   34.904   34.904  1
  964.0  964.0  1    3.754    3.754  1   34.904   34.904  1
  966.0  966.0  1    3.753    3.753  1   34.904   34.904  1
  968.0  968.0  1    3.752    3.752  1   34.904   34.904  1
  970.0  970.0  1    3.749    3.749  1   34.903   34.903  1
  972.0  972.0  1    3.748    3.748  1   34.903   34.903  1
  974.0  974.0  1    3.743    3.743  1   34.903   34.903  1
  976.0  976.0  1    3.741    3.741  1   34.903   34.903  1
  978.0  978.0  1    3.736    3.736  1   34.902   34.902  1
  980.0  980.0  1    3.732    3.732  1   34.902   34.902  1
  982.0  982.0  1    3.729    3.729  1   34.902   34.902  1
  984.0  984.0  1    3.725    3.725  1   34.902   34.902  1
  986.0  986.0  1    3.723    3.723  1   34.902   34.902  1
  988.0  988.0  1    3.722    3.722  1   34.902   34.902  1
  990.0  990.0  1    3.721    3.721  1   34.902   34.902  1
  992.0  992.0  1    3.721    3.721  1   34.902   34.902  1
  994.0  994.0  1    3.720    3.720  1   34.902   34.902  1
  996.0  996.0  1    3.720    3.720  1   34.902   34.902  1
  998.0  998.0  1    3.720    3.720  1   34.902   34.902  1
  999.5  999.5  1    3.720    3.720  1   34.902   34.902  1
