*SoftWare Version 3.0  2018/12/27

*HEADER
     PLATFORM NUMBER       :4901700
     CYCLE NUMBER          :204
     DATE CREATION         :20191231030040
     DATE UPDATE           :20191231030040
     PROJECT NAME          :US ARGO PROJECT
     PI NAME               :BRECK OWENS, STEVEN JAYNE, P.E. ROBBINS
     INSTRUMENT TYPE       :S2A
     FLOAT SERIAL NO       :7241
     FIRMWARE VERSION      :SBE602 20Sep13
     WMO INSTRUMENT TYPE   :854
     TRANSMISSION SYSTEM   :IRIDIUM
     POSITIONING SYSTEM    :GPS
     SAMPLE DIRECTION      :A(A=Ascend; D=Descend)
     DATA MODE             :R(R=Real Time; D=Delayed Mode; A=Real Time Adjusted)
     JULIAN DAY            :25556.1636 (days since 1950-01-01 00:00:00 UTC)
     DATE                  :2019-12-21
     QC FLAG FOR DATE      :1
*LOCATION
     LATITUDE              :26.002  
     LONGITUDE             :-62.532 
     QC FLAG FOR LOCATION  :1
*FILE
     COLUMN 1              :Pressure (dbar)                             F7.1
     COLUMN 2              :Corrected Pressure (dbar)                   F7.1
     COLUMN 3              :Quality on Pressure                         I3
     COLUMN 4              :Temperature (degree_Celsius)                F9.3
     COLUMN 5              :Corrected Temperature (degree_Celsius)      F9.3
     COLUMN 6              :Quality on Temperature                      I3
     COLUMN 7              :Salinity (PSU)                              F9.3
     COLUMN 8              :Corrected Salinity (PSU)                    F9.3
     COLUMN 9              :Quality on Salinity                         I3
==========================================================================
    1.2    1.2  1   25.360   25.360  1   37.097   37.097  1
    2.0    2.0  1   25.363   25.363  1   37.096   37.096  1
    3.0    3.0  1   25.364   25.364  1   37.096   37.096  1
    4.0    4.0  1   25.365   25.365  1   37.096   37.096  1
    5.0    5.0  1   25.364   25.364  1   37.096   37.096  1
    6.0    6.0  1   25.365   25.365  1   37.096   37.096  1
    7.1    7.1  1   25.363   25.363  1   37.096   37.096  1
    8.0    8.0  1   25.364   25.364  1   37.096   37.096  1
    9.0    9.0  1   25.371   25.371  1   37.096   37.096  1
   10.0   10.0  1   25.371   25.371  1   37.096   37.096  1
   12.0   12.0  1   25.373   25.373  1   37.096   37.096  1
   14.0   14.0  1   25.373   25.373  1   37.096   37.096  1
   15.9   15.9  1   25.375   25.375  1   37.096   37.096  1
   18.0   18.0  1   25.376   25.376  1   37.095   37.095  1
   20.0   20.0  1   25.376   25.376  1   37.095   37.095  1
   22.0   22.0  1   25.376   25.376  1   37.095   37.095  1
   24.0   24.0  1   25.377   25.377  1   37.096   37.096  1
   26.0   26.0  1   25.379   25.379  1   37.095   37.095  1
   28.0   28.0  1   25.380   25.380  1   37.095   37.095  1
   30.0   30.0  1   25.379   25.379  1   37.095   37.095  1
   32.0   32.0  1   25.373   25.373  1   37.094   37.094  1
   34.0   34.0  1   25.371   25.371  1   37.094   37.094  1
   35.9   35.9  1   25.363   25.363  1   37.093   37.093  1
   38.0   38.0  1   25.368   25.368  1   37.093   37.093  1
   40.0   40.0  1   25.350   25.350  1   37.091   37.091  1
   42.0   42.0  1   25.317   25.317  1   37.087   37.087  1
   44.0   44.0  1   25.315   25.315  1   37.086   37.086  1
   46.0   46.0  1   25.249   25.249  1   37.078   37.078  1
   48.0   48.0  1   25.227   25.227  1   37.074   37.074  1
   50.0   50.0  1   25.223   25.223  1   37.073   37.073  1
   52.0   52.0  1   25.217   25.217  1   37.070   37.070  1
   54.0   54.0  1   25.191   25.191  1   37.064   37.064  1
   56.0   56.0  1   25.155   25.155  1   37.059   37.059  1
   58.0   58.0  1   25.145   25.145  1   37.057   37.057  1
   60.0   60.0  1   25.125   25.125  1   37.053   37.053  1
   62.0   62.0  1   25.117   25.117  1   37.051   37.051  1
   64.0   64.0  1   25.111   25.111  1   37.051   37.051  1
   66.0   66.0  1   25.069   25.069  1   37.039   37.039  1
   68.0   68.0  1   25.001   25.001  1   37.019   37.019  1
   70.0   70.0  1   24.943   24.943  1   37.003   37.003  1
   72.0   72.0  1   24.799   24.799  1   36.975   36.975  1
   74.0   74.0  1   24.699   24.699  1   36.950   36.950  1
   76.0   76.0  1   24.619   24.619  1   36.971   36.971  1
   78.0   78.0  1   24.505   24.505  1   36.991   36.991  1
   80.0   80.0  1   24.479   24.479  1   37.078   37.078  1
   82.0   82.0  1   24.423   24.423  1   37.134   37.134  1
   84.0   84.0  1   24.273   24.273  1   37.156   37.156  1
   86.0   86.0  1   24.111   24.111  1   37.153   37.153  1
   88.0   88.0  1   24.071   24.071  1   37.152   37.152  1
   90.0   90.0  1   23.991   23.991  1   37.150   37.150  1
   92.0   92.0  1   23.934   23.934  1   37.146   37.146  1
   94.0   94.0  1   23.876   23.876  1   37.143   37.143  1
   96.0   96.0  1   23.774   23.774  1   37.143   37.143  1
   98.0   98.0  1   23.676   23.676  1   37.140   37.140  1
  100.0  100.0  1   23.540   23.540  1   37.135   37.135  1
  102.0  102.0  1   23.324   23.324  1   37.130   37.130  1
  104.0  104.0  1   23.196   23.196  1   37.120   37.120  1
  106.0  106.0  1   23.146   23.146  1   37.114   37.114  1
  108.0  108.0  1   23.112   23.112  1   37.110   37.110  1
  110.0  110.0  1   23.066   23.066  1   37.106   37.106  1
  112.0  112.0  1   22.864   22.864  1   37.099   37.099  1
  114.0  114.0  1   22.732   22.732  1   37.084   37.084  1
  116.0  116.0  1   22.578   22.578  1   37.070   37.070  1
  118.0  118.0  1   22.504   22.504  1   37.061   37.061  1
  120.0  120.0  1   22.430   22.430  1   37.054   37.054  1
  122.0  122.0  1   22.342   22.342  1   37.044   37.044  1
  124.0  124.0  1   22.276   22.276  1   37.036   37.036  1
  126.0  126.0  1   22.236   22.236  1   37.030   37.030  1
  128.0  128.0  1   22.142   22.142  1   37.017   37.017  1
  130.0  130.0  1   22.026   22.026  1   37.000   37.000  1
  132.0  132.0  1   21.916   21.916  1   36.986   36.986  1
  134.0  134.0  1   21.798   21.798  1   36.983   36.983  1
  136.0  136.0  1   21.740   21.740  1   36.976   36.976  1
  138.0  138.0  1   21.718   21.718  1   36.972   36.972  1
  140.0  140.0  1   21.680   21.680  1   36.965   36.965  1
  142.0  142.0  1   21.544   21.544  1   36.948   36.948  1
  144.0  144.0  1   21.462   21.462  1   36.938   36.938  1
  146.0  146.0  1   21.334   21.334  1   36.920   36.920  1
  148.0  148.0  1   21.228   21.228  1   36.902   36.902  1
  150.0  150.0  1   21.140   21.140  1   36.888   36.888  1
  152.0  152.0  1   21.056   21.056  1   36.876   36.876  1
  154.0  154.0  1   20.936   20.936  1   36.861   36.861  1
  156.0  156.0  1   20.880   20.880  1   36.852   36.852  1
  158.0  158.0  1   20.758   20.758  1   36.839   36.839  1
  160.0  160.0  1   20.698   20.698  1   36.832   36.832  1
  162.0  162.0  1   20.602   20.602  1   36.821   36.821  1
  164.0  164.0  1   20.532   20.532  1   36.812   36.812  1
  166.0  166.0  1   20.480   20.480  1   36.805   36.805  1
  168.0  168.0  1   20.460   20.460  1   36.800   36.800  1
  170.0  170.0  1   20.380   20.380  1   36.788   36.788  1
  172.0  172.0  1   20.278   20.278  1   36.774   36.774  1
  174.0  174.0  1   20.232   20.232  1   36.766   36.766  1
  176.0  176.0  1   20.202   20.202  1   36.762   36.762  1
  178.0  178.0  1   20.148   20.148  1   36.754   36.754  1
  180.0  180.0  1   20.082   20.082  1   36.747   36.747  1
  182.0  182.0  1   20.006   20.006  1   36.739   36.739  1
  184.0  184.0  1   19.924   19.924  1   36.730   36.730  1
  186.0  186.0  1   19.876   19.876  1   36.725   36.725  1
  188.0  188.0  1   19.862   19.862  1   36.723   36.723  1
  190.0  190.0  1   19.844   19.844  1   36.724   36.724  1
  192.0  192.0  1   19.820   19.820  1   36.722   36.722  1
  194.0  194.0  1   19.790   19.790  1   36.718   36.718  1
  196.0  196.0  1   19.734   19.734  1   36.713   36.713  1
  198.0  198.0  1   19.692   19.692  1   36.708   36.708  1
  200.0  200.0  1   19.668   19.668  1   36.704   36.704  1
  202.0  202.0  1   19.631   19.631  1   36.700   36.700  1
  204.0  204.0  1   19.601   19.601  1   36.695   36.695  1
  206.0  206.0  1   19.569   19.569  1   36.691   36.691  1
  208.0  208.0  1   19.527   19.527  1   36.686   36.686  1
  210.0  210.0  1   19.514   19.514  1   36.684   36.684  1
  212.0  212.0  1   19.480   19.480  1   36.681   36.681  1
  214.0  214.0  1   19.448   19.448  1   36.678   36.678  1
  216.0  216.0  1   19.435   19.435  1   36.676   36.676  1
  218.0  218.0  1   19.424   19.424  1   36.675   36.675  1
  220.0  220.0  1   19.409   19.409  1   36.673   36.673  1
  222.0  222.0  1   19.385   19.385  1   36.670   36.670  1
  224.0  224.0  1   19.365   19.365  1   36.668   36.668  1
  226.0  226.0  1   19.339   19.339  1   36.665   36.665  1
  228.0  228.0  1   19.316   19.316  1   36.662   36.662  1
  230.0  230.0  1   19.300   19.300  1   36.660   36.660  1
  232.0  232.0  1   19.275   19.275  1   36.657   36.657  1
  234.0  234.0  1   19.245   19.245  1   36.653   36.653  1
  236.0  236.0  1   19.219   19.219  1   36.651   36.651  1
  238.0  238.0  1   19.190   19.190  1   36.648   36.648  1
  240.0  240.0  1   19.174   19.174  1   36.647   36.647  1
  242.0  242.0  1   19.168   19.168  1   36.646   36.646  1
  244.0  244.0  1   19.159   19.159  1   36.645   36.645  1
  246.0  246.0  1   19.140   19.140  1   36.643   36.643  1
  248.0  248.0  1   19.106   19.106  1   36.641   36.641  1
  250.0  250.0  1   19.088   19.088  1   36.639   36.639  1
  252.0  252.0  1   19.066   19.066  1   36.638   36.638  1
  254.0  254.0  1   19.055   19.055  1   36.638   36.638  1
  256.0  256.0  1   19.038   19.038  1   36.636   36.636  1
  258.0  258.0  1   19.024   19.024  1   36.635   36.635  1
  260.0  260.0  1   19.014   19.014  1   36.634   36.634  1
  262.0  262.0  1   19.009   19.009  1   36.633   36.633  1
  264.0  264.0  1   18.986   18.986  1   36.631   36.631  1
  266.0  266.0  1   18.970   18.970  1   36.630   36.630  1
  268.0  268.0  1   18.963   18.963  1   36.629   36.629  1
  270.0  270.0  1   18.952   18.952  1   36.627   36.627  1
  272.0  272.0  1   18.933   18.933  1   36.625   36.625  1
  274.0  274.0  1   18.918   18.918  1   36.624   36.624  1
  276.0  276.0  1   18.909   18.909  1   36.623   36.623  1
  278.0  278.0  1   18.903   18.903  1   36.622   36.622  1
  280.0  280.0  1   18.884   18.884  1   36.620   36.620  1
  282.0  282.0  1   18.871   18.871  1   36.619   36.619  1
  284.0  284.0  1   18.858   18.858  1   36.618   36.618  1
  286.0  286.0  1   18.846   18.846  1   36.618   36.618  1
  288.0  288.0  1   18.833   18.833  1   36.617   36.617  1
  290.0  290.0  1   18.820   18.820  1   36.615   36.615  1
  292.0  292.0  1   18.798   18.798  1   36.614   36.614  1
  294.0  294.0  1   18.784   18.784  1   36.612   36.612  1
  296.0  296.0  1   18.778   18.778  1   36.611   36.611  1
  298.0  298.0  1   18.773   18.773  1   36.610   36.610  1
  300.0  300.0  1   18.768   18.768  1   36.609   36.609  1
  302.0  302.0  1   18.761   18.761  1   36.609   36.609  1
  304.0  304.0  1   18.750   18.750  1   36.608   36.608  1
  306.0  306.0  1   18.732   18.732  1   36.608   36.608  1
  308.0  308.0  1   18.703   18.703  1   36.605   36.605  1
  310.0  310.0  1   18.672   18.672  1   36.601   36.601  1
  312.0  312.0  1   18.660   18.660  1   36.600   36.600  1
  314.0  314.0  1   18.644   18.644  1   36.599   36.599  1
  316.0  316.0  1   18.641   18.641  1   36.599   36.599  1
  318.0  318.0  1   18.629   18.629  1   36.598   36.598  1
  320.0  320.0  1   18.618   18.618  1   36.596   36.596  1
  322.0  322.0  1   18.601   18.601  1   36.595   36.595  1
  324.0  324.0  1   18.591   18.591  1   36.594   36.594  1
  326.0  326.0  1   18.576   18.576  1   36.592   36.592  1
  328.0  328.0  1   18.565   18.565  1   36.591   36.591  1
  330.0  330.0  1   18.563   18.563  1   36.591   36.591  1
  332.0  332.0  1   18.558   18.558  1   36.590   36.590  1
  334.0  334.0  1   18.546   18.546  1   36.589   36.589  1
  336.0  336.0  1   18.532   18.532  1   36.589   36.589  1
  338.0  338.0  1   18.520   18.520  1   36.588   36.588  1
  340.0  340.0  1   18.508   18.508  1   36.587   36.587  1
  342.0  342.0  1   18.502   18.502  1   36.587   36.587  1
  344.0  344.0  1   18.490   18.490  1   36.586   36.586  1
  346.0  346.0  1   18.480   18.480  1   36.585   36.585  1
  348.0  348.0  1   18.477   18.477  1   36.584   36.584  1
  350.0  350.0  1   18.470   18.470  1   36.583   36.583  1
  352.0  352.0  1   18.466   18.466  1   36.583   36.583  1
  354.0  354.0  1   18.448   18.448  1   36.580   36.580  1
  356.0  356.0  1   18.434   18.434  1   36.578   36.578  1
  358.0  358.0  1   18.414   18.414  1   36.574   36.574  1
  360.0  360.0  1   18.401   18.401  1   36.572   36.572  1
  362.0  362.0  1   18.379   18.379  1   36.568   36.568  1
  364.0  364.0  1   18.367   18.367  1   36.565   36.565  1
  366.0  366.0  1   18.351   18.351  1   36.562   36.562  1
  368.0  368.0  1   18.321   18.321  1   36.557   36.557  1
  370.0  370.0  1   18.286   18.286  1   36.551   36.551  1
  372.0  372.0  1   18.251   18.251  1   36.545   36.545  1
  374.0  374.0  1   18.235   18.235  1   36.542   36.542  1
  376.0  376.0  1   18.214   18.214  1   36.538   36.538  1
  378.0  378.0  1   18.205   18.205  1   36.536   36.536  1
  380.0  380.0  1   18.201   18.201  1   36.534   36.534  1
  382.0  382.0  1   18.185   18.185  1   36.531   36.531  1
  384.0  384.0  1   18.132   18.132  1   36.522   36.522  1
  386.0  386.0  1   18.108   18.108  1   36.518   36.518  1
  388.0  388.0  1   18.085   18.085  1   36.514   36.514  1
  390.0  390.0  1   18.039   18.039  1   36.507   36.507  1
  392.0  392.0  1   18.009   18.009  1   36.501   36.501  1
  394.0  394.0  1   17.983   17.983  1   36.496   36.496  1
  396.0  396.0  1   17.958   17.958  1   36.492   36.492  1
  398.0  398.0  1   17.912   17.912  1   36.484   36.484  1
  400.0  400.0  1   17.866   17.866  1   36.477   36.477  1
  402.0  402.0  1   17.832   17.832  1   36.471   36.471  1
  404.0  404.0  1   17.802   17.802  1   36.466   36.466  1
  406.0  406.0  1   17.774   17.774  1   36.461   36.461  1
  408.0  408.0  1   17.741   17.741  1   36.456   36.456  1
  410.0  410.0  1   17.714   17.714  1   36.452   36.452  1
  412.0  412.0  1   17.694   17.694  1   36.448   36.448  1
  414.0  414.0  1   17.657   17.657  1   36.442   36.442  1
  416.0  416.0  1   17.605   17.605  1   36.434   36.434  1
  418.0  418.0  1   17.591   17.591  1   36.431   36.431  1
  420.0  420.0  1   17.578   17.578  1   36.429   36.429  1
  422.0  422.0  1   17.535   17.535  1   36.423   36.423  1
  424.0  424.0  1   17.494   17.494  1   36.416   36.416  1
  426.0  426.0  1   17.461   17.461  1   36.410   36.410  1
  428.0  428.0  1   17.434   17.434  1   36.406   36.406  1
  430.0  430.0  1   17.376   17.376  1   36.397   36.397  1
  432.0  432.0  1   17.338   17.338  1   36.392   36.392  1
  434.0  434.0  1   17.320   17.320  1   36.388   36.388  1
  436.0  436.0  1   17.264   17.264  1   36.380   36.380  1
  438.0  438.0  1   17.194   17.194  1   36.369   36.369  1
  440.0  440.0  1   17.161   17.161  1   36.363   36.363  1
  442.1  442.1  1   17.136   17.136  1   36.359   36.359  1
  444.0  444.0  1   17.104   17.104  1   36.354   36.354  1
  446.0  446.0  1   17.079   17.079  1   36.349   36.349  1
  448.0  448.0  1   17.030   17.030  1   36.342   36.342  1
  450.0  450.0  1   17.006   17.006  1   36.338   36.338  1
  452.0  452.0  1   16.982   16.982  1   36.334   36.334  1
  454.0  454.0  1   16.959   16.959  1   36.330   36.330  1
  456.0  456.0  1   16.926   16.926  1   36.325   36.325  1
  458.0  458.0  1   16.900   16.900  1   36.321   36.321  1
  460.0  460.0  1   16.864   16.864  1   36.315   36.315  1
  462.0  462.0  1   16.829   16.829  1   36.310   36.310  1
  464.0  464.0  1   16.808   16.808  1   36.306   36.306  1
  466.0  466.0  1   16.777   16.777  1   36.301   36.301  1
  468.0  468.0  1   16.751   16.751  1   36.297   36.297  1
  470.0  470.0  1   16.719   16.719  1   36.292   36.292  1
  472.0  472.0  1   16.705   16.705  1   36.289   36.289  1
  474.0  474.0  1   16.699   16.699  1   36.288   36.288  1
  476.0  476.0  1   16.671   16.671  1   36.283   36.283  1
  478.0  478.0  1   16.640   16.640  1   36.277   36.277  1
  480.0  480.0  1   16.585   16.585  1   36.268   36.268  1
  482.0  482.0  1   16.552   16.552  1   36.262   36.262  1
  484.0  484.0  1   16.525   16.525  1   36.257   36.257  1
  486.0  486.0  1   16.466   16.466  1   36.248   36.248  1
  488.0  488.0  1   16.415   16.415  1   36.240   36.240  1
  490.0  490.0  1   16.394   16.394  1   36.237   36.237  1
  492.0  492.0  1   16.344   16.344  1   36.231   36.231  1
  494.0  494.0  1   16.281   16.281  1   36.223   36.223  1
  496.0  496.0  1   16.276   16.276  1   36.221   36.221  1
  498.0  498.0  1   16.253   16.253  1   36.217   36.217  1
  500.0  500.0  1   16.201   16.201  1   36.209   36.209  1
  502.0  502.0  1   16.181   16.181  1   36.206   36.206  1
  504.0  504.0  1   16.137   16.137  1   36.198   36.198  1
  506.0  506.0  1   16.088   16.088  1   36.190   36.190  1
  508.0  508.0  1   16.062   16.062  1   36.184   36.184  1
  510.0  510.0  1   16.024   16.024  1   36.178   36.178  1
  512.0  512.0  1   15.976   15.976  1   36.169   36.169  1
  514.0  514.0  1   15.935   15.935  1   36.162   36.162  1
  516.0  516.0  1   15.858   15.858  1   36.150   36.150  1
  518.0  518.0  1   15.843   15.843  1   36.147   36.147  1
  520.0  520.0  1   15.812   15.812  1   36.141   36.141  1
  522.0  522.0  1   15.780   15.780  1   36.135   36.135  1
  524.0  524.0  1   15.715   15.715  1   36.126   36.126  1
  526.0  526.0  1   15.679   15.679  1   36.119   36.119  1
  528.0  528.0  1   15.607   15.607  1   36.109   36.109  1
  530.0  530.0  1   15.571   15.571  1   36.103   36.103  1
  532.0  532.0  1   15.552   15.552  1   36.099   36.099  1
  534.0  534.0  1   15.535   15.535  1   36.096   36.096  1
  536.0  536.0  1   15.509   15.509  1   36.091   36.091  1
  538.0  538.0  1   15.472   15.472  1   36.084   36.084  1
  540.0  540.0  1   15.403   15.403  1   36.074   36.074  1
  542.0  542.0  1   15.319   15.319  1   36.063   36.063  1
  544.0  544.0  1   15.269   15.269  1   36.058   36.058  1
  546.0  546.0  1   15.242   15.242  1   36.057   36.057  1
  548.0  548.0  1   15.225   15.225  1   36.055   36.055  1
  550.0  550.0  1   15.213   15.213  1   36.053   36.053  1
  552.0  552.0  1   15.162   15.162  1   36.046   36.046  1
  554.0  554.0  1   15.141   15.141  1   36.046   36.046  1
  556.0  556.0  1   15.125   15.125  1   36.045   36.045  1
  558.0  558.0  1   15.097   15.097  1   36.040   36.040  1
  560.0  560.0  1   15.082   15.082  1   36.038   36.038  1
  562.0  562.0  1   15.059   15.059  1   36.034   36.034  1
  564.0  564.0  1   15.019   15.019  1   36.028   36.028  1
  566.0  566.0  1   14.981   14.981  1   36.022   36.022  1
  568.0  568.0  1   14.945   14.945  1   36.016   36.016  1
  570.0  570.0  1   14.899   14.899  1   36.010   36.010  1
  572.0  572.0  1   14.879   14.879  1   36.007   36.007  1
  574.0  574.0  1   14.847   14.847  1   36.003   36.003  1
  576.0  576.0  1   14.825   14.825  1   35.999   35.999  1
  578.0  578.0  1   14.809   14.809  1   35.996   35.996  1
  580.0  580.0  1   14.743   14.743  1   35.987   35.987  1
  582.0  582.0  1   14.678   14.678  1   35.979   35.979  1
  584.0  584.0  1   14.651   14.651  1   35.973   35.973  1
  586.0  586.0  1   14.601   14.601  1   35.965   35.965  1
  588.0  588.0  1   14.562   14.562  1   35.959   35.959  1
  590.0  590.0  1   14.531   14.531  1   35.954   35.954  1
  592.0  592.0  1   14.503   14.503  1   35.950   35.950  1
  593.9  593.9  1   14.484   14.484  1   35.947   35.947  1
  596.0  596.0  1   14.435   14.435  1   35.939   35.939  1
  598.0  598.0  1   14.387   14.387  1   35.931   35.931  1
  600.0  600.0  1   14.346   14.346  1   35.924   35.924  1
  602.0  602.0  1   14.325   14.325  1   35.921   35.921  1
  604.0  604.0  1   14.289   14.289  1   35.916   35.916  1
  606.0  606.0  1   14.243   14.243  1   35.909   35.909  1
  608.0  608.0  1   14.189   14.189  1   35.901   35.901  1
  610.0  610.0  1   14.132   14.132  1   35.893   35.893  1
  612.0  612.0  1   14.093   14.093  1   35.888   35.888  1
  614.0  614.0  1   14.050   14.050  1   35.882   35.882  1
  616.0  616.0  1   14.010   14.010  1   35.876   35.876  1
  618.0  618.0  1   13.983   13.983  1   35.871   35.871  1
  620.0  620.0  1   13.938   13.938  1   35.865   35.865  1
  622.0  622.0  1   13.927   13.927  1   35.863   35.863  1
  624.1  624.1  1   13.876   13.876  1   35.857   35.857  1
  626.0  626.0  1   13.838   13.838  1   35.851   35.851  1
  628.0  628.0  1   13.808   13.808  1   35.847   35.847  1
  630.0  630.0  1   13.789   13.789  1   35.844   35.844  1
  632.0  632.0  1   13.779   13.779  1   35.842   35.842  1
  634.0  634.0  1   13.728   13.728  1   35.836   35.836  1
  636.0  636.0  1   13.687   13.687  1   35.831   35.831  1
  638.0  638.0  1   13.652   13.652  1   35.826   35.826  1
  640.0  640.0  1   13.620   13.620  1   35.821   35.821  1
  642.0  642.0  1   13.577   13.577  1   35.816   35.816  1
  644.0  644.0  1   13.544   13.544  1   35.812   35.812  1
  646.0  646.0  1   13.513   13.513  1   35.807   35.807  1
  648.0  648.0  1   13.453   13.453  1   35.799   35.799  1
  650.0  650.0  1   13.366   13.366  1   35.788   35.788  1
  652.0  652.0  1   13.335   13.335  1   35.784   35.784  1
  654.0  654.0  1   13.323   13.323  1   35.781   35.781  1
  656.0  656.0  1   13.277   13.277  1   35.776   35.776  1
  658.0  658.0  1   13.239   13.239  1   35.771   35.771  1
  660.0  660.0  1   13.233   13.233  1   35.770   35.770  1
  662.0  662.0  1   13.218   13.218  1   35.767   35.767  1
  664.0  664.0  1   13.212   13.212  1   35.765   35.765  1
  665.9  665.9  1   13.185   13.185  1   35.761   35.761  1
  667.9  667.9  1   13.142   13.142  1   35.756   35.756  1
  670.0  670.0  1   13.111   13.111  1   35.751   35.751  1
  672.0  672.0  1   13.064   13.064  1   35.745   35.745  1
  674.0  674.0  1   12.993   12.993  1   35.736   35.736  1
  676.0  676.0  1   12.976   12.976  1   35.733   35.733  1
  678.0  678.0  1   12.948   12.948  1   35.729   35.729  1
  680.0  680.0  1   12.914   12.914  1   35.725   35.725  1
  682.0  682.0  1   12.874   12.874  1   35.719   35.719  1
  684.0  684.0  1   12.856   12.856  1   35.716   35.716  1
  686.0  686.0  1   12.814   12.814  1   35.710   35.710  1
  688.0  688.0  1   12.798   12.798  1   35.708   35.708  1
  690.0  690.0  1   12.758   12.758  1   35.703   35.703  1
  692.0  692.0  1   12.710   12.710  1   35.695   35.695  1
  694.0  694.0  1   12.618   12.618  1   35.681   35.681  1
  696.0  696.0  1   12.566   12.566  1   35.670   35.670  1
  698.0  698.0  1   12.549   12.549  1   35.666   35.666  1
  700.0  700.0  1   12.522   12.522  1   35.660   35.660  1
  702.0  702.0  1   12.451   12.451  1   35.647   35.647  1
  704.0  704.0  1   12.347   12.347  1   35.632   35.632  1
  706.0  706.0  1   12.290   12.290  1   35.623   35.623  1
  708.0  708.0  1   12.250   12.250  1   35.619   35.619  1
  710.0  710.0  1   12.228   12.228  1   35.621   35.621  1
  712.0  712.0  1   12.195   12.195  1   35.616   35.616  1
  714.0  714.0  1   12.139   12.139  1   35.608   35.608  1
  716.0  716.0  1   12.046   12.046  1   35.592   35.592  1
  718.0  718.0  1   12.028   12.028  1   35.587   35.587  1
  720.0  720.0  1   11.996   11.996  1   35.581   35.581  1
  722.0  722.0  1   11.968   11.968  1   35.576   35.576  1
  724.0  724.0  1   11.869   11.869  1   35.562   35.562  1
  726.0  726.0  1   11.792   11.792  1   35.549   35.549  1
  728.0  728.0  1   11.753   11.753  1   35.542   35.542  1
  730.0  730.0  1   11.695   11.695  1   35.532   35.532  1
  732.0  732.0  1   11.641   11.641  1   35.524   35.524  1
  734.0  734.0  1   11.581   11.581  1   35.516   35.516  1
  736.0  736.0  1   11.508   11.508  1   35.506   35.506  1
  738.0  738.0  1   11.458   11.458  1   35.500   35.500  1
  740.0  740.0  1   11.423   11.423  1   35.495   35.495  1
  742.0  742.0  1   11.384   11.384  1   35.489   35.489  1
  744.0  744.0  1   11.290   11.290  1   35.479   35.479  1
  746.0  746.0  1   11.232   11.232  1   35.472   35.472  1
  748.0  748.0  1   11.198   11.198  1   35.467   35.467  1
  750.0  750.0  1   11.160   11.160  1   35.462   35.462  1
  752.0  752.0  1   11.123   11.123  1   35.457   35.457  1
  754.0  754.0  1   11.072   11.072  1   35.452   35.452  1
  756.0  756.0  1   11.047   11.047  1   35.449   35.449  1
  758.0  758.0  1   11.003   11.003  1   35.444   35.444  1
  760.0  760.0  1   10.958   10.958  1   35.439   35.439  1
  762.0  762.0  1   10.912   10.912  1   35.434   35.434  1
  764.0  764.0  1   10.863   10.863  1   35.427   35.427  1
  766.0  766.0  1   10.811   10.811  1   35.421   35.421  1
  768.0  768.0  1   10.761   10.761  1   35.415   35.415  1
  770.0  770.0  1   10.730   10.730  1   35.411   35.411  1
  772.0  772.0  1   10.672   10.672  1   35.404   35.404  1
  774.0  774.0  1   10.611   10.611  1   35.396   35.396  1
  776.0  776.0  1   10.577   10.577  1   35.391   35.391  1
  778.0  778.0  1   10.521   10.521  1   35.384   35.384  1
  780.0  780.0  1   10.455   10.455  1   35.377   35.377  1
  782.0  782.0  1   10.369   10.369  1   35.367   35.367  1
  784.0  784.0  1   10.333   10.333  1   35.363   35.363  1
  786.0  786.0  1   10.301   10.301  1   35.359   35.359  1
  788.0  788.0  1   10.276   10.276  1   35.356   35.356  1
  790.0  790.0  1   10.264   10.264  1   35.354   35.354  1
  792.0  792.0  1   10.216   10.216  1   35.348   35.348  1
  794.0  794.0  1   10.170   10.170  1   35.342   35.342  1
  796.0  796.0  1   10.139   10.139  1   35.338   35.338  1
  798.0  798.0  1   10.087   10.087  1   35.332   35.332  1
  800.0  800.0  1   10.031   10.031  1   35.325   35.325  1
  802.0  802.0  1    9.983    9.983  1   35.319   35.319  1
  804.0  804.0  1    9.945    9.945  1   35.313   35.313  1
  806.0  806.0  1    9.857    9.857  1   35.303   35.303  1
  808.0  808.0  1    9.789    9.789  1   35.295   35.295  1
  810.0  810.0  1    9.749    9.749  1   35.290   35.290  1
  812.0  812.0  1    9.711    9.711  1   35.287   35.287  1
  814.0  814.0  1    9.694    9.694  1   35.285   35.285  1
  816.0  816.0  1    9.687    9.687  1   35.284   35.284  1
  818.0  818.0  1    9.673    9.673  1   35.283   35.283  1
  820.0  820.0  1    9.624    9.624  1   35.277   35.277  1
  822.0  822.0  1    9.579    9.579  1   35.271   35.271  1
  824.0  824.0  1    9.544    9.544  1   35.267   35.267  1
  826.0  826.0  1    9.507    9.507  1   35.262   35.262  1
  828.0  828.0  1    9.446    9.446  1   35.254   35.254  1
  830.0  830.0  1    9.380    9.380  1   35.246   35.246  1
  832.0  832.0  1    9.348    9.348  1   35.241   35.241  1
  834.0  834.0  1    9.293    9.293  1   35.235   35.235  1
  836.0  836.0  1    9.254    9.254  1   35.230   35.230  1
  838.0  838.0  1    9.206    9.206  1   35.226   35.226  1
  840.0  840.0  1    9.192    9.192  1   35.224   35.224  1
  842.0  842.0  1    9.156    9.156  1   35.221   35.221  1
  844.0  844.0  1    9.101    9.101  1   35.215   35.215  1
  846.0  846.0  1    9.056    9.056  1   35.211   35.211  1
  848.0  848.0  1    9.021    9.021  1   35.207   35.207  1
  850.0  850.0  1    8.996    8.996  1   35.204   35.204  1
  852.0  852.0  1    8.951    8.951  1   35.200   35.200  1
  854.0  854.0  1    8.910    8.910  1   35.196   35.196  1
  856.0  856.0  1    8.885    8.885  1   35.193   35.193  1
  858.0  858.0  1    8.844    8.844  1   35.190   35.190  1
  860.0  860.0  1    8.827    8.827  1   35.188   35.188  1
  862.0  862.0  1    8.819    8.819  1   35.187   35.187  1
  864.0  864.0  1    8.809    8.809  1   35.186   35.186  1
  866.0  866.0  1    8.788    8.788  1   35.183   35.183  1
  868.0  868.0  1    8.748    8.748  1   35.179   35.179  1
  870.0  870.0  1    8.700    8.700  1   35.175   35.175  1
  872.0  872.0  1    8.676    8.676  1   35.172   35.172  1
  874.0  874.0  1    8.635    8.635  1   35.168   35.168  1
  876.0  876.0  1    8.611    8.611  1   35.166   35.166  1
  878.0  878.0  1    8.588    8.588  1   35.164   35.164  1
  880.0  880.0  1    8.562    8.562  1   35.161   35.161  1
  882.0  882.0  1    8.535    8.535  1   35.159   35.159  1
  884.0  884.0  1    8.511    8.511  1   35.158   35.158  1
  886.0  886.0  1    8.509    8.509  1   35.157   35.157  1
  888.0  888.0  1    8.493    8.493  1   35.155   35.155  1
  890.0  890.0  1    8.459    8.459  1   35.152   35.152  1
  892.0  892.0  1    8.406    8.406  1   35.148   35.148  1
  894.0  894.0  1    8.320    8.320  1   35.139   35.139  1
  896.0  896.0  1    8.261    8.261  1   35.134   35.134  1
  898.0  898.0  1    8.214    8.214  1   35.131   35.131  1
  900.0  900.0  1    8.191    8.191  1   35.129   35.129  1
  902.0  902.0  1    8.182    8.182  1   35.130   35.130  1
  904.0  904.0  1    8.164    8.164  1   35.132   35.132  1
  906.0  906.0  1    8.127    8.127  1   35.130   35.130  1
  908.0  908.0  1    8.106    8.106  1   35.130   35.130  1
  910.0  910.0  1    8.082    8.082  1   35.130   35.130  1
  912.0  912.0  1    8.075    8.075  1   35.133   35.133  1
  914.0  914.0  1    8.102    8.102  1   35.143   35.143  1
  916.0  916.0  1    8.088    8.088  1   35.144   35.144  1
  918.0  918.0  1    8.077    8.077  1   35.143   35.143  1
  920.0  920.0  1    8.035    8.035  1   35.140   35.140  1
  922.0  922.0  1    7.974    7.974  1   35.137   35.137  1
  924.0  924.0  1    7.967    7.967  1   35.138   35.138  1
  926.0  926.0  1    7.964    7.964  1   35.139   35.139  1
  928.0  928.0  1    7.946    7.946  1   35.137   35.137  1
  930.0  930.0  1    7.913    7.913  1   35.135   35.135  1
  932.0  932.0  1    7.891    7.891  1   35.133   35.133  1
  934.0  934.0  1    7.866    7.866  1   35.130   35.130  1
  936.0  936.0  1    7.810    7.810  1   35.125   35.125  1
  938.0  938.0  1    7.786    7.786  1   35.122   35.122  1
  940.0  940.0  1    7.748    7.748  1   35.121   35.121  1
  942.0  942.0  1    7.725    7.725  1   35.121   35.121  1
  944.0  944.0  1    7.700    7.700  1   35.120   35.120  1
  946.0  946.0  1    7.681    7.681  1   35.120   35.120  1
  948.0  948.0  1    7.665    7.665  1   35.119   35.119  1
  950.0  950.0  1    7.651    7.651  1   35.119   35.119  1
  952.0  952.0  1    7.634    7.634  1   35.117   35.117  1
  954.0  954.0  1    7.603    7.603  1   35.116   35.116  1
  956.0  956.0  1    7.591    7.591  1   35.115   35.115  1
  958.0  958.0  1    7.581    7.581  1   35.114   35.114  1
  960.0  960.0  1    7.559    7.559  1   35.113   35.113  1
  962.0  962.0  1    7.514    7.514  1   35.109   35.109  1
  964.0  964.0  1    7.413    7.413  1   35.104   35.104  1
  966.0  966.0  1    7.381    7.381  1   35.102   35.102  1
  968.0  968.0  1    7.367    7.367  1   35.101   35.101  1
  970.0  970.0  1    7.351    7.351  1   35.101   35.101  1
  972.0  972.0  1    7.343    7.343  1   35.101   35.101  1
  974.0  974.0  1    7.340    7.340  1   35.102   35.102  1
  976.0  976.0  1    7.320    7.320  1   35.102   35.102  1
  978.0  978.0  1    7.295    7.295  1   35.100   35.100  1
  980.0  980.0  1    7.269    7.269  1   35.100   35.100  1
  982.0  982.0  1    7.250    7.250  1   35.099   35.099  1
  984.0  984.0  1    7.237    7.237  1   35.098   35.098  1
  986.0  986.0  1    7.216    7.216  1   35.097   35.097  1
  988.0  988.0  1    7.192    7.192  1   35.097   35.097  1
  990.0  990.0  1    7.181    7.181  1   35.097   35.097  1
  992.6  992.6  1    7.163    7.163  1   35.096   35.096  1
  994.1  994.1  1    7.175    7.175  1   35.095   35.095  1
  995.0  995.0  1    7.174    7.174  1   35.096   35.096  1
