*SoftWare Version 3.0  2018/12/27

*HEADER
     PLATFORM NUMBER       :4901622
     CYCLE NUMBER          :211
     DATE CREATION         :20191216130032
     DATE UPDATE           :20191216130032
     PROJECT NAME          :US ARGO PROJECT
     PI NAME               :BRECK OWENS, STEVEN JAYNE, P.E. ROBBINS
     INSTRUMENT TYPE       :S2A
     FLOAT SERIAL NO       :7229
     FIRMWARE VERSION      :SBE602 20Sep13
     WMO INSTRUMENT TYPE   :854
     TRANSMISSION SYSTEM   :IRIDIUM
     POSITIONING SYSTEM    :GPS
     SAMPLE DIRECTION      :A(A=Ascend; D=Descend)
     DATA MODE             :R(R=Real Time; D=Delayed Mode; A=Real Time Adjusted)
     JULIAN DAY            :25541.7855 (days since 1950-01-01 00:00:00 UTC)
     DATE                  :2019-12-06
     QC FLAG FOR DATE      :1
*LOCATION
     LATITUDE              :23.861  
     LONGITUDE             :-70.558 
     QC FLAG FOR LOCATION  :1
*FILE
     COLUMN 1              :Pressure (dbar)                             F7.1
     COLUMN 2              :Corrected Pressure (dbar)                   F7.1
     COLUMN 3              :Quality on Pressure                         I3
     COLUMN 4              :Temperature (degree_Celsius)                F9.3
     COLUMN 5              :Corrected Temperature (degree_Celsius)      F9.3
     COLUMN 6              :Quality on Temperature                      I3
     COLUMN 7              :Salinity (PSU)                              F9.3
     COLUMN 8              :Corrected Salinity (PSU)                    F9.3
     COLUMN 9              :Quality on Salinity                         I3
==========================================================================
    1.1    1.1  1   26.212   26.212  1   36.697   36.697  1
    2.0    2.0  1   26.212   26.212  1   36.696   36.696  1
    3.0    3.0  1   26.213   26.213  1   36.696   36.696  1
    4.0    4.0  1   26.213   26.213  1   36.696   36.696  1
    5.0    5.0  1   26.213   26.213  1   36.696   36.696  1
    6.0    6.0  1   26.213   26.213  1   36.696   36.696  1
    7.0    7.0  1   26.210   26.210  1   36.696   36.696  1
    8.0    8.0  1   26.210   26.210  1   36.696   36.696  1
    9.0    9.0  1   26.210   26.210  1   36.696   36.696  1
   10.0   10.0  1   26.203   26.203  1   36.695   36.695  1
   12.0   12.0  1   26.199   26.199  1   36.695   36.695  1
   14.0   14.0  1   26.197   26.197  1   36.694   36.694  1
   16.0   16.0  1   26.191   26.191  1   36.694   36.694  1
   18.0   18.0  1   26.188   26.188  1   36.694   36.694  1
   20.0   20.0  1   26.186   26.186  1   36.694   36.694  1
   22.0   22.0  1   26.179   26.179  1   36.693   36.693  1
   24.0   24.0  1   26.174   26.174  1   36.693   36.693  1
   26.0   26.0  1   26.174   26.174  1   36.693   36.693  1
   28.0   28.0  1   26.173   26.173  1   36.693   36.693  1
   30.0   30.0  1   26.169   26.169  1   36.694   36.694  1
   32.0   32.0  1   26.159   26.159  1   36.696   36.696  1
   34.0   34.0  1   26.147   26.147  1   36.699   36.699  1
   36.0   36.0  1   26.134   26.134  1   36.700   36.700  1
   38.0   38.0  1   26.129   26.129  1   36.701   36.701  1
   40.0   40.0  1   26.124   26.124  1   36.701   36.701  1
   42.0   42.0  1   26.121   26.121  1   36.702   36.702  1
   44.0   44.0  1   26.115   26.115  1   36.702   36.702  1
   46.0   46.0  1   26.115   26.115  1   36.703   36.703  1
   48.0   48.0  1   26.115   26.115  1   36.703   36.703  1
   50.1   50.1  1   26.115   26.115  1   36.703   36.703  1
   52.0   52.0  1   26.109   26.109  1   36.703   36.703  1
   54.0   54.0  1   26.109   26.109  1   36.703   36.703  1
   56.0   56.0  1   26.109   26.109  1   36.703   36.703  1
   58.0   58.0  1   26.103   26.103  1   36.703   36.703  1
   60.0   60.0  1   26.103   26.103  1   36.704   36.704  1
   62.0   62.0  1   26.103   26.103  1   36.704   36.704  1
   64.0   64.0  1   26.103   26.103  1   36.704   36.704  1
   66.0   66.0  1   26.103   26.103  1   36.704   36.704  1
   68.0   68.0  1   26.097   26.097  1   36.704   36.704  1
   70.0   70.0  1   26.097   26.097  1   36.704   36.704  1
   72.0   72.0  1   26.085   26.085  1   36.705   36.705  1
   74.0   74.0  1   26.043   26.043  1   36.707   36.707  1
   76.0   76.0  1   26.013   26.013  1   36.708   36.708  1
   78.0   78.0  1   25.929   25.929  1   36.716   36.716  1
   80.0   80.0  1   25.779   25.779  1   36.730   36.730  1
   82.0   82.0  1   25.317   25.317  1   36.774   36.774  1
   84.0   84.0  1   24.681   24.681  1   36.795   36.795  1
   86.0   86.0  1   24.357   24.357  1   36.829   36.829  1
   88.0   88.0  1   24.249   24.249  1   36.847   36.847  1
   90.0   90.0  1   24.249   24.249  1   36.883   36.883  1
   92.0   92.0  1   24.156   24.156  1   36.895   36.895  1
   94.0   94.0  1   24.058   24.058  1   36.879   36.879  1
   96.0   96.0  1   23.970   23.970  1   36.882   36.882  1
   98.0   98.0  1   23.878   23.878  1   36.873   36.873  1
  100.0  100.0  1   23.786   23.786  1   36.884   36.884  1
  102.0  102.0  1   23.770   23.770  1   36.906   36.906  1
  104.0  104.0  1   23.692   23.692  1   36.916   36.916  1
  106.0  106.0  1   23.602   23.602  1   36.914   36.914  1
  108.0  108.0  1   23.600   23.600  1   36.914   36.914  1
  110.0  110.0  1   23.594   23.594  1   36.912   36.912  1
  112.0  112.0  1   23.502   23.502  1   36.908   36.908  1
  114.0  114.0  1   23.412   23.412  1   36.905   36.905  1
  116.0  116.0  1   23.212   23.212  1   36.905   36.905  1
  118.0  118.0  1   23.126   23.126  1   36.900   36.900  1
  120.0  120.0  1   23.062   23.062  1   36.903   36.903  1
  122.0  122.0  1   23.018   23.018  1   36.903   36.903  1
  124.0  124.0  1   22.982   22.982  1   36.902   36.902  1
  126.0  126.0  1   22.894   22.894  1   36.921   36.921  1
  128.0  128.0  1   22.846   22.846  1   36.931   36.931  1
  130.0  130.0  1   22.796   22.796  1   36.932   36.932  1
  132.0  132.0  1   22.694   22.694  1   36.928   36.928  1
  134.0  134.0  1   22.638   22.638  1   36.923   36.923  1
  136.0  136.0  1   22.450   22.450  1   36.905   36.905  1
  138.0  138.0  1   22.256   22.256  1   36.881   36.881  1
  140.0  140.0  1   22.206   22.206  1   36.873   36.873  1
  142.0  142.0  1   22.110   22.110  1   36.864   36.864  1
  144.0  144.0  1   22.010   22.010  1   36.851   36.851  1
  146.0  146.0  1   21.960   21.960  1   36.848   36.848  1
  148.0  148.0  1   21.844   21.844  1   36.844   36.844  1
  150.0  150.0  1   21.744   21.744  1   36.839   36.839  1
  152.0  152.0  1   21.684   21.684  1   36.846   36.846  1
  154.0  154.0  1   21.596   21.596  1   36.856   36.856  1
  156.0  156.0  1   21.412   21.412  1   36.843   36.843  1
  158.0  158.0  1   21.276   21.276  1   36.819   36.819  1
  160.0  160.0  1   21.188   21.188  1   36.808   36.808  1
  162.0  162.0  1   21.120   21.120  1   36.800   36.800  1
  164.0  164.0  1   21.084   21.084  1   36.798   36.798  1
  166.0  166.0  1   21.024   21.024  1   36.794   36.794  1
  168.0  168.0  1   20.964   20.964  1   36.790   36.790  1
  170.0  170.0  1   20.920   20.920  1   36.788   36.788  1
  172.0  172.0  1   20.858   20.858  1   36.786   36.786  1
  174.0  174.0  1   20.774   20.774  1   36.785   36.785  1
  176.0  176.0  1   20.624   20.624  1   36.771   36.771  1
  178.0  178.0  1   20.568   20.568  1   36.766   36.766  1
  180.0  180.0  1   20.470   20.470  1   36.762   36.762  1
  182.0  182.0  1   20.398   20.398  1   36.758   36.758  1
  184.0  184.0  1   20.354   20.354  1   36.753   36.753  1
  186.0  186.0  1   20.246   20.246  1   36.748   36.748  1
  188.0  188.0  1   20.184   20.184  1   36.744   36.744  1
  190.0  190.0  1   20.156   20.156  1   36.741   36.741  1
  192.0  192.0  1   20.150   20.150  1   36.740   36.740  1
  194.0  194.0  1   20.119   20.119  1   36.737   36.737  1
  196.0  196.0  1   20.093   20.093  1   36.734   36.734  1
  198.0  198.0  1   20.042   20.042  1   36.728   36.728  1
  200.0  200.0  1   19.963   19.963  1   36.719   36.719  1
  202.0  202.0  1   19.910   19.910  1   36.712   36.712  1
  203.9  203.9  1   19.878   19.878  1   36.712   36.712  1
  206.0  206.0  1   19.832   19.832  1   36.712   36.712  1
  208.0  208.0  1   19.812   19.812  1   36.708   36.708  1
  210.0  210.0  1   19.797   19.797  1   36.706   36.706  1
  212.0  212.0  1   19.779   19.779  1   36.704   36.704  1
  214.0  214.0  1   19.758   19.758  1   36.702   36.702  1
  216.0  216.0  1   19.707   19.707  1   36.699   36.699  1
  218.0  218.0  1   19.663   19.663  1   36.695   36.695  1
  220.0  220.0  1   19.636   19.636  1   36.693   36.693  1
  222.0  222.0  1   19.619   19.619  1   36.691   36.691  1
  224.0  224.0  1   19.602   19.602  1   36.691   36.691  1
  226.0  226.0  1   19.584   19.584  1   36.689   36.689  1
  228.0  228.0  1   19.563   19.563  1   36.687   36.687  1
  230.0  230.0  1   19.541   19.541  1   36.685   36.685  1
  232.0  232.0  1   19.517   19.517  1   36.683   36.683  1
  234.0  234.0  1   19.508   19.508  1   36.682   36.682  1
  236.1  236.1  1   19.495   19.495  1   36.682   36.682  1
  238.0  238.0  1   19.489   19.489  1   36.681   36.681  1
  240.0  240.0  1   19.488   19.488  1   36.681   36.681  1
  242.0  242.0  1   19.487   19.487  1   36.681   36.681  1
  244.0  244.0  1   19.478   19.478  1   36.681   36.681  1
  246.0  246.0  1   19.463   19.463  1   36.680   36.680  1
  248.0  248.0  1   19.442   19.442  1   36.678   36.678  1
  250.0  250.0  1   19.431   19.431  1   36.677   36.677  1
  252.0  252.0  1   19.421   19.421  1   36.676   36.676  1
  254.0  254.0  1   19.395   19.395  1   36.673   36.673  1
  256.0  256.0  1   19.371   19.371  1   36.670   36.670  1
  258.0  258.0  1   19.346   19.346  1   36.669   36.669  1
  260.0  260.0  1   19.336   19.336  1   36.668   36.668  1
  262.0  262.0  1   19.320   19.320  1   36.667   36.667  1
  264.0  264.0  1   19.302   19.302  1   36.666   36.666  1
  266.0  266.0  1   19.292   19.292  1   36.666   36.666  1
  268.0  268.0  1   19.288   19.288  1   36.665   36.665  1
  270.0  270.0  1   19.270   19.270  1   36.664   36.664  1
  272.0  272.0  1   19.257   19.257  1   36.665   36.665  1
  274.0  274.0  1   19.245   19.245  1   36.664   36.664  1
  276.0  276.0  1   19.239   19.239  1   36.664   36.664  1
  278.0  278.0  1   19.237   19.237  1   36.663   36.663  1
  280.0  280.0  1   19.225   19.225  1   36.662   36.662  1
  282.0  282.0  1   19.203   19.203  1   36.660   36.660  1
  284.0  284.0  1   19.156   19.156  1   36.652   36.652  1
  286.0  286.0  1   19.125   19.125  1   36.650   36.650  1
  288.0  288.0  1   19.122   19.122  1   36.650   36.650  1
  290.0  290.0  1   19.115   19.115  1   36.650   36.650  1
  292.0  292.0  1   19.082   19.082  1   36.646   36.646  1
  294.0  294.0  1   19.071   19.071  1   36.646   36.646  1
  296.1  296.1  1   19.047   19.047  1   36.644   36.644  1
  298.0  298.0  1   19.029   19.029  1   36.642   36.642  1
  300.0  300.0  1   19.009   19.009  1   36.639   36.639  1
  302.0  302.0  1   18.995   18.995  1   36.636   36.636  1
  304.0  304.0  1   18.981   18.981  1   36.634   36.634  1
  306.0  306.0  1   18.980   18.980  1   36.634   36.634  1
  308.0  308.0  1   18.975   18.975  1   36.634   36.634  1
  310.0  310.0  1   18.956   18.956  1   36.632   36.632  1
  312.0  312.0  1   18.920   18.920  1   36.627   36.627  1
  314.0  314.0  1   18.895   18.895  1   36.623   36.623  1
  316.0  316.0  1   18.867   18.867  1   36.620   36.620  1
  318.0  318.0  1   18.821   18.821  1   36.614   36.614  1
  320.0  320.0  1   18.812   18.812  1   36.613   36.613  1
  322.0  322.0  1   18.798   18.798  1   36.611   36.611  1
  324.0  324.0  1   18.769   18.769  1   36.608   36.608  1
  326.0  326.0  1   18.758   18.758  1   36.607   36.607  1
  328.0  328.0  1   18.730   18.730  1   36.604   36.604  1
  330.0  330.0  1   18.701   18.701  1   36.600   36.600  1
  332.0  332.0  1   18.687   18.687  1   36.598   36.598  1
  334.0  334.0  1   18.671   18.671  1   36.597   36.597  1
  336.0  336.0  1   18.653   18.653  1   36.594   36.594  1
  338.0  338.0  1   18.645   18.645  1   36.593   36.593  1
  340.0  340.0  1   18.630   18.630  1   36.591   36.591  1
  342.0  342.0  1   18.615   18.615  1   36.589   36.589  1
  344.0  344.0  1   18.582   18.582  1   36.585   36.585  1
  346.0  346.0  1   18.554   18.554  1   36.581   36.581  1
  348.0  348.0  1   18.528   18.528  1   36.578   36.578  1
  350.0  350.0  1   18.519   18.519  1   36.577   36.577  1
  352.0  352.0  1   18.518   18.518  1   36.576   36.576  1
  354.0  354.0  1   18.510   18.510  1   36.575   36.575  1
  356.0  356.0  1   18.469   18.469  1   36.570   36.570  1
  358.0  358.0  1   18.430   18.430  1   36.565   36.565  1
  360.0  360.0  1   18.380   18.380  1   36.558   36.558  1
  362.0  362.0  1   18.346   18.346  1   36.554   36.554  1
  364.0  364.0  1   18.294   18.294  1   36.546   36.546  1
  366.0  366.0  1   18.258   18.258  1   36.540   36.540  1
  368.0  368.0  1   18.211   18.211  1   36.535   36.535  1
  370.0  370.0  1   18.164   18.164  1   36.527   36.527  1
  372.0  372.0  1   18.139   18.139  1   36.524   36.524  1
  374.0  374.0  1   18.104   18.104  1   36.520   36.520  1
  376.0  376.0  1   18.082   18.082  1   36.516   36.516  1
  378.0  378.0  1   18.060   18.060  1   36.513   36.513  1
  380.0  380.0  1   18.007   18.007  1   36.506   36.506  1
  382.0  382.0  1   17.962   17.962  1   36.500   36.500  1
  384.0  384.0  1   17.939   17.939  1   36.496   36.496  1
  386.0  386.0  1   17.904   17.904  1   36.492   36.492  1
  388.0  388.0  1   17.894   17.894  1   36.490   36.490  1
  390.0  390.0  1   17.875   17.875  1   36.487   36.487  1
  392.0  392.0  1   17.830   17.830  1   36.481   36.481  1
  394.0  394.0  1   17.812   17.812  1   36.478   36.478  1
  396.0  396.0  1   17.783   17.783  1   36.474   36.474  1
  398.0  398.0  1   17.755   17.755  1   36.470   36.470  1
  400.0  400.0  1   17.753   17.753  1   36.469   36.469  1
  402.0  402.0  1   17.748   17.748  1   36.468   36.468  1
  404.0  404.0  1   17.721   17.721  1   36.465   36.465  1
  406.0  406.0  1   17.700   17.700  1   36.461   36.461  1
  408.0  408.0  1   17.683   17.683  1   36.458   36.458  1
  410.0  410.0  1   17.667   17.667  1   36.455   36.455  1
  412.0  412.0  1   17.620   17.620  1   36.449   36.449  1
  414.0  414.0  1   17.583   17.583  1   36.443   36.443  1
  416.0  416.0  1   17.566   17.566  1   36.439   36.439  1
  418.0  418.0  1   17.557   17.557  1   36.437   36.437  1
  420.0  420.0  1   17.500   17.500  1   36.429   36.429  1
  422.0  422.0  1   17.418   17.418  1   36.417   36.417  1
  424.0  424.0  1   17.397   17.397  1   36.412   36.412  1
  426.0  426.0  1   17.341   17.341  1   36.405   36.405  1
  428.0  428.0  1   17.301   17.301  1   36.398   36.398  1
  430.0  430.0  1   17.283   17.283  1   36.395   36.395  1
  432.0  432.0  1   17.254   17.254  1   36.390   36.390  1
  434.0  434.0  1   17.222   17.222  1   36.386   36.386  1
  436.0  436.0  1   17.197   17.197  1   36.381   36.381  1
  438.0  438.0  1   17.182   17.182  1   36.379   36.379  1
  440.0  440.0  1   17.159   17.159  1   36.375   36.375  1
  442.0  442.0  1   17.135   17.135  1   36.371   36.371  1
  444.0  444.0  1   17.127   17.127  1   36.369   36.369  1
  446.0  446.0  1   17.101   17.101  1   36.364   36.364  1
  448.0  448.0  1   17.047   17.047  1   36.356   36.356  1
  450.0  450.0  1   16.979   16.979  1   36.345   36.345  1
  452.0  452.0  1   16.956   16.956  1   36.340   36.340  1
  454.0  454.0  1   16.923   16.923  1   36.335   36.335  1
  456.0  456.0  1   16.879   16.879  1   36.328   36.328  1
  458.0  458.0  1   16.801   16.801  1   36.315   36.315  1
  460.0  460.0  1   16.787   16.787  1   36.311   36.311  1
  462.0  462.0  1   16.724   16.724  1   36.302   36.302  1
  464.0  464.0  1   16.701   16.701  1   36.297   36.297  1
  466.0  466.0  1   16.660   16.660  1   36.291   36.291  1
  468.0  468.0  1   16.639   16.639  1   36.286   36.286  1
  470.0  470.0  1   16.599   16.599  1   36.280   36.280  1
  472.0  472.0  1   16.554   16.554  1   36.272   36.272  1
  474.0  474.0  1   16.441   16.441  1   36.255   36.255  1
  476.0  476.0  1   16.375   16.375  1   36.243   36.243  1
  478.0  478.0  1   16.343   16.343  1   36.237   36.237  1
  480.0  480.0  1   16.260   16.260  1   36.224   36.224  1
  482.0  482.0  1   16.198   16.198  1   36.215   36.215  1
  484.0  484.0  1   16.173   16.173  1   36.210   36.210  1
  486.0  486.0  1   16.166   16.166  1   36.208   36.208  1
  488.0  488.0  1   16.121   16.121  1   36.202   36.202  1
  490.0  490.0  1   16.072   16.072  1   36.194   36.194  1
  492.0  492.0  1   16.037   16.037  1   36.189   36.189  1
  494.0  494.0  1   15.987   15.987  1   36.182   36.182  1
  496.0  496.0  1   15.939   15.939  1   36.177   36.177  1
  498.0  498.0  1   15.879   15.879  1   36.169   36.169  1
  500.0  500.0  1   15.817   15.817  1   36.159   36.159  1
  502.0  502.0  1   15.753   15.753  1   36.149   36.149  1
  504.0  504.0  1   15.711   15.711  1   36.142   36.142  1
  506.0  506.0  1   15.659   15.659  1   36.134   36.134  1
  508.0  508.0  1   15.613   15.613  1   36.126   36.126  1
  510.0  510.0  1   15.577   15.577  1   36.118   36.118  1
  512.0  512.0  1   15.541   15.541  1   36.112   36.112  1
  514.0  514.0  1   15.477   15.477  1   36.100   36.100  1
  516.0  516.0  1   15.395   15.395  1   36.087   36.087  1
  518.0  518.0  1   15.357   15.357  1   36.078   36.078  1
  520.0  520.0  1   15.329   15.329  1   36.074   36.074  1
  522.0  522.0  1   15.269   15.269  1   36.063   36.063  1
  524.0  524.0  1   15.259   15.259  1   36.061   36.061  1
  526.0  526.0  1   15.251   15.251  1   36.059   36.059  1
  528.0  528.0  1   15.239   15.239  1   36.056   36.056  1
  530.0  530.0  1   15.221   15.221  1   36.053   36.053  1
  532.0  532.0  1   15.169   15.169  1   36.045   36.045  1
  534.0  534.0  1   15.105   15.105  1   36.033   36.033  1
  536.0  536.0  1   15.075   15.075  1   36.026   36.026  1
  538.0  538.0  1   14.925   14.925  1   36.004   36.004  1
  540.0  540.0  1   14.763   14.763  1   35.974   35.974  1
  542.0  542.0  1   14.724   14.724  1   35.968   35.968  1
  544.0  544.0  1   14.661   14.661  1   35.957   35.957  1
  546.0  546.0  1   14.596   14.596  1   35.947   35.947  1
  548.0  548.0  1   14.491   14.491  1   35.932   35.932  1
  550.0  550.0  1   14.456   14.456  1   35.925   35.925  1
  552.0  552.0  1   14.369   14.369  1   35.915   35.915  1
  554.0  554.0  1   14.311   14.311  1   35.908   35.908  1
  556.0  556.0  1   14.258   14.258  1   35.900   35.900  1
  558.0  558.0  1   14.210   14.210  1   35.892   35.892  1
  560.0  560.0  1   14.163   14.163  1   35.887   35.887  1
  562.0  562.0  1   14.109   14.109  1   35.878   35.878  1
  564.0  564.0  1   14.076   14.076  1   35.874   35.874  1
  566.0  566.0  1   14.006   14.006  1   35.866   35.866  1
  568.0  568.0  1   13.968   13.968  1   35.859   35.859  1
  570.0  570.0  1   13.910   13.910  1   35.850   35.850  1
  572.0  572.0  1   13.835   13.835  1   35.839   35.839  1
  574.0  574.0  1   13.786   13.786  1   35.832   35.832  1
  576.0  576.0  1   13.738   13.738  1   35.823   35.823  1
  578.0  578.0  1   13.663   13.663  1   35.813   35.813  1
  580.0  580.0  1   13.597   13.597  1   35.802   35.802  1
  582.0  582.0  1   13.591   13.591  1   35.800   35.800  1
  584.0  584.0  1   13.569   13.569  1   35.796   35.796  1
  586.0  586.0  1   13.515   13.515  1   35.789   35.789  1
  588.0  588.0  1   13.428   13.428  1   35.776   35.776  1
  590.0  590.0  1   13.409   13.409  1   35.772   35.772  1
  592.0  592.0  1   13.394   13.394  1   35.770   35.770  1
  594.0  594.0  1   13.361   13.361  1   35.765   35.765  1
  596.0  596.0  1   13.286   13.286  1   35.754   35.754  1
  598.0  598.0  1   13.222   13.222  1   35.745   35.745  1
  600.0  600.0  1   13.190   13.190  1   35.739   35.739  1
  602.0  602.0  1   13.165   13.165  1   35.735   35.735  1
  604.0  604.0  1   13.143   13.143  1   35.731   35.731  1
  606.0  606.0  1   13.107   13.107  1   35.727   35.727  1
  608.0  608.0  1   13.050   13.050  1   35.718   35.718  1
  610.0  610.0  1   13.003   13.003  1   35.712   35.712  1
  612.0  612.0  1   12.983   12.983  1   35.708   35.708  1
  614.0  614.0  1   12.933   12.933  1   35.701   35.701  1
  616.0  616.0  1   12.903   12.903  1   35.695   35.695  1
  618.0  618.0  1   12.880   12.880  1   35.691   35.691  1
  620.0  620.0  1   12.789   12.789  1   35.680   35.680  1
  622.0  622.0  1   12.738   12.738  1   35.672   35.672  1
  624.0  624.0  1   12.712   12.712  1   35.667   35.667  1
  626.0  626.0  1   12.696   12.696  1   35.664   35.664  1
  628.0  628.0  1   12.619   12.619  1   35.653   35.653  1
  630.0  630.0  1   12.509   12.509  1   35.640   35.640  1
  632.0  632.0  1   12.457   12.457  1   35.630   35.630  1
  634.0  634.0  1   12.417   12.417  1   35.625   35.625  1
  636.0  636.0  1   12.391   12.391  1   35.621   35.621  1
  638.0  638.0  1   12.369   12.369  1   35.617   35.617  1
  640.0  640.0  1   12.359   12.359  1   35.615   35.615  1
  642.0  642.0  1   12.316   12.316  1   35.610   35.610  1
  644.0  644.0  1   12.278   12.278  1   35.605   35.605  1
  646.0  646.0  1   12.235   12.235  1   35.599   35.599  1
  648.0  648.0  1   12.203   12.203  1   35.594   35.594  1
  650.0  650.0  1   12.191   12.191  1   35.592   35.592  1
  652.0  652.0  1   12.181   12.181  1   35.590   35.590  1
  654.0  654.0  1   12.164   12.164  1   35.586   35.586  1
  656.0  656.0  1   12.098   12.098  1   35.577   35.577  1
  658.0  658.0  1   12.042   12.042  1   35.569   35.569  1
  660.0  660.0  1   12.006   12.006  1   35.563   35.563  1
  662.0  662.0  1   11.933   11.933  1   35.555   35.555  1
  664.0  664.0  1   11.870   11.870  1   35.544   35.544  1
  666.0  666.0  1   11.783   11.783  1   35.534   35.534  1
  668.0  668.0  1   11.736   11.736  1   35.526   35.526  1
  670.0  670.0  1   11.709   11.709  1   35.522   35.522  1
  672.0  672.0  1   11.676   11.676  1   35.517   35.517  1
  674.0  674.0  1   11.652   11.652  1   35.513   35.513  1
  676.0  676.0  1   11.600   11.600  1   35.507   35.507  1
  678.0  678.0  1   11.566   11.566  1   35.500   35.500  1
  680.0  680.0  1   11.507   11.507  1   35.492   35.492  1
  682.0  682.0  1   11.416   11.416  1   35.483   35.483  1
  684.0  684.0  1   11.369   11.369  1   35.475   35.475  1
  686.0  686.0  1   11.312   11.312  1   35.468   35.468  1
  688.0  688.0  1   11.223   11.223  1   35.456   35.456  1
  690.0  690.0  1   11.203   11.203  1   35.452   35.452  1
  692.0  692.0  1   11.182   11.182  1   35.449   35.449  1
  694.0  694.0  1   11.108   11.108  1   35.440   35.440  1
  696.0  696.0  1   11.029   11.029  1   35.429   35.429  1
  698.0  698.0  1   10.947   10.947  1   35.420   35.420  1
  700.0  700.0  1   10.903   10.903  1   35.414   35.414  1
  702.0  702.0  1   10.884   10.884  1   35.411   35.411  1
  704.0  704.0  1   10.859   10.859  1   35.407   35.407  1
  706.0  706.0  1   10.826   10.826  1   35.403   35.403  1
  708.0  708.0  1   10.711   10.711  1   35.391   35.391  1
  710.0  710.0  1   10.672   10.672  1   35.386   35.386  1
  712.0  712.0  1   10.645   10.645  1   35.382   35.382  1
  714.0  714.0  1   10.590   10.590  1   35.375   35.375  1
  716.0  716.0  1   10.528   10.528  1   35.368   35.368  1
  718.0  718.0  1   10.498   10.498  1   35.363   35.363  1
  720.0  720.0  1   10.462   10.462  1   35.358   35.358  1
  722.0  722.0  1   10.380   10.380  1   35.348   35.348  1
  724.0  724.0  1   10.274   10.274  1   35.337   35.337  1
  726.0  726.0  1   10.239   10.239  1   35.331   35.331  1
  728.0  728.0  1   10.199   10.199  1   35.326   35.326  1
  730.0  730.0  1   10.099   10.099  1   35.316   35.316  1
  732.0  732.0  1   10.067   10.067  1   35.311   35.311  1
  734.0  734.0  1    9.995    9.995  1   35.301   35.301  1
  736.0  736.0  1    9.912    9.912  1   35.292   35.292  1
  738.0  738.0  1    9.874    9.874  1   35.286   35.286  1
  740.0  740.0  1    9.815    9.815  1   35.280   35.280  1
  742.0  742.0  1    9.756    9.756  1   35.273   35.273  1
  744.0  744.0  1    9.704    9.704  1   35.267   35.267  1
  746.0  746.0  1    9.645    9.645  1   35.260   35.260  1
  748.0  748.0  1    9.617    9.617  1   35.257   35.257  1
  750.0  750.0  1    9.592    9.592  1   35.255   35.255  1
  752.0  752.0  1    9.517    9.517  1   35.245   35.245  1
  754.0  754.0  1    9.439    9.439  1   35.237   35.237  1
  756.0  756.0  1    9.370    9.370  1   35.226   35.226  1
  758.0  758.0  1    9.328    9.328  1   35.221   35.221  1
  760.0  760.0  1    9.290    9.290  1   35.218   35.218  1
  762.0  762.0  1    9.233    9.233  1   35.212   35.212  1
  764.0  764.0  1    9.214    9.214  1   35.209   35.209  1
  766.0  766.0  1    9.194    9.194  1   35.208   35.208  1
  768.0  768.0  1    9.179    9.179  1   35.211   35.211  1
  770.0  770.0  1    9.154    9.154  1   35.210   35.210  1
  772.0  772.0  1    9.135    9.135  1   35.208   35.208  1
  774.0  774.0  1    9.084    9.084  1   35.203   35.203  1
  776.0  776.0  1    9.043    9.043  1   35.197   35.197  1
  778.0  778.0  1    9.028    9.028  1   35.194   35.194  1
  780.0  780.0  1    8.954    8.954  1   35.185   35.185  1
  782.0  782.0  1    8.930    8.930  1   35.178   35.178  1
  784.0  784.0  1    8.858    8.858  1   35.170   35.170  1
  786.0  786.0  1    8.798    8.798  1   35.161   35.161  1
  788.0  788.0  1    8.766    8.766  1   35.157   35.157  1
  790.0  790.0  1    8.721    8.721  1   35.151   35.151  1
  792.0  792.0  1    8.685    8.685  1   35.146   35.146  1
  794.0  794.0  1    8.653    8.653  1   35.142   35.142  1
  796.0  796.0  1    8.612    8.612  1   35.138   35.138  1
  798.0  798.0  1    8.590    8.590  1   35.134   35.134  1
  800.0  800.0  1    8.554    8.554  1   35.129   35.129  1
  802.0  802.0  1    8.493    8.493  1   35.122   35.122  1
  804.0  804.0  1    8.460    8.460  1   35.118   35.118  1
  806.0  806.0  1    8.440    8.440  1   35.116   35.116  1
  808.0  808.0  1    8.427    8.427  1   35.114   35.114  1
  810.0  810.0  1    8.415    8.415  1   35.112   35.112  1
  812.0  812.0  1    8.378    8.378  1   35.110   35.110  1
  814.0  814.0  1    8.324    8.324  1   35.103   35.103  1
  816.0  816.0  1    8.260    8.260  1   35.099   35.099  1
  818.0  818.0  1    8.193    8.193  1   35.094   35.094  1
  820.0  820.0  1    8.157    8.157  1   35.090   35.090  1
  822.0  822.0  1    8.153    8.153  1   35.089   35.089  1
  824.0  824.0  1    8.147    8.147  1   35.088   35.088  1
  826.0  826.0  1    8.109    8.109  1   35.086   35.086  1
  828.0  828.0  1    8.061    8.061  1   35.083   35.083  1
  830.0  830.0  1    8.033    8.033  1   35.080   35.080  1
  832.0  832.0  1    8.020    8.020  1   35.078   35.078  1
  834.0  834.0  1    7.999    7.999  1   35.075   35.075  1
  836.0  836.0  1    7.937    7.937  1   35.068   35.068  1
  838.0  838.0  1    7.879    7.879  1   35.061   35.061  1
  840.0  840.0  1    7.887    7.887  1   35.068   35.068  1
  842.0  842.0  1    7.866    7.866  1   35.070   35.070  1
  844.0  844.0  1    7.811    7.811  1   35.065   35.065  1
  846.0  846.0  1    7.864    7.864  1   35.081   35.081  1
  848.0  848.0  1    7.844    7.844  1   35.084   35.084  1
  850.0  850.0  1    7.753    7.753  1   35.078   35.078  1
  852.0  852.0  1    7.722    7.722  1   35.075   35.075  1
  854.0  854.0  1    7.660    7.660  1   35.072   35.072  1
  856.0  856.0  1    7.651    7.651  1   35.071   35.071  1
  858.0  858.0  1    7.642    7.642  1   35.074   35.074  1
  860.0  860.0  1    7.613    7.613  1   35.075   35.075  1
  862.0  862.0  1    7.579    7.579  1   35.075   35.075  1
  864.0  864.0  1    7.539    7.539  1   35.077   35.077  1
  866.0  866.0  1    7.535    7.535  1   35.077   35.077  1
  868.0  868.0  1    7.505    7.505  1   35.079   35.079  1
  870.0  870.0  1    7.453    7.453  1   35.077   35.077  1
  872.0  872.0  1    7.430    7.430  1   35.074   35.074  1
  874.0  874.0  1    7.389    7.389  1   35.074   35.074  1
  876.0  876.0  1    7.338    7.338  1   35.075   35.075  1
  878.0  878.0  1    7.295    7.295  1   35.076   35.076  1
  880.0  880.0  1    7.268    7.268  1   35.076   35.076  1
  882.0  882.0  1    7.247    7.247  1   35.076   35.076  1
  884.0  884.0  1    7.207    7.207  1   35.080   35.080  1
  886.0  886.0  1    7.192    7.192  1   35.084   35.084  1
  888.0  888.0  1    7.175    7.175  1   35.085   35.085  1
  890.0  890.0  1    7.156    7.156  1   35.085   35.085  1
  892.0  892.0  1    7.117    7.117  1   35.084   35.084  1
  894.0  894.0  1    7.073    7.073  1   35.083   35.083  1
  896.0  896.0  1    7.039    7.039  1   35.080   35.080  1
  898.0  898.0  1    6.997    6.997  1   35.077   35.077  1
  900.0  900.0  1    6.931    6.931  1   35.076   35.076  1
  902.0  902.0  1    6.885    6.885  1   35.075   35.075  1
  904.0  904.0  1    6.871    6.871  1   35.074   35.074  1
  906.0  906.0  1    6.830    6.830  1   35.075   35.075  1
  908.0  908.0  1    6.794    6.794  1   35.075   35.075  1
  910.0  910.0  1    6.774    6.774  1   35.075   35.075  1
  912.0  912.0  1    6.756    6.756  1   35.074   35.074  1
  914.0  914.0  1    6.712    6.712  1   35.075   35.075  1
  916.0  916.0  1    6.663    6.663  1   35.076   35.076  1
  918.0  918.0  1    6.621    6.621  1   35.076   35.076  1
  920.0  920.0  1    6.597    6.597  1   35.076   35.076  1
  922.0  922.0  1    6.572    6.572  1   35.077   35.077  1
  924.0  924.0  1    6.544    6.544  1   35.077   35.077  1
  926.0  926.0  1    6.529    6.529  1   35.077   35.077  1
  928.0  928.0  1    6.520    6.520  1   35.077   35.077  1
  930.0  930.0  1    6.493    6.493  1   35.077   35.077  1
  932.0  932.0  1    6.464    6.464  1   35.078   35.078  1
  934.0  934.0  1    6.455    6.455  1   35.078   35.078  1
  936.1  936.1  1    6.444    6.444  1   35.077   35.077  1
  938.0  938.0  1    6.410    6.410  1   35.077   35.077  1
  940.0  940.0  1    6.373    6.373  1   35.077   35.077  1
  942.0  942.0  1    6.354    6.354  1   35.077   35.077  1
  944.0  944.0  1    6.331    6.331  1   35.077   35.077  1
  946.0  946.0  1    6.301    6.301  1   35.077   35.077  1
  948.0  948.0  1    6.283    6.283  1   35.079   35.079  1
  950.0  950.0  1    6.249    6.249  1   35.081   35.081  1
  952.0  952.0  1    6.215    6.215  1   35.081   35.081  1
  954.0  954.0  1    6.203    6.203  1   35.080   35.080  1
  956.0  956.0  1    6.191    6.191  1   35.080   35.080  1
  958.0  958.0  1    6.178    6.178  1   35.080   35.080  1
  960.0  960.0  1    6.167    6.167  1   35.080   35.080  1
  962.0  962.0  1    6.152    6.152  1   35.079   35.079  1
  964.0  964.0  1    6.134    6.134  1   35.078   35.078  1
  966.0  966.0  1    6.089    6.089  1   35.078   35.078  1
  968.0  968.0  1    6.068    6.068  1   35.078   35.078  1
  970.0  970.0  1    6.046    6.046  1   35.078   35.078  1
  972.0  972.0  1    6.031    6.031  1   35.077   35.077  1
  974.0  974.0  1    6.018    6.018  1   35.077   35.077  1
  976.0  976.0  1    6.011    6.011  1   35.077   35.077  1
  978.0  978.0  1    5.999    5.999  1   35.076   35.076  1
  980.0  980.0  1    5.985    5.985  1   35.076   35.076  1
  982.0  982.0  1    5.972    5.972  1   35.075   35.075  1
  984.0  984.0  1    5.953    5.953  1   35.074   35.074  1
  986.0  986.0  1    5.924    5.924  1   35.074   35.074  1
  988.0  988.0  1    5.890    5.890  1   35.074   35.074  1
  990.0  990.0  1    5.880    5.880  1   35.073   35.073  1
  992.0  992.0  1    5.876    5.876  1   35.073   35.073  1
  994.0  994.0  1    5.874    5.874  1   35.073   35.073  1
  996.0  996.0  1    5.849    5.849  1   35.072   35.072  1
  998.0  998.0  1    5.819    5.819  1   35.072   35.072  1
 1000.0 1000.0  1    5.792    5.792  1   35.071   35.071  1
 1002.0 1002.0  1    5.779    5.779  1   35.071   35.071  1
 1004.0 1004.0  1    5.777    5.777  1   35.071   35.071  1
 1006.0 1006.0  1    5.775    5.775  1   35.071   35.071  1
 1008.0 1008.0  1    5.767    5.767  1   35.070   35.070  1
 1010.3 1010.3  1    5.703    5.703  1   35.070   35.070  1
 1012.0 1012.0  1    5.697    5.697  1   35.070   35.070  1
 1014.2 1014.2  1    5.701    5.701  1   35.070   35.070  1
