*SoftWare Version 3.0  2018/12/27

*HEADER
     PLATFORM NUMBER       :4902106
     CYCLE NUMBER          :154
     DATE CREATION         :20191212060028
     DATE UPDATE           :20191212060028
     PROJECT NAME          :US ARGO PROJECT
     PI NAME               :BRECK OWENS, STEVEN JAYNE, P.E. ROBBINS
     INSTRUMENT TYPE       :S2A
     FLOAT SERIAL NO       :7318
     FIRMWARE VERSION      :SBE602 ARM_v2.0_xmsg_ve
     WMO INSTRUMENT TYPE   :854
     TRANSMISSION SYSTEM   :IRIDIUM
     POSITIONING SYSTEM    :GPS
     SAMPLE DIRECTION      :A(A=Ascend; D=Descend)
     DATA MODE             :R(R=Real Time; D=Delayed Mode; A=Real Time Adjusted)
     JULIAN DAY            :25537.2283 (days since 1950-01-01 00:00:00 UTC)
     DATE                  :2019-12-02
     QC FLAG FOR DATE      :1
*LOCATION
     LATITUDE              :42.074
     LONGITUDE             :-33.488
     QC FLAG FOR LOCATION  :1
*FILE
     COLUMN 1              :Pressure (dbar)                             F7.1
     COLUMN 2              :Corrected Pressure (dbar)                   F7.1
     COLUMN 3              :Quality on Pressure                         I3
     COLUMN 4              :Temperature (degree_Celsius)                F9.3
     COLUMN 5              :Corrected Temperature (degree_Celsius)      F9.3
     COLUMN 6              :Quality on Temperature                      I3
     COLUMN 7              :Salinity (PSU)                              F9.3
     COLUMN 8              :Corrected Salinity (PSU)                    F9.3
     COLUMN 9              :Quality on Salinity                         I3
==========================================================================
    1.1    1.1  1   19.266   19.266  1   36.182   36.182  2
    1.9    1.9  1   19.267   19.267  1   36.182   36.182  2
    3.0    3.0  1   19.268   19.268  1   36.182   36.182  2
    4.0    4.0  1   19.271   19.271  1   36.182   36.182  2
    5.0    5.0  1   19.274   19.274  1   36.183   36.183  2
    6.0    6.0  1   19.275   19.275  1   36.182   36.182  2
    7.0    7.0  1   19.277   19.277  1   36.183   36.183  2
    7.9    7.9  1   19.279   19.279  1   36.182   36.182  2
    8.9    8.9  1   19.279   19.279  1   36.182   36.182  2
   10.2   10.2  1   19.276   19.276  1   36.182   36.182  2
   12.0   12.0  1   19.275   19.275  1   36.182   36.182  2
   14.0   14.0  1   19.275   19.275  1   36.181   36.181  2
   16.0   16.0  1   19.273   19.273  1   36.180   36.180  2
   18.0   18.0  1   19.271   19.271  1   36.180   36.180  2
   20.0   20.0  1   19.262   19.262  1   36.177   36.177  2
   22.0   22.0  1   19.261   19.261  1   36.177   36.177  2
   24.0   24.0  1   19.250   19.250  1   36.175   36.175  2
   26.1   26.1  1   19.249   19.249  1   36.174   36.174  2
   28.0   28.0  1   19.247   19.247  1   36.173   36.173  2
   30.0   30.0  1   19.248   19.248  1   36.174   36.174  2
   32.0   32.0  1   19.247   19.247  1   36.173   36.173  2
   34.1   34.1  1   19.247   19.247  1   36.172   36.172  2
   36.0   36.0  1   19.244   19.244  1   36.172   36.172  2
   38.0   38.0  1   19.250   19.250  1   36.174   36.174  2
   40.0   40.0  1   19.252   19.252  1   36.173   36.173  2
   42.0   42.0  1   19.235   19.235  1   36.168   36.168  2
   44.0   44.0  1   19.224   19.224  1   36.167   36.167  2
   45.9   45.9  1   19.213   19.213  1   36.165   36.165  2
   47.9   47.9  1   19.205   19.205  1   36.163   36.163  2
   49.9   49.9  1   19.192   19.192  1   36.160   36.160  2
   51.9   51.9  1   19.192   19.192  1   36.160   36.160  2
   54.0   54.0  1   19.189   19.189  1   36.159   36.159  2
   56.0   56.0  1   19.178   19.178  1   36.157   36.157  2
   58.0   58.0  1   19.175   19.175  1   36.156   36.156  2
   60.0   60.0  1   19.170   19.170  1   36.156   36.156  2
   62.0   62.0  1   19.152   19.152  1   36.155   36.155  2
   64.0   64.0  1   19.131   19.131  1   36.152   36.152  2
   66.0   66.0  1   19.099   19.099  1   36.151   36.151  2
   68.0   68.0  1   19.078   19.078  1   36.164   36.164  2
   70.0   70.0  1   19.193   19.193  1   36.230   36.230  2
   72.0   72.0  1   19.266   19.266  1   36.280   36.280  2
   74.0   74.0  1   19.338   19.338  1   36.366   36.366  2
   75.9   75.9  1   19.409   19.409  1   36.491   36.491  2
   77.9   77.9  1   19.446   19.446  1   36.589   36.589  2
   80.0   80.0  1   19.430   19.430  1   36.665   36.665  2
   82.0   82.0  1   19.371   19.371  1   36.670   36.670  2
   84.0   84.0  1   19.272   19.272  1   36.670   36.670  2
   86.0   86.0  1   19.230   19.230  1   36.671   36.671  2
   88.1   88.1  1   19.205   19.205  1   36.675   36.675  2
   90.0   90.0  1   19.195   19.195  1   36.676   36.676  2
   92.0   92.0  1   19.170   19.170  1   36.675   36.675  2
   94.1   94.1  1   19.103   19.103  1   36.676   36.676  2
   96.0   96.0  1   19.031   19.031  1   36.674   36.674  2
   98.0   98.0  1   18.950   18.950  1   36.670   36.670  2
  100.0  100.0  1   18.907   18.907  1   36.665   36.665  2
  102.0  102.0  1   18.857   18.857  1   36.659   36.659  2
  104.0  104.0  1   18.828   18.828  1   36.654   36.654  2
  106.0  106.0  1   18.816   18.816  1   36.651   36.651  2
  108.0  108.0  1   18.787   18.787  1   36.646   36.646  2
  110.0  110.0  1   18.724   18.724  1   36.637   36.637  2
  112.1  112.1  1   18.621   18.621  1   36.626   36.626  2
  114.0  114.0  1   18.588   18.588  1   36.623   36.623  2
  116.0  116.0  1   18.562   18.562  1   36.619   36.619  2
  118.0  118.0  1   18.541   18.541  1   36.616   36.616  2
  119.9  119.9  1   18.521   18.521  1   36.613   36.613  2
  121.9  121.9  1   18.473   18.473  1   36.610   36.610  2
  124.0  124.0  1   18.406   18.406  1   36.602   36.602  2
  126.1  126.1  1   18.358   18.358  1   36.598   36.598  2
  128.1  128.1  1   18.312   18.312  1   36.593   36.593  2
  130.0  130.0  1   18.302   18.302  1   36.591   36.591  2
  132.0  132.0  1   18.298   18.298  1   36.589   36.589  2
  134.0  134.0  1   18.286   18.286  1   36.587   36.587  2
  136.0  136.0  1   18.224   18.224  1   36.577   36.577  2
  138.0  138.0  1   18.149   18.149  1   36.564   36.564  2
  140.0  140.0  1   18.102   18.102  1   36.556   36.556  2
  142.0  142.0  1   18.001   18.001  1   36.540   36.540  2
  144.0  144.0  1   17.975   17.975  1   36.535   36.535  2
  146.0  146.0  1   17.957   17.957  1   36.532   36.532  2
  148.0  148.0  1   17.924   17.924  1   36.526   36.526  2
  150.0  150.0  1   17.914   17.914  1   36.524   36.524  2
  152.0  152.0  1   17.917   17.917  1   36.524   36.524  2
  153.9  153.9  1   17.904   17.904  1   36.523   36.523  2
  156.0  156.0  1   17.876   17.876  1   36.519   36.519  2
  158.1  158.1  1   17.852   17.852  1   36.514   36.514  2
  160.1  160.1  1   17.768   17.768  1   36.502   36.502  2
  162.0  162.0  1   17.716   17.716  1   36.492   36.492  2
  163.9  163.9  1   17.675   17.675  1   36.487   36.487  2
  166.0  166.0  1   17.631   17.631  1   36.480   36.480  2
  167.9  167.9  1   17.582   17.582  1   36.472   36.472  2
  169.9  169.9  1   17.489   17.489  1   36.455   36.455  2
  172.0  172.0  1   17.444   17.444  1   36.447   36.447  2
  174.1  174.1  1   17.369   17.369  1   36.434   36.434  2
  176.0  176.0  1   17.318   17.318  1   36.426   36.426  2
  178.0  178.0  1   17.283   17.283  1   36.420   36.420  2
  180.0  180.0  1   17.238   17.238  1   36.412   36.412  2
  182.0  182.0  1   17.180   17.180  1   36.403   36.403  2
  184.0  184.0  1   17.138   17.138  1   36.397   36.397  2
  186.0  186.0  1   17.132   17.132  1   36.396   36.396  2
  188.0  188.0  1   17.084   17.084  1   36.389   36.389  2
  189.9  189.9  1   17.044   17.044  1   36.384   36.384  2
  192.0  192.0  1   17.013   17.013  1   36.381   36.381  2
  194.0  194.0  1   16.950   16.950  1   36.371   36.371  2
  196.0  196.0  1   16.898   16.898  1   36.363   36.363  2
  198.0  198.0  1   16.863   16.863  1   36.359   36.359  2
  200.0  200.0  1   16.808   16.808  1   36.351   36.351  2
  202.0  202.0  1   16.780   16.780  1   36.347   36.347  2
  204.0  204.0  1   16.762   16.762  1   36.345   36.345  2
  206.0  206.0  1   16.738   16.738  1   36.341   36.341  2
  208.0  208.0  1   16.724   16.724  1   36.340   36.340  2
  210.0  210.0  1   16.703   16.703  1   36.338   36.338  2
  212.0  212.0  1   16.688   16.688  1   36.336   36.336  2
  213.9  213.9  1   16.678   16.678  1   36.336   36.336  2
  216.0  216.0  1   16.652   16.652  1   36.333   36.333  2
  218.1  218.1  1   16.629   16.629  1   36.331   36.331  2
  220.1  220.1  1   16.624   16.624  1   36.334   36.334  2
  222.0  222.0  1   16.626   16.626  1   36.334   36.334  2
  224.0  224.0  1   16.626   16.626  1   36.335   36.335  2
  226.0  226.0  1   16.617   16.617  1   36.336   36.336  2
  228.0  228.0  1   16.604   16.604  1   36.337   36.337  2
  230.0  230.0  1   16.587   16.587  1   36.337   36.337  2
  232.0  232.0  1   16.580   16.580  1   36.337   36.337  2
  233.9  233.9  1   16.564   16.564  1   36.336   36.336  2
  235.9  235.9  1   16.545   16.545  1   36.334   36.334  2
  237.9  237.9  1   16.535   16.535  1   36.334   36.334  2
  239.9  239.9  1   16.545   16.545  1   36.340   36.340  2
  241.9  241.9  1   16.547   16.547  1   36.342   36.342  2
  244.0  244.0  1   16.551   16.551  1   36.349   36.349  2
  246.0  246.0  1   16.545   16.545  1   36.349   36.349  2
  248.1  248.1  1   16.552   16.552  1   36.352   36.352  2
  250.0  250.0  1   16.562   16.562  1   36.356   36.356  2
  252.0  252.0  1   16.573   16.573  1   36.362   36.362  2
  254.1  254.1  1   16.549   16.549  1   36.358   36.358  2
  256.0  256.0  1   16.545   16.545  1   36.357   36.357  2
  257.9  257.9  1   16.525   16.525  1   36.353   36.353  2
  260.0  260.0  1   16.514   16.514  1   36.350   36.350  2
  262.0  262.0  1   16.514   16.514  1   36.353   36.353  2
  264.0  264.0  1   16.508   16.508  1   36.352   36.352  2
  266.0  266.0  1   16.495   16.495  1   36.349   36.349  2
  268.0  268.0  1   16.480   16.480  1   36.345   36.345  2
  269.9  269.9  1   16.460   16.460  1   36.339   36.339  2
  271.9  271.9  1   16.372   16.372  1   36.320   36.320  2
  274.0  274.0  1   16.331   16.331  1   36.308   36.308  2
  276.0  276.0  1   16.302   16.302  1   36.300   36.300  2
  278.0  278.0  1   16.261   16.261  1   36.289   36.289  2
  280.1  280.1  1   16.199   16.199  1   36.275   36.275  2
  282.1  282.1  1   16.156   16.156  1   36.266   36.266  2
  284.1  284.1  1   16.132   16.132  1   36.261   36.261  2
  286.0  286.0  1   16.118   16.118  1   36.258   36.258  2
  288.0  288.0  1   16.107   16.107  1   36.256   36.256  2
  290.0  290.0  1   16.074   16.074  1   36.250   36.250  2
  292.0  292.0  1   16.054   16.054  1   36.244   36.244  2
  294.0  294.0  1   16.034   16.034  1   36.239   36.239  2
  296.0  296.0  1   16.003   16.003  1   36.234   36.234  2
  298.1  298.1  1   15.970   15.970  1   36.228   36.228  2
  300.1  300.1  1   15.950   15.950  1   36.224   36.224  2
  302.0  302.0  1   15.930   15.930  1   36.220   36.220  2
  303.9  303.9  1   15.915   15.915  1   36.218   36.218  2
  305.9  305.9  1   15.904   15.904  1   36.217   36.217  2
  307.8  307.8  1   15.880   15.880  1   36.213   36.213  2
  309.8  309.8  1   15.858   15.858  1   36.209   36.209  2
  311.8  311.8  1   15.846   15.846  1   36.206   36.206  2
  313.9  313.9  1   15.818   15.818  1   36.200   36.200  2
  315.9  315.9  1   15.775   15.775  1   36.191   36.191  2
  318.0  318.0  1   15.735   15.735  1   36.184   36.184  2
  320.0  320.0  1   15.715   15.715  1   36.180   36.180  2
  322.0  322.0  1   15.689   15.689  1   36.175   36.175  2
  323.9  323.9  1   15.658   15.658  1   36.168   36.168  2
  326.0  326.0  1   15.648   15.648  1   36.165   36.165  2
  328.1  328.1  1   15.640   15.640  1   36.163   36.163  2
  330.1  330.1  1   15.633   15.633  1   36.161   36.161  2
  332.0  332.0  1   15.626   15.626  1   36.159   36.159  2
  333.9  333.9  1   15.605   15.605  1   36.154   36.154  2
  335.9  335.9  1   15.567   15.567  1   36.146   36.146  2
  337.9  337.9  1   15.550   15.550  1   36.141   36.141  2
  339.9  339.9  1   15.507   15.507  1   36.131   36.131  2
  342.0  342.0  1   15.429   15.429  1   36.116   36.116  2
  344.0  344.0  1   15.327   15.327  1   36.097   36.097  2
  346.1  346.1  1   15.289   15.289  1   36.087   36.087  2
  348.0  348.0  1   15.277   15.277  1   36.084   36.084  2
  349.9  349.9  1   15.259   15.259  1   36.079   36.079  2
  351.9  351.9  1   15.223   15.223  1   36.071   36.071  2
  354.0  354.0  1   15.162   15.162  1   36.057   36.057  2
  355.9  355.9  1   15.108   15.108  1   36.046   36.046  2
  357.9  357.9  1   15.088   15.088  1   36.042   36.042  2
  359.9  359.9  1   15.055   15.055  1   36.036   36.036  2
  362.0  362.0  1   15.033   15.033  1   36.032   36.032  2
  364.1  364.1  1   15.024   15.024  1   36.028   36.028  2
  366.1  366.1  1   14.962   14.962  1   36.019   36.019  2
  368.1  368.1  1   14.904   14.904  1   36.011   36.011  2
  370.1  370.1  1   14.844   14.844  1   36.001   36.001  2
  372.1  372.1  1   14.827   14.827  1   35.997   35.997  2
  374.1  374.1  1   14.815   14.815  1   35.994   35.994  2
  376.1  376.1  1   14.810   14.810  1   35.993   35.993  2
  378.1  378.1  1   14.774   14.774  1   35.986   35.986  2
  380.0  380.0  1   14.725   14.725  1   35.978   35.978  2
  382.0  382.0  1   14.659   14.659  1   35.970   35.970  2
  384.0  384.0  1   14.613   14.613  1   35.965   35.965  2
  386.0  386.0  1   14.607   14.607  1   35.964   35.964  2
  388.0  388.0  1   14.598   14.598  1   35.963   35.963  2
  390.0  390.0  1   14.573   14.573  1   35.960   35.960  2
  391.9  391.9  1   14.561   14.561  1   35.959   35.959  2
  394.0  394.0  1   14.538   14.538  1   35.957   35.957  2
  396.1  396.1  1   14.524   14.524  1   35.956   35.956  2
  398.1  398.1  1   14.522   14.522  1   35.955   35.955  2
  400.0  400.0  1   14.512   14.512  1   35.953   35.953  2
  402.0  402.0  1   14.502   14.502  1   35.951   35.951  2
  404.0  404.0  1   14.493   14.493  1   35.949   35.949  2
  406.0  406.0  1   14.460   14.460  1   35.942   35.942  2
  408.0  408.0  1   14.367   14.367  1   35.926   35.926  2
  410.0  410.0  1   14.326   14.326  1   35.918   35.918  2
  412.0  412.0  1   14.221   14.221  1   35.900   35.900  2
  414.1  414.1  1   14.164   14.164  1   35.889   35.889  2
  416.0  416.0  1   14.148   14.148  1   35.885   35.885  2
  418.0  418.0  1   14.140   14.140  1   35.883   35.883  2
  420.0  420.0  1   14.126   14.126  1   35.879   35.879  2
  422.0  422.0  1   14.090   14.090  1   35.873   35.873  2
  424.0  424.0  1   14.049   14.049  1   35.864   35.864  2
  426.0  426.0  1   13.949   13.949  1   35.852   35.852  2
  428.0  428.0  1   13.921   13.921  1   35.847   35.847  2
  430.0  430.0  1   13.908   13.908  1   35.851   35.851  2
  432.1  432.1  1   13.838   13.838  1   35.838   35.838  2
  434.0  434.0  1   13.775   13.775  1   35.823   35.823  2
  436.0  436.0  1   13.752   13.752  1   35.817   35.817  2
  438.0  438.0  1   13.718   13.718  1   35.810   35.810  2
  440.0  440.0  1   13.686   13.686  1   35.803   35.803  2
  441.9  441.9  1   13.660   13.660  1   35.797   35.797  2
  444.0  444.0  1   13.649   13.649  1   35.794   35.794  2
  446.0  446.0  1   13.639   13.639  1   35.791   35.791  2
  447.9  447.9  1   13.607   13.607  1   35.786   35.786  2
  450.0  450.0  1   13.578   13.578  1   35.781   35.781  2
  452.0  452.0  1   13.529   13.529  1   35.774   35.774  2
  454.0  454.0  1   13.500   13.500  1   35.769   35.769  2
  456.0  456.0  1   13.492   13.492  1   35.771   35.771  2
  457.9  457.9  1   13.491   13.491  1   35.774   35.774  2
  460.0  460.0  1   13.497   13.497  1   35.782   35.782  2
  462.0  462.0  1   13.467   13.467  1   35.784   35.784  2
  464.0  464.0  1   13.432   13.432  1   35.780   35.780  2
  466.0  466.0  1   13.414   13.414  1   35.777   35.777  2
  468.0  468.0  1   13.382   13.382  1   35.772   35.772  2
  469.9  469.9  1   13.355   13.355  1   35.768   35.768  2
  472.0  472.0  1   13.342   13.342  1   35.765   35.765  2
  474.0  474.0  1   13.291   13.291  1   35.757   35.757  2
  475.9  475.9  1   13.254   13.254  1   35.751   35.751  2
  478.0  478.0  1   13.201   13.201  1   35.742   35.742  2
  480.1  480.1  1   13.171   13.171  1   35.736   35.736  2
  482.0  482.0  1   13.135   13.135  1   35.730   35.730  2
  484.0  484.0  1   13.112   13.112  1   35.726   35.726  2
  486.0  486.0  1   13.087   13.087  1   35.721   35.721  2
  488.1  488.1  1   13.050   13.050  1   35.715   35.715  2
  490.0  490.0  1   13.024   13.024  1   35.712   35.712  2
  492.0  492.0  1   12.944   12.944  1   35.699   35.699  2
  494.0  494.0  1   12.855   12.855  1   35.681   35.681  2
  496.0  496.0  1   12.769   12.769  1   35.664   35.664  2
  498.0  498.0  1   12.733   12.733  1   35.655   35.655  2
  500.0  500.0  1   12.699   12.699  1   35.647   35.647  2
  502.0  502.0  1   12.648   12.648  1   35.637   35.637  2
  504.0  504.0  1   12.576   12.576  1   35.627   35.627  2
  506.0  506.0  1   12.550   12.550  1   35.622   35.622  2
  508.0  508.0  1   12.531   12.531  1   35.618   35.618  2
  510.0  510.0  1   12.514   12.514  1   35.616   35.616  2
  512.0  512.0  1   12.508   12.508  1   35.620   35.620  2
  514.0  514.0  1   12.506   12.506  1   35.624   35.624  2
  516.0  516.0  1   12.465   12.465  1   35.618   35.618  2
  518.0  518.0  1   12.427   12.427  1   35.610   35.610  2
  520.0  520.0  1   12.338   12.338  1   35.598   35.598  2
  522.0  522.0  1   12.293   12.293  1   35.591   35.591  2
  524.0  524.0  1   12.280   12.280  1   35.595   35.595  2
  526.0  526.0  1   12.268   12.268  1   35.594   35.594  2
  528.0  528.0  1   12.186   12.186  1   35.581   35.581  2
  530.0  530.0  1   12.141   12.141  1   35.573   35.573  2
  532.1  532.1  1   12.125   12.125  1   35.571   35.571  2
  534.1  534.1  1   12.091   12.091  1   35.567   35.567  2
  536.0  536.0  1   12.073   12.073  1   35.566   35.566  2
  537.9  537.9  1   12.045   12.045  1   35.563   35.563  2
  540.0  540.0  1   11.990   11.990  1   35.554   35.554  2
  542.0  542.0  1   11.947   11.947  1   35.547   35.547  2
  544.0  544.0  1   11.899   11.899  1   35.540   35.540  2
  546.1  546.1  1   11.784   11.784  1   35.528   35.528  2
  548.0  548.0  1   11.745   11.745  1   35.523   35.523  2
  549.9  549.9  1   11.731   11.731  1   35.521   35.521  2
  552.0  552.0  1   11.686   11.686  1   35.515   35.515  2
  554.0  554.0  1   11.655   11.655  1   35.510   35.510  2
  556.0  556.0  1   11.608   11.608  1   35.505   35.505  2
  558.0  558.0  1   11.577   11.577  1   35.502   35.502  2
  560.0  560.0  1   11.542   11.542  1   35.497   35.497  2
  562.0  562.0  1   11.469   11.469  1   35.490   35.490  2
  564.0  564.0  1   11.415   11.415  1   35.481   35.481  2
  566.0  566.0  1   11.371   11.371  1   35.475   35.475  2
  568.0  568.0  1   11.367   11.367  1   35.475   35.475  2
  570.0  570.0  1   11.341   11.341  1   35.474   35.474  2
  572.0  572.0  1   11.330   11.330  1   35.475   35.475  2
  574.0  574.0  1   11.320   11.320  1   35.475   35.475  2
  576.0  576.0  1   11.302   11.302  1   35.474   35.474  2
  578.0  578.0  1   11.284   11.284  1   35.475   35.475  2
  580.0  580.0  1   11.246   11.246  1   35.472   35.472  2
  582.0  582.0  1   11.223   11.223  1   35.469   35.469  2
  584.1  584.1  1   11.200   11.200  1   35.466   35.466  2
  586.0  586.0  1   11.193   11.193  1   35.467   35.467  2
  588.0  588.0  1   11.175   11.175  1   35.465   35.465  2
  590.0  590.0  1   11.148   11.148  1   35.461   35.461  2
  592.0  592.0  1   11.131   11.131  1   35.458   35.458  2
  594.1  594.1  1   11.119   11.119  1   35.456   35.456  2
  596.1  596.1  1   11.090   11.090  1   35.452   35.452  2
  598.0  598.0  1   11.010   11.010  1   35.443   35.443  2
  599.9  599.9  1   10.978   10.978  1   35.439   35.439  2
  602.0  602.0  1   10.963   10.963  1   35.438   35.438  2
  604.0  604.0  1   10.947   10.947  1   35.439   35.439  2
  606.0  606.0  1   10.955   10.955  1   35.441   35.441  2
  608.0  608.0  1   10.910   10.910  1   35.440   35.440  2
  610.0  610.0  1   10.881   10.881  1   35.436   35.436  2
  612.1  612.1  1   10.857   10.857  1   35.434   35.434  2
  614.0  614.0  1   10.816   10.816  1   35.429   35.429  2
  615.9  615.9  1   10.795   10.795  1   35.428   35.428  2
  618.0  618.0  1   10.774   10.774  1   35.428   35.428  2
  620.0  620.0  1   10.740   10.740  1   35.426   35.426  2
  621.9  621.9  1   10.703   10.703  1   35.421   35.421  2
  624.0  624.0  1   10.674   10.674  1   35.416   35.416  2
  626.0  626.0  1   10.617   10.617  1   35.409   35.409  2
  628.0  628.0  1   10.581   10.581  1   35.404   35.404  2
  629.9  629.9  1   10.569   10.569  1   35.402   35.402  2
  631.9  631.9  1   10.557   10.557  1   35.400   35.400  2
  633.9  633.9  1   10.521   10.521  1   35.396   35.396  2
  636.0  636.0  1   10.491   10.491  1   35.392   35.392  2
  638.1  638.1  1   10.459   10.459  1   35.388   35.388  2
  640.0  640.0  1   10.433   10.433  1   35.384   35.384  2
  642.0  642.0  1   10.394   10.394  1   35.381   35.381  2
  644.1  644.1  1   10.367   10.367  1   35.377   35.377  2
  646.1  646.1  1   10.359   10.359  1   35.375   35.375  2
  648.1  648.1  1   10.311   10.311  1   35.370   35.370  2
  650.1  650.1  1   10.283   10.283  1   35.366   35.366  2
  652.1  652.1  1   10.232   10.232  1   35.360   35.360  2
  654.1  654.1  1   10.161   10.161  1   35.351   35.351  2
  656.0  656.0  1   10.115   10.115  1   35.344   35.344  2
  657.9  657.9  1   10.058   10.058  1   35.336   35.336  2
  659.9  659.9  1    9.995    9.995  1   35.327   35.327  2
  661.9  661.9  1    9.850    9.850  1   35.307   35.307  2
  664.0  664.0  1    9.777    9.777  1   35.297   35.297  2
  666.0  666.0  1    9.761    9.761  1   35.294   35.294  2
  667.9  667.9  1    9.750    9.750  1   35.293   35.293  2
  669.9  669.9  1    9.718    9.718  1   35.288   35.288  2
  671.9  671.9  1    9.683    9.683  1   35.285   35.285  2
  673.9  673.9  1    9.626    9.626  1   35.278   35.278  2
  676.0  676.0  1    9.573    9.573  1   35.272   35.272  2
  678.0  678.0  1    9.525    9.525  1   35.267   35.267  2
  680.0  680.0  1    9.511    9.511  1   35.265   35.265  2
  682.0  682.0  1    9.503    9.503  1   35.263   35.263  2
  684.0  684.0  1    9.479    9.479  1   35.259   35.259  2
  685.9  685.9  1    9.417    9.417  1   35.254   35.254  2
  688.0  688.0  1    9.368    9.368  1   35.248   35.248  2
  690.0  690.0  1    9.294    9.294  1   35.245   35.245  2
  692.0  692.0  1    9.260    9.260  1   35.244   35.244  2
  694.0  694.0  1    9.252    9.252  1   35.246   35.246  2
  696.1  696.1  1    9.253    9.253  1   35.249   35.249  2
  698.0  698.0  1    9.252    9.252  1   35.250   35.250  2
  700.0  700.0  1    9.250    9.250  1   35.251   35.251  2
  702.0  702.0  1    9.263    9.263  1   35.264   35.264  2
  704.0  704.0  1    9.265    9.265  1   35.277   35.277  2
  706.0  706.0  1    9.251    9.251  1   35.278   35.278  2
  707.9  707.9  1    9.240    9.240  1   35.279   35.279  2
  710.0  710.0  1    9.227    9.227  1   35.279   35.279  2
  712.0  712.0  1    9.219    9.219  1   35.278   35.278  2
  714.0  714.0  1    9.216    9.216  1   35.278   35.278  2
  716.1  716.1  1    9.208    9.208  1   35.277   35.277  2
  718.0  718.0  1    9.203    9.203  1   35.276   35.276  2
  720.0  720.0  1    9.198    9.198  1   35.274   35.274  2
  722.1  722.1  1    9.180    9.180  1   35.271   35.271  2
  724.0  724.0  1    9.122    9.122  1   35.262   35.262  2
  726.0  726.0  1    8.955    8.955  1   35.241   35.241  2
  728.0  728.0  1    8.861    8.861  1   35.230   35.230  2
  730.0  730.0  1    8.816    8.816  1   35.225   35.225  2
  732.0  732.0  1    8.807    8.807  1   35.223   35.223  2
  734.0  734.0  1    8.796    8.796  1   35.221   35.221  2
  736.1  736.1  1    8.784    8.784  1   35.219   35.219  2
  738.0  738.0  1    8.746    8.746  1   35.214   35.214  2
  740.0  740.0  1    8.688    8.688  1   35.208   35.208  2
  742.0  742.0  1    8.667    8.667  1   35.205   35.205  2
  744.0  744.0  1    8.632    8.632  1   35.201   35.201  2
  746.0  746.0  1    8.504    8.504  1   35.201   35.201  2
  748.0  748.0  1    8.469    8.469  1   35.202   35.202  2
  750.0  750.0  1    8.463    8.463  1   35.202   35.202  2
  752.0  752.0  1    8.458    8.458  1   35.201   35.201  2
  754.0  754.0  1    8.435    8.435  1   35.202   35.202  2
  756.0  756.0  1    8.409    8.409  1   35.202   35.202  2
  758.0  758.0  1    8.387    8.387  1   35.202   35.202  2
  759.9  759.9  1    8.358    8.358  1   35.202   35.202  2
  762.0  762.0  1    8.321    8.321  1   35.201   35.201  2
  764.0  764.0  1    8.290    8.290  1   35.200   35.200  2
  765.9  765.9  1    8.285    8.285  1   35.200   35.200  2
  768.0  768.0  1    8.280    8.280  1   35.200   35.200  2
  770.0  770.0  1    8.267    8.267  1   35.199   35.199  2
  771.9  771.9  1    8.240    8.240  1   35.198   35.198  2
  774.0  774.0  1    8.217    8.217  1   35.199   35.199  2
  776.0  776.0  1    8.211    8.211  1   35.198   35.198  2
  778.1  778.1  1    8.199    8.199  1   35.197   35.197  2
  780.0  780.0  1    8.155    8.155  1   35.197   35.197  2
  782.0  782.0  1    8.095    8.095  1   35.197   35.197  2
  784.1  784.1  1    8.040    8.040  1   35.195   35.195  2
  786.0  786.0  1    8.026    8.026  1   35.194   35.194  2
  788.0  788.0  1    8.014    8.014  1   35.193   35.193  2
  790.0  790.0  1    8.004    8.004  1   35.193   35.193  2
  792.0  792.0  1    7.997    7.997  1   35.192   35.192  2
  794.0  794.0  1    7.980    7.980  1   35.191   35.191  2
  795.9  795.9  1    7.957    7.957  1   35.189   35.189  2
  797.9  797.9  1    7.909    7.909  1   35.187   35.187  2
  800.0  800.0  1    7.880    7.880  1   35.185   35.185  2
  802.0  802.0  1    7.878    7.878  1   35.185   35.185  2
  804.0  804.0  1    7.878    7.878  1   35.185   35.185  2
  806.0  806.0  1    7.856    7.856  1   35.183   35.183  2
  808.0  808.0  1    7.805    7.805  1   35.179   35.179  2
  810.0  810.0  1    7.783    7.783  1   35.175   35.175  2
  812.1  812.1  1    7.740    7.740  1   35.170   35.170  2
  814.0  814.0  1    7.624    7.624  1   35.160   35.160  2
  816.0  816.0  1    7.600    7.600  1   35.156   35.156  2
  818.0  818.0  1    7.567    7.567  1   35.152   35.152  2
  820.0  820.0  1    7.525    7.525  1   35.148   35.148  2
  822.0  822.0  1    7.514    7.514  1   35.150   35.150  2
  824.0  824.0  1    7.520    7.520  1   35.155   35.155  2
  826.0  826.0  1    7.505    7.505  1   35.164   35.164  2
  827.9  827.9  1    7.494    7.494  1   35.170   35.170  2
  830.0  830.0  1    7.494    7.494  1   35.174   35.174  2
  832.0  832.0  1    7.481    7.481  1   35.174   35.174  2
  834.0  834.0  1    7.462    7.462  1   35.174   35.174  2
  836.0  836.0  1    7.426    7.426  1   35.174   35.174  2
  838.0  838.0  1    7.394    7.394  1   35.172   35.172  2
  839.9  839.9  1    7.362    7.362  1   35.169   35.169  2
  842.0  842.0  1    7.355    7.355  1   35.168   35.168  2
  844.0  844.0  1    7.348    7.348  1   35.167   35.167  2
  846.1  846.1  1    7.337    7.337  1   35.167   35.167  2
  848.1  848.1  1    7.309    7.309  1   35.167   35.167  2
  850.0  850.0  1    7.293    7.293  1   35.167   35.167  2
  852.0  852.0  1    7.274    7.274  1   35.167   35.167  2
  854.1  854.1  1    7.256    7.256  1   35.166   35.166  2
  856.0  856.0  1    7.235    7.235  1   35.165   35.165  2
  858.0  858.0  1    7.204    7.204  1   35.162   35.162  2
  860.0  860.0  1    7.171    7.171  1   35.161   35.161  2
  862.0  862.0  1    7.127    7.127  1   35.159   35.159  2
  864.0  864.0  1    7.095    7.095  1   35.156   35.156  2
  866.0  866.0  1    7.025    7.025  1   35.150   35.150  2
  868.0  868.0  1    7.017    7.017  1   35.152   35.152  2
  869.9  869.9  1    7.006    7.006  1   35.152   35.152  2
  872.0  872.0  1    6.997    6.997  1   35.153   35.153  2
  874.0  874.0  1    6.994    6.994  1   35.153   35.153  2
  876.0  876.0  1    7.008    7.008  1   35.157   35.157  2
  878.0  878.0  1    7.019    7.019  1   35.163   35.163  2
  880.1  880.1  1    7.024    7.024  1   35.167   35.167  2
  882.0  882.0  1    7.023    7.023  1   35.168   35.168  2
  884.0  884.0  1    7.020    7.020  1   35.168   35.168  2
  886.0  886.0  1    7.015    7.015  1   35.169   35.169  2
  888.0  888.0  1    7.001    7.001  1   35.169   35.169  2
  890.0  890.0  1    6.995    6.995  1   35.171   35.171  2
  892.0  892.0  1    6.980    6.980  1   35.171   35.171  2
  894.0  894.0  1    6.970    6.970  1   35.171   35.171  2
  896.0  896.0  1    6.966    6.966  1   35.172   35.172  2
  898.0  898.0  1    6.958    6.958  1   35.171   35.171  2
  900.0  900.0  1    6.947    6.947  1   35.170   35.170  2
  902.0  902.0  1    6.933    6.933  1   35.168   35.168  2
  904.0  904.0  1    6.886    6.886  1   35.166   35.166  2
  906.0  906.0  1    6.878    6.878  1   35.169   35.169  2
  908.0  908.0  1    6.848    6.848  1   35.169   35.169  2
  910.1  910.1  1    6.847    6.847  1   35.171   35.171  2
  912.0  912.0  1    6.860    6.860  1   35.178   35.178  2
  914.0  914.0  1    6.840    6.840  1   35.178   35.178  2
  916.0  916.0  1    6.814    6.814  1   35.175   35.175  2
  917.9  917.9  1    6.789    6.789  1   35.173   35.173  2
  920.1  920.1  1    6.754    6.754  1   35.171   35.171  2
  922.0  922.0  1    6.746    6.746  1   35.172   35.172  2
  924.0  924.0  1    6.712    6.712  1   35.171   35.171  2
  926.0  926.0  1    6.683    6.683  1   35.170   35.170  2
  928.0  928.0  1    6.660    6.660  1   35.170   35.170  2
  930.0  930.0  1    6.641    6.641  1   35.171   35.171  2
  932.0  932.0  1    6.637    6.637  1   35.173   35.173  2
  934.0  934.0  1    6.637    6.637  1   35.175   35.175  2
  935.9  935.9  1    6.640    6.640  1   35.177   35.177  2
  938.0  938.0  1    6.644    6.644  1   35.181   35.181  2
  940.1  940.1  1    6.647    6.647  1   35.182   35.182  2
  942.0  942.0  1    6.649    6.649  1   35.183   35.183  2
  944.0  944.0  1    6.652    6.652  1   35.184   35.184  2
  946.0  946.0  1    6.655    6.655  1   35.185   35.185  2
  948.0  948.0  1    6.672    6.672  1   35.190   35.190  2
  950.0  950.0  1    6.676    6.676  1   35.194   35.194  2
  952.0  952.0  1    6.685    6.685  1   35.199   35.199  2
  954.0  954.0  1    6.692    6.692  1   35.204   35.204  2
  955.9  955.9  1    6.706    6.706  1   35.210   35.210  2
  958.0  958.0  1    6.710    6.710  1   35.213   35.213  2
  960.0  960.0  1    6.706    6.706  1   35.213   35.213  2
  962.0  962.0  1    6.706    6.706  1   35.215   35.215  2
  964.0  964.0  1    6.704    6.704  1   35.216   35.216  2
  966.0  966.0  1    6.693    6.693  1   35.217   35.217  2
  968.0  968.0  1    6.677    6.677  1   35.216   35.216  2
  970.0  970.0  1    6.664    6.664  1   35.217   35.217  2
  972.0  972.0  1    6.658    6.658  1   35.220   35.220  2
  973.9  973.9  1    6.644    6.644  1   35.220   35.220  2
  976.0  976.0  1    6.680    6.680  1   35.229   35.229  2
  978.0  978.0  1    6.679    6.679  1   35.230   35.230  2
  980.0  980.0  1    6.672    6.672  1   35.228   35.228  2
  982.0  982.0  1    6.609    6.609  1   35.221   35.221  2
  984.0  984.0  1    6.555    6.555  1   35.215   35.215  2
  985.9  985.9  1    6.550    6.550  1   35.214   35.214  2
  988.0  988.0  1    6.548    6.548  1   35.214   35.214  2
  990.0  990.0  1    6.548    6.548  1   35.215   35.215  2
  992.0  992.0  1    6.551    6.551  1   35.216   35.216  2
  994.0  994.0  1    6.504    6.504  1   35.212   35.212  2
  996.0  996.0  1    6.468    6.468  1   35.207   35.207  2
  998.0  998.0  1    6.454    6.454  1   35.206   35.206  2
 1000.0 1000.0  1    6.441    6.441  1   35.206   35.206  2
 1002.0 1002.0  1    6.435    6.435  1   35.206   35.206  2
 1004.0 1004.0  1    6.431    6.431  1   35.205   35.205  2
 1006.0 1006.0  1    6.425    6.425  1   35.205   35.205  2
 1008.1 1008.1  1    6.400    6.400  1   35.204   35.204  2
 1010.0 1010.0  1    6.381    6.381  1   35.203   35.203  2
 1012.0 1012.0  1    6.371    6.371  1   35.203   35.203  2
 1014.1 1014.1  1    6.366    6.366  1   35.203   35.203  2
 1016.1 1016.1  1    6.366    6.366  1   35.202   35.202  2
 1018.1 1018.1  1    6.350    6.350  1   35.201   35.201  2
 1020.0 1020.0  1    6.343    6.343  1   35.200   35.200  2
 1022.0 1022.0  1    6.336    6.336  1   35.200   35.200  2
 1024.0 1024.0  1    6.332    6.332  1   35.199   35.199  2
 1025.9 1025.9  1    6.327    6.327  1   35.198   35.198  2
 1028.0 1028.0  1    6.294    6.294  1   35.196   35.196  2
 1030.1 1030.1  1    6.265    6.265  1   35.194   35.194  2
 1032.1 1032.1  1    6.252    6.252  1   35.193   35.193  2
 1034.1 1034.1  1    6.219    6.219  1   35.191   35.191  2
 1036.0 1036.0  1    6.205    6.205  1   35.190   35.190  2
 1038.0 1038.0  1    6.204    6.204  1   35.191   35.191  2
 1040.0 1040.0  1    6.199    6.199  1   35.192   35.192  2
 1042.0 1042.0  1    6.168    6.168  1   35.190   35.190  2
 1044.0 1044.0  1    6.150    6.150  1   35.189   35.189  2
 1045.9 1045.9  1    6.139    6.139  1   35.188   35.188  2
 1047.9 1047.9  1    6.133    6.133  1   35.188   35.188  2
 1049.9 1049.9  1    6.126    6.126  1   35.187   35.187  2
 1051.9 1051.9  1    6.115    6.115  1   35.186   35.186  2
 1054.0 1054.0  1    6.097    6.097  1   35.185   35.185  2
 1056.0 1056.0  1    6.073    6.073  1   35.184   35.184  2
 1057.9 1057.9  1    6.059    6.059  1   35.183   35.183  2
 1060.0 1060.0  1    6.040    6.040  1   35.183   35.183  2
 1062.0 1062.0  1    6.024    6.024  1   35.183   35.183  2
 1064.0 1064.0  1    6.014    6.014  1   35.183   35.183  2
 1066.1 1066.1  1    6.013    6.013  1   35.184   35.184  2
 1068.0 1068.0  1    6.013    6.013  1   35.184   35.184  2
 1070.0 1070.0  1    6.012    6.012  1   35.185   35.185  2
 1072.0 1072.0  1    6.011    6.011  1   35.186   35.186  2
 1074.1 1074.1  1    6.000    6.000  1   35.186   35.186  2
 1076.0 1076.0  1    5.992    5.992  1   35.186   35.186  2
 1077.9 1077.9  1    5.985    5.985  1   35.187   35.187  2
 1080.0 1080.0  1    5.982    5.982  1   35.187   35.187  2
 1082.0 1082.0  1    5.979    5.979  1   35.187   35.187  2
 1084.0 1084.0  1    5.977    5.977  1   35.187   35.187  2
 1086.0 1086.0  1    5.976    5.976  1   35.187   35.187  2
 1088.0 1088.0  1    5.973    5.973  1   35.187   35.187  2
 1090.0 1090.0  1    5.964    5.964  1   35.189   35.189  2
 1092.0 1092.0  1    5.963    5.963  1   35.189   35.189  2
 1094.0 1094.0  1    5.963    5.963  1   35.189   35.189  2
 1096.0 1096.0  1    5.962    5.962  1   35.189   35.189  2
 1098.0 1098.0  1    5.960    5.960  1   35.190   35.190  2
 1100.0 1100.0  1    5.952    5.952  1   35.191   35.191  2
 1102.0 1102.0  1    5.951    5.951  1   35.193   35.193  2
 1104.0 1104.0  1    5.938    5.938  1   35.195   35.195  2
 1106.0 1106.0  1    5.927    5.927  1   35.195   35.195  2
 1108.0 1108.0  1    5.914    5.914  1   35.193   35.193  2
 1110.1 1110.1  1    5.881    5.881  1   35.191   35.191  2
 1112.0 1112.0  1    5.875    5.875  1   35.190   35.190  2
 1114.0 1114.0  1    5.853    5.853  1   35.188   35.188  2
 1116.0 1116.0  1    5.839    5.839  1   35.186   35.186  2
 1118.0 1118.0  1    5.837    5.837  1   35.186   35.186  2
 1120.0 1120.0  1    5.834    5.834  1   35.185   35.185  2
 1122.0 1122.0  1    5.824    5.824  1   35.183   35.183  2
 1124.0 1124.0  1    5.804    5.804  1   35.182   35.182  2
 1126.0 1126.0  1    5.779    5.779  1   35.179   35.179  2
 1128.0 1128.0  1    5.770    5.770  1   35.178   35.178  2
 1130.0 1130.0  1    5.770    5.770  1   35.178   35.178  2
 1132.0 1132.0  1    5.751    5.751  1   35.175   35.175  2
 1134.1 1134.1  1    5.736    5.736  1   35.174   35.174  2
 1136.0 1136.0  1    5.726    5.726  1   35.171   35.171  2
 1138.0 1138.0  1    5.679    5.679  1   35.166   35.166  2
 1140.0 1140.0  1    5.660    5.660  1   35.164   35.164  2
 1142.0 1142.0  1    5.657    5.657  1   35.164   35.164  2
 1144.0 1144.0  1    5.640    5.640  1   35.162   35.162  2
 1145.9 1145.9  1    5.617    5.617  1   35.159   35.159  2
 1148.0 1148.0  1    5.596    5.596  1   35.157   35.157  2
 1150.1 1150.1  1    5.574    5.574  1   35.156   35.156  2
 1152.0 1152.0  1    5.568    5.568  1   35.155   35.155  2
 1154.0 1154.0  1    5.565    5.565  1   35.155   35.155  2
 1156.0 1156.0  1    5.565    5.565  1   35.155   35.155  2
 1158.0 1158.0  1    5.550    5.550  1   35.155   35.155  2
 1160.0 1160.0  1    5.544    5.544  1   35.155   35.155  2
 1162.0 1162.0  1    5.545    5.545  1   35.157   35.157  2
 1164.0 1164.0  1    5.546    5.546  1   35.159   35.159  2
 1165.9 1165.9  1    5.546    5.546  1   35.160   35.160  2
 1167.9 1167.9  1    5.546    5.546  1   35.161   35.161  2
 1170.0 1170.0  1    5.544    5.544  1   35.162   35.162  2
 1172.0 1172.0  1    5.544    5.544  1   35.163   35.163  2
 1174.0 1174.0  1    5.544    5.544  1   35.163   35.163  2
 1176.0 1176.0  1    5.538    5.538  1   35.165   35.165  2
 1178.0 1178.0  1    5.530    5.530  1   35.164   35.164  2
 1180.0 1180.0  1    5.524    5.524  1   35.164   35.164  2
 1182.1 1182.1  1    5.513    5.513  1   35.165   35.165  2
 1184.1 1184.1  1    5.495    5.495  1   35.164   35.164  2
 1186.0 1186.0  1    5.484    5.484  1   35.163   35.163  2
 1187.9 1187.9  1    5.480    5.480  1   35.163   35.163  2
 1190.0 1190.0  1    5.478    5.478  1   35.163   35.163  2
 1192.0 1192.0  1    5.476    5.476  1   35.163   35.163  2
 1194.0 1194.0  1    5.475    5.475  1   35.162   35.162  2
 1196.0 1196.0  1    5.476    5.476  1   35.162   35.162  2
 1198.0 1198.0  1    5.475    5.475  1   35.162   35.162  2
 1200.0 1200.0  1    5.473    5.473  1   35.162   35.162  2
 1202.1 1202.1  1    5.470    5.470  1   35.161   35.161  2
 1204.0 1204.0  1    5.458    5.458  1   35.160   35.160  2
 1206.0 1206.0  1    5.430    5.430  1   35.157   35.157  2
 1208.0 1208.0  1    5.415    5.415  1   35.155   35.155  2
 1210.0 1210.0  1    5.389    5.389  1   35.152   35.152  2
 1212.0 1212.0  1    5.347    5.347  1   35.147   35.147  2
 1214.0 1214.0  1    5.338    5.338  1   35.146   35.146  2
 1216.0 1216.0  1    5.330    5.330  1   35.144   35.144  2
 1218.0 1218.0  1    5.324    5.324  1   35.144   35.144  2
 1220.1 1220.1  1    5.323    5.323  1   35.143   35.143  2
 1222.0 1222.0  1    5.321    5.321  1   35.143   35.143  2
 1224.0 1224.0  1    5.318    5.318  1   35.142   35.142  2
 1226.0 1226.0  1    5.298    5.298  1   35.140   35.140  2
 1228.0 1228.0  1    5.279    5.279  1   35.137   35.137  2
 1230.0 1230.0  1    5.275    5.275  1   35.136   35.136  2
 1232.0 1232.0  1    5.262    5.262  1   35.135   35.135  2
 1234.0 1234.0  1    5.251    5.251  1   35.133   35.133  2
 1236.0 1236.0  1    5.213    5.213  1   35.131   35.131  2
 1238.0 1238.0  1    5.198    5.198  1   35.130   35.130  2
 1240.0 1240.0  1    5.188    5.188  1   35.129   35.129  2
 1242.0 1242.0  1    5.183    5.183  1   35.129   35.129  2
 1244.0 1244.0  1    5.181    5.181  1   35.129   35.129  2
 1246.1 1246.1  1    5.179    5.179  1   35.129   35.129  2
 1248.0 1248.0  1    5.178    5.178  1   35.129   35.129  2
 1250.0 1250.0  1    5.177    5.177  1   35.129   35.129  2
 1252.0 1252.0  1    5.176    5.176  1   35.129   35.129  2
 1254.0 1254.0  1    5.174    5.174  1   35.129   35.129  2
 1256.0 1256.0  1    5.173    5.173  1   35.129   35.129  2
 1258.0 1258.0  1    5.171    5.171  1   35.128   35.128  2
 1260.0 1260.0  1    5.169    5.169  1   35.128   35.128  2
 1262.0 1262.0  1    5.167    5.167  1   35.128   35.128  2
 1264.0 1264.0  1    5.167    5.167  1   35.128   35.128  2
 1266.0 1266.0  1    5.166    5.166  1   35.128   35.128  2
 1268.0 1268.0  1    5.166    5.166  1   35.128   35.128  2
 1270.0 1270.0  1    5.165    5.165  1   35.128   35.128  2
 1271.9 1271.9  1    5.158    5.158  1   35.127   35.127  2
 1274.0 1274.0  1    5.137    5.137  1   35.126   35.126  2
 1276.0 1276.0  1    5.130    5.130  1   35.125   35.125  2
 1278.0 1278.0  1    5.125    5.125  1   35.124   35.124  2
 1280.0 1280.0  1    5.104    5.104  1   35.122   35.122  2
 1282.0 1282.0  1    5.074    5.074  1   35.119   35.119  2
 1284.0 1284.0  1    5.072    5.072  1   35.119   35.119  2
 1285.9 1285.9  1    5.071    5.071  1   35.118   35.118  2
 1288.0 1288.0  1    5.067    5.067  1   35.118   35.118  2
 1290.0 1290.0  1    5.061    5.061  1   35.117   35.117  2
 1292.0 1292.0  1    5.057    5.057  1   35.116   35.116  2
 1294.0 1294.0  1    5.040    5.040  1   35.114   35.114  2
 1296.0 1296.0  1    5.028    5.028  1   35.113   35.113  2
 1298.0 1298.0  1    5.042    5.042  1   35.116   35.116  2
 1300.0 1300.0  1    5.040    5.040  1   35.116   35.116  2
 1302.0 1302.0  1    5.013    5.013  1   35.114   35.114  2
 1304.0 1304.0  1    5.011    5.011  1   35.114   35.114  2
 1306.0 1306.0  1    5.012    5.012  1   35.114   35.114  2
 1308.0 1308.0  1    5.013    5.013  1   35.115   35.115  2
 1309.9 1309.9  1    5.014    5.014  1   35.115   35.115  2
 1312.0 1312.0  1    5.014    5.014  1   35.115   35.115  2
 1314.0 1314.0  1    5.015    5.015  1   35.115   35.115  2
 1316.0 1316.0  1    5.016    5.016  1   35.116   35.116  2
 1318.0 1318.0  1    5.016    5.016  1   35.116   35.116  2
 1320.0 1320.0  1    5.014    5.014  1   35.116   35.116  2
 1322.0 1322.0  1    5.008    5.008  1   35.115   35.115  2
 1324.0 1324.0  1    5.000    5.000  1   35.114   35.114  2
 1326.0 1326.0  1    4.994    4.994  1   35.114   35.114  2
 1328.0 1328.0  1    4.989    4.989  1   35.113   35.113  2
 1330.1 1330.1  1    4.983    4.983  1   35.112   35.112  2
 1332.0 1332.0  1    4.972    4.972  1   35.111   35.111  2
 1334.0 1334.0  1    4.967    4.967  1   35.110   35.110  2
 1336.1 1336.1  1    4.957    4.957  1   35.109   35.109  2
 1338.0 1338.0  1    4.954    4.954  1   35.109   35.109  2
 1340.0 1340.0  1    4.952    4.952  1   35.108   35.108  2
 1342.0 1342.0  1    4.951    4.951  1   35.108   35.108  2
 1344.0 1344.0  1    4.949    4.949  1   35.108   35.108  2
 1346.1 1346.1  1    4.938    4.938  1   35.106   35.106  2
 1348.0 1348.0  1    4.931    4.931  1   35.106   35.106  2
 1349.9 1349.9  1    4.930    4.930  1   35.105   35.105  2
 1352.0 1352.0  1    4.923    4.923  1   35.105   35.105  2
 1354.0 1354.0  1    4.919    4.919  1   35.104   35.104  2
 1355.9 1355.9  1    4.908    4.908  1   35.102   35.102  2
 1358.0 1358.0  1    4.900    4.900  1   35.101   35.101  2
 1360.0 1360.0  1    4.891    4.891  1   35.099   35.099  2
 1361.9 1361.9  1    4.879    4.879  1   35.098   35.098  2
 1364.0 1364.0  1    4.854    4.854  1   35.095   35.095  2
 1366.0 1366.0  1    4.845    4.845  1   35.094   35.094  2
 1368.0 1368.0  1    4.835    4.835  1   35.093   35.093  2
 1370.0 1370.0  1    4.826    4.826  1   35.091   35.091  2
 1371.9 1371.9  1    4.805    4.805  1   35.089   35.089  2
 1374.0 1374.0  1    4.797    4.797  1   35.088   35.088  2
 1376.0 1376.0  1    4.787    4.787  1   35.086   35.086  2
 1378.0 1378.0  1    4.767    4.767  1   35.083   35.083  2
 1380.0 1380.0  1    4.740    4.740  1   35.080   35.080  2
 1382.0 1382.0  1    4.731    4.731  1   35.079   35.079  2
 1384.0 1384.0  1    4.726    4.726  1   35.078   35.078  2
 1386.0 1386.0  1    4.721    4.721  1   35.078   35.078  2
 1388.0 1388.0  1    4.718    4.718  1   35.077   35.077  2
 1390.0 1390.0  1    4.714    4.714  1   35.077   35.077  2
 1391.9 1391.9  1    4.709    4.709  1   35.076   35.076  2
 1394.0 1394.0  1    4.706    4.706  1   35.076   35.076  2
 1396.0 1396.0  1    4.699    4.699  1   35.075   35.075  2
 1398.0 1398.0  1    4.697    4.697  1   35.075   35.075  2
 1400.0 1400.0  1    4.693    4.693  1   35.074   35.074  2
 1402.1 1402.1  1    4.686    4.686  1   35.073   35.073  2
 1404.0 1404.0  1    4.673    4.673  1   35.071   35.071  2
 1405.9 1405.9  1    4.663    4.663  1   35.070   35.070  2
 1408.0 1408.0  1    4.656    4.656  1   35.069   35.069  2
 1410.0 1410.0  1    4.634    4.634  1   35.066   35.066  2
 1412.0 1412.0  1    4.621    4.621  1   35.064   35.064  2
 1414.0 1414.0  1    4.611    4.611  1   35.063   35.063  2
 1416.1 1416.1  1    4.601    4.601  1   35.061   35.061  2
 1418.0 1418.0  1    4.598    4.598  1   35.061   35.061  2
 1419.9 1419.9  1    4.594    4.594  1   35.061   35.061  2
 1422.0 1422.0  1    4.595    4.595  1   35.062   35.062  2
 1424.0 1424.0  1    4.597    4.597  1   35.062   35.062  2
 1426.0 1426.0  1    4.598    4.598  1   35.063   35.063  2
 1428.0 1428.0  1    4.598    4.598  1   35.063   35.063  2
 1430.0 1430.0  1    4.598    4.598  1   35.063   35.063  2
 1432.0 1432.0  1    4.607    4.607  1   35.066   35.066  2
 1434.0 1434.0  1    4.623    4.623  1   35.070   35.070  2
 1436.0 1436.0  1    4.630    4.630  1   35.072   35.072  2
 1438.0 1438.0  1    4.632    4.632  1   35.072   35.072  2
 1440.0 1440.0  1    4.634    4.634  1   35.073   35.073  2
 1442.1 1442.1  1    4.634    4.634  1   35.073   35.073  2
 1444.0 1444.0  1    4.635    4.635  1   35.074   35.074  2
 1446.0 1446.0  1    4.636    4.636  1   35.074   35.074  2
 1448.0 1448.0  1    4.638    4.638  1   35.075   35.075  2
 1450.0 1450.0  1    4.637    4.637  1   35.074   35.074  2
 1452.0 1452.0  1    4.629    4.629  1   35.074   35.074  2
 1453.9 1453.9  1    4.620    4.620  1   35.073   35.073  2
 1456.0 1456.0  1    4.613    4.613  1   35.072   35.072  2
 1458.0 1458.0  1    4.611    4.611  1   35.072   35.072  2
 1460.0 1460.0  1    4.607    4.607  1   35.072   35.072  2
 1462.0 1462.0  1    4.607    4.607  1   35.072   35.072  2
 1463.9 1463.9  1    4.605    4.605  1   35.072   35.072  2
 1466.0 1466.0  1    4.599    4.599  1   35.071   35.071  2
 1468.1 1468.1  1    4.588    4.588  1   35.070   35.070  2
 1470.0 1470.0  1    4.576    4.576  1   35.069   35.069  2
 1471.9 1471.9  1    4.575    4.575  1   35.069   35.069  2
 1474.0 1474.0  1    4.574    4.574  1   35.069   35.069  2
 1476.0 1476.0  1    4.572    4.572  1   35.069   35.069  2
 1478.0 1478.0  1    4.568    4.568  1   35.068   35.068  2
 1480.0 1480.0  1    4.555    4.555  1   35.066   35.066  2
 1482.1 1482.1  1    4.543    4.543  1   35.065   35.065  2
 1484.0 1484.0  1    4.532    4.532  1   35.063   35.063  2
 1486.0 1486.0  1    4.515    4.515  1   35.061   35.061  2
 1488.0 1488.0  1    4.506    4.506  1   35.059   35.059  2
 1490.1 1490.1  1    4.496    4.496  1   35.058   35.058  2
 1492.1 1492.1  1    4.488    4.488  1   35.057   35.057  2
 1494.0 1494.0  1    4.491    4.491  1   35.057   35.057  2
 1496.0 1496.0  1    4.492    4.492  1   35.058   35.058  2
 1498.0 1498.0  1    4.479    4.479  1   35.056   35.056  2
 1500.0 1500.0  1    4.469    4.469  1   35.055   35.055  2
 1502.0 1502.0  1    4.467    4.467  1   35.055   35.055  2
 1503.9 1503.9  1    4.471    4.471  1   35.056   35.056  2
 1506.0 1506.0  1    4.466    4.466  1   35.055   35.055  2
 1508.0 1508.0  1    4.442    4.442  1   35.052   35.052  2
 1510.1 1510.1  1    4.408    4.408  1   35.047   35.047  2
 1512.0 1512.0  1    4.404    4.404  1   35.046   35.046  2
 1514.0 1514.0  1    4.397    4.397  1   35.045   35.045  2
 1516.0 1516.0  1    4.385    4.385  1   35.044   35.044  2
 1518.0 1518.0  1    4.377    4.377  1   35.042   35.042  2
 1520.0 1520.0  1    4.374    4.374  1   35.042   35.042  2
 1522.0 1522.0  1    4.373    4.373  1   35.042   35.042  2
 1524.0 1524.0  1    4.374    4.374  1   35.043   35.043  2
 1526.0 1526.0  1    4.377    4.377  1   35.043   35.043  2
 1528.0 1528.0  1    4.374    4.374  1   35.043   35.043  2
 1530.0 1530.0  1    4.377    4.377  1   35.044   35.044  2
 1532.0 1532.0  1    4.370    4.370  1   35.043   35.043  2
 1534.0 1534.0  1    4.336    4.336  1   35.039   35.039  2
 1536.0 1536.0  1    4.326    4.326  1   35.038   35.038  2
 1538.0 1538.0  1    4.318    4.318  1   35.036   35.036  2
 1539.9 1539.9  1    4.303    4.303  1   35.034   35.034  2
 1542.0 1542.0  1    4.298    4.298  1   35.033   35.033  2
 1544.0 1544.0  1    4.298    4.298  1   35.033   35.033  2
 1546.0 1546.0  1    4.289    4.289  1   35.032   35.032  2
 1548.0 1548.0  1    4.277    4.277  1   35.031   35.031  2
 1550.0 1550.0  1    4.271    4.271  1   35.030   35.030  2
 1552.0 1552.0  1    4.271    4.271  1   35.031   35.031  2
 1554.0 1554.0  1    4.268    4.268  1   35.031   35.031  2
 1556.0 1556.0  1    4.262    4.262  1   35.030   35.030  2
 1558.0 1558.0  1    4.248    4.248  1   35.028   35.028  2
 1560.1 1560.1  1    4.249    4.249  1   35.029   35.029  2
 1562.0 1562.0  1    4.257    4.257  1   35.031   35.031  2
 1563.9 1563.9  1    4.251    4.251  1   35.031   35.031  2
 1566.0 1566.0  1    4.249    4.249  1   35.030   35.030  2
 1568.0 1568.0  1    4.243    4.243  1   35.030   35.030  2
 1570.0 1570.0  1    4.233    4.233  1   35.028   35.028  2
 1572.0 1572.0  1    4.228    4.228  1   35.027   35.027  2
 1574.0 1574.0  1    4.225    4.225  1   35.027   35.027  2
 1576.0 1576.0  1    4.225    4.225  1   35.027   35.027  2
 1578.0 1578.0  1    4.225    4.225  1   35.027   35.027  2
 1580.0 1580.0  1    4.225    4.225  1   35.027   35.027  2
 1582.0 1582.0  1    4.221    4.221  1   35.027   35.027  2
 1584.0 1584.0  1    4.215    4.215  1   35.027   35.027  2
 1586.0 1586.0  1    4.209    4.209  1   35.026   35.026  2
 1588.0 1588.0  1    4.198    4.198  1   35.025   35.025  2
 1590.0 1590.0  1    4.198    4.198  1   35.025   35.025  2
 1592.0 1592.0  1    4.196    4.196  1   35.025   35.025  2
 1594.0 1594.0  1    4.193    4.193  1   35.025   35.025  2
 1596.0 1596.0  1    4.189    4.189  1   35.024   35.024  2
 1598.0 1598.0  1    4.184    4.184  1   35.024   35.024  2
 1600.0 1600.0  1    4.177    4.177  1   35.023   35.023  2
 1602.0 1602.0  1    4.175    4.175  1   35.023   35.023  2
 1604.0 1604.0  1    4.174    4.174  1   35.023   35.023  2
 1606.0 1606.0  1    4.172    4.172  1   35.023   35.023  2
 1608.0 1608.0  1    4.171    4.171  1   35.023   35.023  2
 1610.1 1610.1  1    4.172    4.172  1   35.023   35.023  2
 1612.0 1612.0  1    4.171    4.171  1   35.023   35.023  2
 1613.9 1613.9  1    4.169    4.169  1   35.023   35.023  2
 1616.0 1616.0  1    4.167    4.167  1   35.023   35.023  2
 1618.0 1618.0  1    4.165    4.165  1   35.023   35.023  2
 1620.0 1620.0  1    4.162    4.162  1   35.023   35.023  2
 1622.0 1622.0  1    4.157    4.157  1   35.022   35.022  2
 1624.0 1624.0  1    4.156    4.156  1   35.022   35.022  2
 1626.0 1626.0  1    4.155    4.155  1   35.022   35.022  2
 1628.0 1628.0  1    4.152    4.152  1   35.022   35.022  2
 1630.0 1630.0  1    4.150    4.150  1   35.023   35.023  2
 1632.0 1632.0  1    4.150    4.150  1   35.023   35.023  2
 1634.0 1634.0  1    4.150    4.150  1   35.023   35.023  2
 1635.9 1635.9  1    4.148    4.148  1   35.022   35.022  2
 1638.0 1638.0  1    4.145    4.145  1   35.022   35.022  2
 1640.0 1640.0  1    4.140    4.140  1   35.022   35.022  2
 1642.0 1642.0  1    4.143    4.143  1   35.023   35.023  2
 1644.1 1644.1  1    4.144    4.144  1   35.024   35.024  2
 1646.0 1646.0  1    4.142    4.142  1   35.024   35.024  2
 1648.0 1648.0  1    4.143    4.143  1   35.024   35.024  2
 1650.0 1650.0  1    4.135    4.135  1   35.023   35.023  2
 1652.0 1652.0  1    4.133    4.133  1   35.023   35.023  2
 1654.0 1654.0  1    4.127    4.127  1   35.023   35.023  2
 1656.0 1656.0  1    4.124    4.124  1   35.022   35.022  2
 1658.0 1658.0  1    4.124    4.124  1   35.022   35.022  2
 1660.0 1660.0  1    4.124    4.124  1   35.022   35.022  2
 1661.9 1661.9  1    4.124    4.124  1   35.022   35.022  2
 1664.0 1664.0  1    4.124    4.124  1   35.022   35.022  2
 1666.1 1666.1  1    4.123    4.123  1   35.022   35.022  2
 1668.0 1668.0  1    4.121    4.121  1   35.022   35.022  2
 1669.9 1669.9  1    4.117    4.117  1   35.022   35.022  2
 1672.0 1672.0  1    4.115    4.115  1   35.021   35.021  2
 1674.0 1674.0  1    4.111    4.111  1   35.021   35.021  2
 1676.0 1676.0  1    4.110    4.110  1   35.021   35.021  2
 1678.1 1678.1  1    4.110    4.110  1   35.021   35.021  2
 1680.0 1680.0  1    4.109    4.109  1   35.021   35.021  2
 1681.9 1681.9  1    4.108    4.108  1   35.021   35.021  2
 1684.0 1684.0  1    4.111    4.111  1   35.022   35.022  2
 1686.0 1686.0  1    4.103    4.103  1   35.021   35.021  2
 1688.0 1688.0  1    4.099    4.099  1   35.021   35.021  2
 1690.0 1690.0  1    4.098    4.098  1   35.021   35.021  2
 1692.1 1692.1  1    4.100    4.100  1   35.022   35.022  2
 1694.1 1694.1  1    4.097    4.097  1   35.022   35.022  2
 1696.0 1696.0  1    4.095    4.095  1   35.022   35.022  2
 1697.9 1697.9  1    4.094    4.094  1   35.022   35.022  2
 1700.0 1700.0  1    4.092    4.092  1   35.022   35.022  2
 1702.0 1702.0  1    4.088    4.088  1   35.023   35.023  2
 1704.0 1704.0  1    4.089    4.089  1   35.023   35.023  2
 1706.0 1706.0  1    4.088    4.088  1   35.023   35.023  2
 1708.0 1708.0  1    4.087    4.087  1   35.023   35.023  2
 1710.0 1710.0  1    4.086    4.086  1   35.023   35.023  2
 1712.0 1712.0  1    4.086    4.086  1   35.023   35.023  2
 1714.0 1714.0  1    4.087    4.087  1   35.023   35.023  2
 1716.0 1716.0  1    4.088    4.088  1   35.023   35.023  2
 1718.0 1718.0  1    4.089    4.089  1   35.023   35.023  2
 1720.0 1720.0  1    4.090    4.090  1   35.024   35.024  2
 1722.0 1722.0  1    4.084    4.084  1   35.023   35.023  2
 1724.0 1724.0  1    4.074    4.074  1   35.022   35.022  2
 1725.9 1725.9  1    4.073    4.073  1   35.022   35.022  2
 1727.9 1727.9  1    4.072    4.072  1   35.022   35.022  2
 1729.9 1729.9  1    4.072    4.072  1   35.022   35.022  2
 1731.9 1731.9  1    4.070    4.070  1   35.022   35.022  2
 1734.0 1734.0  1    4.071    4.071  1   35.022   35.022  2
 1736.0 1736.0  1    4.070    4.070  1   35.022   35.022  2
 1738.1 1738.1  1    4.068    4.068  1   35.022   35.022  2
 1740.0 1740.0  1    4.065    4.065  1   35.022   35.022  2
 1741.9 1741.9  1    4.059    4.059  1   35.021   35.021  2
 1743.9 1743.9  1    4.058    4.058  1   35.021   35.021  2
 1746.0 1746.0  1    4.056    4.056  1   35.021   35.021  2
 1748.0 1748.0  1    4.054    4.054  1   35.020   35.020  2
 1750.0 1750.0  1    4.054    4.054  1   35.020   35.020  2
 1752.0 1752.0  1    4.050    4.050  1   35.020   35.020  2
 1754.0 1754.0  1    4.045    4.045  1   35.019   35.019  2
 1756.0 1756.0  1    4.039    4.039  1   35.018   35.018  2
 1758.0 1758.0  1    4.032    4.032  1   35.017   35.017  2
 1760.0 1760.0  1    4.027    4.027  1   35.016   35.016  2
 1762.1 1762.1  1    4.022    4.022  1   35.016   35.016  2
 1764.0 1764.0  1    4.018    4.018  1   35.015   35.015  2
 1766.0 1766.0  1    4.010    4.010  1   35.015   35.015  2
 1768.0 1768.0  1    4.006    4.006  1   35.015   35.015  2
 1770.1 1770.1  1    4.002    4.002  1   35.014   35.014  2
 1772.0 1772.0  1    3.999    3.999  1   35.014   35.014  2
 1774.0 1774.0  1    3.998    3.998  1   35.014   35.014  2
 1776.0 1776.0  1    3.998    3.998  1   35.014   35.014  2
 1778.0 1778.0  1    3.999    3.999  1   35.015   35.015  2
 1780.1 1780.1  1    4.006    4.006  1   35.016   35.016  2
 1782.0 1782.0  1    4.009    4.009  1   35.018   35.018  2
 1783.9 1783.9  1    4.008    4.008  1   35.017   35.017  2
 1786.0 1786.0  1    4.007    4.007  1   35.017   35.017  2
 1788.0 1788.0  1    4.006    4.006  1   35.017   35.017  2
 1790.0 1790.0  1    4.006    4.006  1   35.017   35.017  2
 1792.0 1792.0  1    4.006    4.006  1   35.017   35.017  2
 1794.0 1794.0  1    4.006    4.006  1   35.017   35.017  2
 1796.0 1796.0  1    4.006    4.006  1   35.017   35.017  2
 1798.0 1798.0  1    4.004    4.004  1   35.017   35.017  2
 1800.0 1800.0  1    4.004    4.004  1   35.018   35.018  2
 1802.1 1802.1  1    4.006    4.006  1   35.018   35.018  2
 1804.1 1804.1  1    4.007    4.007  1   35.019   35.019  2
 1806.0 1806.0  1    4.007    4.007  1   35.019   35.019  2
 1807.9 1807.9  1    4.007    4.007  1   35.019   35.019  2
 1810.0 1810.0  1    4.005    4.005  1   35.019   35.019  2
 1812.0 1812.0  1    4.003    4.003  1   35.019   35.019  2
 1814.0 1814.0  1    4.002    4.002  1   35.019   35.019  2
 1816.1 1816.1  1    4.001    4.001  1   35.019   35.019  2
 1818.0 1818.0  1    4.000    4.000  1   35.019   35.019  2
 1819.9 1819.9  1    3.998    3.998  1   35.019   35.019  2
 1821.9 1821.9  1    3.996    3.996  1   35.018   35.018  2
 1823.9 1823.9  1    3.996    3.996  1   35.018   35.018  2
 1825.9 1825.9  1    3.995    3.995  1   35.018   35.018  2
 1827.9 1827.9  1    3.990    3.990  1   35.018   35.018  2
 1830.0 1830.0  1    3.987    3.987  1   35.018   35.018  2
 1832.0 1832.0  1    3.986    3.986  1   35.018   35.018  2
 1834.0 1834.0  1    3.985    3.985  1   35.018   35.018  2
 1836.0 1836.0  1    3.984    3.984  1   35.018   35.018  2
 1837.9 1837.9  1    3.982    3.982  1   35.018   35.018  2
 1840.0 1840.0  1    3.982    3.982  1   35.018   35.018  2
 1842.0 1842.0  1    3.980    3.980  1   35.017   35.017  2
 1843.9 1843.9  1    3.977    3.977  1   35.017   35.017  2
 1845.9 1845.9  1    3.976    3.976  1   35.017   35.017  2
 1847.9 1847.9  1    3.972    3.972  1   35.017   35.017  2
 1849.9 1849.9  1    3.970    3.970  1   35.017   35.017  2
 1852.0 1852.0  1    3.971    3.971  1   35.017   35.017  2
 1854.0 1854.0  1    3.971    3.971  1   35.017   35.017  2
 1856.0 1856.0  1    3.965    3.965  1   35.017   35.017  2
 1858.0 1858.0  1    3.963    3.963  1   35.017   35.017  2
 1859.9 1859.9  1    3.962    3.962  1   35.017   35.017  2
 1861.9 1861.9  1    3.960    3.960  1   35.017   35.017  2
 1864.0 1864.0  1    3.956    3.956  1   35.016   35.016  2
 1866.0 1866.0  1    3.951    3.951  1   35.016   35.016  2
 1868.0 1868.0  1    3.950    3.950  1   35.016   35.016  2
 1869.9 1869.9  1    3.947    3.947  1   35.016   35.016  2
 1872.0 1872.0  1    3.942    3.942  1   35.015   35.015  2
 1874.0 1874.0  1    3.941    3.941  1   35.015   35.015  2
 1876.0 1876.0  1    3.938    3.938  1   35.015   35.015  2
 1878.0 1878.0  1    3.936    3.936  1   35.014   35.014  2
 1880.0 1880.0  1    3.935    3.935  1   35.014   35.014  2
 1882.0 1882.0  1    3.934    3.934  1   35.014   35.014  2
 1884.0 1884.0  1    3.934    3.934  1   35.014   35.014  2
 1886.0 1886.0  1    3.933    3.933  1   35.014   35.014  2
 1888.0 1888.0  1    3.931    3.931  1   35.014   35.014  2
 1890.0 1890.0  1    3.929    3.929  1   35.014   35.014  2
 1892.0 1892.0  1    3.926    3.926  1   35.014   35.014  2
 1894.0 1894.0  1    3.923    3.923  1   35.014   35.014  2
 1895.9 1895.9  1    3.923    3.923  1   35.014   35.014  2
 1898.0 1898.0  1    3.923    3.923  1   35.014   35.014  2
 1900.0 1900.0  1    3.923    3.923  1   35.014   35.014  2
 1902.0 1902.0  1    3.922    3.922  1   35.014   35.014  2
 1904.1 1904.1  1    3.919    3.919  1   35.014   35.014  2
 1906.0 1906.0  1    3.917    3.917  1   35.013   35.013  2
 1908.0 1908.0  1    3.914    3.914  1   35.013   35.013  2
 1910.0 1910.0  1    3.911    3.911  1   35.013   35.013  2
 1912.0 1912.0  1    3.911    3.911  1   35.014   35.014  2
 1914.0 1914.0  1    3.913    3.913  1   35.015   35.015  2
 1916.0 1916.0  1    3.914    3.914  1   35.015   35.015  2
 1918.0 1918.0  1    3.915    3.915  1   35.016   35.016  2
 1920.0 1920.0  1    3.912    3.912  1   35.016   35.016  2
 1922.0 1922.0  1    3.909    3.909  1   35.016   35.016  2
 1924.0 1924.0  1    3.906    3.906  1   35.016   35.016  2
 1925.9 1925.9  1    3.905    3.905  1   35.016   35.016  2
 1928.0 1928.0  1    3.903    3.903  1   35.016   35.016  2
 1930.0 1930.0  1    3.900    3.900  1   35.016   35.016  2
 1932.0 1932.0  1    3.899    3.899  1   35.016   35.016  2
 1934.0 1934.0  1    3.895    3.895  1   35.015   35.015  2
 1936.1 1936.1  1    3.883    3.883  1   35.014   35.014  2
 1938.0 1938.0  1    3.871    3.871  1   35.012   35.012  2
 1940.0 1940.0  1    3.867    3.867  1   35.012   35.012  2
 1942.0 1942.0  1    3.865    3.865  1   35.012   35.012  2
 1944.0 1944.0  1    3.861    3.861  1   35.012   35.012  2
 1946.0 1946.0  1    3.859    3.859  1   35.012   35.012  2
 1948.0 1948.0  1    3.859    3.859  1   35.012   35.012  2
 1950.0 1950.0  1    3.858    3.858  1   35.012   35.012  2
 1952.1 1952.1  1    3.857    3.857  1   35.011   35.011  2
 1954.0 1954.0  1    3.855    3.855  1   35.011   35.011  2
 1956.0 1956.0  1    3.851    3.851  1   35.011   35.011  2
 1958.0 1958.0  1    3.851    3.851  1   35.011   35.011  2
 1960.0 1960.0  1    3.849    3.849  1   35.011   35.011  2
 1962.0 1962.0  1    3.844    3.844  1   35.011   35.011  2
 1963.9 1963.9  1    3.841    3.841  1   35.010   35.010  2
 1966.0 1966.0  1    3.840    3.840  1   35.010   35.010  2
 1968.0 1968.0  1    3.837    3.837  1   35.010   35.010  2
 1970.0 1970.0  1    3.837    3.837  1   35.010   35.010  2
 1972.0 1972.0  1    3.836    3.836  1   35.010   35.010  2
 1974.0 1974.0  1    3.835    3.835  1   35.010   35.010  2
 1976.0 1976.0  1    3.835    3.835  1   35.010   35.010  2
 1978.1 1978.1  1    3.826    3.826  1   35.010   35.010  2
 1980.0 1980.0  1    3.819    3.819  1   35.009   35.009  2
 1982.0 1982.0  1    3.816    3.816  1   35.009   35.009  2
 1984.0 1984.0  1    3.810    3.810  1   35.009   35.009  2
 1986.0 1986.0  1    3.809    3.809  1   35.009   35.009  2
 1988.0 1988.0  1    3.809    3.809  1   35.009   35.009  2
 1990.0 1990.0  1    3.807    3.807  1   35.009   35.009  2
 1992.0 1992.0  1    3.803    3.803  1   35.008   35.008  2
 1994.0 1994.0  1    3.798    3.798  1   35.008   35.008  2
 1996.0 1996.0  1    3.793    3.793  1   35.007   35.007  2
 1998.0 1998.0  1    3.790    3.790  1   35.006   35.006  2
 2000.0 2000.0  1    3.786    3.786  1   35.006   35.006  2
 2002.0 2002.0  1    3.774    3.774  1   35.005   35.005  2
 2004.0 2004.0  1    3.768    3.768  1   35.005   35.005  2
 2006.2 2006.2  1    3.765    3.765  1   35.005   35.005  2
 2007.4 2007.4  1    3.760    3.760  1   35.004   35.004  2
