*SoftWare Version 3.0  2018/12/27

*HEADER
     PLATFORM NUMBER       :4903220
     CYCLE NUMBER          :033
     DATE CREATION         :20191224200036
     DATE UPDATE           :20191224200036
     PROJECT NAME          :US ARGO PROJECT
     PI NAME               :BRECK OWENS, STEVEN JAYNE, P.E. ROBBINS
     INSTRUMENT TYPE       :S2A
     FLOAT SERIAL NO       :7503
     FIRMWARE VERSION      :SBE602 15Aug17 ARM V2.4
     WMO INSTRUMENT TYPE   :854
     TRANSMISSION SYSTEM   :IRIDIUM
     POSITIONING SYSTEM    :GPS
     SAMPLE DIRECTION      :A(A=Ascend; D=Descend)
     DATA MODE             :R(R=Real Time; D=Delayed Mode; A=Real Time Adjusted)
     JULIAN DAY            :25559.7134 (days since 1950-01-01 00:00:00 UTC)
     DATE                  :2019-12-24
     QC FLAG FOR DATE      :1
*LOCATION
     LATITUDE              :25.538  
     LONGITUDE             :-44.696 
     QC FLAG FOR LOCATION  :1
*FILE
     COLUMN 1              :Pressure (dbar)                             F7.1
     COLUMN 2              :Corrected Pressure (dbar)                   F7.1
     COLUMN 3              :Quality on Pressure                         I3
     COLUMN 4              :Temperature (degree_Celsius)                F9.3
     COLUMN 5              :Corrected Temperature (degree_Celsius)      F9.3
     COLUMN 6              :Quality on Temperature                      I3
     COLUMN 7              :Salinity (PSU)                              F9.3
     COLUMN 8              :Corrected Salinity (PSU)                    F9.3
     COLUMN 9              :Quality on Salinity                         I3
==========================================================================
    0.4    0.4  1   25.226   25.226  1   37.563   37.563  1
    1.0    1.0  1   25.231   25.231  1   37.569   37.569  1
    1.9    1.9  1   25.160   25.160  1   37.566   37.566  1
    3.0    3.0  1   25.100   25.100  1   37.559   37.559  1
    4.0    4.0  1   25.087   25.087  1   37.557   37.557  1
    5.0    5.0  1   25.079   25.079  1   37.557   37.557  1
    6.0    6.0  1   25.075   25.075  1   37.557   37.557  1
    7.0    7.0  1   25.071   25.071  1   37.557   37.557  1
    8.0    8.0  1   25.063   25.063  1   37.557   37.557  1
    9.0    9.0  1   25.058   25.058  1   37.557   37.557  1
   10.2   10.2  1   25.057   25.057  1   37.557   37.557  1
   12.0   12.0  1   25.053   25.053  1   37.557   37.557  1
   14.1   14.1  1   25.050   25.050  1   37.556   37.556  1
   16.0   16.0  1   25.048   25.048  1   37.556   37.556  1
   18.0   18.0  1   25.043   25.043  1   37.556   37.556  1
   20.0   20.0  1   25.042   25.042  1   37.555   37.555  1
   22.0   22.0  1   25.041   25.041  1   37.556   37.556  1
   24.0   24.0  1   25.040   25.040  1   37.556   37.556  1
   26.0   26.0  1   25.038   25.038  1   37.556   37.556  1
   28.0   28.0  1   25.038   25.038  1   37.556   37.556  1
   30.0   30.0  1   25.038   25.038  1   37.556   37.556  1
   31.9   31.9  1   25.037   25.037  1   37.556   37.556  1
   34.0   34.0  1   25.037   25.037  1   37.556   37.556  1
   36.0   36.0  1   25.036   25.036  1   37.556   37.556  1
   38.0   38.0  1   25.036   25.036  1   37.557   37.557  1
   40.0   40.0  1   25.036   25.036  1   37.557   37.557  1
   42.0   42.0  1   25.036   25.036  1   37.557   37.557  1
   44.0   44.0  1   25.037   25.037  1   37.558   37.558  1
   46.0   46.0  1   25.037   25.037  1   37.558   37.558  1
   48.0   48.0  1   25.038   25.038  1   37.559   37.559  1
   50.0   50.0  1   25.038   25.038  1   37.559   37.559  1
   52.0   52.0  1   25.039   25.039  1   37.560   37.560  1
   54.0   54.0  1   25.039   25.039  1   37.560   37.560  1
   56.0   56.0  1   25.039   25.039  1   37.561   37.561  1
   58.0   58.0  1   25.039   25.039  1   37.561   37.561  1
   60.0   60.0  1   25.040   25.040  1   37.562   37.562  1
   62.0   62.0  1   25.040   25.040  1   37.563   37.563  1
   64.0   64.0  1   25.040   25.040  1   37.563   37.563  1
   66.0   66.0  1   25.040   25.040  1   37.563   37.563  1
   68.0   68.0  1   25.041   25.041  1   37.563   37.563  1
   70.0   70.0  1   25.041   25.041  1   37.563   37.563  1
   72.0   72.0  1   25.041   25.041  1   37.564   37.564  1
   74.0   74.0  1   25.041   25.041  1   37.564   37.564  1
   76.0   76.0  1   25.041   25.041  1   37.564   37.564  1
   78.0   78.0  1   25.041   25.041  1   37.564   37.564  1
   80.0   80.0  1   25.041   25.041  1   37.564   37.564  1
   82.0   82.0  1   25.039   25.039  1   37.563   37.563  1
   84.0   84.0  1   25.037   25.037  1   37.560   37.560  1
   86.0   86.0  1   25.001   25.001  1   37.550   37.550  1
   88.0   88.0  1   24.739   24.739  1   37.504   37.504  1
   90.0   90.0  1   24.401   24.401  1   37.428   37.428  1
   92.0   92.0  1   23.612   23.612  1   37.335   37.335  1
   94.0   94.0  1   22.982   22.982  1   37.209   37.209  1
   96.0   96.0  1   22.689   22.689  1   37.166   37.166  1
   98.0   98.0  1   22.493   22.493  1   37.141   37.141  1
  100.0  100.0  1   22.324   22.324  1   37.123   37.123  1
  102.0  102.0  1   22.196   22.196  1   37.113   37.113  1
  104.0  104.0  1   22.155   22.155  1   37.109   37.109  1
  106.0  106.0  1   22.133   22.133  1   37.107   37.107  1
  107.9  107.9  1   22.122   22.122  1   37.107   37.107  1
  110.0  110.0  1   22.087   22.087  1   37.120   37.120  1
  112.1  112.1  1   22.025   22.025  1   37.131   37.131  1
  114.0  114.0  1   22.003   22.003  1   37.141   37.141  1
  116.0  116.0  1   21.987   21.987  1   37.153   37.153  1
  118.0  118.0  1   21.975   21.975  1   37.166   37.166  1
  120.0  120.0  1   21.946   21.946  1   37.180   37.180  1
  122.0  122.0  1   21.898   21.898  1   37.190   37.190  1
  124.0  124.0  1   21.861   21.861  1   37.185   37.185  1
  126.1  126.1  1   21.847   21.847  1   37.180   37.180  1
  128.0  128.0  1   21.817   21.817  1   37.175   37.175  1
  130.0  130.0  1   21.782   21.782  1   37.169   37.169  1
  132.0  132.0  1   21.721   21.721  1   37.157   37.157  1
  134.0  134.0  1   21.699   21.699  1   37.152   37.152  1
  136.0  136.0  1   21.630   21.630  1   37.145   37.145  1
  138.0  138.0  1   21.565   21.565  1   37.136   37.136  1
  140.0  140.0  1   21.517   21.517  1   37.129   37.129  1
  142.0  142.0  1   21.440   21.440  1   37.119   37.119  1
  144.0  144.0  1   21.308   21.308  1   37.097   37.097  1
  146.0  146.0  1   21.063   21.063  1   37.039   37.039  1
  148.0  148.0  1   20.919   20.919  1   36.992   36.992  1
  150.0  150.0  1   20.887   20.887  1   36.987   36.987  1
  152.0  152.0  1   20.756   20.756  1   36.961   36.961  1
  154.0  154.0  1   20.533   20.533  1   36.893   36.893  1
  156.0  156.0  1   20.438   20.438  1   36.869   36.869  1
  158.0  158.0  1   20.390   20.390  1   36.862   36.862  1
  160.0  160.0  1   20.340   20.340  1   36.856   36.856  1
  162.0  162.0  1   20.249   20.249  1   36.845   36.845  1
  164.0  164.0  1   20.210   20.210  1   36.839   36.839  1
  166.0  166.0  1   20.169   20.169  1   36.831   36.831  1
  168.0  168.0  1   20.123   20.123  1   36.823   36.823  1
  170.0  170.0  1   20.104   20.104  1   36.820   36.820  1
  172.0  172.0  1   20.058   20.058  1   36.814   36.814  1
  174.0  174.0  1   19.978   19.978  1   36.807   36.807  1
  175.9  175.9  1   19.968   19.968  1   36.834   36.834  1
  178.0  178.0  1   19.859   19.859  1   36.810   36.810  1
  180.0  180.0  1   19.738   19.738  1   36.789   36.789  1
  182.0  182.0  1   19.646   19.646  1   36.766   36.766  1
  184.0  184.0  1   19.622   19.622  1   36.759   36.759  1
  186.0  186.0  1   19.590   19.590  1   36.752   36.752  1
  188.0  188.0  1   19.590   19.590  1   36.761   36.761  1
  190.0  190.0  1   19.464   19.464  1   36.737   36.737  1
  192.0  192.0  1   19.453   19.453  1   36.747   36.747  1
  194.0  194.0  1   19.323   19.323  1   36.721   36.721  1
  196.0  196.0  1   19.233   19.233  1   36.698   36.698  1
  198.0  198.0  1   19.179   19.179  1   36.691   36.691  1
  200.0  200.0  1   19.140   19.140  1   36.685   36.685  1
  202.0  202.0  1   19.102   19.102  1   36.682   36.682  1
  204.0  204.0  1   19.054   19.054  1   36.674   36.674  1
  206.0  206.0  1   18.999   18.999  1   36.665   36.665  1
  208.0  208.0  1   19.015   19.015  1   36.676   36.676  1
  210.0  210.0  1   19.013   19.013  1   36.680   36.680  1
  212.0  212.0  1   19.028   19.028  1   36.687   36.687  1
  214.0  214.0  1   19.020   19.020  1   36.687   36.687  1
  216.0  216.0  1   18.888   18.888  1   36.663   36.663  1
  218.0  218.0  1   18.795   18.795  1   36.640   36.640  1
  220.0  220.0  1   18.772   18.772  1   36.633   36.633  1
  222.0  222.0  1   18.745   18.745  1   36.628   36.628  1
  224.0  224.0  1   18.749   18.749  1   36.630   36.630  1
  226.0  226.0  1   18.687   18.687  1   36.628   36.628  1
  228.0  228.0  1   18.654   18.654  1   36.619   36.619  1
  230.0  230.0  1   18.635   18.635  1   36.613   36.613  1
  232.0  232.0  1   18.658   18.658  1   36.622   36.622  1
  234.0  234.0  1   18.631   18.631  1   36.620   36.620  1
  236.0  236.0  1   18.589   18.589  1   36.610   36.610  1
  238.0  238.0  1   18.553   18.553  1   36.604   36.604  1
  240.0  240.0  1   18.545   18.545  1   36.601   36.601  1
  242.0  242.0  1   18.561   18.561  1   36.605   36.605  1
  244.0  244.0  1   18.603   18.603  1   36.624   36.624  1
  246.0  246.0  1   18.638   18.638  1   36.637   36.637  1
  248.0  248.0  1   18.590   18.590  1   36.637   36.637  1
  250.0  250.0  1   18.522   18.522  1   36.622   36.622  1
  252.0  252.0  1   18.458   18.458  1   36.609   36.609  1
  254.0  254.0  1   18.434   18.434  1   36.602   36.602  1
  256.0  256.0  1   18.419   18.419  1   36.598   36.598  1
  258.0  258.0  1   18.389   18.389  1   36.592   36.592  1
  260.0  260.0  1   18.359   18.359  1   36.585   36.585  1
  262.0  262.0  1   18.322   18.322  1   36.577   36.577  1
  264.0  264.0  1   18.292   18.292  1   36.571   36.571  1
  266.0  266.0  1   18.284   18.284  1   36.569   36.569  1
  268.0  268.0  1   18.283   18.283  1   36.570   36.570  1
  270.0  270.0  1   18.272   18.272  1   36.568   36.568  1
  272.0  272.0  1   18.260   18.260  1   36.568   36.568  1
  274.0  274.0  1   18.244   18.244  1   36.565   36.565  1
  276.0  276.0  1   18.240   18.240  1   36.567   36.567  1
  278.0  278.0  1   18.217   18.217  1   36.563   36.563  1
  280.0  280.0  1   18.197   18.197  1   36.559   36.559  1
  282.0  282.0  1   18.158   18.158  1   36.550   36.550  1
  284.0  284.0  1   18.128   18.128  1   36.543   36.543  1
  286.0  286.0  1   18.072   18.072  1   36.532   36.532  1
  288.0  288.0  1   18.039   18.039  1   36.529   36.529  1
  290.0  290.0  1   17.987   17.987  1   36.520   36.520  1
  292.0  292.0  1   17.939   17.939  1   36.512   36.512  1
  294.0  294.0  1   17.868   17.868  1   36.496   36.496  1
  296.0  296.0  1   17.836   17.836  1   36.491   36.491  1
  298.0  298.0  1   17.822   17.822  1   36.489   36.489  1
  300.0  300.0  1   17.771   17.771  1   36.481   36.481  1
  302.0  302.0  1   17.730   17.730  1   36.474   36.474  1
  303.9  303.9  1   17.715   17.715  1   36.472   36.472  1
  306.0  306.0  1   17.699   17.699  1   36.470   36.470  1
  308.0  308.0  1   17.653   17.653  1   36.463   36.463  1
  310.0  310.0  1   17.581   17.581  1   36.448   36.448  1
  312.0  312.0  1   17.536   17.536  1   36.438   36.438  1
  314.0  314.0  1   17.431   17.431  1   36.419   36.419  1
  316.0  316.0  1   17.397   17.397  1   36.411   36.411  1
  318.0  318.0  1   17.352   17.352  1   36.403   36.403  1
  320.0  320.0  1   17.289   17.289  1   36.392   36.392  1
  322.0  322.0  1   17.262   17.262  1   36.385   36.385  1
  324.0  324.0  1   17.248   17.248  1   36.382   36.382  1
  326.0  326.0  1   17.238   17.238  1   36.379   36.379  1
  328.0  328.0  1   17.234   17.234  1   36.377   36.377  1
  330.0  330.0  1   17.185   17.185  1   36.371   36.371  1
  331.9  331.9  1   17.137   17.137  1   36.361   36.361  1
  334.0  334.0  1   17.106   17.106  1   36.353   36.353  1
  336.0  336.0  1   17.081   17.081  1   36.347   36.347  1
  338.0  338.0  1   17.067   17.067  1   36.345   36.345  1
  339.9  339.9  1   17.044   17.044  1   36.341   36.341  1
  341.9  341.9  1   17.014   17.014  1   36.337   36.337  1
  344.0  344.0  1   16.977   16.977  1   36.332   36.332  1
  346.0  346.0  1   16.952   16.952  1   36.327   36.327  1
  348.0  348.0  1   16.928   16.928  1   36.325   36.325  1
  350.0  350.0  1   16.852   16.852  1   36.313   36.313  1
  352.0  352.0  1   16.805   16.805  1   36.305   36.305  1
  354.0  354.0  1   16.728   16.728  1   36.295   36.295  1
  356.0  356.0  1   16.674   16.674  1   36.286   36.286  1
  358.0  358.0  1   16.646   16.646  1   36.282   36.282  1
  360.0  360.0  1   16.627   16.627  1   36.280   36.280  1
  362.0  362.0  1   16.606   16.606  1   36.277   36.277  1
  364.0  364.0  1   16.596   16.596  1   36.276   36.276  1
  366.0  366.0  1   16.590   16.590  1   36.275   36.275  1
  368.0  368.0  1   16.588   16.588  1   36.274   36.274  1
  370.0  370.0  1   16.564   16.564  1   36.272   36.272  1
  372.0  372.0  1   16.484   16.484  1   36.258   36.258  1
  374.0  374.0  1   16.460   16.460  1   36.252   36.252  1
  376.0  376.0  1   16.434   16.434  1   36.247   36.247  1
  378.0  378.0  1   16.421   16.421  1   36.243   36.243  1
  380.0  380.0  1   16.405   16.405  1   36.241   36.241  1
  382.0  382.0  1   16.348   16.348  1   36.233   36.233  1
  384.0  384.0  1   16.286   16.286  1   36.222   36.222  1
  386.0  386.0  1   16.247   16.247  1   36.214   36.214  1
  388.0  388.0  1   16.187   16.187  1   36.204   36.204  1
  390.0  390.0  1   16.108   16.108  1   36.196   36.196  1
  391.9  391.9  1   16.049   16.049  1   36.184   36.184  1
  394.0  394.0  1   16.037   16.037  1   36.183   36.183  1
  396.0  396.0  1   16.007   16.007  1   36.178   36.178  1
  398.0  398.0  1   15.976   15.976  1   36.174   36.174  1
  400.0  400.0  1   15.957   15.957  1   36.170   36.170  1
  402.0  402.0  1   15.941   15.941  1   36.168   36.168  1
  404.0  404.0  1   15.929   15.929  1   36.166   36.166  1
  406.0  406.0  1   15.924   15.924  1   36.165   36.165  1
  408.0  408.0  1   15.920   15.920  1   36.164   36.164  1
  410.0  410.0  1   15.905   15.905  1   36.161   36.161  1
  412.0  412.0  1   15.884   15.884  1   36.157   36.157  1
  414.0  414.0  1   15.877   15.877  1   36.155   36.155  1
  416.0  416.0  1   15.855   15.855  1   36.152   36.152  1
  418.0  418.0  1   15.809   15.809  1   36.145   36.145  1
  420.0  420.0  1   15.779   15.779  1   36.139   36.139  1
  422.0  422.0  1   15.737   15.737  1   36.132   36.132  1
  424.0  424.0  1   15.705   15.705  1   36.126   36.126  1
  426.0  426.0  1   15.698   15.698  1   36.123   36.123  1
  428.0  428.0  1   15.681   15.681  1   36.120   36.120  1
  430.0  430.0  1   15.526   15.526  1   36.105   36.105  1
  432.0  432.0  1   15.478   15.478  1   36.091   36.091  1
  434.0  434.0  1   15.469   15.469  1   36.089   36.089  1
  436.0  436.0  1   15.465   15.465  1   36.088   36.088  1
  438.0  438.0  1   15.462   15.462  1   36.087   36.087  1
  440.0  440.0  1   15.449   15.449  1   36.085   36.085  1
  442.0  442.0  1   15.425   15.425  1   36.081   36.081  1
  444.0  444.0  1   15.377   15.377  1   36.074   36.074  1
  446.0  446.0  1   15.307   15.307  1   36.065   36.065  1
  448.0  448.0  1   15.248   15.248  1   36.057   36.057  1
  450.0  450.0  1   15.188   15.188  1   36.051   36.051  1
  452.0  452.0  1   15.123   15.123  1   36.041   36.041  1
  454.0  454.0  1   15.094   15.094  1   36.036   36.036  1
  456.0  456.0  1   15.063   15.063  1   36.031   36.031  1
  458.0  458.0  1   15.038   15.038  1   36.027   36.027  1
  460.0  460.0  1   15.030   15.030  1   36.025   36.025  1
  462.0  462.0  1   15.012   15.012  1   36.022   36.022  1
  464.0  464.0  1   14.972   14.972  1   36.016   36.016  1
  466.0  466.0  1   14.867   14.867  1   36.006   36.006  1
  468.0  468.0  1   14.751   14.751  1   35.988   35.988  1
  470.0  470.0  1   14.701   14.701  1   35.981   35.981  1
  472.0  472.0  1   14.681   14.681  1   35.977   35.977  1
  474.0  474.0  1   14.666   14.666  1   35.974   35.974  1
  476.0  476.0  1   14.655   14.655  1   35.972   35.972  1
  478.0  478.0  1   14.643   14.643  1   35.970   35.970  1
  480.0  480.0  1   14.634   14.634  1   35.968   35.968  1
  482.0  482.0  1   14.619   14.619  1   35.964   35.964  1
  484.0  484.0  1   14.542   14.542  1   35.958   35.958  1
  486.0  486.0  1   14.359   14.359  1   35.929   35.929  1
  488.0  488.0  1   14.305   14.305  1   35.918   35.918  1
  490.0  490.0  1   14.256   14.256  1   35.913   35.913  1
  492.0  492.0  1   14.186   14.186  1   35.903   35.903  1
  494.0  494.0  1   14.128   14.128  1   35.894   35.894  1
  496.0  496.0  1   14.092   14.092  1   35.889   35.889  1
  498.0  498.0  1   14.047   14.047  1   35.882   35.882  1
  500.0  500.0  1   14.009   14.009  1   35.875   35.875  1
  502.0  502.0  1   13.980   13.980  1   35.871   35.871  1
  504.0  504.0  1   13.935   13.935  1   35.864   35.864  1
  506.0  506.0  1   13.908   13.908  1   35.858   35.858  1
  508.0  508.0  1   13.865   13.865  1   35.852   35.852  1
  510.0  510.0  1   13.749   13.749  1   35.841   35.841  1
  512.0  512.0  1   13.598   13.598  1   35.819   35.819  1
  514.0  514.0  1   13.577   13.577  1   35.814   35.814  1
  516.0  516.0  1   13.564   13.564  1   35.813   35.813  1
  518.0  518.0  1   13.546   13.546  1   35.810   35.810  1
  520.0  520.0  1   13.539   13.539  1   35.810   35.810  1
  522.0  522.0  1   13.528   13.528  1   35.809   35.809  1
  524.0  524.0  1   13.506   13.506  1   35.809   35.809  1
  526.0  526.0  1   13.491   13.491  1   35.809   35.809  1
  528.0  528.0  1   13.491   13.491  1   35.811   35.811  1
  530.0  530.0  1   13.492   13.492  1   35.812   35.812  1
  532.0  532.0  1   13.497   13.497  1   35.815   35.815  1
  534.0  534.0  1   13.504   13.504  1   35.819   35.819  1
  536.0  536.0  1   13.505   13.505  1   35.820   35.820  1
  538.0  538.0  1   13.502   13.502  1   35.820   35.820  1
  540.0  540.0  1   13.479   13.479  1   35.819   35.819  1
  542.0  542.0  1   13.426   13.426  1   35.816   35.816  1
  544.0  544.0  1   13.373   13.373  1   35.809   35.809  1
  546.0  546.0  1   13.346   13.346  1   35.805   35.805  1
  548.0  548.0  1   13.325   13.325  1   35.802   35.802  1
  550.0  550.0  1   13.306   13.306  1   35.799   35.799  1
  552.0  552.0  1   13.291   13.291  1   35.797   35.797  1
  554.0  554.0  1   13.254   13.254  1   35.793   35.793  1
  556.0  556.0  1   13.208   13.208  1   35.786   35.786  1
  558.0  558.0  1   13.174   13.174  1   35.781   35.781  1
  560.0  560.0  1   13.155   13.155  1   35.779   35.779  1
  562.0  562.0  1   13.135   13.135  1   35.774   35.774  1
  564.0  564.0  1   13.086   13.086  1   35.769   35.769  1
  566.0  566.0  1   13.027   13.027  1   35.761   35.761  1
  568.0  568.0  1   13.009   13.009  1   35.757   35.757  1
  570.0  570.0  1   12.987   12.987  1   35.755   35.755  1
  572.0  572.0  1   12.947   12.947  1   35.751   35.751  1
  574.0  574.0  1   12.918   12.918  1   35.747   35.747  1
  576.0  576.0  1   12.893   12.893  1   35.744   35.744  1
  578.0  578.0  1   12.860   12.860  1   35.738   35.738  1
  580.0  580.0  1   12.834   12.834  1   35.736   35.736  1
  582.0  582.0  1   12.815   12.815  1   35.734   35.734  1
  584.0  584.0  1   12.792   12.792  1   35.729   35.729  1
  586.0  586.0  1   12.740   12.740  1   35.725   35.725  1
  588.0  588.0  1   12.661   12.661  1   35.714   35.714  1
  590.0  590.0  1   12.630   12.630  1   35.710   35.710  1
  592.0  592.0  1   12.596   12.596  1   35.704   35.704  1
  594.0  594.0  1   12.593   12.593  1   35.704   35.704  1
  596.0  596.0  1   12.578   12.578  1   35.702   35.702  1
  598.0  598.0  1   12.572   12.572  1   35.700   35.700  1
  600.0  600.0  1   12.566   12.566  1   35.699   35.699  1
  602.0  602.0  1   12.540   12.540  1   35.695   35.695  1
  604.0  604.0  1   12.499   12.499  1   35.690   35.690  1
  606.0  606.0  1   12.462   12.462  1   35.683   35.683  1
  608.0  608.0  1   12.417   12.417  1   35.680   35.680  1
  610.0  610.0  1   12.356   12.356  1   35.674   35.674  1
  612.0  612.0  1   12.337   12.337  1   35.668   35.668  1
  614.0  614.0  1   12.333   12.333  1   35.668   35.668  1
  616.0  616.0  1   12.328   12.328  1   35.667   35.667  1
  618.0  618.0  1   12.324   12.324  1   35.666   35.666  1
  620.0  620.0  1   12.322   12.322  1   35.665   35.665  1
  622.0  622.0  1   12.321   12.321  1   35.665   35.665  1
  624.0  624.0  1   12.322   12.322  1   35.665   35.665  1
  626.0  626.0  1   12.321   12.321  1   35.665   35.665  1
  628.0  628.0  1   12.322   12.322  1   35.665   35.665  1
  630.0  630.0  1   12.322   12.322  1   35.665   35.665  1
  632.0  632.0  1   12.318   12.318  1   35.664   35.664  1
  634.0  634.0  1   12.316   12.316  1   35.663   35.663  1
  636.0  636.0  1   12.306   12.306  1   35.661   35.661  1
  638.0  638.0  1   12.280   12.280  1   35.658   35.658  1
  640.0  640.0  1   12.267   12.267  1   35.654   35.654  1
  642.0  642.0  1   12.231   12.231  1   35.649   35.649  1
  644.0  644.0  1   12.194   12.194  1   35.644   35.644  1
  646.0  646.0  1   12.143   12.143  1   35.640   35.640  1
  648.0  648.0  1   11.975   11.975  1   35.624   35.624  1
  650.0  650.0  1   11.936   11.936  1   35.615   35.615  1
  652.0  652.0  1   11.923   11.923  1   35.613   35.613  1
  654.0  654.0  1   11.897   11.897  1   35.613   35.613  1
  656.0  656.0  1   11.874   11.874  1   35.610   35.610  1
  658.0  658.0  1   11.853   11.853  1   35.609   35.609  1
  660.0  660.0  1   11.810   11.810  1   35.605   35.605  1
  662.0  662.0  1   11.782   11.782  1   35.599   35.599  1
  664.0  664.0  1   11.781   11.781  1   35.599   35.599  1
  666.0  666.0  1   11.780   11.780  1   35.599   35.599  1
  668.0  668.0  1   11.779   11.779  1   35.598   35.598  1
  670.0  670.0  1   11.769   11.769  1   35.597   35.597  1
  672.0  672.0  1   11.729   11.729  1   35.592   35.592  1
  674.1  674.1  1   11.702   11.702  1   35.588   35.588  1
  676.0  676.0  1   11.675   11.675  1   35.584   35.584  1
  678.0  678.0  1   11.659   11.659  1   35.582   35.582  1
  680.0  680.0  1   11.628   11.628  1   35.578   35.578  1
  682.0  682.0  1   11.611   11.611  1   35.576   35.576  1
  684.0  684.0  1   11.561   11.561  1   35.568   35.568  1
  686.0  686.0  1   11.510   11.510  1   35.562   35.562  1
  688.0  688.0  1   11.429   11.429  1   35.549   35.549  1
  690.0  690.0  1   11.371   11.371  1   35.541   35.541  1
  692.0  692.0  1   11.315   11.315  1   35.533   35.533  1
  694.0  694.0  1   11.303   11.303  1   35.531   35.531  1
  696.0  696.0  1   11.235   11.235  1   35.523   35.523  1
  698.0  698.0  1   11.175   11.175  1   35.517   35.517  1
  700.0  700.0  1   11.056   11.056  1   35.507   35.507  1
  702.0  702.0  1   11.035   11.035  1   35.503   35.503  1
  704.0  704.0  1   11.017   11.017  1   35.501   35.501  1
  706.0  706.0  1   10.918   10.918  1   35.491   35.491  1
  708.0  708.0  1   10.903   10.903  1   35.487   35.487  1
  710.0  710.0  1   10.898   10.898  1   35.486   35.486  1
  712.0  712.0  1   10.900   10.900  1   35.485   35.485  1
  714.0  714.0  1   10.890   10.890  1   35.484   35.484  1
  716.0  716.0  1   10.836   10.836  1   35.478   35.478  1
  718.0  718.0  1   10.809   10.809  1   35.474   35.474  1
  720.0  720.0  1   10.791   10.791  1   35.471   35.471  1
  722.0  722.0  1   10.675   10.675  1   35.461   35.461  1
  724.0  724.0  1   10.595   10.595  1   35.453   35.453  1
  726.0  726.0  1   10.515   10.515  1   35.442   35.442  1
  728.0  728.0  1   10.477   10.477  1   35.437   35.437  1
  730.0  730.0  1   10.442   10.442  1   35.433   35.433  1
  732.0  732.0  1   10.414   10.414  1   35.429   35.429  1
  734.0  734.0  1   10.404   10.404  1   35.428   35.428  1
  736.0  736.0  1   10.391   10.391  1   35.426   35.426  1
  738.0  738.0  1   10.376   10.376  1   35.424   35.424  1
  740.0  740.0  1   10.357   10.357  1   35.421   35.421  1
  742.0  742.0  1   10.333   10.333  1   35.418   35.418  1
  743.9  743.9  1   10.321   10.321  1   35.417   35.417  1
  746.0  746.0  1   10.312   10.312  1   35.415   35.415  1
  748.0  748.0  1   10.296   10.296  1   35.414   35.414  1
  750.0  750.0  1   10.262   10.262  1   35.411   35.411  1
  752.0  752.0  1   10.227   10.227  1   35.407   35.407  1
  754.0  754.0  1   10.212   10.212  1   35.405   35.405  1
  756.0  756.0  1   10.190   10.190  1   35.402   35.402  1
  758.0  758.0  1   10.163   10.163  1   35.399   35.399  1
  760.0  760.0  1   10.135   10.135  1   35.396   35.396  1
  762.0  762.0  1   10.092   10.092  1   35.391   35.391  1
  764.0  764.0  1   10.071   10.071  1   35.386   35.386  1
  766.0  766.0  1   10.042   10.042  1   35.383   35.383  1
  767.9  767.9  1    9.996    9.996  1   35.376   35.376  1
  769.9  769.9  1    9.895    9.895  1   35.365   35.365  1
  772.0  772.0  1    9.788    9.788  1   35.352   35.352  1
  774.0  774.0  1    9.771    9.771  1   35.350   35.350  1
  776.0  776.0  1    9.746    9.746  1   35.347   35.347  1
  778.0  778.0  1    9.732    9.732  1   35.346   35.346  1
  780.0  780.0  1    9.724    9.724  1   35.344   35.344  1
  782.0  782.0  1    9.719    9.719  1   35.344   35.344  1
  784.0  784.0  1    9.717    9.717  1   35.343   35.343  1
  786.0  786.0  1    9.711    9.711  1   35.342   35.342  1
  788.0  788.0  1    9.700    9.700  1   35.340   35.340  1
  790.0  790.0  1    9.682    9.682  1   35.338   35.338  1
  792.0  792.0  1    9.642    9.642  1   35.334   35.334  1
  794.0  794.0  1    9.613    9.613  1   35.330   35.330  1
  796.0  796.0  1    9.596    9.596  1   35.327   35.327  1
  798.0  798.0  1    9.591    9.591  1   35.326   35.326  1
  800.0  800.0  1    9.577    9.577  1   35.325   35.325  1
  802.0  802.0  1    9.563    9.563  1   35.322   35.322  1
  804.0  804.0  1    9.552    9.552  1   35.321   35.321  1
  806.0  806.0  1    9.494    9.494  1   35.318   35.318  1
  808.0  808.0  1    9.453    9.453  1   35.311   35.311  1
  810.0  810.0  1    9.453    9.453  1   35.310   35.310  1
  812.0  812.0  1    9.452    9.452  1   35.310   35.310  1
  814.0  814.0  1    9.445    9.445  1   35.309   35.309  1
  816.0  816.0  1    9.426    9.426  1   35.308   35.308  1
  818.0  818.0  1    9.346    9.346  1   35.299   35.299  1
  820.0  820.0  1    9.259    9.259  1   35.293   35.293  1
  822.0  822.0  1    9.202    9.202  1   35.283   35.283  1
  824.0  824.0  1    9.179    9.179  1   35.281   35.281  1
  826.0  826.0  1    9.170    9.170  1   35.279   35.279  1
  828.0  828.0  1    9.160    9.160  1   35.278   35.278  1
  830.0  830.0  1    9.149    9.149  1   35.277   35.277  1
  832.0  832.0  1    9.137    9.137  1   35.276   35.276  1
  834.0  834.0  1    9.123    9.123  1   35.274   35.274  1
  836.0  836.0  1    9.106    9.106  1   35.272   35.272  1
  838.0  838.0  1    9.082    9.082  1   35.271   35.271  1
  840.0  840.0  1    9.058    9.058  1   35.268   35.268  1
  842.0  842.0  1    9.048    9.048  1   35.265   35.265  1
  844.0  844.0  1    9.030    9.030  1   35.264   35.264  1
  846.0  846.0  1    9.004    9.004  1   35.260   35.260  1
  848.0  848.0  1    8.987    8.987  1   35.258   35.258  1
  850.0  850.0  1    8.921    8.921  1   35.255   35.255  1
  852.0  852.0  1    8.895    8.895  1   35.249   35.249  1
  854.0  854.0  1    8.885    8.885  1   35.247   35.247  1
  856.0  856.0  1    8.849    8.849  1   35.244   35.244  1
  858.0  858.0  1    8.833    8.833  1   35.240   35.240  1
  860.0  860.0  1    8.815    8.815  1   35.238   35.238  1
  862.0  862.0  1    8.753    8.753  1   35.233   35.233  1
  864.0  864.0  1    8.719    8.719  1   35.229   35.229  1
  866.0  866.0  1    8.711    8.711  1   35.227   35.227  1
  868.0  868.0  1    8.692    8.692  1   35.225   35.225  1
  870.0  870.0  1    8.678    8.678  1   35.223   35.223  1
  872.0  872.0  1    8.667    8.667  1   35.221   35.221  1
  874.0  874.0  1    8.640    8.640  1   35.219   35.219  1
  876.0  876.0  1    8.622    8.622  1   35.216   35.216  1
  878.0  878.0  1    8.585    8.585  1   35.212   35.212  1
  880.0  880.0  1    8.453    8.453  1   35.204   35.204  1
  882.0  882.0  1    8.374    8.374  1   35.193   35.193  1
  884.0  884.0  1    8.337    8.337  1   35.192   35.192  1
  886.0  886.0  1    8.300    8.300  1   35.186   35.186  1
  888.0  888.0  1    8.292    8.292  1   35.185   35.185  1
  890.0  890.0  1    8.274    8.274  1   35.184   35.184  1
  892.0  892.0  1    8.246    8.246  1   35.182   35.182  1
  894.0  894.0  1    8.218    8.218  1   35.178   35.178  1
  896.0  896.0  1    8.191    8.191  1   35.175   35.175  1
  898.0  898.0  1    8.161    8.161  1   35.172   35.172  1
  900.0  900.0  1    8.121    8.121  1   35.169   35.169  1
  902.0  902.0  1    8.079    8.079  1   35.163   35.163  1
  904.0  904.0  1    8.060    8.060  1   35.161   35.161  1
  906.0  906.0  1    8.045    8.045  1   35.160   35.160  1
  908.0  908.0  1    8.026    8.026  1   35.158   35.158  1
  910.0  910.0  1    8.006    8.006  1   35.157   35.157  1
  912.0  912.0  1    8.006    8.006  1   35.158   35.158  1
  914.0  914.0  1    8.013    8.013  1   35.160   35.160  1
  916.0  916.0  1    8.008    8.008  1   35.162   35.162  1
  918.0  918.0  1    7.986    7.986  1   35.159   35.159  1
  920.0  920.0  1    7.941    7.941  1   35.154   35.154  1
  922.0  922.0  1    7.906    7.906  1   35.152   35.152  1
  924.0  924.0  1    7.895    7.895  1   35.152   35.152  1
  926.0  926.0  1    7.889    7.889  1   35.151   35.151  1
  928.0  928.0  1    7.887    7.887  1   35.151   35.151  1
  930.0  930.0  1    7.889    7.889  1   35.152   35.152  1
  932.0  932.0  1    7.888    7.888  1   35.152   35.152  1
  934.0  934.0  1    7.850    7.850  1   35.154   35.154  1
  936.0  936.0  1    7.847    7.847  1   35.154   35.154  1
  938.0  938.0  1    7.841    7.841  1   35.154   35.154  1
  940.0  940.0  1    7.818    7.818  1   35.154   35.154  1
  942.0  942.0  1    7.811    7.811  1   35.152   35.152  1
  944.0  944.0  1    7.798    7.798  1   35.151   35.151  1
  946.0  946.0  1    7.752    7.752  1   35.146   35.146  1
  948.0  948.0  1    7.723    7.723  1   35.144   35.144  1
  950.0  950.0  1    7.711    7.711  1   35.145   35.145  1
  952.0  952.0  1    7.715    7.715  1   35.150   35.150  1
  954.0  954.0  1    7.710    7.710  1   35.150   35.150  1
  956.0  956.0  1    7.699    7.699  1   35.149   35.149  1
  958.0  958.0  1    7.688    7.688  1   35.148   35.148  1
  960.0  960.0  1    7.683    7.683  1   35.147   35.147  1
  962.0  962.0  1    7.678    7.678  1   35.146   35.146  1
  964.0  964.0  1    7.676    7.676  1   35.146   35.146  1
  966.0  966.0  1    7.661    7.661  1   35.144   35.144  1
  968.0  968.0  1    7.617    7.617  1   35.138   35.138  1
  970.0  970.0  1    7.617    7.617  1   35.145   35.145  1
  972.0  972.0  1    7.593    7.593  1   35.146   35.146  1
  974.0  974.0  1    7.580    7.580  1   35.144   35.144  1
  976.0  976.0  1    7.581    7.581  1   35.145   35.145  1
  978.0  978.0  1    7.633    7.633  1   35.155   35.155  1
  980.0  980.0  1    7.731    7.731  1   35.177   35.177  1
  982.0  982.0  1    7.757    7.757  1   35.185   35.185  1
  984.0  984.0  1    7.751    7.751  1   35.185   35.185  1
  986.0  986.0  1    7.738    7.738  1   35.182   35.182  1
  988.0  988.0  1    7.691    7.691  1   35.179   35.179  1
  990.0  990.0  1    7.650    7.650  1   35.171   35.171  1
  992.0  992.0  1    7.630    7.630  1   35.172   35.172  1
  994.0  994.0  1    7.603    7.603  1   35.168   35.168  1
  996.0  996.0  1    7.585    7.585  1   35.168   35.168  1
  998.0  998.0  1    7.553    7.553  1   35.166   35.166  1
 1000.0 1000.0  1    7.527    7.527  1   35.161   35.161  1
 1002.0 1002.0  1    7.437    7.437  1   35.150   35.150  1
 1004.0 1004.0  1    7.349    7.349  1   35.135   35.135  1
 1006.0 1006.0  1    7.308    7.308  1   35.126   35.126  1
 1008.0 1008.0  1    7.293    7.293  1   35.122   35.122  1
 1010.0 1010.0  1    7.291    7.291  1   35.121   35.121  1
 1012.0 1012.0  1    7.280    7.280  1   35.119   35.119  1
 1014.0 1014.0  1    7.254    7.254  1   35.116   35.116  1
 1016.0 1016.0  1    7.249    7.249  1   35.128   35.128  1
 1018.0 1018.0  1    7.193    7.193  1   35.119   35.119  1
 1020.0 1020.0  1    7.260    7.260  1   35.136   35.136  1
 1022.0 1022.0  1    7.326    7.326  1   35.155   35.155  1
 1024.0 1024.0  1    7.299    7.299  1   35.156   35.156  1
 1026.0 1026.0  1    7.259    7.259  1   35.149   35.149  1
 1028.0 1028.0  1    7.223    7.223  1   35.145   35.145  1
 1030.0 1030.0  1    7.183    7.183  1   35.140   35.140  1
 1032.0 1032.0  1    7.196    7.196  1   35.144   35.144  1
 1034.0 1034.0  1    7.197    7.197  1   35.148   35.148  1
 1036.0 1036.0  1    7.156    7.156  1   35.146   35.146  1
 1038.0 1038.0  1    7.138    7.138  1   35.144   35.144  1
 1040.0 1040.0  1    7.130    7.130  1   35.144   35.144  1
 1042.0 1042.0  1    7.120    7.120  1   35.143   35.143  1
 1044.0 1044.0  1    7.112    7.112  1   35.142   35.142  1
 1046.0 1046.0  1    7.093    7.093  1   35.142   35.142  1
 1048.0 1048.0  1    7.011    7.011  1   35.135   35.135  1
 1050.0 1050.0  1    6.974    6.974  1   35.134   35.134  1
 1052.0 1052.0  1    6.964    6.964  1   35.134   35.134  1
 1054.0 1054.0  1    6.958    6.958  1   35.134   35.134  1
 1056.0 1056.0  1    6.940    6.940  1   35.131   35.131  1
 1058.0 1058.0  1    6.935    6.935  1   35.130   35.130  1
 1059.9 1059.9  1    6.923    6.923  1   35.129   35.129  1
 1062.0 1062.0  1    6.940    6.940  1   35.133   35.133  1
 1064.0 1064.0  1    6.948    6.948  1   35.135   35.135  1
 1066.0 1066.0  1    6.942    6.942  1   35.136   35.136  1
 1068.0 1068.0  1    6.928    6.928  1   35.136   35.136  1
 1070.0 1070.0  1    6.911    6.911  1   35.133   35.133  1
 1072.0 1072.0  1    6.909    6.909  1   35.133   35.133  1
 1074.0 1074.0  1    6.909    6.909  1   35.132   35.132  1
 1076.0 1076.0  1    6.904    6.904  1   35.131   35.131  1
 1078.0 1078.0  1    6.899    6.899  1   35.129   35.129  1
 1080.0 1080.0  1    6.900    6.900  1   35.128   35.128  1
 1082.0 1082.0  1    6.871    6.871  1   35.126   35.126  1
 1084.0 1084.0  1    6.786    6.786  1   35.116   35.116  1
 1086.0 1086.0  1    6.736    6.736  1   35.108   35.108  1
 1087.9 1087.9  1    6.719    6.719  1   35.106   35.106  1
 1090.0 1090.0  1    6.683    6.683  1   35.103   35.103  1
 1092.0 1092.0  1    6.646    6.646  1   35.099   35.099  1
 1094.0 1094.0  1    6.613    6.613  1   35.093   35.093  1
 1096.0 1096.0  1    6.605    6.605  1   35.091   35.091  1
 1098.0 1098.0  1    6.601    6.601  1   35.091   35.091  1
 1100.0 1100.0  1    6.590    6.590  1   35.090   35.090  1
 1102.0 1102.0  1    6.584    6.584  1   35.089   35.089  1
 1104.0 1104.0  1    6.553    6.553  1   35.086   35.086  1
 1105.9 1105.9  1    6.543    6.543  1   35.083   35.083  1
 1108.0 1108.0  1    6.546    6.546  1   35.086   35.086  1
 1110.0 1110.0  1    6.548    6.548  1   35.091   35.091  1
 1112.0 1112.0  1    6.533    6.533  1   35.093   35.093  1
 1114.0 1114.0  1    6.512    6.512  1   35.094   35.094  1
 1116.0 1116.0  1    6.498    6.498  1   35.094   35.094  1
 1118.0 1118.0  1    6.495    6.495  1   35.094   35.094  1
 1120.0 1120.0  1    6.494    6.494  1   35.094   35.094  1
 1122.0 1122.0  1    6.492    6.492  1   35.093   35.093  1
 1124.0 1124.0  1    6.491    6.491  1   35.094   35.094  1
 1126.0 1126.0  1    6.490    6.490  1   35.094   35.094  1
 1128.0 1128.0  1    6.493    6.493  1   35.100   35.100  1
 1130.0 1130.0  1    6.477    6.477  1   35.103   35.103  1
 1132.0 1132.0  1    6.468    6.468  1   35.103   35.103  1
 1134.0 1134.0  1    6.464    6.464  1   35.103   35.103  1
 1136.0 1136.0  1    6.458    6.458  1   35.103   35.103  1
 1138.0 1138.0  1    6.458    6.458  1   35.103   35.103  1
 1140.0 1140.0  1    6.457    6.457  1   35.103   35.103  1
 1142.0 1142.0  1    6.456    6.456  1   35.102   35.102  1
 1144.0 1144.0  1    6.456    6.456  1   35.102   35.102  1
 1146.0 1146.0  1    6.455    6.455  1   35.102   35.102  1
 1148.0 1148.0  1    6.455    6.455  1   35.102   35.102  1
 1150.0 1150.0  1    6.455    6.455  1   35.102   35.102  1
 1152.0 1152.0  1    6.452    6.452  1   35.102   35.102  1
 1154.0 1154.0  1    6.446    6.446  1   35.103   35.103  1
 1156.0 1156.0  1    6.436    6.436  1   35.104   35.104  1
 1158.0 1158.0  1    6.390    6.390  1   35.101   35.101  1
 1160.0 1160.0  1    6.377    6.377  1   35.100   35.100  1
 1162.0 1162.0  1    6.369    6.369  1   35.100   35.100  1
 1164.0 1164.0  1    6.330    6.330  1   35.100   35.100  1
 1166.0 1166.0  1    6.285    6.285  1   35.097   35.097  1
 1168.0 1168.0  1    6.275    6.275  1   35.096   35.096  1
 1170.0 1170.0  1    6.270    6.270  1   35.095   35.095  1
 1172.0 1172.0  1    6.257    6.257  1   35.094   35.094  1
 1174.0 1174.0  1    6.236    6.236  1   35.092   35.092  1
 1176.0 1176.0  1    6.210    6.210  1   35.090   35.090  1
 1178.0 1178.0  1    6.158    6.158  1   35.087   35.087  1
 1180.0 1180.0  1    6.142    6.142  1   35.085   35.085  1
 1182.0 1182.0  1    6.139    6.139  1   35.085   35.085  1
 1184.0 1184.0  1    6.136    6.136  1   35.085   35.085  1
 1186.0 1186.0  1    6.126    6.126  1   35.085   35.085  1
 1188.0 1188.0  1    6.116    6.116  1   35.086   35.086  1
 1190.0 1190.0  1    6.097    6.097  1   35.087   35.087  1
 1192.0 1192.0  1    6.092    6.092  1   35.086   35.086  1
 1194.0 1194.0  1    6.088    6.088  1   35.086   35.086  1
 1196.0 1196.0  1    6.083    6.083  1   35.085   35.085  1
 1198.0 1198.0  1    6.074    6.074  1   35.086   35.086  1
 1200.0 1200.0  1    6.063    6.063  1   35.086   35.086  1
 1202.0 1202.0  1    6.046    6.046  1   35.086   35.086  1
 1204.0 1204.0  1    6.037    6.037  1   35.085   35.085  1
 1206.0 1206.0  1    6.027    6.027  1   35.085   35.085  1
 1208.0 1208.0  1    6.009    6.009  1   35.085   35.085  1
 1210.0 1210.0  1    5.996    5.996  1   35.085   35.085  1
 1212.0 1212.0  1    5.987    5.987  1   35.085   35.085  1
 1214.0 1214.0  1    5.975    5.975  1   35.085   35.085  1
 1216.0 1216.0  1    5.960    5.960  1   35.085   35.085  1
 1218.0 1218.0  1    5.947    5.947  1   35.085   35.085  1
 1220.0 1220.0  1    5.933    5.933  1   35.086   35.086  1
 1222.0 1222.0  1    5.916    5.916  1   35.086   35.086  1
 1224.0 1224.0  1    5.900    5.900  1   35.086   35.086  1
 1226.0 1226.0  1    5.898    5.898  1   35.086   35.086  1
 1228.0 1228.0  1    5.892    5.892  1   35.086   35.086  1
 1230.0 1230.0  1    5.889    5.889  1   35.086   35.086  1
 1232.0 1232.0  1    5.889    5.889  1   35.087   35.087  1
 1234.0 1234.0  1    5.887    5.887  1   35.087   35.087  1
 1236.0 1236.0  1    5.882    5.882  1   35.087   35.087  1
 1238.0 1238.0  1    5.879    5.879  1   35.087   35.087  1
 1240.0 1240.0  1    5.875    5.875  1   35.087   35.087  1
 1242.0 1242.0  1    5.872    5.872  1   35.087   35.087  1
 1244.0 1244.0  1    5.871    5.871  1   35.087   35.087  1
 1246.0 1246.0  1    5.871    5.871  1   35.087   35.087  1
 1248.0 1248.0  1    5.871    5.871  1   35.087   35.087  1
 1250.0 1250.0  1    5.862    5.862  1   35.087   35.087  1
 1252.0 1252.0  1    5.854    5.854  1   35.087   35.087  1
 1254.0 1254.0  1    5.852    5.852  1   35.089   35.089  1
 1256.0 1256.0  1    5.852    5.852  1   35.089   35.089  1
 1258.0 1258.0  1    5.850    5.850  1   35.089   35.089  1
 1260.0 1260.0  1    5.839    5.839  1   35.092   35.092  1
 1262.0 1262.0  1    5.816    5.816  1   35.094   35.094  1
 1264.0 1264.0  1    5.807    5.807  1   35.095   35.095  1
 1266.0 1266.0  1    5.803    5.803  1   35.096   35.096  1
 1268.0 1268.0  1    5.794    5.794  1   35.096   35.096  1
 1270.0 1270.0  1    5.781    5.781  1   35.097   35.097  1
 1272.0 1272.0  1    5.773    5.773  1   35.096   35.096  1
 1274.0 1274.0  1    5.769    5.769  1   35.096   35.096  1
 1276.0 1276.0  1    5.767    5.767  1   35.096   35.096  1
 1278.0 1278.0  1    5.766    5.766  1   35.096   35.096  1
 1279.9 1279.9  1    5.764    5.764  1   35.096   35.096  1
 1282.0 1282.0  1    5.759    5.759  1   35.097   35.097  1
 1284.0 1284.0  1    5.755    5.755  1   35.097   35.097  1
 1286.0 1286.0  1    5.748    5.748  1   35.096   35.096  1
 1288.0 1288.0  1    5.741    5.741  1   35.096   35.096  1
 1290.0 1290.0  1    5.732    5.732  1   35.096   35.096  1
 1292.0 1292.0  1    5.725    5.725  1   35.095   35.095  1
 1294.0 1294.0  1    5.725    5.725  1   35.096   35.096  1
 1296.0 1296.0  1    5.720    5.720  1   35.097   35.097  1
 1298.0 1298.0  1    5.715    5.715  1   35.096   35.096  1
 1300.0 1300.0  1    5.707    5.707  1   35.096   35.096  1
 1302.0 1302.0  1    5.694    5.694  1   35.096   35.096  1
 1304.0 1304.0  1    5.694    5.694  1   35.095   35.095  1
 1306.0 1306.0  1    5.689    5.689  1   35.096   35.096  1
 1308.0 1308.0  1    5.684    5.684  1   35.095   35.095  1
 1310.0 1310.0  1    5.681    5.681  1   35.095   35.095  1
 1312.0 1312.0  1    5.679    5.679  1   35.095   35.095  1
 1314.0 1314.0  1    5.676    5.676  1   35.095   35.095  1
 1316.0 1316.0  1    5.672    5.672  1   35.095   35.095  1
 1318.0 1318.0  1    5.669    5.669  1   35.095   35.095  1
 1320.0 1320.0  1    5.661    5.661  1   35.095   35.095  1
 1322.0 1322.0  1    5.648    5.648  1   35.094   35.094  1
 1324.0 1324.0  1    5.630    5.630  1   35.095   35.095  1
 1326.0 1326.0  1    5.618    5.618  1   35.095   35.095  1
 1328.0 1328.0  1    5.614    5.614  1   35.095   35.095  1
 1330.0 1330.0  1    5.609    5.609  1   35.096   35.096  1
 1332.0 1332.0  1    5.604    5.604  1   35.097   35.097  1
 1334.0 1334.0  1    5.592    5.592  1   35.099   35.099  1
 1336.0 1336.0  1    5.585    5.585  1   35.099   35.099  1
 1338.0 1338.0  1    5.569    5.569  1   35.098   35.098  1
 1340.0 1340.0  1    5.558    5.558  1   35.098   35.098  1
 1342.0 1342.0  1    5.553    5.553  1   35.098   35.098  1
 1344.0 1344.0  1    5.552    5.552  1   35.099   35.099  1
 1346.0 1346.0  1    5.548    5.548  1   35.101   35.101  1
 1348.0 1348.0  1    5.544    5.544  1   35.102   35.102  1
 1350.0 1350.0  1    5.543    5.543  1   35.102   35.102  1
 1352.0 1352.0  1    5.542    5.542  1   35.102   35.102  1
 1354.0 1354.0  1    5.542    5.542  1   35.102   35.102  1
 1356.0 1356.0  1    5.542    5.542  1   35.102   35.102  1
 1358.0 1358.0  1    5.539    5.539  1   35.102   35.102  1
 1360.0 1360.0  1    5.537    5.537  1   35.102   35.102  1
 1362.0 1362.0  1    5.536    5.536  1   35.102   35.102  1
 1364.0 1364.0  1    5.534    5.534  1   35.102   35.102  1
 1366.0 1366.0  1    5.533    5.533  1   35.102   35.102  1
 1368.0 1368.0  1    5.531    5.531  1   35.102   35.102  1
 1370.0 1370.0  1    5.529    5.529  1   35.102   35.102  1
 1372.0 1372.0  1    5.527    5.527  1   35.102   35.102  1
 1374.0 1374.0  1    5.522    5.522  1   35.102   35.102  1
 1376.0 1376.0  1    5.516    5.516  1   35.103   35.103  1
 1378.0 1378.0  1    5.510    5.510  1   35.104   35.104  1
 1380.0 1380.0  1    5.507    5.507  1   35.104   35.104  1
 1382.0 1382.0  1    5.504    5.504  1   35.104   35.104  1
 1384.0 1384.0  1    5.497    5.497  1   35.105   35.105  1
 1386.0 1386.0  1    5.494    5.494  1   35.105   35.105  1
 1388.0 1388.0  1    5.492    5.492  1   35.105   35.105  1
 1390.0 1390.0  1    5.489    5.489  1   35.105   35.105  1
 1392.0 1392.0  1    5.481    5.481  1   35.106   35.106  1
 1394.0 1394.0  1    5.475    5.475  1   35.106   35.106  1
 1396.0 1396.0  1    5.473    5.473  1   35.106   35.106  1
 1398.0 1398.0  1    5.468    5.468  1   35.105   35.105  1
 1400.0 1400.0  1    5.463    5.463  1   35.105   35.105  1
 1402.0 1402.0  1    5.459    5.459  1   35.105   35.105  1
 1404.0 1404.0  1    5.451    5.451  1   35.105   35.105  1
 1406.0 1406.0  1    5.444    5.444  1   35.105   35.105  1
 1408.0 1408.0  1    5.440    5.440  1   35.104   35.104  1
 1410.0 1410.0  1    5.439    5.439  1   35.104   35.104  1
 1412.0 1412.0  1    5.438    5.438  1   35.104   35.104  1
 1414.0 1414.0  1    5.436    5.436  1   35.104   35.104  1
 1416.0 1416.0  1    5.435    5.435  1   35.104   35.104  1
 1418.0 1418.0  1    5.431    5.431  1   35.104   35.104  1
 1420.0 1420.0  1    5.425    5.425  1   35.104   35.104  1
 1422.0 1422.0  1    5.417    5.417  1   35.104   35.104  1
 1424.0 1424.0  1    5.402    5.402  1   35.104   35.104  1
 1426.0 1426.0  1    5.393    5.393  1   35.103   35.103  1
 1428.0 1428.0  1    5.389    5.389  1   35.103   35.103  1
 1430.0 1430.0  1    5.381    5.381  1   35.102   35.102  1
 1432.0 1432.0  1    5.356    5.356  1   35.102   35.102  1
 1434.0 1434.0  1    5.349    5.349  1   35.101   35.101  1
 1436.0 1436.0  1    5.348    5.348  1   35.101   35.101  1
 1438.0 1438.0  1    5.340    5.340  1   35.101   35.101  1
 1440.0 1440.0  1    5.328    5.328  1   35.100   35.100  1
 1442.0 1442.0  1    5.323    5.323  1   35.100   35.100  1
 1444.0 1444.0  1    5.318    5.318  1   35.100   35.100  1
 1446.0 1446.0  1    5.306    5.306  1   35.100   35.100  1
 1448.0 1448.0  1    5.282    5.282  1   35.100   35.100  1
 1450.0 1450.0  1    5.265    5.265  1   35.099   35.099  1
 1452.0 1452.0  1    5.264    5.264  1   35.099   35.099  1
 1454.0 1454.0  1    5.259    5.259  1   35.100   35.100  1
 1456.0 1456.0  1    5.254    5.254  1   35.100   35.100  1
 1458.0 1458.0  1    5.248    5.248  1   35.101   35.101  1
 1460.0 1460.0  1    5.236    5.236  1   35.102   35.102  1
 1462.0 1462.0  1    5.230    5.230  1   35.102   35.102  1
 1464.0 1464.0  1    5.227    5.227  1   35.101   35.101  1
 1466.0 1466.0  1    5.221    5.221  1   35.101   35.101  1
 1468.0 1468.0  1    5.207    5.207  1   35.103   35.103  1
 1470.0 1470.0  1    5.193    5.193  1   35.104   35.104  1
 1472.0 1472.0  1    5.193    5.193  1   35.104   35.104  1
 1474.0 1474.0  1    5.192    5.192  1   35.104   35.104  1
 1476.0 1476.0  1    5.192    5.192  1   35.104   35.104  1
 1478.0 1478.0  1    5.191    5.191  1   35.104   35.104  1
 1480.0 1480.0  1    5.188    5.188  1   35.104   35.104  1
 1482.0 1482.0  1    5.187    5.187  1   35.103   35.103  1
 1484.0 1484.0  1    5.176    5.176  1   35.104   35.104  1
 1486.0 1486.0  1    5.154    5.154  1   35.104   35.104  1
 1488.0 1488.0  1    5.154    5.154  1   35.104   35.104  1
 1490.0 1490.0  1    5.155    5.155  1   35.104   35.104  1
 1492.1 1492.1  1    5.155    5.155  1   35.104   35.104  1
 1494.0 1494.0  1    5.152    5.152  1   35.104   35.104  1
 1496.0 1496.0  1    5.151    5.151  1   35.104   35.104  1
 1498.0 1498.0  1    5.148    5.148  1   35.104   35.104  1
 1500.0 1500.0  1    5.147    5.147  1   35.104   35.104  1
 1502.0 1502.0  1    5.145    5.145  1   35.103   35.103  1
 1504.0 1504.0  1    5.137    5.137  1   35.103   35.103  1
 1506.0 1506.0  1    5.132    5.132  1   35.103   35.103  1
 1508.0 1508.0  1    5.125    5.125  1   35.102   35.102  1
 1510.0 1510.0  1    5.123    5.123  1   35.102   35.102  1
 1512.0 1512.0  1    5.124    5.124  1   35.102   35.102  1
 1514.0 1514.0  1    5.125    5.125  1   35.102   35.102  1
 1516.0 1516.0  1    5.126    5.126  1   35.102   35.102  1
 1518.0 1518.0  1    5.125    5.125  1   35.102   35.102  1
 1520.0 1520.0  1    5.122    5.122  1   35.102   35.102  1
 1522.0 1522.0  1    5.118    5.118  1   35.102   35.102  1
 1524.0 1524.0  1    5.112    5.112  1   35.101   35.101  1
 1526.0 1526.0  1    5.109    5.109  1   35.101   35.101  1
 1528.0 1528.0  1    5.104    5.104  1   35.101   35.101  1
 1530.0 1530.0  1    5.098    5.098  1   35.100   35.100  1
 1532.0 1532.0  1    5.095    5.095  1   35.099   35.099  1
 1534.0 1534.0  1    5.084    5.084  1   35.099   35.099  1
 1536.0 1536.0  1    5.025    5.025  1   35.094   35.094  1
 1538.0 1538.0  1    5.022    5.022  1   35.093   35.093  1
 1540.0 1540.0  1    5.022    5.022  1   35.093   35.093  1
 1542.0 1542.0  1    5.022    5.022  1   35.093   35.093  1
 1544.0 1544.0  1    5.022    5.022  1   35.093   35.093  1
 1546.0 1546.0  1    5.019    5.019  1   35.093   35.093  1
 1548.0 1548.0  1    5.008    5.008  1   35.091   35.091  1
 1550.0 1550.0  1    4.995    4.995  1   35.090   35.090  1
 1552.0 1552.0  1    4.972    4.972  1   35.088   35.088  1
 1554.0 1554.0  1    4.960    4.960  1   35.085   35.085  1
 1556.0 1556.0  1    4.953    4.953  1   35.084   35.084  1
 1558.0 1558.0  1    4.936    4.936  1   35.082   35.082  1
 1560.0 1560.0  1    4.903    4.903  1   35.079   35.079  1
 1562.0 1562.0  1    4.885    4.885  1   35.076   35.076  1
 1564.0 1564.0  1    4.878    4.878  1   35.075   35.075  1
 1566.0 1566.0  1    4.871    4.871  1   35.074   35.074  1
 1568.0 1568.0  1    4.863    4.863  1   35.073   35.073  1
 1570.0 1570.0  1    4.859    4.859  1   35.073   35.073  1
 1572.0 1572.0  1    4.858    4.858  1   35.073   35.073  1
 1574.0 1574.0  1    4.855    4.855  1   35.072   35.072  1
 1576.0 1576.0  1    4.854    4.854  1   35.072   35.072  1
 1578.0 1578.0  1    4.854    4.854  1   35.072   35.072  1
 1580.0 1580.0  1    4.852    4.852  1   35.072   35.072  1
 1582.0 1582.0  1    4.851    4.851  1   35.072   35.072  1
 1584.0 1584.0  1    4.848    4.848  1   35.071   35.071  1
 1586.0 1586.0  1    4.840    4.840  1   35.070   35.070  1
 1588.0 1588.0  1    4.834    4.834  1   35.070   35.070  1
 1590.0 1590.0  1    4.820    4.820  1   35.068   35.068  1
 1592.0 1592.0  1    4.814    4.814  1   35.068   35.068  1
 1594.0 1594.0  1    4.806    4.806  1   35.069   35.069  1
 1595.9 1595.9  1    4.814    4.814  1   35.072   35.072  1
 1598.0 1598.0  1    4.844    4.844  1   35.079   35.079  1
 1600.0 1600.0  1    4.849    4.849  1   35.083   35.083  1
 1602.0 1602.0  1    4.846    4.846  1   35.083   35.083  1
 1604.0 1604.0  1    4.846    4.846  1   35.083   35.083  1
 1606.0 1606.0  1    4.836    4.836  1   35.085   35.085  1
 1608.0 1608.0  1    4.834    4.834  1   35.085   35.085  1
 1610.0 1610.0  1    4.834    4.834  1   35.085   35.085  1
 1612.0 1612.0  1    4.832    4.832  1   35.085   35.085  1
 1614.0 1614.0  1    4.831    4.831  1   35.085   35.085  1
 1616.0 1616.0  1    4.829    4.829  1   35.085   35.085  1
 1618.0 1618.0  1    4.825    4.825  1   35.085   35.085  1
 1620.0 1620.0  1    4.821    4.821  1   35.084   35.084  1
 1622.0 1622.0  1    4.810    4.810  1   35.085   35.085  1
 1624.0 1624.0  1    4.807    4.807  1   35.085   35.085  1
 1626.0 1626.0  1    4.804    4.804  1   35.085   35.085  1
 1628.0 1628.0  1    4.798    4.798  1   35.084   35.084  1
 1630.0 1630.0  1    4.794    4.794  1   35.084   35.084  1
 1632.0 1632.0  1    4.789    4.789  1   35.084   35.084  1
 1634.0 1634.0  1    4.786    4.786  1   35.084   35.084  1
 1636.0 1636.0  1    4.780    4.780  1   35.083   35.083  1
 1638.0 1638.0  1    4.778    4.778  1   35.083   35.083  1
 1640.0 1640.0  1    4.767    4.767  1   35.082   35.082  1
 1642.0 1642.0  1    4.758    4.758  1   35.081   35.081  1
 1644.0 1644.0  1    4.752    4.752  1   35.081   35.081  1
 1646.0 1646.0  1    4.723    4.723  1   35.082   35.082  1
 1648.0 1648.0  1    4.703    4.703  1   35.082   35.082  1
 1650.0 1650.0  1    4.684    4.684  1   35.081   35.081  1
 1652.0 1652.0  1    4.681    4.681  1   35.082   35.082  1
 1654.0 1654.0  1    4.682    4.682  1   35.082   35.082  1
 1656.0 1656.0  1    4.682    4.682  1   35.082   35.082  1
 1658.0 1658.0  1    4.683    4.683  1   35.082   35.082  1
 1660.0 1660.0  1    4.684    4.684  1   35.082   35.082  1
 1662.0 1662.0  1    4.685    4.685  1   35.082   35.082  1
 1664.1 1664.1  1    4.685    4.685  1   35.082   35.082  1
 1666.0 1666.0  1    4.685    4.685  1   35.082   35.082  1
 1668.0 1668.0  1    4.686    4.686  1   35.082   35.082  1
 1670.0 1670.0  1    4.686    4.686  1   35.082   35.082  1
 1672.0 1672.0  1    4.685    4.685  1   35.082   35.082  1
 1674.0 1674.0  1    4.681    4.681  1   35.082   35.082  1
 1676.0 1676.0  1    4.660    4.660  1   35.084   35.084  1
 1678.0 1678.0  1    4.632    4.632  1   35.084   35.084  1
 1680.0 1680.0  1    4.616    4.616  1   35.083   35.083  1
 1682.0 1682.0  1    4.610    4.610  1   35.083   35.083  1
 1684.0 1684.0  1    4.605    4.605  1   35.082   35.082  1
 1686.0 1686.0  1    4.604    4.604  1   35.082   35.082  1
 1688.0 1688.0  1    4.603    4.603  1   35.082   35.082  1
 1690.0 1690.0  1    4.599    4.599  1   35.082   35.082  1
 1692.0 1692.0  1    4.595    4.595  1   35.081   35.081  1
 1694.0 1694.0  1    4.591    4.591  1   35.080   35.080  1
 1696.0 1696.0  1    4.588    4.588  1   35.080   35.080  1
 1698.0 1698.0  1    4.586    4.586  1   35.080   35.080  1
 1700.0 1700.0  1    4.584    4.584  1   35.080   35.080  1
 1702.0 1702.0  1    4.582    4.582  1   35.080   35.080  1
 1704.0 1704.0  1    4.581    4.581  1   35.080   35.080  1
 1706.0 1706.0  1    4.580    4.580  1   35.080   35.080  1
 1708.0 1708.0  1    4.579    4.579  1   35.079   35.079  1
 1710.0 1710.0  1    4.576    4.576  1   35.080   35.080  1
 1712.0 1712.0  1    4.570    4.570  1   35.079   35.079  1
 1714.0 1714.0  1    4.563    4.563  1   35.080   35.080  1
 1716.0 1716.0  1    4.555    4.555  1   35.079   35.079  1
 1718.0 1718.0  1    4.550    4.550  1   35.079   35.079  1
 1720.0 1720.0  1    4.539    4.539  1   35.079   35.079  1
 1722.0 1722.0  1    4.521    4.521  1   35.078   35.078  1
 1724.0 1724.0  1    4.510    4.510  1   35.077   35.077  1
 1726.0 1726.0  1    4.506    4.506  1   35.077   35.077  1
 1728.0 1728.0  1    4.501    4.501  1   35.077   35.077  1
 1730.0 1730.0  1    4.494    4.494  1   35.077   35.077  1
 1732.0 1732.0  1    4.489    4.489  1   35.077   35.077  1
 1734.0 1734.0  1    4.483    4.483  1   35.077   35.077  1
 1736.0 1736.0  1    4.467    4.467  1   35.076   35.076  1
 1738.0 1738.0  1    4.454    4.454  1   35.074   35.074  1
 1740.0 1740.0  1    4.446    4.446  1   35.074   35.074  1
 1742.0 1742.0  1    4.435    4.435  1   35.073   35.073  1
 1744.0 1744.0  1    4.427    4.427  1   35.072   35.072  1
 1746.0 1746.0  1    4.421    4.421  1   35.072   35.072  1
 1747.9 1747.9  1    4.415    4.415  1   35.072   35.072  1
 1750.0 1750.0  1    4.404    4.404  1   35.072   35.072  1
 1752.0 1752.0  1    4.397    4.397  1   35.071   35.071  1
 1754.0 1754.0  1    4.392    4.392  1   35.071   35.071  1
 1756.0 1756.0  1    4.390    4.390  1   35.070   35.070  1
 1758.0 1758.0  1    4.389    4.389  1   35.070   35.070  1
 1760.0 1760.0  1    4.387    4.387  1   35.070   35.070  1
 1762.0 1762.0  1    4.386    4.386  1   35.070   35.070  1
 1764.0 1764.0  1    4.385    4.385  1   35.070   35.070  1
 1766.0 1766.0  1    4.384    4.384  1   35.070   35.070  1
 1768.0 1768.0  1    4.379    4.379  1   35.069   35.069  1
 1770.0 1770.0  1    4.373    4.373  1   35.069   35.069  1
 1772.0 1772.0  1    4.369    4.369  1   35.068   35.068  1
 1774.0 1774.0  1    4.365    4.365  1   35.068   35.068  1
 1776.0 1776.0  1    4.360    4.360  1   35.067   35.067  1
 1778.0 1778.0  1    4.355    4.355  1   35.067   35.067  1
 1780.0 1780.0  1    4.336    4.336  1   35.066   35.066  1
 1782.0 1782.0  1    4.324    4.324  1   35.065   35.065  1
 1784.0 1784.0  1    4.317    4.317  1   35.064   35.064  1
 1786.0 1786.0  1    4.310    4.310  1   35.063   35.063  1
 1788.0 1788.0  1    4.299    4.299  1   35.063   35.063  1
 1790.0 1790.0  1    4.290    4.290  1   35.062   35.062  1
 1792.0 1792.0  1    4.272    4.272  1   35.061   35.061  1
 1794.0 1794.0  1    4.259    4.259  1   35.060   35.060  1
 1796.0 1796.0  1    4.253    4.253  1   35.060   35.060  1
 1798.0 1798.0  1    4.245    4.245  1   35.059   35.059  1
 1800.0 1800.0  1    4.234    4.234  1   35.058   35.058  1
 1802.0 1802.0  1    4.233    4.233  1   35.058   35.058  1
 1804.0 1804.0  1    4.230    4.230  1   35.058   35.058  1
 1806.0 1806.0  1    4.227    4.227  1   35.058   35.058  1
 1808.0 1808.0  1    4.219    4.219  1   35.057   35.057  1
 1810.0 1810.0  1    4.204    4.204  1   35.056   35.056  1
 1812.0 1812.0  1    4.199    4.199  1   35.055   35.055  1
 1814.0 1814.0  1    4.198    4.198  1   35.055   35.055  1
 1816.0 1816.0  1    4.197    4.197  1   35.054   35.054  1
 1818.0 1818.0  1    4.189    4.189  1   35.054   35.054  1
 1820.0 1820.0  1    4.177    4.177  1   35.053   35.053  1
 1822.0 1822.0  1    4.163    4.163  1   35.051   35.051  1
 1824.0 1824.0  1    4.152    4.152  1   35.050   35.050  1
 1826.0 1826.0  1    4.141    4.141  1   35.050   35.050  1
 1828.0 1828.0  1    4.115    4.115  1   35.048   35.048  1
 1830.0 1830.0  1    4.103    4.103  1   35.046   35.046  1
 1832.0 1832.0  1    4.091    4.091  1   35.045   35.045  1
 1834.0 1834.0  1    4.088    4.088  1   35.045   35.045  1
 1836.0 1836.0  1    4.087    4.087  1   35.045   35.045  1
 1838.0 1838.0  1    4.086    4.086  1   35.045   35.045  1
 1840.0 1840.0  1    4.086    4.086  1   35.045   35.045  1
 1842.0 1842.0  1    4.085    4.085  1   35.044   35.044  1
 1844.0 1844.0  1    4.083    4.083  1   35.044   35.044  1
 1845.9 1845.9  1    4.075    4.075  1   35.044   35.044  1
 1848.0 1848.0  1    4.060    4.060  1   35.042   35.042  1
 1850.0 1850.0  1    4.055    4.055  1   35.042   35.042  1
 1851.9 1851.9  1    4.045    4.045  1   35.041   35.041  1
 1854.0 1854.0  1    4.037    4.037  1   35.041   35.041  1
 1856.0 1856.0  1    4.033    4.033  1   35.041   35.041  1
 1857.9 1857.9  1    4.033    4.033  1   35.041   35.041  1
 1860.0 1860.0  1    4.032    4.032  1   35.041   35.041  1
 1862.0 1862.0  1    4.031    4.031  1   35.041   35.041  1
 1864.0 1864.0  1    4.030    4.030  1   35.040   35.040  1
 1866.0 1866.0  1    4.027    4.027  1   35.040   35.040  1
 1868.0 1868.0  1    4.026    4.026  1   35.040   35.040  1
 1870.0 1870.0  1    4.025    4.025  1   35.040   35.040  1
 1872.0 1872.0  1    4.024    4.024  1   35.040   35.040  1
 1874.0 1874.0  1    4.023    4.023  1   35.040   35.040  1
 1876.0 1876.0  1    4.021    4.021  1   35.040   35.040  1
 1878.0 1878.0  1    4.017    4.017  1   35.039   35.039  1
 1880.0 1880.0  1    4.013    4.013  1   35.039   35.039  1
 1882.0 1882.0  1    4.010    4.010  1   35.039   35.039  1
 1884.0 1884.0  1    4.008    4.008  1   35.039   35.039  1
 1886.0 1886.0  1    4.008    4.008  1   35.039   35.039  1
 1888.0 1888.0  1    4.007    4.007  1   35.039   35.039  1
 1890.0 1890.0  1    4.005    4.005  1   35.038   35.038  1
 1892.0 1892.0  1    4.004    4.004  1   35.038   35.038  1
 1894.0 1894.0  1    4.001    4.001  1   35.039   35.039  1
 1896.0 1896.0  1    3.992    3.992  1   35.038   35.038  1
 1898.0 1898.0  1    3.992    3.992  1   35.038   35.038  1
 1900.0 1900.0  1    3.993    3.993  1   35.038   35.038  1
 1902.0 1902.0  1    3.993    3.993  1   35.038   35.038  1
 1904.0 1904.0  1    3.992    3.992  1   35.038   35.038  1
 1906.0 1906.0  1    3.992    3.992  1   35.038   35.038  1
 1908.0 1908.0  1    3.992    3.992  1   35.038   35.038  1
 1910.0 1910.0  1    3.991    3.991  1   35.038   35.038  1
 1912.0 1912.0  1    3.989    3.989  1   35.038   35.038  1
 1914.0 1914.0  1    3.986    3.986  1   35.038   35.038  1
 1916.0 1916.0  1    3.985    3.985  1   35.038   35.038  1
 1918.0 1918.0  1    3.985    3.985  1   35.038   35.038  1
 1920.0 1920.0  1    3.984    3.984  1   35.038   35.038  1
 1922.0 1922.0  1    3.982    3.982  1   35.038   35.038  1
 1924.0 1924.0  1    3.981    3.981  1   35.038   35.038  1
 1926.0 1926.0  1    3.981    3.981  1   35.038   35.038  1
 1928.0 1928.0  1    3.980    3.980  1   35.037   35.037  1
 1930.0 1930.0  1    3.973    3.973  1   35.037   35.037  1
 1932.0 1932.0  1    3.970    3.970  1   35.037   35.037  1
 1934.0 1934.0  1    3.967    3.967  1   35.037   35.037  1
 1936.0 1936.0  1    3.964    3.964  1   35.037   35.037  1
 1938.0 1938.0  1    3.961    3.961  1   35.036   35.036  1
 1940.0 1940.0  1    3.958    3.958  1   35.036   35.036  1
 1942.0 1942.0  1    3.955    3.955  1   35.036   35.036  1
 1944.0 1944.0  1    3.953    3.953  1   35.035   35.035  1
 1946.0 1946.0  1    3.947    3.947  1   35.035   35.035  1
 1948.0 1948.0  1    3.943    3.943  1   35.035   35.035  1
 1950.0 1950.0  1    3.940    3.940  1   35.035   35.035  1
 1952.0 1952.0  1    3.938    3.938  1   35.034   35.034  1
 1954.0 1954.0  1    3.936    3.936  1   35.034   35.034  1
 1956.0 1956.0  1    3.931    3.931  1   35.034   35.034  1
 1958.0 1958.0  1    3.927    3.927  1   35.034   35.034  1
 1960.0 1960.0  1    3.922    3.922  1   35.034   35.034  1
 1962.0 1962.0  1    3.918    3.918  1   35.033   35.033  1
 1964.0 1964.0  1    3.914    3.914  1   35.033   35.033  1
 1966.0 1966.0  1    3.908    3.908  1   35.033   35.033  1
 1968.0 1968.0  1    3.900    3.900  1   35.032   35.032  1
 1970.0 1970.0  1    3.899    3.899  1   35.032   35.032  1
 1972.0 1972.0  1    3.899    3.899  1   35.031   35.031  1
 1974.0 1974.0  1    3.893    3.893  1   35.031   35.031  1
 1976.0 1976.0  1    3.881    3.881  1   35.030   35.030  1
 1978.0 1978.0  1    3.878    3.878  1   35.030   35.030  1
 1980.0 1980.0  1    3.876    3.876  1   35.030   35.030  1
 1982.0 1982.0  1    3.874    3.874  1   35.030   35.030  1
 1984.0 1984.0  1    3.871    3.871  1   35.029   35.029  1
 1986.0 1986.0  1    3.873    3.873  1   35.029   35.029  1
 1988.0 1988.0  1    3.871    3.871  1   35.029   35.029  1
 1990.0 1990.0  1    3.868    3.868  1   35.029   35.029  1
 1992.0 1992.0  1    3.866    3.866  1   35.029   35.029  1
 1994.0 1994.0  1    3.865    3.865  1   35.029   35.029  1
 1996.0 1996.0  1    3.864    3.864  1   35.028   35.028  1
 1998.0 1998.0  1    3.863    3.863  1   35.029   35.029  1
 2000.0 2000.0  1    3.864    3.864  1   35.028   35.028  1
 2002.0 2002.0  1    3.864    3.864  1   35.028   35.028  1
 2004.1 2004.1  1    3.864    3.864  1   35.029   35.029  1
 2005.1 2005.1  1    3.864    3.864  1   35.029   35.029  1
