*SoftWare Version 3.0  2018/12/27

*HEADER
     PLATFORM NUMBER       :4903214
     CYCLE NUMBER          :044
     DATE CREATION         :20191227200055
     DATE UPDATE           :20191227200055
     PROJECT NAME          :US ARGO PROJECT
     PI NAME               :BRECK OWENS, STEVEN JAYNE, P.E. ROBBINS
     INSTRUMENT TYPE       :ALTO
     FLOAT SERIAL NO       :11025
     FIRMWARE VERSION      :6.0.0
     WMO INSTRUMENT TYPE   :873
     TRANSMISSION SYSTEM   :IRIDIUM
     POSITIONING SYSTEM    :GPS
     SAMPLE DIRECTION      :A(A=Ascend; D=Descend)
     DATA MODE             :R(R=Real Time; D=Delayed Mode; A=Real Time Adjusted)
     JULIAN DAY            :25562.6700 (days since 1950-01-01 00:00:00 UTC)
     DATE                  :2019-12-27
     QC FLAG FOR DATE      :1
*LOCATION
     LATITUDE              :24.130  
     LONGITUDE             :-47.708 
     QC FLAG FOR LOCATION  :1
*FILE
     COLUMN 1              :Pressure (dbar)                             F7.1
     COLUMN 2              :Corrected Pressure (dbar)                   F7.1
     COLUMN 3              :Quality on Pressure                         I3
     COLUMN 4              :Temperature (degree_Celsius)                F9.3
     COLUMN 5              :Corrected Temperature (degree_Celsius)      F9.3
     COLUMN 6              :Quality on Temperature                      I3
     COLUMN 7              :Salinity (PSU)                              F9.3
     COLUMN 8              :Corrected Salinity (PSU)                    F9.3
     COLUMN 9              :Quality on Salinity                         I3
==========================================================================
    2.0    2.0  1   24.898   24.898  1   37.505   37.505  1
    3.0    3.0  1   24.898   24.898  1   37.506   37.506  1
    4.0    4.0  1   24.899   24.899  1   37.507   37.507  1
    5.0    5.0  1   24.901   24.901  1   37.507   37.507  1
    6.0    6.0  1   24.903   24.903  1   37.510   37.510  1
    7.0    7.0  1   24.903   24.903  1   37.510   37.510  1
    8.0    8.0  1   24.906   24.906  1   37.511   37.511  1
    9.0    9.0  1   24.908   24.908  1   37.512   37.512  1
   10.0   10.0  1   24.907   24.907  1   37.513   37.513  1
   11.0   11.0  1   24.905   24.905  1   37.516   37.516  1
   12.0   12.0  1   24.905   24.905  1   37.519   37.519  1
   13.0   13.0  1   24.905   24.905  1   37.519   37.519  1
   14.0   14.0  1   24.906   24.906  1   37.516   37.516  1
   15.0   15.0  1   24.905   24.905  1   37.516   37.516  1
   16.0   16.0  1   24.905   24.905  1   37.519   37.519  1
   17.0   17.0  1   24.905   24.905  1   37.521   37.521  1
   18.0   18.0  1   24.905   24.905  1   37.522   37.522  1
   19.0   19.0  1   24.905   24.905  1   37.521   37.521  1
   20.0   20.0  1   24.907   24.907  1   37.519   37.519  1
   21.0   21.0  1   24.905   24.905  1   37.522   37.522  1
   22.1   22.1  1   24.903   24.903  1   37.524   37.524  1
   23.0   23.0  1   24.903   24.903  1   37.524   37.524  1
   24.0   24.0  1   24.903   24.903  1   37.524   37.524  1
   25.0   25.0  1   24.901   24.901  1   37.528   37.528  1
   26.0   26.0  1   24.901   24.901  1   37.528   37.528  1
   26.9   26.9  1   24.901   24.901  1   37.529   37.529  1
   28.0   28.0  1   24.901   24.901  1   37.528   37.528  1
   29.0   29.0  1   24.901   24.901  1   37.529   37.529  1
   30.0   30.0  1   24.901   24.901  1   37.529   37.529  1
   31.0   31.0  1   24.901   24.901  1   37.529   37.529  1
   32.0   32.0  1   24.901   24.901  1   37.528   37.528  1
   33.0   33.0  1   24.901   24.901  1   37.529   37.529  1
   34.0   34.0  1   24.902   24.902  1   37.529   37.529  1
   35.0   35.0  1   24.902   24.902  1   37.528   37.528  1
   36.0   36.0  1   24.901   24.901  1   37.529   37.529  1
   37.0   37.0  1   24.902   24.902  1   37.529   37.529  1
   38.0   38.0  1   24.902   24.902  1   37.529   37.529  1
   39.0   39.0  1   24.902   24.902  1   37.529   37.529  1
   40.0   40.0  1   24.902   24.902  1   37.529   37.529  1
   41.1   41.1  1   24.902   24.902  1   37.529   37.529  1
   42.0   42.0  1   24.902   24.902  1   37.529   37.529  1
   42.9   42.9  1   24.903   24.903  1   37.529   37.529  1
   44.0   44.0  1   24.903   24.903  1   37.529   37.529  1
   45.0   45.0  1   24.903   24.903  1   37.529   37.529  1
   46.0   46.0  1   24.903   24.903  1   37.529   37.529  1
   47.0   47.0  1   24.903   24.903  1   37.529   37.529  1
   48.0   48.0  1   24.903   24.903  1   37.529   37.529  1
   49.0   49.0  1   24.904   24.904  1   37.529   37.529  1
   50.0   50.0  1   24.904   24.904  1   37.529   37.529  1
   51.0   51.0  1   24.904   24.904  1   37.529   37.529  1
   51.9   51.9  1   24.904   24.904  1   37.529   37.529  1
   53.0   53.0  1   24.904   24.904  1   37.529   37.529  1
   54.0   54.0  1   24.905   24.905  1   37.529   37.529  1
   55.0   55.0  1   24.905   24.905  1   37.529   37.529  1
   56.0   56.0  1   24.906   24.906  1   37.529   37.529  1
   57.0   57.0  1   24.906   24.906  1   37.530   37.530  1
   58.0   58.0  1   24.906   24.906  1   37.529   37.529  1
   59.0   59.0  1   24.906   24.906  1   37.529   37.529  1
   60.0   60.0  1   24.907   24.907  1   37.529   37.529  1
   60.9   60.9  1   24.907   24.907  1   37.529   37.529  1
   61.9   61.9  1   24.907   24.907  1   37.529   37.529  1
   62.9   62.9  1   24.907   24.907  1   37.529   37.529  1
   64.0   64.0  1   24.907   24.907  1   37.529   37.529  1
   65.0   65.0  1   24.908   24.908  1   37.529   37.529  1
   66.0   66.0  1   24.908   24.908  1   37.529   37.529  1
   67.0   67.0  1   24.908   24.908  1   37.529   37.529  1
   68.0   68.0  1   24.910   24.910  1   37.530   37.530  1
   69.0   69.0  1   24.910   24.910  1   37.531   37.531  1
   70.0   70.0  1   24.910   24.910  1   37.530   37.530  1
   71.0   71.0  1   24.910   24.910  1   37.530   37.530  1
   72.0   72.0  1   24.910   24.910  1   37.531   37.531  1
   73.0   73.0  1   24.911   24.911  1   37.531   37.531  1
   74.0   74.0  1   24.910   24.910  1   37.531   37.531  1
   75.0   75.0  1   24.909   24.909  1   37.531   37.531  1
   76.0   76.0  1   24.910   24.910  1   37.531   37.531  1
   77.0   77.0  1   24.909   24.909  1   37.531   37.531  1
   78.0   78.0  1   24.910   24.910  1   37.531   37.531  1
   79.0   79.0  1   24.910   24.910  1   37.531   37.531  1
   80.0   80.0  1   24.909   24.909  1   37.531   37.531  1
   81.0   81.0  1   24.909   24.909  1   37.531   37.531  1
   82.0   82.0  1   24.910   24.910  1   37.532   37.532  1
   83.0   83.0  1   24.911   24.911  1   37.532   37.532  1
   84.0   84.0  1   24.911   24.911  1   37.532   37.532  1
   85.0   85.0  1   24.911   24.911  1   37.532   37.532  1
   86.0   86.0  1   24.911   24.911  1   37.532   37.532  1
   87.0   87.0  1   24.910   24.910  1   37.532   37.532  1
   88.0   88.0  1   24.910   24.910  1   37.532   37.532  1
   89.0   89.0  1   24.910   24.910  1   37.531   37.531  1
   90.0   90.0  1   24.909   24.909  1   37.531   37.531  1
   91.0   91.0  1   24.908   24.908  1   37.530   37.530  1
   92.0   92.0  1   24.908   24.908  1   37.531   37.531  1
   93.0   93.0  1   24.907   24.907  1   37.531   37.531  1
   94.0   94.0  1   24.911   24.911  1   37.532   37.532  1
   95.0   95.0  1   24.917   24.917  1   37.535   37.535  1
   96.0   96.0  1   24.917   24.917  1   37.537   37.537  1
   97.0   97.0  1   24.912   24.912  1   37.538   37.538  1
   98.0   98.0  1   24.904   24.904  1   37.536   37.536  1
   99.0   99.0  1   24.890   24.890  1   37.533   37.533  1
  100.0  100.0  1   24.867   24.867  1   37.527   37.527  1
  100.9  100.9  1   24.830   24.830  1   37.523   37.523  1
  102.0  102.0  1   24.812   24.812  1   37.517   37.517  1
  103.0  103.0  1   24.784   24.784  1   37.518   37.518  1
  104.0  104.0  1   24.759   24.759  1   37.525   37.525  1
  105.0  105.0  1   24.635   24.635  1   37.506   37.506  1
  106.0  106.0  1   24.490   24.490  1   37.483   37.483  1
  107.1  107.1  1   24.389   24.389  1   37.470   37.470  1
  108.0  108.0  1   24.216   24.216  1   37.450   37.450  1
  109.0  109.0  1   24.147   24.147  1   37.436   37.436  1
  110.0  110.0  1   23.977   23.977  1   37.420   37.420  1
  111.0  111.0  1   23.848   23.848  1   37.389   37.389  1
  112.0  112.0  1   23.765   23.765  1   37.376   37.376  1
  113.0  113.0  1   23.653   23.653  1   37.363   37.363  1
  114.0  114.0  1   23.395   23.395  1   37.340   37.340  1
  115.0  115.0  1   22.935   22.935  1   37.290   37.290  1
  116.0  116.0  1   22.822   22.822  1   37.258   37.258  1
  117.0  117.0  1   22.757   22.757  1   37.249   37.249  1
  118.0  118.0  1   22.731   22.731  1   37.244   37.244  1
  119.0  119.0  1   22.710   22.710  1   37.243   37.243  1
  120.0  120.0  1   22.700   22.700  1   37.241   37.241  1
  121.0  121.0  1   22.676   22.676  1   37.240   37.240  1
  122.0  122.0  1   22.629   22.629  1   37.236   37.236  1
  123.1  123.1  1   22.592   22.592  1   37.231   37.231  1
  124.0  124.0  1   22.552   22.552  1   37.228   37.228  1
  125.0  125.0  1   22.521   22.521  1   37.224   37.224  1
  126.0  126.0  1   22.449   22.449  1   37.221   37.221  1
  127.0  127.0  1   22.426   22.426  1   37.214   37.214  1
  128.0  128.0  1   22.400   22.400  1   37.213   37.213  1
  129.0  129.0  1   22.333   22.333  1   37.209   37.209  1
  130.0  130.0  1   22.255   22.255  1   37.199   37.199  1
  131.0  131.0  1   22.204   22.204  1   37.195   37.195  1
  132.0  132.0  1   22.117   22.117  1   37.189   37.189  1
  133.0  133.0  1   22.057   22.057  1   37.178   37.178  1
  134.0  134.0  1   22.046   22.046  1   37.175   37.175  1
  134.9  134.9  1   21.990   21.990  1   37.176   37.176  1
  136.0  136.0  1   21.739   21.739  1   37.152   37.152  1
  137.0  137.0  1   21.649   21.649  1   37.135   37.135  1
  138.0  138.0  1   21.593   21.593  1   37.128   37.128  1
  139.0  139.0  1   21.495   21.495  1   37.124   37.124  1
  140.0  140.0  1   21.446   21.446  1   37.111   37.111  1
  141.0  141.0  1   21.428   21.428  1   37.108   37.108  1
  142.0  142.0  1   21.418   21.418  1   37.105   37.105  1
  143.0  143.0  1   21.329   21.329  1   37.101   37.101  1
  144.0  144.0  1   21.227   21.227  1   37.086   37.086  1
  145.0  145.0  1   21.041   21.041  1   37.068   37.068  1
  146.0  146.0  1   20.961   20.961  1   37.053   37.053  1
  147.0  147.0  1   20.907   20.907  1   37.043   37.043  1
  148.0  148.0  1   20.889   20.889  1   37.039   37.039  1
  149.0  149.0  1   20.857   20.857  1   37.035   37.035  1
  150.0  150.0  1   20.810   20.810  1   37.029   37.029  1
  151.0  151.0  1   20.777   20.777  1   37.022   37.022  1
  152.1  152.1  1   20.749   20.749  1   37.017   37.017  1
  153.0  153.0  1   20.717   20.717  1   37.014   37.014  1
  154.0  154.0  1   20.685   20.685  1   37.006   37.006  1
  155.0  155.0  1   20.673   20.673  1   37.003   37.003  1
  156.0  156.0  1   20.657   20.657  1   37.001   37.001  1
  157.0  157.0  1   20.635   20.635  1   36.998   36.998  1
  157.9  157.9  1   20.600   20.600  1   36.994   36.994  1
  159.0  159.0  1   20.561   20.561  1   36.988   36.988  1
  160.1  160.1  1   20.546   20.546  1   36.983   36.983  1
  161.0  161.0  1   20.531   20.531  1   36.982   36.982  1
  162.0  162.0  1   20.515   20.515  1   36.980   36.980  1
  163.0  163.0  1   20.486   20.486  1   36.974   36.974  1
  164.0  164.0  1   20.477   20.477  1   36.971   36.971  1
  165.0  165.0  1   20.467   20.467  1   36.970   36.970  1
  166.0  166.0  1   20.439   20.439  1   36.967   36.967  1
  167.0  167.0  1   20.387   20.387  1   36.958   36.958  1
  168.0  168.0  1   20.359   20.359  1   36.948   36.948  1
  169.0  169.0  1   20.359   20.359  1   36.948   36.948  1
  170.0  170.0  1   20.299   20.299  1   36.944   36.944  1
  171.0  171.0  1   20.255   20.255  1   36.929   36.929  1
  172.1  172.1  1   20.233   20.233  1   36.927   36.927  1
  173.0  173.0  1   20.205   20.205  1   36.922   36.922  1
  174.0  174.0  1   20.187   20.187  1   36.917   36.917  1
  175.0  175.0  1   20.158   20.158  1   36.917   36.917  1
  176.0  176.0  1   20.117   20.117  1   36.911   36.911  1
  177.0  177.0  1   20.081   20.081  1   36.906   36.906  1
  177.9  177.9  1   20.037   20.037  1   36.899   36.899  1
  179.0  179.0  1   19.995   19.995  1   36.890   36.890  1
  180.0  180.0  1   19.979   19.979  1   36.886   36.886  1
  181.0  181.0  1   19.943   19.943  1   36.881   36.881  1
  182.0  182.0  1   19.904   19.904  1   36.873   36.873  1
  183.0  183.0  1   19.859   19.859  1   36.863   36.863  1
  184.0  184.0  1   19.755   19.755  1   36.855   36.855  1
  185.0  185.0  1   19.664   19.664  1   36.830   36.830  1
  186.0  186.0  1   19.610   19.610  1   36.820   36.820  1
  187.0  187.0  1   19.566   19.566  1   36.814   36.814  1
  188.0  188.0  1   19.519   19.519  1   36.802   36.802  1
  189.0  189.0  1   19.499   19.499  1   36.797   36.797  1
  190.0  190.0  1   19.492   19.492  1   36.796   36.796  1
  191.1  191.1  1   19.481   19.481  1   36.792   36.792  1
  192.0  192.0  1   19.477   19.477  1   36.791   36.791  1
  193.0  193.0  1   19.473   19.473  1   36.791   36.791  1
  194.0  194.0  1   19.453   19.453  1   36.788   36.788  1
  195.0  195.0  1   19.448   19.448  1   36.784   36.784  1
  195.9  195.9  1   19.445   19.445  1   36.783   36.783  1
  197.0  197.0  1   19.437   19.437  1   36.783   36.783  1
  198.1  198.1  1   19.429   19.429  1   36.780   36.780  1
  199.0  199.0  1   19.425   19.425  1   36.778   36.778  1
  200.0  200.0  1   19.415   19.415  1   36.776   36.776  1
  201.0  201.0  1   19.406   19.406  1   36.773   36.773  1
  202.0  202.0  1   19.395   19.395  1   36.771   36.771  1
  203.0  203.0  1   19.387   19.387  1   36.768   36.768  1
  204.0  204.0  1   19.369   19.369  1   36.764   36.764  1
  205.0  205.0  1   19.325   19.325  1   36.760   36.760  1
  206.0  206.0  1   19.280   19.280  1   36.747   36.747  1
  207.0  207.0  1   19.264   19.264  1   36.744   36.744  1
  208.0  208.0  1   19.249   19.249  1   36.743   36.743  1
  209.1  209.1  1   19.233   19.233  1   36.739   36.739  1
  210.1  210.1  1   19.229   19.229  1   36.738   36.738  1
  211.0  211.0  1   19.226   19.226  1   36.737   36.737  1
  212.0  212.0  1   19.218   19.218  1   36.736   36.736  1
  213.0  213.0  1   19.205   19.205  1   36.736   36.736  1
  214.0  214.0  1   19.193   19.193  1   36.733   36.733  1
  215.0  215.0  1   19.161   19.161  1   36.732   36.732  1
  216.1  216.1  1   19.128   19.128  1   36.722   36.722  1
  217.0  217.0  1   19.116   19.116  1   36.717   36.717  1
  218.0  218.0  1   19.088   19.088  1   36.717   36.717  1
  219.0  219.0  1   19.028   19.028  1   36.706   36.706  1
  220.0  220.0  1   18.990   18.990  1   36.699   36.699  1
  221.0  221.0  1   18.957   18.957  1   36.691   36.691  1
  222.0  222.0  1   18.943   18.943  1   36.687   36.687  1
  223.0  223.0  1   18.927   18.927  1   36.684   36.684  1
  224.0  224.0  1   18.908   18.908  1   36.680   36.680  1
  225.0  225.0  1   18.893   18.893  1   36.677   36.677  1
  226.0  226.0  1   18.851   18.851  1   36.673   36.673  1
  227.0  227.0  1   18.795   18.795  1   36.669   36.669  1
  228.0  228.0  1   18.750   18.750  1   36.661   36.661  1
  229.0  229.0  1   18.738   18.738  1   36.656   36.656  1
  230.0  230.0  1   18.730   18.730  1   36.654   36.654  1
  231.0  231.0  1   18.721   18.721  1   36.652   36.652  1
  232.0  232.0  1   18.698   18.698  1   36.651   36.651  1
  233.0  233.0  1   18.615   18.615  1   36.638   36.638  1
  234.0  234.0  1   18.567   18.567  1   36.625   36.625  1
  235.0  235.0  1   18.552   18.552  1   36.619   36.619  1
  236.0  236.0  1   18.485   18.485  1   36.617   36.617  1
  237.0  237.0  1   18.402   18.402  1   36.596   36.596  1
  238.0  238.0  1   18.385   18.385  1   36.593   36.593  1
  239.0  239.0  1   18.378   18.378  1   36.591   36.591  1
  240.0  240.0  1   18.372   18.372  1   36.590   36.590  1
  241.0  241.0  1   18.367   18.367  1   36.589   36.589  1
  242.0  242.0  1   18.356   18.356  1   36.588   36.588  1
  243.0  243.0  1   18.335   18.335  1   36.586   36.586  1
  244.0  244.0  1   18.306   18.306  1   36.581   36.581  1
  245.0  245.0  1   18.282   18.282  1   36.578   36.578  1
  246.0  246.0  1   18.263   18.263  1   36.575   36.575  1
  247.0  247.0  1   18.255   18.255  1   36.573   36.573  1
  248.0  248.0  1   18.252   18.252  1   36.572   36.572  1
  249.0  249.0  1   18.249   18.249  1   36.571   36.571  1
  250.0  250.0  1   18.210   18.210  1   36.570   36.570  1
  251.0  251.0  1   18.164   18.164  1   36.558   36.558  1
  252.0  252.0  1   18.151   18.151  1   36.556   36.556  1
  253.0  253.0  1   18.133   18.133  1   36.554   36.554  1
  254.0  254.0  1   18.103   18.103  1   36.551   36.551  1
  255.0  255.0  1   18.074   18.074  1   36.544   36.544  1
  256.0  256.0  1   18.056   18.056  1   36.542   36.542  1
  257.0  257.0  1   18.032   18.032  1   36.538   36.538  1
  258.0  258.0  1   18.014   18.014  1   36.535   36.535  1
  259.0  259.0  1   17.985   17.985  1   36.532   36.532  1
  260.0  260.0  1   17.960   17.960  1   36.526   36.526  1
  261.0  261.0  1   17.940   17.940  1   36.522   36.522  1
  262.0  262.0  1   17.909   17.909  1   36.519   36.519  1
  263.0  263.0  1   17.885   17.885  1   36.513   36.513  1
  264.0  264.0  1   17.864   17.864  1   36.510   36.510  1
  265.0  265.0  1   17.801   17.801  1   36.504   36.504  1
  265.9  265.9  1   17.748   17.748  1   36.491   36.491  1
  267.0  267.0  1   17.744   17.744  1   36.490   36.490  1
  268.0  268.0  1   17.742   17.742  1   36.489   36.489  1
  269.0  269.0  1   17.742   17.742  1   36.489   36.489  1
  270.0  270.0  1   17.741   17.741  1   36.489   36.489  1
  271.0  271.0  1   17.739   17.739  1   36.489   36.489  1
  272.0  272.0  1   17.734   17.734  1   36.489   36.489  1
  273.0  273.0  1   17.719   17.719  1   36.486   36.486  1
  274.0  274.0  1   17.708   17.708  1   36.484   36.484  1
  275.0  275.0  1   17.680   17.680  1   36.479   36.479  1
  276.0  276.0  1   17.659   17.659  1   36.475   36.475  1
  277.0  277.0  1   17.627   17.627  1   36.472   36.472  1
  278.0  278.0  1   17.608   17.608  1   36.466   36.466  1
  279.0  279.0  1   17.588   17.588  1   36.465   36.465  1
  280.0  280.0  1   17.522   17.522  1   36.456   36.456  1
  281.0  281.0  1   17.502   17.502  1   36.451   36.451  1
  282.0  282.0  1   17.490   17.490  1   36.448   36.448  1
  283.0  283.0  1   17.478   17.478  1   36.446   36.446  1
  284.0  284.0  1   17.457   17.457  1   36.443   36.443  1
  285.0  285.0  1   17.424   17.424  1   36.440   36.440  1
  286.0  286.0  1   17.387   17.387  1   36.433   36.433  1
  287.0  287.0  1   17.374   17.374  1   36.431   36.431  1
  288.0  288.0  1   17.367   17.367  1   36.429   36.429  1
  289.0  289.0  1   17.363   17.363  1   36.429   36.429  1
  290.0  290.0  1   17.358   17.358  1   36.427   36.427  1
  291.0  291.0  1   17.335   17.335  1   36.425   36.425  1
  292.0  292.0  1   17.309   17.309  1   36.419   36.419  1
  293.0  293.0  1   17.275   17.275  1   36.415   36.415  1
  294.0  294.0  1   17.224   17.224  1   36.408   36.408  1
  295.0  295.0  1   17.191   17.191  1   36.399   36.399  1
  296.0  296.0  1   17.173   17.173  1   36.396   36.396  1
  297.0  297.0  1   17.131   17.131  1   36.391   36.391  1
  298.0  298.0  1   17.082   17.082  1   36.380   36.380  1
  299.0  299.0  1   17.018   17.018  1   36.373   36.373  1
  300.0  300.0  1   16.995   16.995  1   36.365   36.365  1
  302.0  302.0  1   16.977   16.977  1   36.362   36.362  1
  304.0  304.0  1   16.921   16.921  1   36.354   36.354  1
  306.0  306.0  1   16.873   16.873  1   36.343   36.343  1
  308.0  308.0  1   16.839   16.839  1   36.338   36.338  1
  310.0  310.0  1   16.822   16.822  1   36.334   36.334  1
  312.0  312.0  1   16.784   16.784  1   36.328   36.328  1
  314.0  314.0  1   16.704   16.704  1   36.318   36.318  1
  316.0  316.0  1   16.660   16.660  1   36.310   36.310  1
  318.0  318.0  1   16.636   16.636  1   36.306   36.306  1
  320.0  320.0  1   16.629   16.629  1   36.304   36.304  1
  322.0  322.0  1   16.624   16.624  1   36.303   36.303  1
  324.0  324.0  1   16.607   16.607  1   36.301   36.301  1
  326.0  326.0  1   16.579   16.579  1   36.297   36.297  1
  328.0  328.0  1   16.543   16.543  1   36.290   36.290  1
  330.0  330.0  1   16.526   16.526  1   36.286   36.286  1
  332.0  332.0  1   16.479   16.479  1   36.281   36.281  1
  334.0  334.0  1   16.393   16.393  1   36.266   36.266  1
  336.1  336.1  1   16.332   16.332  1   36.255   36.255  1
  338.1  338.1  1   16.299   16.299  1   36.249   36.249  1
  340.0  340.0  1   16.264   16.264  1   36.243   36.243  1
  342.0  342.0  1   16.194   16.194  1   36.233   36.233  1
  344.1  344.1  1   16.118   16.118  1   36.223   36.223  1
  346.0  346.0  1   16.040   16.040  1   36.210   36.210  1
  348.0  348.0  1   16.021   16.021  1   36.206   36.206  1
  350.0  350.0  1   15.974   15.974  1   36.198   36.198  1
  352.0  352.0  1   15.935   15.935  1   36.193   36.193  1
  353.9  353.9  1   15.897   15.897  1   36.186   36.186  1
  356.0  356.0  1   15.879   15.879  1   36.183   36.183  1
  358.0  358.0  1   15.856   15.856  1   36.179   36.179  1
  360.0  360.0  1   15.818   15.818  1   36.174   36.174  1
  362.0  362.0  1   15.775   15.775  1   36.167   36.167  1
  364.0  364.0  1   15.735   15.735  1   36.160   36.160  1
  366.0  366.0  1   15.705   15.705  1   36.155   36.155  1
  368.0  368.0  1   15.673   15.673  1   36.149   36.149  1
  370.0  370.0  1   15.626   15.626  1   36.145   36.145  1
  372.0  372.0  1   15.582   15.582  1   36.137   36.137  1
  374.0  374.0  1   15.566   15.566  1   36.134   36.134  1
  376.0  376.0  1   15.553   15.553  1   36.132   36.132  1
  378.0  378.0  1   15.531   15.531  1   36.129   36.129  1
  380.0  380.0  1   15.494   15.494  1   36.123   36.123  1
  382.0  382.0  1   15.465   15.465  1   36.119   36.119  1
  384.0  384.0  1   15.418   15.418  1   36.113   36.113  1
  386.0  386.0  1   15.354   15.354  1   36.103   36.103  1
  388.0  388.0  1   15.331   15.331  1   36.099   36.099  1
  390.0  390.0  1   15.292   15.292  1   36.093   36.093  1
  392.1  392.1  1   15.247   15.247  1   36.089   36.089  1
  394.0  394.0  1   15.131   15.131  1   36.070   36.070  1
  396.0  396.0  1   15.103   15.103  1   36.066   36.066  1
  398.0  398.0  1   15.085   15.085  1   36.063   36.063  1
  400.0  400.0  1   15.042   15.042  1   36.057   36.057  1
  402.0  402.0  1   15.038   15.038  1   36.054   36.054  1
  404.0  404.0  1   14.995   14.995  1   36.049   36.049  1
  406.0  406.0  1   14.897   14.897  1   36.037   36.037  1
  408.0  408.0  1   14.847   14.847  1   36.026   36.026  1
  410.0  410.0  1   14.834   14.834  1   36.023   36.023  1
  412.0  412.0  1   14.795   14.795  1   36.019   36.019  1
  414.0  414.0  1   14.654   14.654  1   36.001   36.001  1
  416.0  416.0  1   14.622   14.622  1   35.994   35.994  1
  418.0  418.0  1   14.577   14.577  1   35.989   35.989  1
  420.0  420.0  1   14.545   14.545  1   35.983   35.983  1
  422.0  422.0  1   14.542   14.542  1   35.981   35.981  1
  424.0  424.0  1   14.528   14.528  1   35.980   35.980  1
  425.9  425.9  1   14.505   14.505  1   35.976   35.976  1
  428.0  428.0  1   14.459   14.459  1   35.971   35.971  1
  430.0  430.0  1   14.396   14.396  1   35.962   35.962  1
  432.0  432.0  1   14.384   14.384  1   35.959   35.959  1
  434.0  434.0  1   14.382   14.382  1   35.959   35.959  1
  436.0  436.0  1   14.378   14.378  1   35.958   35.958  1
  438.0  438.0  1   14.376   14.376  1   35.957   35.957  1
  440.0  440.0  1   14.368   14.368  1   35.956   35.956  1
  442.0  442.0  1   14.347   14.347  1   35.953   35.953  1
  444.0  444.0  1   14.332   14.332  1   35.950   35.950  1
  446.0  446.0  1   14.293   14.293  1   35.947   35.947  1
  448.0  448.0  1   14.200   14.200  1   35.932   35.932  1
  450.0  450.0  1   14.182   14.182  1   35.930   35.930  1
  452.0  452.0  1   14.129   14.129  1   35.924   35.924  1
  454.0  454.0  1   14.103   14.103  1   35.919   35.919  1
  456.0  456.0  1   14.090   14.090  1   35.917   35.917  1
  458.0  458.0  1   14.074   14.074  1   35.915   35.915  1
  460.0  460.0  1   14.059   14.059  1   35.912   35.912  1
  462.0  462.0  1   14.041   14.041  1   35.910   35.910  1
  464.0  464.0  1   14.029   14.029  1   35.908   35.908  1
  466.0  466.0  1   14.022   14.022  1   35.906   35.906  1
  468.0  468.0  1   13.998   13.998  1   35.904   35.904  1
  470.0  470.0  1   13.971   13.971  1   35.900   35.900  1
  472.1  472.1  1   13.947   13.947  1   35.896   35.896  1
  474.0  474.0  1   13.914   13.914  1   35.892   35.892  1
  476.0  476.0  1   13.867   13.867  1   35.885   35.885  1
  478.0  478.0  1   13.852   13.852  1   35.882   35.882  1
  480.0  480.0  1   13.838   13.838  1   35.880   35.880  1
  482.0  482.0  1   13.809   13.809  1   35.876   35.876  1
  484.0  484.0  1   13.784   13.784  1   35.872   35.872  1
  486.0  486.0  1   13.729   13.729  1   35.864   35.864  1
  488.0  488.0  1   13.695   13.695  1   35.857   35.857  1
  490.0  490.0  1   13.677   13.677  1   35.853   35.853  1
  492.0  492.0  1   13.647   13.647  1   35.849   35.849  1
  494.0  494.0  1   13.630   13.630  1   35.845   35.845  1
  496.0  496.0  1   13.554   13.554  1   35.838   35.838  1
  497.9  497.9  1   13.515   13.515  1   35.830   35.830  1
  499.9  499.9  1   13.511   13.511  1   35.830   35.830  1
  502.0  502.0  1   13.507   13.507  1   35.829   35.829  1
  504.0  504.0  1   13.492   13.492  1   35.827   35.827  1
  506.1  506.1  1   13.486   13.486  1   35.827   35.827  1
  508.0  508.0  1   13.483   13.483  1   35.826   35.826  1
  510.0  510.0  1   13.476   13.476  1   35.825   35.825  1
  512.0  512.0  1   13.458   13.458  1   35.822   35.822  1
  514.1  514.1  1   13.446   13.446  1   35.821   35.821  1
  516.0  516.0  1   13.429   13.429  1   35.819   35.819  1
  518.1  518.1  1   13.414   13.414  1   35.816   35.816  1
  520.0  520.0  1   13.414   13.414  1   35.816   35.816  1
  522.0  522.0  1   13.405   13.405  1   35.816   35.816  1
  524.0  524.0  1   13.371   13.371  1   35.810   35.810  1
  526.0  526.0  1   13.335   13.335  1   35.806   35.806  1
  528.0  528.0  1   13.259   13.259  1   35.796   35.796  1
  530.0  530.0  1   13.227   13.227  1   35.790   35.790  1
  532.0  532.0  1   13.201   13.201  1   35.787   35.787  1
  534.0  534.0  1   13.180   13.180  1   35.784   35.784  1
  536.0  536.0  1   13.148   13.148  1   35.779   35.779  1
  538.0  538.0  1   13.108   13.108  1   35.773   35.773  1
  540.0  540.0  1   13.093   13.093  1   35.770   35.770  1
  542.0  542.0  1   13.083   13.083  1   35.769   35.769  1
  544.0  544.0  1   13.073   13.073  1   35.768   35.768  1
  546.0  546.0  1   13.040   13.040  1   35.766   35.766  1
  548.0  548.0  1   13.018   13.018  1   35.765   35.765  1
  550.0  550.0  1   13.011   13.011  1   35.764   35.764  1
  552.1  552.1  1   12.993   12.993  1   35.762   35.762  1
  554.0  554.0  1   12.973   12.973  1   35.759   35.759  1
  556.0  556.0  1   12.961   12.961  1   35.757   35.757  1
  558.0  558.0  1   12.924   12.924  1   35.753   35.753  1
  560.0  560.0  1   12.879   12.879  1   35.749   35.749  1
  562.0  562.0  1   12.831   12.831  1   35.743   35.743  1
  564.0  564.0  1   12.799   12.799  1   35.739   35.739  1
  566.0  566.0  1   12.776   12.776  1   35.736   35.736  1
  568.0  568.0  1   12.773   12.773  1   35.735   35.735  1
  570.0  570.0  1   12.765   12.765  1   35.734   35.734  1
  572.0  572.0  1   12.753   12.753  1   35.733   35.733  1
  574.0  574.0  1   12.726   12.726  1   35.728   35.728  1
  576.0  576.0  1   12.718   12.718  1   35.727   35.727  1
  578.0  578.0  1   12.697   12.697  1   35.723   35.723  1
  580.0  580.0  1   12.667   12.667  1   35.720   35.720  1
  582.0  582.0  1   12.613   12.613  1   35.714   35.714  1
  584.0  584.0  1   12.601   12.601  1   35.711   35.711  1
  586.0  586.0  1   12.592   12.592  1   35.711   35.711  1
  587.9  587.9  1   12.565   12.565  1   35.707   35.707  1
  590.0  590.0  1   12.529   12.529  1   35.703   35.703  1
  592.1  592.1  1   12.494   12.494  1   35.698   35.698  1
  594.0  594.0  1   12.481   12.481  1   35.695   35.695  1
  596.0  596.0  1   12.467   12.467  1   35.693   35.693  1
  598.0  598.0  1   12.460   12.460  1   35.692   35.692  1
  600.0  600.0  1   12.444   12.444  1   35.692   35.692  1
  602.0  602.0  1   12.372   12.372  1   35.686   35.686  1
  604.0  604.0  1   12.308   12.308  1   35.678   35.678  1
  606.0  606.0  1   12.291   12.291  1   35.674   35.674  1
  608.0  608.0  1   12.285   12.285  1   35.673   35.673  1
  610.0  610.0  1   12.269   12.269  1   35.671   35.671  1
  612.0  612.0  1   12.239   12.239  1   35.668   35.668  1
  614.0  614.0  1   12.209   12.209  1   35.664   35.664  1
  616.0  616.0  1   12.167   12.167  1   35.659   35.659  1
  618.0  618.0  1   12.127   12.127  1   35.654   35.654  1
  620.0  620.0  1   12.079   12.079  1   35.648   35.648  1
  622.0  622.0  1   12.029   12.029  1   35.643   35.643  1
  624.0  624.0  1   11.949   11.949  1   35.634   35.634  1
  626.0  626.0  1   11.895   11.895  1   35.628   35.628  1
  628.0  628.0  1   11.873   11.873  1   35.624   35.624  1
  630.0  630.0  1   11.865   11.865  1   35.623   35.623  1
  632.0  632.0  1   11.864   11.864  1   35.622   35.622  1
  634.1  634.1  1   11.863   11.863  1   35.622   35.622  1
  636.1  636.1  1   11.856   11.856  1   35.620   35.620  1
  638.0  638.0  1   11.821   11.821  1   35.617   35.617  1
  640.0  640.0  1   11.754   11.754  1   35.610   35.610  1
  641.9  641.9  1   11.696   11.696  1   35.603   35.603  1
  643.9  643.9  1   11.639   11.639  1   35.595   35.595  1
  645.9  645.9  1   11.608   11.608  1   35.590   35.590  1
  648.0  648.0  1   11.548   11.548  1   35.585   35.585  1
  650.0  650.0  1   11.491   11.491  1   35.577   35.577  1
  652.0  652.0  1   11.440   11.440  1   35.572   35.572  1
  653.9  653.9  1   11.366   11.366  1   35.565   35.565  1
  655.9  655.9  1   11.312   11.312  1   35.557   35.557  1
  657.9  657.9  1   11.260   11.260  1   35.552   35.552  1
  660.0  660.0  1   11.231   11.231  1   35.547   35.547  1
  662.0  662.0  1   11.219   11.219  1   35.546   35.546  1
  664.0  664.0  1   11.213   11.213  1   35.545   35.545  1
  666.1  666.1  1   11.210   11.210  1   35.544   35.544  1
  668.0  668.0  1   11.205   11.205  1   35.544   35.544  1
  670.0  670.0  1   11.192   11.192  1   35.542   35.542  1
  672.0  672.0  1   11.165   11.165  1   35.539   35.539  1
  674.1  674.1  1   11.145   11.145  1   35.535   35.535  1
  676.1  676.1  1   11.120   11.120  1   35.534   35.534  1
  678.0  678.0  1   11.111   11.111  1   35.531   35.531  1
  680.0  680.0  1   11.097   11.097  1   35.530   35.530  1
  682.0  682.0  1   11.045   11.045  1   35.526   35.526  1
  684.0  684.0  1   11.013   11.013  1   35.520   35.520  1
  686.0  686.0  1   10.981   10.981  1   35.518   35.518  1
  687.9  687.9  1   10.941   10.941  1   35.512   35.512  1
  690.0  690.0  1   10.884   10.884  1   35.505   35.505  1
  692.0  692.0  1   10.828   10.828  1   35.499   35.499  1
  694.0  694.0  1   10.792   10.792  1   35.493   35.493  1
  696.0  696.0  1   10.775   10.775  1   35.491   35.491  1
  698.0  698.0  1   10.721   10.721  1   35.485   35.485  1
  700.0  700.0  1   10.642   10.642  1   35.474   35.474  1
  701.9  701.9  1   10.601   10.601  1   35.469   35.469  1
  704.0  704.0  1   10.573   10.573  1   35.464   35.464  1
  706.0  706.0  1   10.552   10.552  1   35.462   35.462  1
  708.0  708.0  1   10.533   10.533  1   35.459   35.459  1
  710.0  710.0  1   10.518   10.518  1   35.457   35.457  1
  712.0  712.0  1   10.508   10.508  1   35.455   35.455  1
  714.0  714.0  1   10.482   10.482  1   35.452   35.452  1
  716.0  716.0  1   10.452   10.452  1   35.446   35.446  1
  718.0  718.0  1   10.433   10.433  1   35.443   35.443  1
  720.0  720.0  1   10.393   10.393  1   35.440   35.440  1
  722.0  722.0  1   10.350   10.350  1   35.432   35.432  1
  724.0  724.0  1   10.349   10.349  1   35.432   35.432  1
  726.0  726.0  1   10.350   10.350  1   35.433   35.433  1
  728.0  728.0  1   10.349   10.349  1   35.433   35.433  1
  730.0  730.0  1   10.328   10.328  1   35.432   35.432  1
  732.1  732.1  1   10.313   10.313  1   35.429   35.429  1
  734.0  734.0  1   10.305   10.305  1   35.427   35.427  1
  736.0  736.0  1   10.297   10.297  1   35.426   35.426  1
  738.0  738.0  1   10.224   10.224  1   35.418   35.418  1
  740.0  740.0  1   10.146   10.146  1   35.403   35.403  1
  742.1  742.1  1   10.096   10.096  1   35.394   35.394  1
  744.0  744.0  1   10.052   10.052  1   35.390   35.390  1
  746.0  746.0  1    9.962    9.962  1   35.374   35.374  1
  748.0  748.0  1    9.936    9.936  1   35.369   35.369  1
  750.0  750.0  1    9.908    9.908  1   35.367   35.367  1
  752.0  752.0  1    9.877    9.877  1   35.365   35.365  1
  754.0  754.0  1    9.806    9.806  1   35.356   35.356  1
  756.0  756.0  1    9.781    9.781  1   35.352   35.352  1
  758.0  758.0  1    9.761    9.761  1   35.349   35.349  1
  760.0  760.0  1    9.688    9.688  1   35.341   35.341  1
  762.0  762.0  1    9.642    9.642  1   35.333   35.333  1
  764.0  764.0  1    9.611    9.611  1   35.327   35.327  1
  766.0  766.0  1    9.578    9.578  1   35.325   35.325  1
  768.0  768.0  1    9.528    9.528  1   35.318   35.318  1
  770.0  770.0  1    9.498    9.498  1   35.315   35.315  1
  772.0  772.0  1    9.480    9.480  1   35.313   35.313  1
  774.0  774.0  1    9.462    9.462  1   35.310   35.310  1
  776.0  776.0  1    9.447    9.447  1   35.309   35.309  1
  778.0  778.0  1    9.426    9.426  1   35.306   35.306  1
  780.0  780.0  1    9.401    9.401  1   35.303   35.303  1
  782.0  782.0  1    9.375    9.375  1   35.300   35.300  1
  784.1  784.1  1    9.353    9.353  1   35.297   35.297  1
  786.1  786.1  1    9.322    9.322  1   35.294   35.294  1
  788.1  788.1  1    9.277    9.277  1   35.289   35.289  1
  790.0  790.0  1    9.262    9.262  1   35.286   35.286  1
  792.0  792.0  1    9.229    9.229  1   35.283   35.283  1
  794.0  794.0  1    9.169    9.169  1   35.275   35.275  1
  796.0  796.0  1    9.092    9.092  1   35.269   35.269  1
  798.0  798.0  1    9.017    9.017  1   35.260   35.260  1
  800.0  800.0  1    8.964    8.964  1   35.254   35.254  1
  802.0  802.0  1    8.926    8.926  1   35.249   35.249  1
  804.0  804.0  1    8.900    8.900  1   35.245   35.245  1
  806.0  806.0  1    8.883    8.883  1   35.243   35.243  1
  808.0  808.0  1    8.858    8.858  1   35.240   35.240  1
  810.0  810.0  1    8.836    8.836  1   35.237   35.237  1
  812.0  812.0  1    8.816    8.816  1   35.234   35.234  1
  814.0  814.0  1    8.799    8.799  1   35.233   35.233  1
  816.1  816.1  1    8.762    8.762  1   35.229   35.229  1
  818.1  818.1  1    8.737    8.737  1   35.227   35.227  1
  820.1  820.1  1    8.718    8.718  1   35.224   35.224  1
  822.0  822.0  1    8.685    8.685  1   35.221   35.221  1
  824.0  824.0  1    8.639    8.639  1   35.215   35.215  1
  826.0  826.0  1    8.627    8.627  1   35.212   35.212  1
  828.0  828.0  1    8.609    8.609  1   35.211   35.211  1
  830.0  830.0  1    8.545    8.545  1   35.206   35.206  1
  831.9  831.9  1    8.533    8.533  1   35.204   35.204  1
  834.0  834.0  1    8.524    8.524  1   35.203   35.203  1
  836.0  836.0  1    8.512    8.512  1   35.201   35.201  1
  838.0  838.0  1    8.501    8.501  1   35.200   35.200  1
  840.0  840.0  1    8.449    8.449  1   35.196   35.196  1
  841.9  841.9  1    8.379    8.379  1   35.187   35.187  1
  844.0  844.0  1    8.344    8.344  1   35.182   35.182  1
  846.0  846.0  1    8.329    8.329  1   35.179   35.179  1
  848.0  848.0  1    8.321    8.321  1   35.178   35.178  1
  850.1  850.1  1    8.240    8.240  1   35.173   35.173  1
  852.0  852.0  1    8.187    8.187  1   35.165   35.165  1
  854.0  854.0  1    8.170    8.170  1   35.164   35.164  1
  856.0  856.0  1    8.161    8.161  1   35.166   35.166  1
  858.0  858.0  1    8.138    8.138  1   35.163   35.163  1
  860.0  860.0  1    8.127    8.127  1   35.163   35.163  1
  862.1  862.1  1    8.121    8.121  1   35.170   35.170  1
  864.0  864.0  1    8.093    8.093  1   35.167   35.167  1
  865.9  865.9  1    8.104    8.104  1   35.172   35.172  1
  868.0  868.0  1    8.051    8.051  1   35.171   35.171  1
  870.0  870.0  1    7.978    7.978  1   35.161   35.161  1
  872.0  872.0  1    7.942    7.942  1   35.157   35.157  1
  874.0  874.0  1    7.927    7.927  1   35.156   35.156  1
  876.0  876.0  1    7.929    7.929  1   35.156   35.156  1
  878.0  878.0  1    7.905    7.905  1   35.156   35.156  1
  880.0  880.0  1    7.835    7.835  1   35.150   35.150  1
  882.0  882.0  1    7.755    7.755  1   35.136   35.136  1
  884.0  884.0  1    7.691    7.691  1   35.124   35.124  1
  886.0  886.0  1    7.662    7.662  1   35.118   35.118  1
  888.0  888.0  1    7.615    7.615  1   35.109   35.109  1
  890.0  890.0  1    7.548    7.548  1   35.099   35.099  1
  892.0  892.0  1    7.503    7.503  1   35.092   35.092  1
  894.0  894.0  1    7.497    7.497  1   35.090   35.090  1
  896.0  896.0  1    7.489    7.489  1   35.089   35.089  1
  898.0  898.0  1    7.484    7.484  1   35.088   35.088  1
  900.0  900.0  1    7.465    7.465  1   35.086   35.086  1
  902.0  902.0  1    7.447    7.447  1   35.083   35.083  1
  904.0  904.0  1    7.399    7.399  1   35.081   35.081  1
  906.0  906.0  1    7.358    7.358  1   35.076   35.076  1
  907.9  907.9  1    7.345    7.345  1   35.075   35.075  1
  910.0  910.0  1    7.311    7.311  1   35.071   35.071  1
  912.0  912.0  1    7.282    7.282  1   35.069   35.069  1
  914.0  914.0  1    7.271    7.271  1   35.067   35.067  1
  916.0  916.0  1    7.269    7.269  1   35.069   35.069  1
  918.0  918.0  1    7.268    7.268  1   35.070   35.070  1
  920.1  920.1  1    7.254    7.254  1   35.069   35.069  1
  922.1  922.1  1    7.218    7.218  1   35.064   35.064  1
  924.0  924.0  1    7.172    7.172  1   35.061   35.061  1
  926.0  926.0  1    7.131    7.131  1   35.056   35.056  1
  928.0  928.0  1    7.108    7.108  1   35.052   35.052  1
  930.0  930.0  1    7.065    7.065  1   35.048   35.048  1
  932.0  932.0  1    7.012    7.012  1   35.041   35.041  1
  934.0  934.0  1    6.987    6.987  1   35.038   35.038  1
  936.0  936.0  1    6.981    6.981  1   35.037   35.037  1
  938.0  938.0  1    6.977    6.977  1   35.037   35.037  1
  940.0  940.0  1    6.974    6.974  1   35.037   35.037  1
  942.0  942.0  1    6.970    6.970  1   35.036   35.036  1
  944.0  944.0  1    6.947    6.947  1   35.035   35.035  1
  946.0  946.0  1    6.919    6.919  1   35.032   35.032  1
  948.0  948.0  1    6.895    6.895  1   35.032   35.032  1
  950.0  950.0  1    6.881    6.881  1   35.034   35.034  1
  952.0  952.0  1    6.871    6.871  1   35.034   35.034  1
  954.0  954.0  1    6.853    6.853  1   35.033   35.033  1
  956.0  956.0  1    6.810    6.810  1   35.031   35.031  1
  958.0  958.0  1    6.775    6.775  1   35.029   35.029  1
  960.0  960.0  1    6.753    6.753  1   35.027   35.027  1
  962.0  962.0  1    6.740    6.740  1   35.027   35.027  1
  964.0  964.0  1    6.720    6.720  1   35.028   35.028  1
  966.0  966.0  1    6.673    6.673  1   35.026   35.026  1
  968.0  968.0  1    6.652    6.652  1   35.026   35.026  1
  970.0  970.0  1    6.664    6.664  1   35.029   35.029  1
  972.0  972.0  1    6.672    6.672  1   35.034   35.034  1
  974.0  974.0  1    6.666    6.666  1   35.033   35.033  1
  975.9  975.9  1    6.663    6.663  1   35.033   35.033  1
  978.0  978.0  1    6.658    6.658  1   35.033   35.033  1
  980.0  980.0  1    6.649    6.649  1   35.033   35.033  1
  982.0  982.0  1    6.605    6.605  1   35.029   35.029  1
  984.1  984.1  1    6.538    6.538  1   35.019   35.019  1
  986.0  986.0  1    6.560    6.560  1   35.025   35.025  1
  988.0  988.0  1    6.583    6.583  1   35.030   35.030  1
  990.0  990.0  1    6.610    6.610  1   35.036   35.036  1
  992.0  992.0  1    6.616    6.616  1   35.039   35.039  1
  994.0  994.0  1    6.572    6.572  1   35.034   35.034  1
  996.0  996.0  1    6.555    6.555  1   35.032   35.032  1
  998.0  998.0  1    6.581    6.581  1   35.037   35.037  1
 1000.0 1000.0  1    6.567    6.567  1   35.037   35.037  1
 1002.0 1002.0  1    6.537    6.537  1   35.032   35.032  1
 1004.0 1004.0  1    6.527    6.527  1   35.030   35.030  1
 1006.0 1006.0  1    6.518    6.518  1   35.028   35.028  1
 1008.0 1008.0  1    6.601    6.601  1   35.045   35.045  1
 1010.0 1010.0  1    6.573    6.573  1   35.048   35.048  1
 1012.1 1012.1  1    6.505    6.505  1   35.039   35.039  1
 1014.1 1014.1  1    6.441    6.441  1   35.033   35.033  1
 1016.1 1016.1  1    6.384    6.384  1   35.022   35.022  1
 1018.0 1018.0  1    6.382    6.382  1   35.022   35.022  1
 1020.0 1020.0  1    6.378    6.378  1   35.020   35.020  1
 1022.0 1022.0  1    6.364    6.364  1   35.018   35.018  1
 1024.0 1024.0  1    6.343    6.343  1   35.014   35.014  1
 1026.0 1026.0  1    6.311    6.311  1   35.011   35.011  1
 1028.0 1028.0  1    6.307    6.307  1   35.012   35.012  1
 1030.0 1030.0  1    6.299    6.299  1   35.011   35.011  1
 1032.0 1032.0  1    6.289    6.289  1   35.010   35.010  1
 1034.0 1034.0  1    6.282    6.282  1   35.011   35.011  1
 1036.0 1036.0  1    6.291    6.291  1   35.016   35.016  1
 1037.9 1037.9  1    6.269    6.269  1   35.015   35.015  1
 1040.0 1040.0  1    6.237    6.237  1   35.016   35.016  1
 1042.0 1042.0  1    6.227    6.227  1   35.018   35.018  1
 1044.0 1044.0  1    6.228    6.228  1   35.019   35.019  1
 1046.1 1046.1  1    6.226    6.226  1   35.021   35.021  1
 1048.0 1048.0  1    6.220    6.220  1   35.022   35.022  1
 1050.0 1050.0  1    6.211    6.211  1   35.023   35.023  1
 1052.0 1052.0  1    6.204    6.204  1   35.023   35.023  1
 1054.0 1054.0  1    6.203    6.203  1   35.024   35.024  1
 1056.0 1056.0  1    6.203    6.203  1   35.024   35.024  1
 1058.0 1058.0  1    6.202    6.202  1   35.024   35.024  1
 1060.0 1060.0  1    6.202    6.202  1   35.025   35.025  1
 1061.9 1061.9  1    6.202    6.202  1   35.025   35.025  1
 1064.0 1064.0  1    6.200    6.200  1   35.025   35.025  1
 1066.0 1066.0  1    6.197    6.197  1   35.024   35.024  1
 1068.0 1068.0  1    6.183    6.183  1   35.024   35.024  1
 1070.0 1070.0  1    6.172    6.172  1   35.023   35.023  1
 1071.9 1071.9  1    6.165    6.165  1   35.022   35.022  1
 1074.0 1074.0  1    6.131    6.131  1   35.023   35.023  1
 1076.0 1076.0  1    6.118    6.118  1   35.024   35.024  1
 1078.0 1078.0  1    6.094    6.094  1   35.025   35.025  1
 1080.0 1080.0  1    6.083    6.083  1   35.024   35.024  1
 1082.0 1082.0  1    6.080    6.080  1   35.024   35.024  1
 1084.0 1084.0  1    6.079    6.079  1   35.027   35.027  1
 1086.0 1086.0  1    6.090    6.090  1   35.032   35.032  1
 1088.0 1088.0  1    6.107    6.107  1   35.038   35.038  1
 1090.1 1090.1  1    6.108    6.108  1   35.039   35.039  1
 1092.1 1092.1  1    6.114    6.114  1   35.042   35.042  1
 1094.1 1094.1  1    6.103    6.103  1   35.047   35.047  1
 1096.0 1096.0  1    6.098    6.098  1   35.046   35.046  1
 1098.0 1098.0  1    6.098    6.098  1   35.046   35.046  1
 1100.0 1100.0  1    6.101    6.101  1   35.047   35.047  1
 1102.0 1102.0  1    6.086    6.086  1   35.051   35.051  1
 1104.0 1104.0  1    6.070    6.070  1   35.049   35.049  1
 1105.9 1105.9  1    6.069    6.069  1   35.049   35.049  1
 1108.0 1108.0  1    6.065    6.065  1   35.048   35.048  1
 1110.0 1110.0  1    6.010    6.010  1   35.044   35.044  1
 1112.0 1112.0  1    5.974    5.974  1   35.041   35.041  1
 1114.0 1114.0  1    5.965    5.965  1   35.038   35.038  1
 1116.1 1116.1  1    5.963    5.963  1   35.038   35.038  1
 1118.1 1118.1  1    5.953    5.953  1   35.038   35.038  1
 1120.0 1120.0  1    5.946    5.946  1   35.037   35.037  1
 1121.9 1121.9  1    5.928    5.928  1   35.037   35.037  1
 1123.9 1123.9  1    5.923    5.923  1   35.037   35.037  1
 1125.9 1125.9  1    5.902    5.902  1   35.036   35.036  1
 1128.0 1128.0  1    5.892    5.892  1   35.035   35.035  1
 1129.9 1129.9  1    5.893    5.893  1   35.038   35.038  1
 1131.9 1131.9  1    5.898    5.898  1   35.040   35.040  1
 1134.0 1134.0  1    5.892    5.892  1   35.041   35.041  1
 1136.0 1136.0  1    5.882    5.882  1   35.040   35.040  1
 1138.0 1138.0  1    5.874    5.874  1   35.039   35.039  1
 1140.0 1140.0  1    5.872    5.872  1   35.039   35.039  1
 1142.0 1142.0  1    5.842    5.842  1   35.039   35.039  1
 1144.0 1144.0  1    5.826    5.826  1   35.037   35.037  1
 1146.0 1146.0  1    5.820    5.820  1   35.037   35.037  1
 1147.9 1147.9  1    5.813    5.813  1   35.036   35.036  1
 1149.9 1149.9  1    5.802    5.802  1   35.034   35.034  1
 1152.0 1152.0  1    5.797    5.797  1   35.034   35.034  1
 1153.9 1153.9  1    5.803    5.803  1   35.036   35.036  1
 1156.0 1156.0  1    5.793    5.793  1   35.035   35.035  1
 1158.0 1158.0  1    5.777    5.777  1   35.034   35.034  1
 1160.0 1160.0  1    5.767    5.767  1   35.033   35.033  1
 1162.0 1162.0  1    5.764    5.764  1   35.033   35.033  1
 1164.0 1164.0  1    5.764    5.764  1   35.033   35.033  1
 1166.0 1166.0  1    5.763    5.763  1   35.034   35.034  1
 1168.1 1168.1  1    5.764    5.764  1   35.034   35.034  1
 1170.0 1170.0  1    5.768    5.768  1   35.036   35.036  1
 1171.9 1171.9  1    5.766    5.766  1   35.039   35.039  1
 1173.9 1173.9  1    5.753    5.753  1   35.040   35.040  1
 1176.0 1176.0  1    5.728    5.728  1   35.037   35.037  1
 1178.0 1178.0  1    5.722    5.722  1   35.036   35.036  1
 1179.9 1179.9  1    5.720    5.720  1   35.036   35.036  1
 1182.0 1182.0  1    5.699    5.699  1   35.035   35.035  1
 1184.0 1184.0  1    5.702    5.702  1   35.036   35.036  1
 1186.0 1186.0  1    5.717    5.717  1   35.041   35.041  1
 1188.0 1188.0  1    5.718    5.718  1   35.044   35.044  1
 1190.0 1190.0  1    5.717    5.717  1   35.045   35.045  1
 1192.0 1192.0  1    5.708    5.708  1   35.045   35.045  1
 1194.0 1194.0  1    5.688    5.688  1   35.044   35.044  1
 1196.1 1196.1  1    5.677    5.677  1   35.043   35.043  1
 1198.0 1198.0  1    5.670    5.670  1   35.043   35.043  1
 1200.0 1200.0  1    5.665    5.665  1   35.044   35.044  1
 1202.0 1202.0  1    5.661    5.661  1   35.044   35.044  1
 1204.0 1204.0  1    5.657    5.657  1   35.045   35.045  1
 1206.1 1206.1  1    5.652    5.652  1   35.046   35.046  1
 1208.1 1208.1  1    5.649    5.649  1   35.047   35.047  1
 1210.1 1210.1  1    5.622    5.622  1   35.045   35.045  1
 1212.0 1212.0  1    5.612    5.612  1   35.043   35.043  1
 1214.0 1214.0  1    5.611    5.611  1   35.043   35.043  1
 1216.1 1216.1  1    5.612    5.612  1   35.044   35.044  1
 1218.0 1218.0  1    5.610    5.610  1   35.044   35.044  1
 1220.0 1220.0  1    5.602    5.602  1   35.044   35.044  1
 1222.0 1222.0  1    5.583    5.583  1   35.043   35.043  1
 1224.0 1224.0  1    5.583    5.583  1   35.043   35.043  1
 1226.0 1226.0  1    5.583    5.583  1   35.044   35.044  1
 1228.0 1228.0  1    5.572    5.572  1   35.044   35.044  1
 1230.0 1230.0  1    5.571    5.571  1   35.044   35.044  1
 1232.0 1232.0  1    5.570    5.570  1   35.045   35.045  1
 1234.0 1234.0  1    5.566    5.566  1   35.046   35.046  1
 1236.1 1236.1  1    5.563    5.563  1   35.047   35.047  1
 1238.1 1238.1  1    5.562    5.562  1   35.048   35.048  1
 1240.0 1240.0  1    5.557    5.557  1   35.050   35.050  1
 1242.0 1242.0  1    5.545    5.545  1   35.050   35.050  1
 1244.0 1244.0  1    5.526    5.526  1   35.050   35.050  1
 1246.1 1246.1  1    5.521    5.521  1   35.050   35.050  1
 1248.1 1248.1  1    5.521    5.521  1   35.051   35.051  1
 1250.0 1250.0  1    5.522    5.522  1   35.051   35.051  1
 1252.0 1252.0  1    5.523    5.523  1   35.051   35.051  1
 1254.0 1254.0  1    5.522    5.522  1   35.051   35.051  1
 1256.0 1256.0  1    5.520    5.520  1   35.052   35.052  1
 1258.0 1258.0  1    5.519    5.519  1   35.052   35.052  1
 1260.1 1260.1  1    5.517    5.517  1   35.053   35.053  1
 1262.0 1262.0  1    5.512    5.512  1   35.054   35.054  1
 1264.0 1264.0  1    5.504    5.504  1   35.055   35.055  1
 1266.0 1266.0  1    5.497    5.497  1   35.056   35.056  1
 1268.0 1268.0  1    5.495    5.495  1   35.057   35.057  1
 1270.0 1270.0  1    5.491    5.491  1   35.058   35.058  1
 1272.0 1272.0  1    5.488    5.488  1   35.058   35.058  1
 1274.0 1274.0  1    5.484    5.484  1   35.059   35.059  1
 1276.0 1276.0  1    5.481    5.481  1   35.060   35.060  1
 1277.9 1277.9  1    5.478    5.478  1   35.060   35.060  1
 1280.0 1280.0  1    5.477    5.477  1   35.062   35.062  1
 1282.0 1282.0  1    5.479    5.479  1   35.065   35.065  1
 1284.0 1284.0  1    5.479    5.479  1   35.066   35.066  1
 1286.0 1286.0  1    5.477    5.477  1   35.066   35.066  1
 1288.0 1288.0  1    5.474    5.474  1   35.067   35.067  1
 1290.0 1290.0  1    5.471    5.471  1   35.068   35.068  1
 1292.0 1292.0  1    5.468    5.468  1   35.068   35.068  1
 1294.0 1294.0  1    5.464    5.464  1   35.069   35.069  1
 1296.0 1296.0  1    5.459    5.459  1   35.069   35.069  1
 1298.0 1298.0  1    5.439    5.439  1   35.070   35.070  1
 1300.0 1300.0  1    5.414    5.414  1   35.071   35.071  1
 1302.0 1302.0  1    5.411    5.411  1   35.071   35.071  1
 1304.0 1304.0  1    5.407    5.407  1   35.071   35.071  1
 1306.0 1306.0  1    5.401    5.401  1   35.072   35.072  1
 1308.0 1308.0  1    5.391    5.391  1   35.073   35.073  1
 1310.0 1310.0  1    5.384    5.384  1   35.073   35.073  1
 1312.0 1312.0  1    5.382    5.382  1   35.073   35.073  1
 1314.0 1314.0  1    5.381    5.381  1   35.073   35.073  1
 1316.1 1316.1  1    5.379    5.379  1   35.073   35.073  1
 1318.1 1318.1  1    5.378    5.378  1   35.073   35.073  1
 1320.0 1320.0  1    5.375    5.375  1   35.073   35.073  1
 1322.1 1322.1  1    5.373    5.373  1   35.073   35.073  1
 1324.0 1324.0  1    5.374    5.374  1   35.073   35.073  1
 1326.0 1326.0  1    5.373    5.373  1   35.073   35.073  1
 1327.9 1327.9  1    5.370    5.370  1   35.074   35.074  1
 1330.0 1330.0  1    5.368    5.368  1   35.074   35.074  1
 1332.0 1332.0  1    5.369    5.369  1   35.074   35.074  1
 1334.0 1334.0  1    5.368    5.368  1   35.074   35.074  1
 1336.0 1336.0  1    5.368    5.368  1   35.074   35.074  1
 1337.9 1337.9  1    5.366    5.366  1   35.074   35.074  1
 1340.0 1340.0  1    5.363    5.363  1   35.074   35.074  1
 1342.0 1342.0  1    5.362    5.362  1   35.074   35.074  1
 1344.0 1344.0  1    5.359    5.359  1   35.074   35.074  1
 1346.0 1346.0  1    5.358    5.358  1   35.074   35.074  1
 1347.9 1347.9  1    5.358    5.358  1   35.074   35.074  1
 1350.0 1350.0  1    5.357    5.357  1   35.074   35.074  1
 1352.0 1352.0  1    5.355    5.355  1   35.075   35.075  1
 1354.0 1354.0  1    5.346    5.346  1   35.077   35.077  1
 1356.0 1356.0  1    5.338    5.338  1   35.077   35.077  1
 1358.0 1358.0  1    5.325    5.325  1   35.076   35.076  1
 1360.0 1360.0  1    5.315    5.315  1   35.076   35.076  1
 1362.0 1362.0  1    5.306    5.306  1   35.076   35.076  1
 1364.0 1364.0  1    5.299    5.299  1   35.075   35.075  1
 1366.0 1366.0  1    5.296    5.296  1   35.075   35.075  1
 1368.0 1368.0  1    5.294    5.294  1   35.075   35.075  1
 1370.0 1370.0  1    5.285    5.285  1   35.075   35.075  1
 1372.0 1372.0  1    5.272    5.272  1   35.076   35.076  1
 1374.0 1374.0  1    5.257    5.257  1   35.076   35.076  1
 1376.0 1376.0  1    5.252    5.252  1   35.076   35.076  1
 1378.0 1378.0  1    5.247    5.247  1   35.076   35.076  1
 1380.0 1380.0  1    5.243    5.243  1   35.076   35.076  1
 1382.0 1382.0  1    5.235    5.235  1   35.077   35.077  1
 1384.0 1384.0  1    5.226    5.226  1   35.077   35.077  1
 1386.0 1386.0  1    5.224    5.224  1   35.077   35.077  1
 1388.0 1388.0  1    5.224    5.224  1   35.077   35.077  1
 1390.0 1390.0  1    5.217    5.217  1   35.078   35.078  1
 1392.0 1392.0  1    5.204    5.204  1   35.079   35.079  1
 1394.0 1394.0  1    5.191    5.191  1   35.079   35.079  1
 1396.0 1396.0  1    5.175    5.175  1   35.081   35.081  1
 1398.0 1398.0  1    5.173    5.173  1   35.080   35.080  1
 1400.0 1400.0  1    5.174    5.174  1   35.080   35.080  1
 1402.0 1402.0  1    5.171    5.171  1   35.081   35.081  1
 1404.0 1404.0  1    5.161    5.161  1   35.083   35.083  1
 1406.0 1406.0  1    5.158    5.158  1   35.084   35.084  1
 1408.0 1408.0  1    5.143    5.143  1   35.083   35.083  1
 1409.9 1409.9  1    5.140    5.140  1   35.083   35.083  1
 1412.0 1412.0  1    5.139    5.139  1   35.083   35.083  1
 1414.1 1414.1  1    5.138    5.138  1   35.084   35.084  1
 1416.0 1416.0  1    5.137    5.137  1   35.085   35.085  1
 1418.0 1418.0  1    5.136    5.136  1   35.085   35.085  1
 1420.0 1420.0  1    5.136    5.136  1   35.086   35.086  1
 1422.0 1422.0  1    5.135    5.135  1   35.086   35.086  1
 1424.0 1424.0  1    5.134    5.134  1   35.086   35.086  1
 1426.0 1426.0  1    5.135    5.135  1   35.086   35.086  1
 1428.0 1428.0  1    5.136    5.136  1   35.087   35.087  1
 1430.0 1430.0  1    5.136    5.136  1   35.087   35.087  1
 1432.0 1432.0  1    5.133    5.133  1   35.087   35.087  1
 1434.0 1434.0  1    5.129    5.129  1   35.087   35.087  1
 1436.0 1436.0  1    5.121    5.121  1   35.087   35.087  1
 1438.0 1438.0  1    5.111    5.111  1   35.089   35.089  1
 1440.0 1440.0  1    5.105    5.105  1   35.089   35.089  1
 1442.0 1442.0  1    5.087    5.087  1   35.086   35.086  1
 1444.0 1444.0  1    5.061    5.061  1   35.083   35.083  1
 1446.0 1446.0  1    5.047    5.047  1   35.080   35.080  1
 1448.0 1448.0  1    5.023    5.023  1   35.078   35.078  1
 1450.0 1450.0  1    5.001    5.001  1   35.076   35.076  1
 1452.0 1452.0  1    4.991    4.991  1   35.075   35.075  1
 1453.9 1453.9  1    4.966    4.966  1   35.074   35.074  1
 1456.0 1456.0  1    4.942    4.942  1   35.070   35.070  1
 1458.0 1458.0  1    4.945    4.945  1   35.071   35.071  1
 1460.1 1460.1  1    4.962    4.962  1   35.075   35.075  1
 1462.0 1462.0  1    4.986    4.986  1   35.079   35.079  1
 1464.1 1464.1  1    4.991    4.991  1   35.082   35.082  1
 1466.0 1466.0  1    4.992    4.992  1   35.084   35.084  1
 1468.0 1468.0  1    4.984    4.984  1   35.083   35.083  1
 1470.1 1470.1  1    4.971    4.971  1   35.081   35.081  1
 1472.0 1472.0  1    4.955    4.955  1   35.080   35.080  1
 1474.0 1474.0  1    4.946    4.946  1   35.078   35.078  1
 1476.1 1476.1  1    4.921    4.921  1   35.076   35.076  1
 1478.0 1478.0  1    4.909    4.909  1   35.074   35.074  1
 1480.0 1480.0  1    4.898    4.898  1   35.074   35.074  1
 1482.0 1482.0  1    4.888    4.888  1   35.074   35.074  1
 1484.0 1484.0  1    4.884    4.884  1   35.074   35.074  1
 1486.0 1486.0  1    4.882    4.882  1   35.075   35.075  1
 1488.0 1488.0  1    4.878    4.878  1   35.075   35.075  1
 1490.0 1490.0  1    4.875    4.875  1   35.075   35.075  1
 1492.0 1492.0  1    4.871    4.871  1   35.075   35.075  1
 1494.0 1494.0  1    4.870    4.870  1   35.075   35.075  1
 1496.0 1496.0  1    4.872    4.872  1   35.076   35.076  1
 1498.0 1498.0  1    4.872    4.872  1   35.076   35.076  1
 1500.1 1500.1  1    4.868    4.868  1   35.077   35.077  1
 1502.1 1502.1  1    4.866    4.866  1   35.077   35.077  1
 1504.0 1504.0  1    4.865    4.865  1   35.076   35.076  1
 1506.0 1506.0  1    4.858    4.858  1   35.077   35.077  1
 1508.1 1508.1  1    4.849    4.849  1   35.077   35.077  1
 1510.1 1510.1  1    4.845    4.845  1   35.077   35.077  1
 1512.0 1512.0  1    4.842    4.842  1   35.077   35.077  1
 1514.0 1514.0  1    4.839    4.839  1   35.078   35.078  1
 1516.0 1516.0  1    4.837    4.837  1   35.078   35.078  1
 1518.0 1518.0  1    4.834    4.834  1   35.078   35.078  1
 1520.0 1520.0  1    4.834    4.834  1   35.078   35.078  1
 1522.0 1522.0  1    4.830    4.830  1   35.079   35.079  1
 1524.0 1524.0  1    4.828    4.828  1   35.079   35.079  1
 1526.0 1526.0  1    4.827    4.827  1   35.079   35.079  1
 1528.0 1528.0  1    4.821    4.821  1   35.079   35.079  1
 1530.0 1530.0  1    4.822    4.822  1   35.079   35.079  1
 1532.1 1532.1  1    4.822    4.822  1   35.079   35.079  1
 1534.0 1534.0  1    4.816    4.816  1   35.078   35.078  1
 1536.0 1536.0  1    4.812    4.812  1   35.078   35.078  1
 1538.0 1538.0  1    4.809    4.809  1   35.078   35.078  1
 1540.0 1540.0  1    4.806    4.806  1   35.079   35.079  1
 1542.0 1542.0  1    4.803    4.803  1   35.080   35.080  1
 1544.0 1544.0  1    4.800    4.800  1   35.080   35.080  1
 1546.0 1546.0  1    4.803    4.803  1   35.080   35.080  1
 1548.0 1548.0  1    4.807    4.807  1   35.082   35.082  1
 1550.0 1550.0  1    4.813    4.813  1   35.085   35.085  1
 1552.0 1552.0  1    4.812    4.812  1   35.086   35.086  1
 1553.9 1553.9  1    4.811    4.811  1   35.086   35.086  1
 1556.0 1556.0  1    4.811    4.811  1   35.086   35.086  1
 1558.0 1558.0  1    4.810    4.810  1   35.086   35.086  1
 1560.0 1560.0  1    4.810    4.810  1   35.085   35.085  1
 1562.0 1562.0  1    4.809    4.809  1   35.085   35.085  1
 1564.0 1564.0  1    4.805    4.805  1   35.085   35.085  1
 1566.0 1566.0  1    4.779    4.779  1   35.082   35.082  1
 1568.0 1568.0  1    4.759    4.759  1   35.079   35.079  1
 1570.0 1570.0  1    4.759    4.759  1   35.079   35.079  1
 1572.0 1572.0  1    4.757    4.757  1   35.079   35.079  1
 1574.0 1574.0  1    4.756    4.756  1   35.078   35.078  1
 1576.1 1576.1  1    4.751    4.751  1   35.079   35.079  1
 1578.0 1578.0  1    4.746    4.746  1   35.079   35.079  1
 1579.9 1579.9  1    4.744    4.744  1   35.079   35.079  1
 1582.0 1582.0  1    4.733    4.733  1   35.078   35.078  1
 1584.0 1584.0  1    4.721    4.721  1   35.076   35.076  1
 1586.0 1586.0  1    4.702    4.702  1   35.074   35.074  1
 1588.0 1588.0  1    4.696    4.696  1   35.074   35.074  1
 1590.0 1590.0  1    4.698    4.698  1   35.074   35.074  1
 1592.0 1592.0  1    4.701    4.701  1   35.076   35.076  1
 1594.0 1594.0  1    4.698    4.698  1   35.076   35.076  1
 1596.0 1596.0  1    4.701    4.701  1   35.077   35.077  1
 1598.0 1598.0  1    4.703    4.703  1   35.078   35.078  1
 1600.0 1600.0  1    4.704    4.704  1   35.079   35.079  1
 1602.0 1602.0  1    4.706    4.706  1   35.080   35.080  1
 1604.0 1604.0  1    4.707    4.707  1   35.080   35.080  1
 1606.0 1606.0  1    4.692    4.692  1   35.079   35.079  1
 1608.0 1608.0  1    4.678    4.678  1   35.078   35.078  1
 1610.0 1610.0  1    4.664    4.664  1   35.075   35.075  1
 1612.0 1612.0  1    4.646    4.646  1   35.073   35.073  1
 1614.0 1614.0  1    4.635    4.635  1   35.071   35.071  1
 1616.0 1616.0  1    4.616    4.616  1   35.070   35.070  1
 1618.0 1618.0  1    4.601    4.601  1   35.069   35.069  1
 1620.0 1620.0  1    4.596    4.596  1   35.068   35.068  1
 1622.0 1622.0  1    4.595    4.595  1   35.069   35.069  1
 1624.0 1624.0  1    4.595    4.595  1   35.069   35.069  1
 1626.0 1626.0  1    4.592    4.592  1   35.068   35.068  1
 1628.0 1628.0  1    4.588    4.588  1   35.068   35.068  1
 1630.0 1630.0  1    4.566    4.566  1   35.067   35.067  1
 1632.0 1632.0  1    4.551    4.551  1   35.066   35.066  1
 1634.0 1634.0  1    4.539    4.539  1   35.065   35.065  1
 1636.0 1636.0  1    4.532    4.532  1   35.064   35.064  1
 1638.0 1638.0  1    4.531    4.531  1   35.064   35.064  1
 1640.0 1640.0  1    4.528    4.528  1   35.064   35.064  1
 1642.0 1642.0  1    4.526    4.526  1   35.063   35.063  1
 1644.1 1644.1  1    4.522    4.522  1   35.064   35.064  1
 1646.0 1646.0  1    4.519    4.519  1   35.063   35.063  1
 1648.0 1648.0  1    4.517    4.517  1   35.064   35.064  1
 1650.0 1650.0  1    4.510    4.510  1   35.064   35.064  1
 1652.0 1652.0  1    4.494    4.494  1   35.063   35.063  1
 1654.0 1654.0  1    4.483    4.483  1   35.063   35.063  1
 1656.0 1656.0  1    4.471    4.471  1   35.062   35.062  1
 1658.0 1658.0  1    4.466    4.466  1   35.062   35.062  1
 1660.0 1660.0  1    4.463    4.463  1   35.061   35.061  1
 1662.0 1662.0  1    4.464    4.464  1   35.061   35.061  1
 1664.0 1664.0  1    4.462    4.462  1   35.061   35.061  1
 1666.0 1666.0  1    4.454    4.454  1   35.061   35.061  1
 1668.0 1668.0  1    4.452    4.452  1   35.062   35.062  1
 1670.0 1670.0  1    4.449    4.449  1   35.062   35.062  1
 1672.0 1672.0  1    4.448    4.448  1   35.063   35.063  1
 1674.0 1674.0  1    4.447    4.447  1   35.063   35.063  1
 1676.0 1676.0  1    4.447    4.447  1   35.063   35.063  1
 1678.0 1678.0  1    4.447    4.447  1   35.063   35.063  1
 1680.1 1680.1  1    4.448    4.448  1   35.063   35.063  1
 1682.0 1682.0  1    4.448    4.448  1   35.063   35.063  1
 1684.0 1684.0  1    4.447    4.447  1   35.063   35.063  1
 1686.0 1686.0  1    4.446    4.446  1   35.063   35.063  1
 1688.0 1688.0  1    4.442    4.442  1   35.064   35.064  1
 1690.0 1690.0  1    4.432    4.432  1   35.064   35.064  1
 1692.0 1692.0  1    4.424    4.424  1   35.062   35.062  1
 1694.0 1694.0  1    4.422    4.422  1   35.062   35.062  1
 1696.0 1696.0  1    4.421    4.421  1   35.062   35.062  1
 1698.0 1698.0  1    4.417    4.417  1   35.063   35.063  1
 1700.0 1700.0  1    4.414    4.414  1   35.062   35.062  1
 1702.0 1702.0  1    4.412    4.412  1   35.062   35.062  1
 1704.0 1704.0  1    4.409    4.409  1   35.063   35.063  1
 1706.0 1706.0  1    4.405    4.405  1   35.063   35.063  1
 1708.0 1708.0  1    4.402    4.402  1   35.062   35.062  1
 1710.0 1710.0  1    4.389    4.389  1   35.062   35.062  1
 1712.0 1712.0  1    4.374    4.374  1   35.060   35.060  1
 1714.0 1714.0  1    4.358    4.358  1   35.060   35.060  1
 1716.0 1716.0  1    4.348    4.348  1   35.059   35.059  1
 1717.9 1717.9  1    4.349    4.349  1   35.059   35.059  1
 1720.0 1720.0  1    4.350    4.350  1   35.059   35.059  1
 1722.0 1722.0  1    4.350    4.350  1   35.059   35.059  1
 1724.0 1724.0  1    4.350    4.350  1   35.059   35.059  1
 1726.0 1726.0  1    4.349    4.349  1   35.060   35.060  1
 1728.1 1728.1  1    4.348    4.348  1   35.060   35.060  1
 1730.0 1730.0  1    4.346    4.346  1   35.060   35.060  1
 1732.0 1732.0  1    4.341    4.341  1   35.059   35.059  1
 1734.0 1734.0  1    4.332    4.332  1   35.059   35.059  1
 1736.0 1736.0  1    4.329    4.329  1   35.059   35.059  1
 1738.0 1738.0  1    4.324    4.324  1   35.059   35.059  1
 1740.0 1740.0  1    4.315    4.315  1   35.058   35.058  1
 1742.0 1742.0  1    4.308    4.308  1   35.057   35.057  1
 1744.0 1744.0  1    4.304    4.304  1   35.057   35.057  1
 1746.0 1746.0  1    4.292    4.292  1   35.057   35.057  1
 1748.0 1748.0  1    4.290    4.290  1   35.057   35.057  1
 1749.9 1749.9  1    4.285    4.285  1   35.056   35.056  1
 1752.0 1752.0  1    4.281    4.281  1   35.056   35.056  1
 1754.0 1754.0  1    4.274    4.274  1   35.055   35.055  1
 1756.0 1756.0  1    4.260    4.260  1   35.055   35.055  1
 1758.0 1758.0  1    4.241    4.241  1   35.052   35.052  1
 1760.0 1760.0  1    4.243    4.243  1   35.052   35.052  1
 1762.1 1762.1  1    4.245    4.245  1   35.052   35.052  1
 1764.0 1764.0  1    4.243    4.243  1   35.052   35.052  1
 1766.0 1766.0  1    4.242    4.242  1   35.052   35.052  1
 1768.0 1768.0  1    4.241    4.241  1   35.052   35.052  1
 1770.0 1770.0  1    4.239    4.239  1   35.052   35.052  1
 1772.0 1772.0  1    4.237    4.237  1   35.051   35.051  1
 1774.0 1774.0  1    4.235    4.235  1   35.051   35.051  1
 1776.0 1776.0  1    4.231    4.231  1   35.051   35.051  1
 1778.0 1778.0  1    4.227    4.227  1   35.051   35.051  1
 1780.0 1780.0  1    4.226    4.226  1   35.051   35.051  1
 1782.0 1782.0  1    4.226    4.226  1   35.051   35.051  1
 1784.0 1784.0  1    4.223    4.223  1   35.051   35.051  1
 1786.0 1786.0  1    4.209    4.209  1   35.049   35.049  1
 1788.0 1788.0  1    4.204    4.204  1   35.048   35.048  1
 1790.0 1790.0  1    4.190    4.190  1   35.046   35.046  1
 1792.0 1792.0  1    4.173    4.173  1   35.045   35.045  1
 1794.0 1794.0  1    4.161    4.161  1   35.043   35.043  1
 1796.0 1796.0  1    4.155    4.155  1   35.043   35.043  1
 1798.0 1798.0  1    4.152    4.152  1   35.043   35.043  1
 1800.0 1800.0  1    4.143    4.143  1   35.042   35.042  1
 1802.0 1802.0  1    4.134    4.134  1   35.041   35.041  1
 1804.0 1804.0  1    4.123    4.123  1   35.041   35.041  1
 1806.0 1806.0  1    4.106    4.106  1   35.041   35.041  1
 1808.0 1808.0  1    4.087    4.087  1   35.041   35.041  1
 1810.0 1810.0  1    4.085    4.085  1   35.041   35.041  1
 1812.0 1812.0  1    4.085    4.085  1   35.041   35.041  1
 1814.0 1814.0  1    4.085    4.085  1   35.041   35.041  1
 1816.0 1816.0  1    4.084    4.084  1   35.041   35.041  1
 1818.0 1818.0  1    4.085    4.085  1   35.041   35.041  1
 1820.0 1820.0  1    4.085    4.085  1   35.040   35.040  1
 1822.0 1822.0  1    4.082    4.082  1   35.041   35.041  1
 1824.0 1824.0  1    4.080    4.080  1   35.041   35.041  1
 1826.0 1826.0  1    4.080    4.080  1   35.041   35.041  1
 1828.0 1828.0  1    4.080    4.080  1   35.041   35.041  1
 1830.0 1830.0  1    4.077    4.077  1   35.041   35.041  1
 1832.0 1832.0  1    4.075    4.075  1   35.041   35.041  1
 1834.0 1834.0  1    4.074    4.074  1   35.041   35.041  1
 1836.0 1836.0  1    4.073    4.073  1   35.041   35.041  1
 1838.0 1838.0  1    4.068    4.068  1   35.041   35.041  1
 1840.0 1840.0  1    4.066    4.066  1   35.040   35.040  1
 1842.0 1842.0  1    4.062    4.062  1   35.040   35.040  1
 1844.0 1844.0  1    4.054    4.054  1   35.040   35.040  1
 1846.0 1846.0  1    4.028    4.028  1   35.037   35.037  1
 1848.0 1848.0  1    4.019    4.019  1   35.035   35.035  1
 1850.0 1850.0  1    4.017    4.017  1   35.036   35.036  1
 1852.1 1852.1  1    4.013    4.013  1   35.035   35.035  1
 1854.0 1854.0  1    4.007    4.007  1   35.035   35.035  1
 1856.0 1856.0  1    4.004    4.004  1   35.035   35.035  1
 1858.0 1858.0  1    4.000    4.000  1   35.034   35.034  1
 1860.0 1860.0  1    3.992    3.992  1   35.034   35.034  1
 1862.0 1862.0  1    3.988    3.988  1   35.034   35.034  1
 1864.0 1864.0  1    3.987    3.987  1   35.033   35.033  1
 1866.0 1866.0  1    3.985    3.985  1   35.033   35.033  1
 1868.0 1868.0  1    3.982    3.982  1   35.033   35.033  1
 1870.0 1870.0  1    3.981    3.981  1   35.033   35.033  1
 1872.0 1872.0  1    3.981    3.981  1   35.033   35.033  1
 1874.0 1874.0  1    3.978    3.978  1   35.032   35.032  1
 1876.0 1876.0  1    3.964    3.964  1   35.032   35.032  1
 1878.0 1878.0  1    3.944    3.944  1   35.029   35.029  1
 1880.0 1880.0  1    3.938    3.938  1   35.029   35.029  1
 1882.0 1882.0  1    3.933    3.933  1   35.029   35.029  1
 1884.0 1884.0  1    3.930    3.930  1   35.029   35.029  1
 1886.0 1886.0  1    3.928    3.928  1   35.029   35.029  1
 1888.0 1888.0  1    3.924    3.924  1   35.029   35.029  1
 1890.0 1890.0  1    3.920    3.920  1   35.028   35.028  1
 1892.0 1892.0  1    3.918    3.918  1   35.028   35.028  1
 1894.0 1894.0  1    3.916    3.916  1   35.028   35.028  1
 1896.0 1896.0  1    3.913    3.913  1   35.028   35.028  1
 1898.0 1898.0  1    3.913    3.913  1   35.028   35.028  1
 1900.0 1900.0  1    3.913    3.913  1   35.028   35.028  1
 1902.0 1902.0  1    3.912    3.912  1   35.027   35.027  1
 1904.0 1904.0  1    3.909    3.909  1   35.027   35.027  1
 1906.0 1906.0  1    3.907    3.907  1   35.028   35.028  1
 1908.0 1908.0  1    3.902    3.902  1   35.028   35.028  1
 1910.0 1910.0  1    3.901    3.901  1   35.028   35.028  1
 1912.0 1912.0  1    3.893    3.893  1   35.028   35.028  1
 1914.0 1914.0  1    3.886    3.886  1   35.028   35.028  1
 1916.0 1916.0  1    3.885    3.885  1   35.027   35.027  1
 1918.0 1918.0  1    3.885    3.885  1   35.027   35.027  1
 1920.1 1920.1  1    3.884    3.884  1   35.027   35.027  1
 1922.0 1922.0  1    3.885    3.885  1   35.027   35.027  1
 1924.0 1924.0  1    3.885    3.885  1   35.027   35.027  1
 1926.0 1926.0  1    3.886    3.886  1   35.028   35.028  1
 1928.0 1928.0  1    3.887    3.887  1   35.028   35.028  1
 1930.0 1930.0  1    3.887    3.887  1   35.028   35.028  1
 1932.0 1932.0  1    3.887    3.887  1   35.028   35.028  1
 1934.0 1934.0  1    3.882    3.882  1   35.028   35.028  1
 1936.0 1936.0  1    3.872    3.872  1   35.026   35.026  1
 1938.0 1938.0  1    3.868    3.868  1   35.026   35.026  1
 1940.0 1940.0  1    3.858    3.858  1   35.026   35.026  1
 1942.0 1942.0  1    3.854    3.854  1   35.025   35.025  1
 1944.0 1944.0  1    3.852    3.852  1   35.025   35.025  1
 1946.0 1946.0  1    3.849    3.849  1   35.024   35.024  1
 1948.0 1948.0  1    3.847    3.847  1   35.025   35.025  1
 1950.0 1950.0  1    3.844    3.844  1   35.024   35.024  1
 1952.0 1952.0  1    3.841    3.841  1   35.025   35.025  1
 1954.0 1954.0  1    3.838    3.838  1   35.025   35.025  1
 1956.0 1956.0  1    3.838    3.838  1   35.024   35.024  1
 1958.0 1958.0  1    3.834    3.834  1   35.025   35.025  1
 1960.0 1960.0  1    3.827    3.827  1   35.024   35.024  1
 1962.0 1962.0  1    3.820    3.820  1   35.024   35.024  1
 1964.1 1964.1  1    3.807    3.807  1   35.022   35.022  1
 1966.0 1966.0  1    3.802    3.802  1   35.022   35.022  1
 1968.0 1968.0  1    3.793    3.793  1   35.022   35.022  1
 1970.0 1970.0  1    3.789    3.789  1   35.021   35.021  1
 1972.1 1972.1  1    3.786    3.786  1   35.021   35.021  1
 1974.0 1974.0  1    3.784    3.784  1   35.021   35.021  1
 1976.0 1976.0  1    3.782    3.782  1   35.021   35.021  1
 1978.0 1978.0  1    3.778    3.778  1   35.020   35.020  1
 1980.0 1980.0  1    3.775    3.775  1   35.020   35.020  1
 1982.0 1982.0  1    3.773    3.773  1   35.020   35.020  1
 1984.0 1984.0  1    3.771    3.771  1   35.019   35.019  1
 1986.0 1986.0  1    3.760    3.760  1   35.019   35.019  1
 1988.1 1988.1  1    3.749    3.749  1   35.018   35.018  1
 1990.0 1990.0  1    3.745    3.745  1   35.017   35.017  1
 1992.0 1992.0  1    3.739    3.739  1   35.016   35.016  1
 1994.0 1994.0  1    3.731    3.731  1   35.016   35.016  1
 1996.0 1996.0  1    3.730    3.730  1   35.016   35.016  1
 1998.1 1998.1  1    3.729    3.729  1   35.016   35.016  1
 2000.2 2000.2  1    3.728    3.728  1   35.016   35.016  1
 2002.1 2002.1  1    3.728    3.728  1   35.016   35.016  1
 2003.4 2003.4  1    3.727    3.727  1   35.016   35.016  1
