*SoftWare Version 3.0  2018/12/27

*HEADER
     PLATFORM NUMBER       :4903232
     CYCLE NUMBER          :038
     DATE CREATION         :20191228120039
     DATE UPDATE           :20191228120039
     PROJECT NAME          :US ARGO PROJECT
     PI NAME               :AMY BOWER, STEVEN JAYNE, HEATHER FUREY
     INSTRUMENT TYPE       :S2A
     FLOAT SERIAL NO       :7540
     FIRMWARE VERSION      :SBE602 15Aug17 ARM V2.4
     WMO INSTRUMENT TYPE   :854
     TRANSMISSION SYSTEM   :IRIDIUM
     POSITIONING SYSTEM    :GPS
     SAMPLE DIRECTION      :A(A=Ascend; D=Descend)
     DATA MODE             :R(R=Real Time; D=Delayed Mode; A=Real Time Adjusted)
     JULIAN DAY            :25558.4541 (days since 1950-01-01 00:00:00 UTC)
     DATE                  :2019-12-23
     QC FLAG FOR DATE      :1
*LOCATION
     LATITUDE              :25.797  
     LONGITUDE             :-87.984 
     QC FLAG FOR LOCATION  :1
*FILE
     COLUMN 1              :Pressure (dbar)                             F7.1
     COLUMN 2              :Corrected Pressure (dbar)                   F7.1
     COLUMN 3              :Quality on Pressure                         I3
     COLUMN 4              :Temperature (degree_Celsius)                F9.3
     COLUMN 5              :Corrected Temperature (degree_Celsius)      F9.3
     COLUMN 6              :Quality on Temperature                      I3
     COLUMN 7              :Salinity (PSU)                              F9.3
     COLUMN 8              :Corrected Salinity (PSU)                    F9.3
     COLUMN 9              :Quality on Salinity                         I3
==========================================================================
    1.1    1.1  1   27.653   27.653  1   36.325   36.325  1
    2.0    2.0  1   27.658   27.658  1   36.325   36.325  1
    3.0    3.0  1   27.654   27.654  1   36.326   36.326  1
    4.0    4.0  1   27.658   27.658  1   36.326   36.326  1
    5.0    5.0  1   27.662   27.662  1   36.326   36.326  1
    6.0    6.0  1   27.659   27.659  1   36.326   36.326  1
    7.0    7.0  1   27.656   27.656  1   36.326   36.326  1
    7.9    7.9  1   27.678   27.678  1   36.325   36.325  1
    9.0    9.0  1   27.678   27.678  1   36.325   36.325  1
   10.2   10.2  1   27.675   27.675  1   36.325   36.325  1
   11.9   11.9  1   27.678   27.678  1   36.324   36.324  1
   14.0   14.0  1   27.679   27.679  1   36.325   36.325  1
   16.0   16.0  1   27.679   27.679  1   36.325   36.325  1
   18.0   18.0  1   27.679   27.679  1   36.325   36.325  1
   20.0   20.0  1   27.677   27.677  1   36.325   36.325  1
   22.0   22.0  1   27.676   27.676  1   36.325   36.325  1
   24.0   24.0  1   27.676   27.676  1   36.325   36.325  1
   26.0   26.0  1   27.676   27.676  1   36.325   36.325  1
   28.0   28.0  1   27.673   27.673  1   36.326   36.326  1
   30.0   30.0  1   27.673   27.673  1   36.325   36.325  1
   32.0   32.0  1   27.674   27.674  1   36.325   36.325  1
   33.9   33.9  1   27.677   27.677  1   36.325   36.325  1
   36.0   36.0  1   27.675   27.675  1   36.325   36.325  1
   38.0   38.0  1   27.677   27.677  1   36.325   36.325  1
   40.0   40.0  1   27.676   27.676  1   36.325   36.325  1
   42.0   42.0  1   27.675   27.675  1   36.325   36.325  1
   44.0   44.0  1   27.675   27.675  1   36.326   36.326  1
   46.0   46.0  1   27.677   27.677  1   36.326   36.326  1
   48.0   48.0  1   27.679   27.679  1   36.325   36.325  1
   50.0   50.0  1   27.680   27.680  1   36.325   36.325  1
   52.0   52.0  1   27.680   27.680  1   36.326   36.326  1
   54.0   54.0  1   27.679   27.679  1   36.326   36.326  1
   56.0   56.0  1   27.679   27.679  1   36.326   36.326  1
   58.0   58.0  1   27.678   27.678  1   36.326   36.326  1
   60.0   60.0  1   27.682   27.682  1   36.326   36.326  1
   62.0   62.0  1   27.683   27.683  1   36.326   36.326  1
   64.0   64.0  1   27.685   27.685  1   36.325   36.325  1
   66.0   66.0  1   27.685   27.685  1   36.325   36.325  1
   68.0   68.0  1   27.685   27.685  1   36.326   36.326  1
   70.0   70.0  1   27.685   27.685  1   36.326   36.326  1
   72.0   72.0  1   27.684   27.684  1   36.326   36.326  1
   74.0   74.0  1   27.685   27.685  1   36.325   36.325  1
   76.0   76.0  1   27.682   27.682  1   36.326   36.326  1
   78.0   78.0  1   27.683   27.683  1   36.324   36.324  1
   80.0   80.0  1   27.661   27.661  1   36.330   36.330  1
   82.0   82.0  1   27.459   27.459  1   36.415   36.415  1
   84.0   84.0  1   27.071   27.071  1   36.535   36.535  1
   86.0   86.0  1   26.982   26.982  1   36.559   36.559  1
   88.0   88.0  1   26.917   26.917  1   36.570   36.570  1
   90.0   90.0  1   26.657   26.657  1   36.615   36.615  1
   92.0   92.0  1   26.454   26.454  1   36.642   36.642  1
   94.0   94.0  1   26.367   26.367  1   36.656   36.656  1
   96.0   96.0  1   26.190   26.190  1   36.682   36.682  1
   98.0   98.0  1   26.076   26.076  1   36.700   36.700  1
  100.0  100.0  1   25.999   25.999  1   36.710   36.710  1
  102.0  102.0  1   25.970   25.970  1   36.712   36.712  1
  104.0  104.0  1   25.819   25.819  1   36.737   36.737  1
  106.0  106.0  1   25.365   25.365  1   36.805   36.805  1
  108.0  108.0  1   25.177   25.177  1   36.824   36.824  1
  110.0  110.0  1   25.130   25.130  1   36.829   36.829  1
  112.0  112.0  1   25.084   25.084  1   36.833   36.833  1
  114.0  114.0  1   24.901   24.901  1   36.867   36.867  1
  116.1  116.1  1   24.731   24.731  1   36.869   36.869  1
  118.0  118.0  1   24.607   24.607  1   36.877   36.877  1
  120.0  120.0  1   24.382   24.382  1   36.902   36.902  1
  121.9  121.9  1   24.184   24.184  1   36.923   36.923  1
  123.9  123.9  1   24.069   24.069  1   36.933   36.933  1
  126.0  126.0  1   23.989   23.989  1   36.937   36.937  1
  128.0  128.0  1   23.819   23.819  1   36.949   36.949  1
  130.0  130.0  1   23.674   23.674  1   36.949   36.949  1
  131.9  131.9  1   23.607   23.607  1   36.954   36.954  1
  133.9  133.9  1   23.525   23.525  1   36.956   36.956  1
  135.9  135.9  1   23.460   23.460  1   36.961   36.961  1
  138.0  138.0  1   23.343   23.343  1   36.972   36.972  1
  140.0  140.0  1   22.999   22.999  1   36.971   36.971  1
  142.0  142.0  1   22.942   22.942  1   36.970   36.970  1
  144.0  144.0  1   22.888   22.888  1   36.970   36.970  1
  146.0  146.0  1   22.856   22.856  1   36.968   36.968  1
  148.0  148.0  1   22.699   22.699  1   36.960   36.960  1
  150.1  150.1  1   22.475   22.475  1   36.944   36.944  1
  152.0  152.0  1   22.358   22.358  1   36.938   36.938  1
  154.0  154.0  1   22.213   22.213  1   36.932   36.932  1
  156.0  156.0  1   22.080   22.080  1   36.924   36.924  1
  158.0  158.0  1   21.767   21.767  1   36.908   36.908  1
  160.0  160.0  1   21.534   21.534  1   36.888   36.888  1
  162.0  162.0  1   21.359   21.359  1   36.874   36.874  1
  164.0  164.0  1   21.262   21.262  1   36.865   36.865  1
  166.0  166.0  1   21.229   21.229  1   36.860   36.860  1
  168.0  168.0  1   21.173   21.173  1   36.855   36.855  1
  170.0  170.0  1   20.994   20.994  1   36.841   36.841  1
  172.0  172.0  1   20.806   20.806  1   36.820   36.820  1
  173.9  173.9  1   20.762   20.762  1   36.818   36.818  1
  176.0  176.0  1   20.584   20.584  1   36.801   36.801  1
  178.0  178.0  1   20.423   20.423  1   36.783   36.783  1
  179.9  179.9  1   20.241   20.241  1   36.758   36.758  1
  182.0  182.0  1   20.179   20.179  1   36.751   36.751  1
  184.0  184.0  1   19.989   19.989  1   36.732   36.732  1
  186.0  186.0  1   19.844   19.844  1   36.717   36.717  1
  188.0  188.0  1   19.680   19.680  1   36.697   36.697  1
  190.0  190.0  1   19.546   19.546  1   36.680   36.680  1
  192.0  192.0  1   19.441   19.441  1   36.668   36.668  1
  194.1  194.1  1   19.382   19.382  1   36.660   36.660  1
  196.0  196.0  1   19.345   19.345  1   36.654   36.654  1
  198.0  198.0  1   19.341   19.341  1   36.653   36.653  1
  200.0  200.0  1   19.338   19.338  1   36.651   36.651  1
  202.0  202.0  1   19.311   19.311  1   36.650   36.650  1
  204.0  204.0  1   19.194   19.194  1   36.636   36.636  1
  206.0  206.0  1   19.150   19.150  1   36.629   36.629  1
  208.0  208.0  1   19.127   19.127  1   36.625   36.625  1
  210.0  210.0  1   19.094   19.094  1   36.622   36.622  1
  212.0  212.0  1   19.068   19.068  1   36.618   36.618  1
  214.0  214.0  1   19.035   19.035  1   36.612   36.612  1
  216.0  216.0  1   18.977   18.977  1   36.607   36.607  1
  218.0  218.0  1   18.889   18.889  1   36.595   36.595  1
  220.0  220.0  1   18.836   18.836  1   36.589   36.589  1
  222.0  222.0  1   18.790   18.790  1   36.583   36.583  1
  224.0  224.0  1   18.770   18.770  1   36.578   36.578  1
  226.0  226.0  1   18.754   18.754  1   36.576   36.576  1
  228.0  228.0  1   18.697   18.697  1   36.568   36.568  1
  230.0  230.0  1   18.621   18.621  1   36.558   36.558  1
  232.0  232.0  1   18.559   18.559  1   36.548   36.548  1
  234.0  234.0  1   18.432   18.432  1   36.533   36.533  1
  236.0  236.0  1   18.311   18.311  1   36.516   36.516  1
  238.0  238.0  1   18.174   18.174  1   36.499   36.499  1
  240.0  240.0  1   18.139   18.139  1   36.491   36.491  1
  242.0  242.0  1   18.136   18.136  1   36.490   36.490  1
  244.0  244.0  1   18.132   18.132  1   36.489   36.489  1
  246.0  246.0  1   18.127   18.127  1   36.488   36.488  1
  248.0  248.0  1   18.094   18.094  1   36.483   36.483  1
  250.0  250.0  1   18.016   18.016  1   36.471   36.471  1
  252.0  252.0  1   17.949   17.949  1   36.460   36.460  1
  254.0  254.0  1   17.893   17.893  1   36.450   36.450  1
  256.0  256.0  1   17.777   17.777  1   36.432   36.432  1
  258.0  258.0  1   17.598   17.598  1   36.404   36.404  1
  260.0  260.0  1   17.458   17.458  1   36.377   36.377  1
  262.0  262.0  1   17.283   17.283  1   36.352   36.352  1
  264.0  264.0  1   17.162   17.162  1   36.329   36.329  1
  266.0  266.0  1   17.058   17.058  1   36.312   36.312  1
  268.0  268.0  1   16.969   16.969  1   36.298   36.298  1
  270.0  270.0  1   16.893   16.893  1   36.286   36.286  1
  272.0  272.0  1   16.855   16.855  1   36.279   36.279  1
  274.0  274.0  1   16.830   16.830  1   36.276   36.276  1
  276.0  276.0  1   16.800   16.800  1   36.271   36.271  1
  278.0  278.0  1   16.713   16.713  1   36.261   36.261  1
  280.0  280.0  1   16.570   16.570  1   36.239   36.239  1
  282.0  282.0  1   16.481   16.481  1   36.220   36.220  1
  284.0  284.0  1   16.321   16.321  1   36.198   36.198  1
  286.0  286.0  1   16.127   16.127  1   36.167   36.167  1
  288.0  288.0  1   16.051   16.051  1   36.151   36.151  1
  290.0  290.0  1   15.979   15.979  1   36.137   36.137  1
  292.0  292.0  1   15.892   15.892  1   36.125   36.125  1
  294.0  294.0  1   15.767   15.767  1   36.107   36.107  1
  296.1  296.1  1   15.629   15.629  1   36.082   36.082  1
  298.0  298.0  1   15.543   15.543  1   36.067   36.067  1
  300.0  300.0  1   15.492   15.492  1   36.059   36.059  1
  302.0  302.0  1   15.445   15.445  1   36.051   36.051  1
  304.0  304.0  1   15.409   15.409  1   36.045   36.045  1
  306.1  306.1  1   15.380   15.380  1   36.040   36.040  1
  308.0  308.0  1   15.355   15.355  1   36.035   36.035  1
  310.0  310.0  1   15.345   15.345  1   36.034   36.034  1
  312.0  312.0  1   15.333   15.333  1   36.031   36.031  1
  314.0  314.0  1   15.328   15.328  1   36.030   36.030  1
  316.0  316.0  1   15.321   15.321  1   36.028   36.028  1
  318.0  318.0  1   15.321   15.321  1   36.027   36.027  1
  319.9  319.9  1   15.297   15.297  1   36.024   36.024  1
  321.9  321.9  1   15.228   15.228  1   36.013   36.013  1
  324.0  324.0  1   15.165   15.165  1   36.002   36.002  1
  326.0  326.0  1   15.118   15.118  1   35.992   35.992  1
  328.0  328.0  1   14.926   14.926  1   35.968   35.968  1
  330.0  330.0  1   14.868   14.868  1   35.953   35.953  1
  332.0  332.0  1   14.726   14.726  1   35.933   35.933  1
  334.0  334.0  1   14.612   14.612  1   35.913   35.913  1
  336.0  336.0  1   14.545   14.545  1   35.900   35.900  1
  338.0  338.0  1   14.385   14.385  1   35.878   35.878  1
  340.0  340.0  1   14.213   14.213  1   35.850   35.850  1
  342.0  342.0  1   14.074   14.074  1   35.827   35.827  1
  344.0  344.0  1   14.006   14.006  1   35.814   35.814  1
  346.0  346.0  1   13.919   13.919  1   35.801   35.801  1
  348.0  348.0  1   13.849   13.849  1   35.789   35.789  1
  350.0  350.0  1   13.808   13.808  1   35.782   35.782  1
  352.0  352.0  1   13.777   13.777  1   35.776   35.776  1
  353.9  353.9  1   13.731   13.731  1   35.768   35.768  1
  355.9  355.9  1   13.680   13.680  1   35.760   35.760  1
  358.0  358.0  1   13.612   13.612  1   35.748   35.748  1
  360.0  360.0  1   13.540   13.540  1   35.734   35.734  1
  362.0  362.0  1   13.460   13.460  1   35.722   35.722  1
  363.9  363.9  1   13.291   13.291  1   35.698   35.698  1
  366.0  366.0  1   13.129   13.129  1   35.670   35.670  1
  368.0  368.0  1   13.020   13.020  1   35.655   35.655  1
  370.0  370.0  1   12.906   12.906  1   35.634   35.634  1
  371.9  371.9  1   12.874   12.874  1   35.627   35.627  1
  373.9  373.9  1   12.848   12.848  1   35.622   35.622  1
  375.9  375.9  1   12.795   12.795  1   35.614   35.614  1
  378.0  378.0  1   12.708   12.708  1   35.603   35.603  1
  380.0  380.0  1   12.644   12.644  1   35.590   35.590  1
  382.0  382.0  1   12.607   12.607  1   35.582   35.582  1
  384.0  384.0  1   12.537   12.537  1   35.574   35.574  1
  386.0  386.0  1   12.377   12.377  1   35.548   35.548  1
  388.0  388.0  1   12.296   12.296  1   35.534   35.534  1
  390.0  390.0  1   12.152   12.152  1   35.513   35.513  1
  392.0  392.0  1   12.033   12.033  1   35.492   35.492  1
  394.0  394.0  1   12.005   12.005  1   35.484   35.484  1
  395.9  395.9  1   11.884   11.884  1   35.467   35.467  1
  398.0  398.0  1   11.754   11.754  1   35.444   35.444  1
  400.0  400.0  1   11.682   11.682  1   35.432   35.432  1
  402.0  402.0  1   11.629   11.629  1   35.423   35.423  1
  404.0  404.0  1   11.554   11.554  1   35.413   35.413  1
  406.0  406.0  1   11.510   11.510  1   35.405   35.405  1
  407.9  407.9  1   11.476   11.476  1   35.399   35.399  1
  409.9  409.9  1   11.453   11.453  1   35.396   35.396  1
  412.0  412.0  1   11.444   11.444  1   35.393   35.393  1
  414.0  414.0  1   11.438   11.438  1   35.393   35.393  1
  416.0  416.0  1   11.413   11.413  1   35.389   35.389  1
  418.0  418.0  1   11.389   11.389  1   35.386   35.386  1
  420.0  420.0  1   11.347   11.347  1   35.382   35.382  1
  422.0  422.0  1   11.347   11.347  1   35.384   35.384  1
  423.9  423.9  1   11.353   11.353  1   35.389   35.389  1
  426.0  426.0  1   11.324   11.324  1   35.387   35.387  1
  428.0  428.0  1   11.274   11.274  1   35.381   35.381  1
  430.0  430.0  1   11.216   11.216  1   35.373   35.373  1
  432.0  432.0  1   11.170   11.170  1   35.368   35.368  1
  434.0  434.0  1   11.147   11.147  1   35.364   35.364  1
  436.0  436.0  1   11.086   11.086  1   35.358   35.358  1
  438.0  438.0  1   11.024   11.024  1   35.348   35.348  1
  440.0  440.0  1   10.965   10.965  1   35.339   35.339  1
  442.0  442.0  1   10.918   10.918  1   35.333   35.333  1
  444.0  444.0  1   10.874   10.874  1   35.325   35.325  1
  446.0  446.0  1   10.852   10.852  1   35.322   35.322  1
  448.0  448.0  1   10.804   10.804  1   35.316   35.316  1
  450.0  450.0  1   10.792   10.792  1   35.313   35.313  1
  451.9  451.9  1   10.786   10.786  1   35.312   35.312  1
  453.9  453.9  1   10.757   10.757  1   35.307   35.307  1
  455.9  455.9  1   10.681   10.681  1   35.300   35.300  1
  457.9  457.9  1   10.613   10.613  1   35.289   35.289  1
  460.0  460.0  1   10.545   10.545  1   35.280   35.280  1
  462.0  462.0  1   10.502   10.502  1   35.273   35.273  1
  464.0  464.0  1   10.441   10.441  1   35.267   35.267  1
  465.9  465.9  1   10.403   10.403  1   35.260   35.260  1
  468.0  468.0  1   10.377   10.377  1   35.256   35.256  1
  470.0  470.0  1   10.341   10.341  1   35.251   35.251  1
  472.0  472.0  1   10.232   10.232  1   35.240   35.240  1
  474.0  474.0  1   10.180   10.180  1   35.230   35.230  1
  476.0  476.0  1   10.144   10.144  1   35.225   35.225  1
  478.0  478.0  1   10.113   10.113  1   35.221   35.221  1
  479.9  479.9  1   10.084   10.084  1   35.217   35.217  1
  482.0  482.0  1   10.062   10.062  1   35.214   35.214  1
  484.0  484.0  1   10.046   10.046  1   35.211   35.211  1
  486.0  486.0  1   10.029   10.029  1   35.208   35.208  1
  488.0  488.0  1   10.014   10.014  1   35.204   35.204  1
  490.0  490.0  1    9.934    9.934  1   35.197   35.197  1
  492.0  492.0  1    9.737    9.737  1   35.170   35.170  1
  494.0  494.0  1    9.572    9.572  1   35.148   35.148  1
  496.0  496.0  1    9.508    9.508  1   35.132   35.132  1
  498.0  498.0  1    9.375    9.375  1   35.119   35.119  1
  500.0  500.0  1    9.259    9.259  1   35.100   35.100  1
  502.0  502.0  1    9.184    9.184  1   35.092   35.092  1
  504.0  504.0  1    9.127    9.127  1   35.085   35.085  1
  506.0  506.0  1    9.087    9.087  1   35.079   35.079  1
  508.0  508.0  1    9.040    9.040  1   35.072   35.072  1
  510.0  510.0  1    8.996    8.996  1   35.068   35.068  1
  512.0  512.0  1    8.964    8.964  1   35.061   35.061  1
  514.0  514.0  1    8.955    8.955  1   35.059   35.059  1
  516.0  516.0  1    8.931    8.931  1   35.056   35.056  1
  518.0  518.0  1    8.809    8.809  1   35.045   35.045  1
  520.0  520.0  1    8.714    8.714  1   35.032   35.032  1
  522.0  522.0  1    8.692    8.692  1   35.027   35.027  1
  524.0  524.0  1    8.656    8.656  1   35.024   35.024  1
  526.0  526.0  1    8.595    8.595  1   35.016   35.016  1
  528.0  528.0  1    8.548    8.548  1   35.010   35.010  1
  530.0  530.0  1    8.513    8.513  1   35.005   35.005  1
  532.0  532.0  1    8.479    8.479  1   35.002   35.002  1
  534.0  534.0  1    8.453    8.453  1   34.999   34.999  1
  536.1  536.1  1    8.437    8.437  1   34.998   34.998  1
  538.0  538.0  1    8.419    8.419  1   34.997   34.997  1
  540.0  540.0  1    8.408    8.408  1   34.999   34.999  1
  542.0  542.0  1    8.390    8.390  1   35.001   35.001  1
  544.0  544.0  1    8.349    8.349  1   34.995   34.995  1
  546.0  546.0  1    8.279    8.279  1   34.987   34.987  1
  548.0  548.0  1    8.219    8.219  1   34.979   34.979  1
  550.1  550.1  1    8.178    8.178  1   34.975   34.975  1
  552.0  552.0  1    8.146    8.146  1   34.969   34.969  1
  554.0  554.0  1    8.124    8.124  1   34.966   34.966  1
  556.0  556.0  1    8.099    8.099  1   34.963   34.963  1
  557.9  557.9  1    8.074    8.074  1   34.960   34.960  1
  560.0  560.0  1    8.055    8.055  1   34.957   34.957  1
  561.9  561.9  1    8.011    8.011  1   34.953   34.953  1
  564.0  564.0  1    7.968    7.968  1   34.947   34.947  1
  566.0  566.0  1    7.954    7.954  1   34.945   34.945  1
  568.0  568.0  1    7.929    7.929  1   34.943   34.943  1
  570.0  570.0  1    7.904    7.904  1   34.941   34.941  1
  572.0  572.0  1    7.886    7.886  1   34.940   34.940  1
  574.0  574.0  1    7.880    7.880  1   34.942   34.942  1
  576.0  576.0  1    7.908    7.908  1   34.950   34.950  1
  578.0  578.0  1    7.915    7.915  1   34.953   34.953  1
  580.0  580.0  1    7.914    7.914  1   34.954   34.954  1
  582.0  582.0  1    7.900    7.900  1   34.953   34.953  1
  584.0  584.0  1    7.898    7.898  1   34.954   34.954  1
  586.0  586.0  1    7.897    7.897  1   34.955   34.955  1
  588.0  588.0  1    7.881    7.881  1   34.955   34.955  1
  590.0  590.0  1    7.853    7.853  1   34.952   34.952  1
  592.0  592.0  1    7.841    7.841  1   34.951   34.951  1
  594.0  594.0  1    7.796    7.796  1   34.948   34.948  1
  596.0  596.0  1    7.754    7.754  1   34.943   34.943  1
  598.0  598.0  1    7.705    7.705  1   34.936   34.936  1
  600.0  600.0  1    7.668    7.668  1   34.931   34.931  1
  602.0  602.0  1    7.639    7.639  1   34.927   34.927  1
  604.0  604.0  1    7.606    7.606  1   34.923   34.923  1
  606.0  606.0  1    7.596    7.596  1   34.920   34.920  1
  608.0  608.0  1    7.570    7.570  1   34.919   34.919  1
  610.0  610.0  1    7.522    7.522  1   34.911   34.911  1
  612.0  612.0  1    7.510    7.510  1   34.911   34.911  1
  614.0  614.0  1    7.460    7.460  1   34.908   34.908  1
  616.0  616.0  1    7.443    7.443  1   34.906   34.906  1
  618.0  618.0  1    7.427    7.427  1   34.905   34.905  1
  620.0  620.0  1    7.411    7.411  1   34.904   34.904  1
  622.0  622.0  1    7.376    7.376  1   34.902   34.902  1
  624.0  624.0  1    7.364    7.364  1   34.900   34.900  1
  626.0  626.0  1    7.329    7.329  1   34.900   34.900  1
  628.0  628.0  1    7.301    7.301  1   34.897   34.897  1
  630.0  630.0  1    7.273    7.273  1   34.895   34.895  1
  632.0  632.0  1    7.261    7.261  1   34.896   34.896  1
  634.0  634.0  1    7.240    7.240  1   34.897   34.897  1
  636.0  636.0  1    7.224    7.224  1   34.895   34.895  1
  638.0  638.0  1    7.210    7.210  1   34.895   34.895  1
  640.0  640.0  1    7.173    7.173  1   34.892   34.892  1
  642.0  642.0  1    7.154    7.154  1   34.889   34.889  1
  644.0  644.0  1    7.133    7.133  1   34.887   34.887  1
  646.0  646.0  1    7.100    7.100  1   34.887   34.887  1
  648.0  648.0  1    7.090    7.090  1   34.887   34.887  1
  650.0  650.0  1    7.091    7.091  1   34.887   34.887  1
  652.0  652.0  1    7.085    7.085  1   34.887   34.887  1
  654.0  654.0  1    7.035    7.035  1   34.885   34.885  1
  656.0  656.0  1    7.014    7.014  1   34.884   34.884  1
  658.0  658.0  1    6.971    6.971  1   34.881   34.881  1
  660.0  660.0  1    6.958    6.958  1   34.880   34.880  1
  662.0  662.0  1    6.931    6.931  1   34.882   34.882  1
  663.9  663.9  1    6.871    6.871  1   34.882   34.882  1
  665.9  665.9  1    6.853    6.853  1   34.881   34.881  1
  668.0  668.0  1    6.849    6.849  1   34.882   34.882  1
  670.0  670.0  1    6.843    6.843  1   34.882   34.882  1
  672.0  672.0  1    6.833    6.833  1   34.883   34.883  1
  674.0  674.0  1    6.814    6.814  1   34.881   34.881  1
  676.0  676.0  1    6.778    6.778  1   34.879   34.879  1
  678.0  678.0  1    6.759    6.759  1   34.879   34.879  1
  680.0  680.0  1    6.751    6.751  1   34.878   34.878  1
  681.9  681.9  1    6.741    6.741  1   34.878   34.878  1
  683.9  683.9  1    6.724    6.724  1   34.877   34.877  1
  686.0  686.0  1    6.710    6.710  1   34.876   34.876  1
  688.0  688.0  1    6.707    6.707  1   34.878   34.878  1
  690.0  690.0  1    6.704    6.704  1   34.880   34.880  1
  692.0  692.0  1    6.713    6.713  1   34.885   34.885  1
  694.1  694.1  1    6.700    6.700  1   34.888   34.888  1
  696.0  696.0  1    6.672    6.672  1   34.887   34.887  1
  698.0  698.0  1    6.645    6.645  1   34.888   34.888  1
  700.0  700.0  1    6.635    6.635  1   34.888   34.888  1
  702.0  702.0  1    6.619    6.619  1   34.887   34.887  1
  704.0  704.0  1    6.595    6.595  1   34.887   34.887  1
  706.0  706.0  1    6.551    6.551  1   34.887   34.887  1
  708.0  708.0  1    6.530    6.530  1   34.886   34.886  1
  710.0  710.0  1    6.525    6.525  1   34.886   34.886  1
  712.0  712.0  1    6.515    6.515  1   34.885   34.885  1
  714.0  714.0  1    6.498    6.498  1   34.885   34.885  1
  716.0  716.0  1    6.489    6.489  1   34.885   34.885  1
  718.0  718.0  1    6.490    6.490  1   34.889   34.889  1
  720.0  720.0  1    6.480    6.480  1   34.889   34.889  1
  722.0  722.0  1    6.474    6.474  1   34.890   34.890  1
  724.0  724.0  1    6.464    6.464  1   34.889   34.889  1
  726.0  726.0  1    6.459    6.459  1   34.889   34.889  1
  728.0  728.0  1    6.444    6.444  1   34.889   34.889  1
  730.0  730.0  1    6.407    6.407  1   34.888   34.888  1
  732.0  732.0  1    6.394    6.394  1   34.888   34.888  1
  734.0  734.0  1    6.382    6.382  1   34.887   34.887  1
  736.0  736.0  1    6.372    6.372  1   34.887   34.887  1
  738.0  738.0  1    6.362    6.362  1   34.887   34.887  1
  740.0  740.0  1    6.353    6.353  1   34.889   34.889  1
  742.0  742.0  1    6.337    6.337  1   34.890   34.890  1
  744.0  744.0  1    6.331    6.331  1   34.892   34.892  1
  746.0  746.0  1    6.321    6.321  1   34.892   34.892  1
  748.0  748.0  1    6.289    6.289  1   34.891   34.891  1
  750.0  750.0  1    6.267    6.267  1   34.889   34.889  1
  752.0  752.0  1    6.254    6.254  1   34.889   34.889  1
  753.9  753.9  1    6.245    6.245  1   34.889   34.889  1
  755.9  755.9  1    6.228    6.228  1   34.888   34.888  1
  758.0  758.0  1    6.215    6.215  1   34.889   34.889  1
  760.0  760.0  1    6.203    6.203  1   34.890   34.890  1
  762.0  762.0  1    6.199    6.199  1   34.893   34.893  1
  764.0  764.0  1    6.196    6.196  1   34.896   34.896  1
  766.0  766.0  1    6.188    6.188  1   34.898   34.898  1
  768.0  768.0  1    6.175    6.175  1   34.899   34.899  1
  770.0  770.0  1    6.150    6.150  1   34.900   34.900  1
  772.0  772.0  1    6.127    6.127  1   34.900   34.900  1
  774.0  774.0  1    6.117    6.117  1   34.899   34.899  1
  776.0  776.0  1    6.102    6.102  1   34.900   34.900  1
  778.0  778.0  1    6.095    6.095  1   34.900   34.900  1
  780.0  780.0  1    6.091    6.091  1   34.899   34.899  1
  782.0  782.0  1    6.083    6.083  1   34.899   34.899  1
  783.9  783.9  1    6.073    6.073  1   34.900   34.900  1
  786.0  786.0  1    6.068    6.068  1   34.900   34.900  1
  788.0  788.0  1    6.061    6.061  1   34.901   34.901  1
  790.0  790.0  1    6.056    6.056  1   34.901   34.901  1
  792.0  792.0  1    6.052    6.052  1   34.901   34.901  1
  794.0  794.0  1    6.037    6.037  1   34.902   34.902  1
  796.0  796.0  1    6.021    6.021  1   34.903   34.903  1
  798.0  798.0  1    6.004    6.004  1   34.904   34.904  1
  800.0  800.0  1    5.998    5.998  1   34.904   34.904  1
  802.0  802.0  1    5.993    5.993  1   34.904   34.904  1
  803.9  803.9  1    5.987    5.987  1   34.904   34.904  1
  806.0  806.0  1    5.973    5.973  1   34.905   34.905  1
  808.0  808.0  1    5.969    5.969  1   34.905   34.905  1
  810.0  810.0  1    5.964    5.964  1   34.905   34.905  1
  812.0  812.0  1    5.957    5.957  1   34.905   34.905  1
  814.0  814.0  1    5.945    5.945  1   34.905   34.905  1
  816.0  816.0  1    5.917    5.917  1   34.907   34.907  1
  818.0  818.0  1    5.895    5.895  1   34.907   34.907  1
  820.0  820.0  1    5.885    5.885  1   34.908   34.908  1
  822.0  822.0  1    5.869    5.869  1   34.908   34.908  1
  824.0  824.0  1    5.865    5.865  1   34.908   34.908  1
  826.0  826.0  1    5.857    5.857  1   34.908   34.908  1
  828.0  828.0  1    5.847    5.847  1   34.909   34.909  1
  830.1  830.1  1    5.841    5.841  1   34.909   34.909  1
  832.0  832.0  1    5.840    5.840  1   34.909   34.909  1
  834.0  834.0  1    5.839    5.839  1   34.909   34.909  1
  836.0  836.0  1    5.829    5.829  1   34.910   34.910  1
  838.0  838.0  1    5.822    5.822  1   34.909   34.909  1
  839.9  839.9  1    5.821    5.821  1   34.909   34.909  1
  842.0  842.0  1    5.818    5.818  1   34.909   34.909  1
  844.0  844.0  1    5.798    5.798  1   34.910   34.910  1
  846.0  846.0  1    5.788    5.788  1   34.910   34.910  1
  848.0  848.0  1    5.781    5.781  1   34.910   34.910  1
  850.0  850.0  1    5.764    5.764  1   34.911   34.911  1
  852.0  852.0  1    5.744    5.744  1   34.912   34.912  1
  854.0  854.0  1    5.737    5.737  1   34.912   34.912  1
  856.0  856.0  1    5.727    5.727  1   34.912   34.912  1
  858.0  858.0  1    5.704    5.704  1   34.913   34.913  1
  860.0  860.0  1    5.697    5.697  1   34.913   34.913  1
  862.0  862.0  1    5.693    5.693  1   34.913   34.913  1
  864.0  864.0  1    5.688    5.688  1   34.913   34.913  1
  866.0  866.0  1    5.679    5.679  1   34.914   34.914  1
  868.0  868.0  1    5.673    5.673  1   34.914   34.914  1
  870.0  870.0  1    5.667    5.667  1   34.913   34.913  1
  872.0  872.0  1    5.637    5.637  1   34.915   34.915  1
  874.0  874.0  1    5.623    5.623  1   34.915   34.915  1
  876.0  876.0  1    5.614    5.614  1   34.916   34.916  1
  878.0  878.0  1    5.604    5.604  1   34.916   34.916  1
  880.0  880.0  1    5.590    5.590  1   34.916   34.916  1
  882.0  882.0  1    5.577    5.577  1   34.917   34.917  1
  884.0  884.0  1    5.557    5.557  1   34.917   34.917  1
  886.0  886.0  1    5.536    5.536  1   34.918   34.918  1
  888.0  888.0  1    5.518    5.518  1   34.918   34.918  1
  890.0  890.0  1    5.506    5.506  1   34.918   34.918  1
  892.0  892.0  1    5.481    5.481  1   34.919   34.919  1
  894.0  894.0  1    5.434    5.434  1   34.922   34.922  1
  896.0  896.0  1    5.417    5.417  1   34.922   34.922  1
  898.0  898.0  1    5.410    5.410  1   34.922   34.922  1
  900.0  900.0  1    5.406    5.406  1   34.923   34.923  1
  902.0  902.0  1    5.403    5.403  1   34.923   34.923  1
  904.0  904.0  1    5.397    5.397  1   34.923   34.923  1
  906.0  906.0  1    5.393    5.393  1   34.923   34.923  1
  908.0  908.0  1    5.391    5.391  1   34.923   34.923  1
  910.0  910.0  1    5.389    5.389  1   34.923   34.923  1
  912.0  912.0  1    5.388    5.388  1   34.923   34.923  1
  913.9  913.9  1    5.377    5.377  1   34.924   34.924  1
  916.0  916.0  1    5.361    5.361  1   34.924   34.924  1
  918.0  918.0  1    5.348    5.348  1   34.924   34.924  1
  920.0  920.0  1    5.332    5.332  1   34.925   34.925  1
  922.0  922.0  1    5.328    5.328  1   34.925   34.925  1
  924.0  924.0  1    5.318    5.318  1   34.926   34.926  1
  926.0  926.0  1    5.304    5.304  1   34.926   34.926  1
  928.0  928.0  1    5.291    5.291  1   34.927   34.927  1
  930.0  930.0  1    5.284    5.284  1   34.927   34.927  1
  932.0  932.0  1    5.278    5.278  1   34.927   34.927  1
  934.0  934.0  1    5.274    5.274  1   34.927   34.927  1
  936.0  936.0  1    5.269    5.269  1   34.927   34.927  1
  938.0  938.0  1    5.262    5.262  1   34.927   34.927  1
  940.0  940.0  1    5.252    5.252  1   34.928   34.928  1
  942.0  942.0  1    5.239    5.239  1   34.929   34.929  1
  944.0  944.0  1    5.227    5.227  1   34.929   34.929  1
  946.0  946.0  1    5.220    5.220  1   34.929   34.929  1
  948.0  948.0  1    5.216    5.216  1   34.929   34.929  1
  950.0  950.0  1    5.213    5.213  1   34.929   34.929  1
  952.0  952.0  1    5.210    5.210  1   34.929   34.929  1
  954.0  954.0  1    5.207    5.207  1   34.930   34.930  1
  956.0  956.0  1    5.203    5.203  1   34.930   34.930  1
  958.0  958.0  1    5.199    5.199  1   34.930   34.930  1
  960.0  960.0  1    5.196    5.196  1   34.930   34.930  1
  962.0  962.0  1    5.194    5.194  1   34.930   34.930  1
  963.9  963.9  1    5.191    5.191  1   34.930   34.930  1
  965.9  965.9  1    5.176    5.176  1   34.931   34.931  1
  968.0  968.0  1    5.165    5.165  1   34.931   34.931  1
  970.0  970.0  1    5.158    5.158  1   34.931   34.931  1
  971.9  971.9  1    5.144    5.144  1   34.932   34.932  1
  974.0  974.0  1    5.135    5.135  1   34.932   34.932  1
  976.0  976.0  1    5.113    5.113  1   34.933   34.933  1
  978.0  978.0  1    5.096    5.096  1   34.933   34.933  1
  980.0  980.0  1    5.086    5.086  1   34.934   34.934  1
  981.9  981.9  1    5.064    5.064  1   34.935   34.935  1
  984.0  984.0  1    5.052    5.052  1   34.935   34.935  1
  986.0  986.0  1    5.041    5.041  1   34.936   34.936  1
  988.0  988.0  1    5.032    5.032  1   34.936   34.936  1
  990.0  990.0  1    5.027    5.027  1   34.936   34.936  1
  992.0  992.0  1    5.012    5.012  1   34.937   34.937  1
  994.0  994.0  1    4.998    4.998  1   34.937   34.937  1
  996.0  996.0  1    4.990    4.990  1   34.938   34.938  1
  998.0  998.0  1    4.983    4.983  1   34.938   34.938  1
 1000.0 1000.0  1    4.980    4.980  1   34.938   34.938  1
 1002.0 1002.0  1    4.977    4.977  1   34.938   34.938  1
 1004.1 1004.1  1    4.969    4.969  1   34.938   34.938  1
 1006.0 1006.0  1    4.966    4.966  1   34.938   34.938  1
 1008.0 1008.0  1    4.959    4.959  1   34.939   34.939  1
 1010.0 1010.0  1    4.947    4.947  1   34.939   34.939  1
 1012.0 1012.0  1    4.932    4.932  1   34.940   34.940  1
 1014.0 1014.0  1    4.922    4.922  1   34.940   34.940  1
 1016.0 1016.0  1    4.913    4.913  1   34.940   34.940  1
 1018.0 1018.0  1    4.910    4.910  1   34.940   34.940  1
 1020.0 1020.0  1    4.897    4.897  1   34.941   34.941  1
 1022.0 1022.0  1    4.871    4.871  1   34.943   34.943  1
 1024.1 1024.1  1    4.864    4.864  1   34.942   34.942  1
 1026.0 1026.0  1    4.853    4.853  1   34.943   34.943  1
 1027.9 1027.9  1    4.848    4.848  1   34.943   34.943  1
 1029.9 1029.9  1    4.845    4.845  1   34.943   34.943  1
 1032.0 1032.0  1    4.839    4.839  1   34.944   34.944  1
 1034.1 1034.1  1    4.837    4.837  1   34.944   34.944  1
 1036.0 1036.0  1    4.835    4.835  1   34.944   34.944  1
 1038.0 1038.0  1    4.833    4.833  1   34.944   34.944  1
 1040.0 1040.0  1    4.829    4.829  1   34.944   34.944  1
 1042.0 1042.0  1    4.827    4.827  1   34.944   34.944  1
 1044.0 1044.0  1    4.822    4.822  1   34.944   34.944  1
 1045.9 1045.9  1    4.816    4.816  1   34.944   34.944  1
 1048.0 1048.0  1    4.810    4.810  1   34.945   34.945  1
 1050.0 1050.0  1    4.803    4.803  1   34.945   34.945  1
 1052.0 1052.0  1    4.798    4.798  1   34.945   34.945  1
 1053.9 1053.9  1    4.792    4.792  1   34.945   34.945  1
 1055.9 1055.9  1    4.784    4.784  1   34.946   34.946  1
 1057.9 1057.9  1    4.781    4.781  1   34.946   34.946  1
 1060.0 1060.0  1    4.779    4.779  1   34.946   34.946  1
 1062.0 1062.0  1    4.774    4.774  1   34.946   34.946  1
 1064.0 1064.0  1    4.765    4.765  1   34.946   34.946  1
 1066.0 1066.0  1    4.754    4.754  1   34.947   34.947  1
 1068.0 1068.0  1    4.746    4.746  1   34.947   34.947  1
 1070.1 1070.1  1    4.742    4.742  1   34.947   34.947  1
 1072.0 1072.0  1    4.739    4.739  1   34.947   34.947  1
 1074.0 1074.0  1    4.737    4.737  1   34.947   34.947  1
 1076.0 1076.0  1    4.734    4.734  1   34.947   34.947  1
 1077.9 1077.9  1    4.727    4.727  1   34.948   34.948  1
 1080.0 1080.0  1    4.719    4.719  1   34.948   34.948  1
 1082.0 1082.0  1    4.717    4.717  1   34.948   34.948  1
 1084.0 1084.0  1    4.694    4.694  1   34.950   34.950  1
 1086.0 1086.0  1    4.690    4.690  1   34.949   34.949  1
 1088.0 1088.0  1    4.688    4.688  1   34.949   34.949  1
 1090.0 1090.0  1    4.676    4.676  1   34.950   34.950  1
 1091.9 1091.9  1    4.672    4.672  1   34.950   34.950  1
 1094.0 1094.0  1    4.670    4.670  1   34.950   34.950  1
 1096.0 1096.0  1    4.665    4.665  1   34.950   34.950  1
 1098.1 1098.1  1    4.650    4.650  1   34.951   34.951  1
 1100.0 1100.0  1    4.648    4.648  1   34.951   34.951  1
 1102.0 1102.0  1    4.645    4.645  1   34.951   34.951  1
 1104.0 1104.0  1    4.642    4.642  1   34.951   34.951  1
 1106.0 1106.0  1    4.642    4.642  1   34.951   34.951  1
 1108.0 1108.0  1    4.642    4.642  1   34.951   34.951  1
 1110.0 1110.0  1    4.642    4.642  1   34.951   34.951  1
 1112.0 1112.0  1    4.638    4.638  1   34.951   34.951  1
 1114.0 1114.0  1    4.633    4.633  1   34.952   34.952  1
 1116.0 1116.0  1    4.624    4.624  1   34.952   34.952  1
 1118.0 1118.0  1    4.617    4.617  1   34.953   34.953  1
 1120.0 1120.0  1    4.616    4.616  1   34.952   34.952  1
 1122.0 1122.0  1    4.610    4.610  1   34.953   34.953  1
 1123.9 1123.9  1    4.608    4.608  1   34.953   34.953  1
 1126.0 1126.0  1    4.608    4.608  1   34.953   34.953  1
 1128.0 1128.0  1    4.605    4.605  1   34.953   34.953  1
 1130.0 1130.0  1    4.603    4.603  1   34.953   34.953  1
 1132.0 1132.0  1    4.602    4.602  1   34.953   34.953  1
 1134.0 1134.0  1    4.600    4.600  1   34.953   34.953  1
 1136.0 1136.0  1    4.596    4.596  1   34.953   34.953  1
 1138.0 1138.0  1    4.591    4.591  1   34.954   34.954  1
 1140.0 1140.0  1    4.581    4.581  1   34.954   34.954  1
 1142.0 1142.0  1    4.580    4.580  1   34.954   34.954  1
 1144.0 1144.0  1    4.577    4.577  1   34.954   34.954  1
 1146.0 1146.0  1    4.573    4.573  1   34.954   34.954  1
 1148.0 1148.0  1    4.570    4.570  1   34.954   34.954  1
 1150.0 1150.0  1    4.568    4.568  1   34.954   34.954  1
 1151.9 1151.9  1    4.563    4.563  1   34.955   34.955  1
 1154.0 1154.0  1    4.560    4.560  1   34.955   34.955  1
 1156.0 1156.0  1    4.556    4.556  1   34.955   34.955  1
 1158.0 1158.0  1    4.551    4.551  1   34.955   34.955  1
 1160.0 1160.0  1    4.545    4.545  1   34.955   34.955  1
 1162.0 1162.0  1    4.538    4.538  1   34.956   34.956  1
 1164.0 1164.0  1    4.532    4.532  1   34.956   34.956  1
 1166.0 1166.0  1    4.530    4.530  1   34.956   34.956  1
 1168.0 1168.0  1    4.522    4.522  1   34.957   34.957  1
 1170.0 1170.0  1    4.520    4.520  1   34.957   34.957  1
 1172.1 1172.1  1    4.520    4.520  1   34.957   34.957  1
 1174.0 1174.0  1    4.518    4.518  1   34.957   34.957  1
 1176.0 1176.0  1    4.514    4.514  1   34.957   34.957  1
 1178.0 1178.0  1    4.513    4.513  1   34.957   34.957  1
 1180.0 1180.0  1    4.512    4.512  1   34.957   34.957  1
 1182.0 1182.0  1    4.508    4.508  1   34.957   34.957  1
 1184.0 1184.0  1    4.506    4.506  1   34.957   34.957  1
 1186.0 1186.0  1    4.502    4.502  1   34.957   34.957  1
 1188.0 1188.0  1    4.500    4.500  1   34.957   34.957  1
 1190.0 1190.0  1    4.496    4.496  1   34.958   34.958  1
 1192.0 1192.0  1    4.491    4.491  1   34.958   34.958  1
 1194.0 1194.0  1    4.484    4.484  1   34.958   34.958  1
 1196.0 1196.0  1    4.478    4.478  1   34.959   34.959  1
 1198.0 1198.0  1    4.473    4.473  1   34.959   34.959  1
 1200.0 1200.0  1    4.473    4.473  1   34.959   34.959  1
 1202.0 1202.0  1    4.473    4.473  1   34.959   34.959  1
 1204.0 1204.0  1    4.470    4.470  1   34.959   34.959  1
 1206.0 1206.0  1    4.464    4.464  1   34.959   34.959  1
 1208.0 1208.0  1    4.460    4.460  1   34.959   34.959  1
 1209.9 1209.9  1    4.456    4.456  1   34.959   34.959  1
 1212.0 1212.0  1    4.450    4.450  1   34.960   34.960  1
 1214.0 1214.0  1    4.447    4.447  1   34.960   34.960  1
 1216.0 1216.0  1    4.444    4.444  1   34.960   34.960  1
 1217.9 1217.9  1    4.441    4.441  1   34.960   34.960  1
 1220.0 1220.0  1    4.439    4.439  1   34.960   34.960  1
 1222.0 1222.0  1    4.438    4.438  1   34.960   34.960  1
 1224.0 1224.0  1    4.437    4.437  1   34.960   34.960  1
 1226.0 1226.0  1    4.435    4.435  1   34.960   34.960  1
 1228.0 1228.0  1    4.432    4.432  1   34.961   34.961  1
 1230.0 1230.0  1    4.429    4.429  1   34.961   34.961  1
 1232.0 1232.0  1    4.428    4.428  1   34.961   34.961  1
 1234.0 1234.0  1    4.426    4.426  1   34.961   34.961  1
 1236.0 1236.0  1    4.425    4.425  1   34.961   34.961  1
 1238.0 1238.0  1    4.424    4.424  1   34.961   34.961  1
 1240.0 1240.0  1    4.422    4.422  1   34.961   34.961  1
 1242.0 1242.0  1    4.423    4.423  1   34.961   34.961  1
 1244.1 1244.1  1    4.423    4.423  1   34.961   34.961  1
 1246.1 1246.1  1    4.423    4.423  1   34.961   34.961  1
 1248.1 1248.1  1    4.422    4.422  1   34.961   34.961  1
 1250.0 1250.0  1    4.420    4.420  1   34.961   34.961  1
 1252.0 1252.0  1    4.420    4.420  1   34.961   34.961  1
 1254.0 1254.0  1    4.418    4.418  1   34.961   34.961  1
 1255.9 1255.9  1    4.412    4.412  1   34.962   34.962  1
 1257.9 1257.9  1    4.409    4.409  1   34.962   34.962  1
 1260.0 1260.0  1    4.406    4.406  1   34.962   34.962  1
 1262.1 1262.1  1    4.404    4.404  1   34.962   34.962  1
 1264.0 1264.0  1    4.403    4.403  1   34.962   34.962  1
 1266.0 1266.0  1    4.403    4.403  1   34.962   34.962  1
 1268.0 1268.0  1    4.403    4.403  1   34.962   34.962  1
 1270.0 1270.0  1    4.401    4.401  1   34.962   34.962  1
 1272.0 1272.0  1    4.401    4.401  1   34.962   34.962  1
 1274.0 1274.0  1    4.401    4.401  1   34.962   34.962  1
 1276.0 1276.0  1    4.401    4.401  1   34.962   34.962  1
 1277.9 1277.9  1    4.401    4.401  1   34.962   34.962  1
 1280.0 1280.0  1    4.398    4.398  1   34.962   34.962  1
 1282.0 1282.0  1    4.397    4.397  1   34.962   34.962  1
 1284.0 1284.0  1    4.396    4.396  1   34.963   34.963  1
 1286.0 1286.0  1    4.393    4.393  1   34.963   34.963  1
 1288.0 1288.0  1    4.388    4.388  1   34.963   34.963  1
 1290.0 1290.0  1    4.386    4.386  1   34.963   34.963  1
 1292.0 1292.0  1    4.384    4.384  1   34.963   34.963  1
 1294.0 1294.0  1    4.382    4.382  1   34.963   34.963  1
 1296.0 1296.0  1    4.378    4.378  1   34.963   34.963  1
 1298.0 1298.0  1    4.375    4.375  1   34.964   34.964  1
 1300.0 1300.0  1    4.373    4.373  1   34.964   34.964  1
 1302.0 1302.0  1    4.372    4.372  1   34.964   34.964  1
 1304.0 1304.0  1    4.370    4.370  1   34.964   34.964  1
 1306.0 1306.0  1    4.369    4.369  1   34.964   34.964  1
 1308.0 1308.0  1    4.366    4.366  1   34.964   34.964  1
 1310.0 1310.0  1    4.363    4.363  1   34.964   34.964  1
 1312.0 1312.0  1    4.362    4.362  1   34.964   34.964  1
 1314.0 1314.0  1    4.361    4.361  1   34.964   34.964  1
 1316.0 1316.0  1    4.361    4.361  1   34.964   34.964  1
 1318.0 1318.0  1    4.361    4.361  1   34.964   34.964  1
 1320.0 1320.0  1    4.361    4.361  1   34.964   34.964  1
 1322.0 1322.0  1    4.358    4.358  1   34.965   34.965  1
 1324.0 1324.0  1    4.356    4.356  1   34.965   34.965  1
 1326.0 1326.0  1    4.355    4.355  1   34.965   34.965  1
 1328.0 1328.0  1    4.354    4.354  1   34.965   34.965  1
 1330.0 1330.0  1    4.351    4.351  1   34.965   34.965  1
 1332.0 1332.0  1    4.348    4.348  1   34.965   34.965  1
 1334.0 1334.0  1    4.347    4.347  1   34.965   34.965  1
 1336.0 1336.0  1    4.347    4.347  1   34.965   34.965  1
 1338.0 1338.0  1    4.346    4.346  1   34.965   34.965  1
 1340.0 1340.0  1    4.347    4.347  1   34.965   34.965  1
 1342.0 1342.0  1    4.347    4.347  1   34.965   34.965  1
 1344.0 1344.0  1    4.347    4.347  1   34.965   34.965  1
 1346.0 1346.0  1    4.347    4.347  1   34.965   34.965  1
 1348.0 1348.0  1    4.346    4.346  1   34.965   34.965  1
 1350.0 1350.0  1    4.345    4.345  1   34.965   34.965  1
 1352.0 1352.0  1    4.344    4.344  1   34.965   34.965  1
 1354.0 1354.0  1    4.344    4.344  1   34.965   34.965  1
 1356.0 1356.0  1    4.343    4.343  1   34.965   34.965  1
 1358.0 1358.0  1    4.342    4.342  1   34.965   34.965  1
 1360.0 1360.0  1    4.342    4.342  1   34.965   34.965  1
 1362.0 1362.0  1    4.341    4.341  1   34.965   34.965  1
 1364.0 1364.0  1    4.341    4.341  1   34.965   34.965  1
 1366.0 1366.0  1    4.341    4.341  1   34.965   34.965  1
 1368.0 1368.0  1    4.340    4.340  1   34.965   34.965  1
 1370.0 1370.0  1    4.340    4.340  1   34.965   34.965  1
 1372.0 1372.0  1    4.340    4.340  1   34.965   34.965  1
 1374.0 1374.0  1    4.340    4.340  1   34.965   34.965  1
 1376.0 1376.0  1    4.340    4.340  1   34.965   34.965  1
 1378.0 1378.0  1    4.339    4.339  1   34.966   34.966  1
 1380.0 1380.0  1    4.339    4.339  1   34.966   34.966  1
 1382.0 1382.0  1    4.338    4.338  1   34.966   34.966  1
 1384.0 1384.0  1    4.338    4.338  1   34.966   34.966  1
 1386.0 1386.0  1    4.337    4.337  1   34.966   34.966  1
 1388.0 1388.0  1    4.335    4.335  1   34.966   34.966  1
 1390.0 1390.0  1    4.330    4.330  1   34.966   34.966  1
 1392.0 1392.0  1    4.329    4.329  1   34.966   34.966  1
 1394.0 1394.0  1    4.329    4.329  1   34.966   34.966  1
 1396.0 1396.0  1    4.328    4.328  1   34.966   34.966  1
 1398.0 1398.0  1    4.327    4.327  1   34.966   34.966  1
 1400.0 1400.0  1    4.327    4.327  1   34.966   34.966  1
 1402.0 1402.0  1    4.325    4.325  1   34.966   34.966  1
 1404.0 1404.0  1    4.323    4.323  1   34.967   34.967  1
 1405.9 1405.9  1    4.321    4.321  1   34.967   34.967  1
 1408.0 1408.0  1    4.320    4.320  1   34.967   34.967  1
 1410.0 1410.0  1    4.319    4.319  1   34.967   34.967  1
 1412.0 1412.0  1    4.318    4.318  1   34.967   34.967  1
 1414.0 1414.0  1    4.318    4.318  1   34.967   34.967  1
 1416.0 1416.0  1    4.317    4.317  1   34.967   34.967  1
 1418.0 1418.0  1    4.316    4.316  1   34.967   34.967  1
 1420.0 1420.0  1    4.316    4.316  1   34.967   34.967  1
 1422.1 1422.1  1    4.315    4.315  1   34.967   34.967  1
 1424.0 1424.0  1    4.315    4.315  1   34.967   34.967  1
 1426.0 1426.0  1    4.312    4.312  1   34.967   34.967  1
 1428.0 1428.0  1    4.311    4.311  1   34.967   34.967  1
 1430.0 1430.0  1    4.311    4.311  1   34.967   34.967  1
 1432.0 1432.0  1    4.311    4.311  1   34.967   34.967  1
 1434.0 1434.0  1    4.311    4.311  1   34.967   34.967  1
 1436.0 1436.0  1    4.311    4.311  1   34.967   34.967  1
 1438.0 1438.0  1    4.310    4.310  1   34.967   34.967  1
 1440.0 1440.0  1    4.310    4.310  1   34.967   34.967  1
 1442.0 1442.0  1    4.310    4.310  1   34.967   34.967  1
 1444.0 1444.0  1    4.310    4.310  1   34.967   34.967  1
 1446.0 1446.0  1    4.311    4.311  1   34.967   34.967  1
 1448.0 1448.0  1    4.310    4.310  1   34.967   34.967  1
 1450.0 1450.0  1    4.310    4.310  1   34.967   34.967  1
 1451.9 1451.9  1    4.310    4.310  1   34.967   34.967  1
 1454.0 1454.0  1    4.309    4.309  1   34.967   34.967  1
 1456.0 1456.0  1    4.308    4.308  1   34.967   34.967  1
 1458.0 1458.0  1    4.308    4.308  1   34.968   34.968  1
 1460.0 1460.0  1    4.308    4.308  1   34.967   34.967  1
 1462.0 1462.0  1    4.308    4.308  1   34.968   34.968  1
 1464.0 1464.0  1    4.307    4.307  1   34.968   34.968  1
 1466.0 1466.0  1    4.307    4.307  1   34.968   34.968  1
 1468.0 1468.0  1    4.307    4.307  1   34.968   34.968  1
 1470.0 1470.0  1    4.306    4.306  1   34.968   34.968  1
 1472.0 1472.0  1    4.305    4.305  1   34.968   34.968  1
 1474.0 1474.0  1    4.304    4.304  1   34.968   34.968  1
 1476.0 1476.0  1    4.304    4.304  1   34.968   34.968  1
 1478.0 1478.0  1    4.303    4.303  1   34.968   34.968  1
 1479.9 1479.9  1    4.301    4.301  1   34.968   34.968  1
 1482.0 1482.0  1    4.301    4.301  1   34.968   34.968  1
 1484.0 1484.0  1    4.301    4.301  1   34.968   34.968  1
 1486.0 1486.0  1    4.301    4.301  1   34.968   34.968  1
 1488.0 1488.0  1    4.301    4.301  1   34.968   34.968  1
 1490.0 1490.0  1    4.301    4.301  1   34.968   34.968  1
 1492.0 1492.0  1    4.301    4.301  1   34.968   34.968  1
 1494.0 1494.0  1    4.301    4.301  1   34.968   34.968  1
 1496.0 1496.0  1    4.300    4.300  1   34.968   34.968  1
 1498.0 1498.0  1    4.300    4.300  1   34.968   34.968  1
 1500.0 1500.0  1    4.299    4.299  1   34.968   34.968  1
 1501.9 1501.9  1    4.299    4.299  1   34.968   34.968  1
 1504.0 1504.0  1    4.298    4.298  1   34.968   34.968  1
 1506.0 1506.0  1    4.298    4.298  1   34.968   34.968  1
 1508.0 1508.0  1    4.298    4.298  1   34.968   34.968  1
 1510.0 1510.0  1    4.298    4.298  1   34.968   34.968  1
 1512.0 1512.0  1    4.297    4.297  1   34.968   34.968  1
 1514.0 1514.0  1    4.297    4.297  1   34.968   34.968  1
 1516.0 1516.0  1    4.297    4.297  1   34.968   34.968  1
 1518.0 1518.0  1    4.297    4.297  1   34.968   34.968  1
 1520.0 1520.0  1    4.296    4.296  1   34.968   34.968  1
 1522.0 1522.0  1    4.296    4.296  1   34.968   34.968  1
 1524.0 1524.0  1    4.295    4.295  1   34.968   34.968  1
 1526.0 1526.0  1    4.293    4.293  1   34.969   34.969  1
 1528.0 1528.0  1    4.293    4.293  1   34.968   34.968  1
 1530.0 1530.0  1    4.293    4.293  1   34.969   34.969  1
 1532.0 1532.0  1    4.292    4.292  1   34.969   34.969  1
 1534.0 1534.0  1    4.292    4.292  1   34.969   34.969  1
 1536.0 1536.0  1    4.292    4.292  1   34.969   34.969  1
 1538.0 1538.0  1    4.292    4.292  1   34.969   34.969  1
 1539.9 1539.9  1    4.292    4.292  1   34.969   34.969  1
 1542.0 1542.0  1    4.291    4.291  1   34.969   34.969  1
 1544.0 1544.0  1    4.290    4.290  1   34.969   34.969  1
 1546.0 1546.0  1    4.289    4.289  1   34.969   34.969  1
 1548.0 1548.0  1    4.289    4.289  1   34.969   34.969  1
 1550.0 1550.0  1    4.289    4.289  1   34.969   34.969  1
 1552.0 1552.0  1    4.289    4.289  1   34.969   34.969  1
 1554.0 1554.0  1    4.288    4.288  1   34.969   34.969  1
 1556.0 1556.0  1    4.288    4.288  1   34.969   34.969  1
 1558.0 1558.0  1    4.287    4.287  1   34.969   34.969  1
 1560.0 1560.0  1    4.287    4.287  1   34.969   34.969  1
 1562.0 1562.0  1    4.287    4.287  1   34.969   34.969  1
 1564.0 1564.0  1    4.287    4.287  1   34.969   34.969  1
 1566.0 1566.0  1    4.287    4.287  1   34.969   34.969  1
 1568.0 1568.0  1    4.287    4.287  1   34.969   34.969  1
 1570.0 1570.0  1    4.287    4.287  1   34.969   34.969  1
 1572.0 1572.0  1    4.287    4.287  1   34.969   34.969  1
 1574.0 1574.0  1    4.287    4.287  1   34.969   34.969  1
 1576.0 1576.0  1    4.287    4.287  1   34.969   34.969  1
 1578.0 1578.0  1    4.287    4.287  1   34.969   34.969  1
 1580.0 1580.0  1    4.287    4.287  1   34.969   34.969  1
 1582.0 1582.0  1    4.287    4.287  1   34.969   34.969  1
 1584.0 1584.0  1    4.287    4.287  1   34.969   34.969  1
 1586.0 1586.0  1    4.287    4.287  1   34.969   34.969  1
 1588.0 1588.0  1    4.287    4.287  1   34.969   34.969  1
 1590.0 1590.0  1    4.287    4.287  1   34.969   34.969  1
 1592.0 1592.0  1    4.287    4.287  1   34.969   34.969  1
 1594.0 1594.0  1    4.287    4.287  1   34.969   34.969  1
 1596.0 1596.0  1    4.287    4.287  1   34.969   34.969  1
 1598.0 1598.0  1    4.287    4.287  1   34.969   34.969  1
 1600.0 1600.0  1    4.287    4.287  1   34.969   34.969  1
 1602.0 1602.0  1    4.287    4.287  1   34.969   34.969  1
 1604.0 1604.0  1    4.287    4.287  1   34.969   34.969  1
 1606.0 1606.0  1    4.287    4.287  1   34.969   34.969  1
 1608.0 1608.0  1    4.287    4.287  1   34.969   34.969  1
 1610.0 1610.0  1    4.286    4.286  1   34.969   34.969  1
 1612.0 1612.0  1    4.285    4.285  1   34.969   34.969  1
 1614.0 1614.0  1    4.285    4.285  1   34.969   34.969  1
 1615.9 1615.9  1    4.285    4.285  1   34.969   34.969  1
 1618.0 1618.0  1    4.285    4.285  1   34.969   34.969  1
 1620.0 1620.0  1    4.284    4.284  1   34.969   34.969  1
 1622.0 1622.0  1    4.284    4.284  1   34.969   34.969  1
 1624.0 1624.0  1    4.284    4.284  1   34.969   34.969  1
 1626.0 1626.0  1    4.284    4.284  1   34.969   34.969  1
 1628.0 1628.0  1    4.283    4.283  1   34.969   34.969  1
 1630.0 1630.0  1    4.283    4.283  1   34.969   34.969  1
 1632.0 1632.0  1    4.283    4.283  1   34.969   34.969  1
 1634.0 1634.0  1    4.283    4.283  1   34.969   34.969  1
 1635.9 1635.9  1    4.283    4.283  1   34.969   34.969  1
 1638.0 1638.0  1    4.282    4.282  1   34.969   34.969  1
 1640.0 1640.0  1    4.282    4.282  1   34.969   34.969  1
 1641.9 1641.9  1    4.282    4.282  1   34.969   34.969  1
 1644.0 1644.0  1    4.283    4.283  1   34.969   34.969  1
 1646.0 1646.0  1    4.283    4.283  1   34.969   34.969  1
 1648.0 1648.0  1    4.282    4.282  1   34.969   34.969  1
 1650.0 1650.0  1    4.282    4.282  1   34.970   34.970  1
 1652.0 1652.0  1    4.282    4.282  1   34.969   34.969  1
 1654.0 1654.0  1    4.282    4.282  1   34.969   34.969  1
 1656.0 1656.0  1    4.282    4.282  1   34.969   34.969  1
 1658.0 1658.0  1    4.281    4.281  1   34.970   34.970  1
 1660.0 1660.0  1    4.281    4.281  1   34.969   34.969  1
 1662.0 1662.0  1    4.281    4.281  1   34.970   34.970  1
 1664.0 1664.0  1    4.281    4.281  1   34.969   34.969  1
 1666.0 1666.0  1    4.281    4.281  1   34.970   34.970  1
 1668.0 1668.0  1    4.281    4.281  1   34.970   34.970  1
 1670.0 1670.0  1    4.280    4.280  1   34.970   34.970  1
 1672.0 1672.0  1    4.280    4.280  1   34.970   34.970  1
 1674.0 1674.0  1    4.279    4.279  1   34.970   34.970  1
 1676.0 1676.0  1    4.279    4.279  1   34.970   34.970  1
 1678.0 1678.0  1    4.279    4.279  1   34.970   34.970  1
 1680.0 1680.0  1    4.279    4.279  1   34.970   34.970  1
 1682.0 1682.0  1    4.279    4.279  1   34.970   34.970  1
 1684.0 1684.0  1    4.279    4.279  1   34.970   34.970  1
 1686.0 1686.0  1    4.279    4.279  1   34.970   34.970  1
 1688.0 1688.0  1    4.279    4.279  1   34.970   34.970  1
 1690.0 1690.0  1    4.279    4.279  1   34.970   34.970  1
 1692.0 1692.0  1    4.279    4.279  1   34.970   34.970  1
 1694.0 1694.0  1    4.279    4.279  1   34.970   34.970  1
 1696.0 1696.0  1    4.279    4.279  1   34.970   34.970  1
 1698.0 1698.0  1    4.279    4.279  1   34.970   34.970  1
 1700.0 1700.0  1    4.278    4.278  1   34.970   34.970  1
 1702.0 1702.0  1    4.278    4.278  1   34.970   34.970  1
 1704.0 1704.0  1    4.278    4.278  1   34.970   34.970  1
 1706.0 1706.0  1    4.278    4.278  1   34.970   34.970  1
 1708.0 1708.0  1    4.278    4.278  1   34.970   34.970  1
 1710.0 1710.0  1    4.279    4.279  1   34.970   34.970  1
 1712.0 1712.0  1    4.279    4.279  1   34.970   34.970  1
 1714.0 1714.0  1    4.279    4.279  1   34.970   34.970  1
 1716.0 1716.0  1    4.279    4.279  1   34.970   34.970  1
 1717.9 1717.9  1    4.279    4.279  1   34.970   34.970  1
 1720.0 1720.0  1    4.279    4.279  1   34.970   34.970  1
 1721.9 1721.9  1    4.279    4.279  1   34.970   34.970  1
 1724.0 1724.0  1    4.279    4.279  1   34.970   34.970  1
 1726.0 1726.0  1    4.279    4.279  1   34.970   34.970  1
 1727.9 1727.9  1    4.279    4.279  1   34.970   34.970  1
 1730.0 1730.0  1    4.279    4.279  1   34.970   34.970  1
 1732.0 1732.0  1    4.279    4.279  1   34.970   34.970  1
 1734.0 1734.0  1    4.279    4.279  1   34.970   34.970  1
 1736.0 1736.0  1    4.279    4.279  1   34.970   34.970  1
 1737.9 1737.9  1    4.279    4.279  1   34.970   34.970  1
 1739.9 1739.9  1    4.278    4.278  1   34.970   34.970  1
 1742.0 1742.0  1    4.278    4.278  1   34.970   34.970  1
 1744.0 1744.0  1    4.278    4.278  1   34.970   34.970  1
 1746.0 1746.0  1    4.278    4.278  1   34.970   34.970  1
 1748.0 1748.0  1    4.279    4.279  1   34.970   34.970  1
 1750.0 1750.0  1    4.279    4.279  1   34.970   34.970  1
 1752.0 1752.0  1    4.279    4.279  1   34.970   34.970  1
 1754.0 1754.0  1    4.279    4.279  1   34.970   34.970  1
 1756.0 1756.0  1    4.279    4.279  1   34.970   34.970  1
 1758.0 1758.0  1    4.278    4.278  1   34.970   34.970  1
 1760.0 1760.0  1    4.278    4.278  1   34.970   34.970  1
 1762.0 1762.0  1    4.279    4.279  1   34.970   34.970  1
 1764.0 1764.0  1    4.279    4.279  1   34.970   34.970  1
 1766.0 1766.0  1    4.278    4.278  1   34.970   34.970  1
 1768.0 1768.0  1    4.278    4.278  1   34.970   34.970  1
 1770.0 1770.0  1    4.278    4.278  1   34.971   34.971  1
 1772.0 1772.0  1    4.278    4.278  1   34.971   34.971  1
 1774.0 1774.0  1    4.278    4.278  1   34.971   34.971  1
 1776.0 1776.0  1    4.278    4.278  1   34.971   34.971  1
 1778.0 1778.0  1    4.279    4.279  1   34.971   34.971  1
 1780.0 1780.0  1    4.279    4.279  1   34.971   34.971  1
 1782.0 1782.0  1    4.279    4.279  1   34.971   34.971  1
 1784.0 1784.0  1    4.279    4.279  1   34.971   34.971  1
 1786.0 1786.0  1    4.279    4.279  1   34.971   34.971  1
 1788.0 1788.0  1    4.279    4.279  1   34.971   34.971  1
 1790.0 1790.0  1    4.280    4.280  1   34.971   34.971  1
 1792.0 1792.0  1    4.280    4.280  1   34.971   34.971  1
 1794.0 1794.0  1    4.279    4.279  1   34.971   34.971  1
 1796.0 1796.0  1    4.279    4.279  1   34.971   34.971  1
 1797.9 1797.9  1    4.279    4.279  1   34.971   34.971  1
 1800.0 1800.0  1    4.279    4.279  1   34.971   34.971  1
 1802.0 1802.0  1    4.279    4.279  1   34.971   34.971  1
 1804.0 1804.0  1    4.279    4.279  1   34.971   34.971  1
 1806.0 1806.0  1    4.279    4.279  1   34.971   34.971  1
 1808.0 1808.0  1    4.278    4.278  1   34.971   34.971  1
 1810.0 1810.0  1    4.278    4.278  1   34.971   34.971  1
 1812.0 1812.0  1    4.279    4.279  1   34.971   34.971  1
 1814.0 1814.0  1    4.279    4.279  1   34.971   34.971  1
 1816.0 1816.0  1    4.279    4.279  1   34.971   34.971  1
 1818.0 1818.0  1    4.279    4.279  1   34.971   34.971  1
 1820.0 1820.0  1    4.279    4.279  1   34.971   34.971  1
 1822.0 1822.0  1    4.279    4.279  1   34.971   34.971  1
 1824.0 1824.0  1    4.279    4.279  1   34.971   34.971  1
 1826.0 1826.0  1    4.279    4.279  1   34.971   34.971  1
 1828.0 1828.0  1    4.279    4.279  1   34.971   34.971  1
 1830.0 1830.0  1    4.279    4.279  1   34.971   34.971  1
 1832.0 1832.0  1    4.279    4.279  1   34.971   34.971  1
 1834.0 1834.0  1    4.279    4.279  1   34.971   34.971  1
 1836.0 1836.0  1    4.279    4.279  1   34.971   34.971  1
 1838.0 1838.0  1    4.279    4.279  1   34.971   34.971  1
 1840.0 1840.0  1    4.279    4.279  1   34.971   34.971  1
 1842.0 1842.0  1    4.279    4.279  1   34.971   34.971  1
 1844.0 1844.0  1    4.279    4.279  1   34.971   34.971  1
 1846.0 1846.0  1    4.279    4.279  1   34.971   34.971  1
 1848.0 1848.0  1    4.279    4.279  1   34.971   34.971  1
 1850.0 1850.0  1    4.279    4.279  1   34.971   34.971  1
 1852.0 1852.0  1    4.279    4.279  1   34.971   34.971  1
 1854.0 1854.0  1    4.279    4.279  1   34.971   34.971  1
 1856.0 1856.0  1    4.279    4.279  1   34.971   34.971  1
 1858.0 1858.0  1    4.279    4.279  1   34.971   34.971  1
 1860.0 1860.0  1    4.279    4.279  1   34.971   34.971  1
 1862.0 1862.0  1    4.279    4.279  1   34.971   34.971  1
 1864.0 1864.0  1    4.279    4.279  1   34.971   34.971  1
 1866.0 1866.0  1    4.279    4.279  1   34.971   34.971  1
 1868.0 1868.0  1    4.279    4.279  1   34.971   34.971  1
 1870.0 1870.0  1    4.279    4.279  1   34.971   34.971  1
 1872.0 1872.0  1    4.279    4.279  1   34.971   34.971  1
 1874.0 1874.0  1    4.279    4.279  1   34.971   34.971  1
 1876.0 1876.0  1    4.279    4.279  1   34.971   34.971  1
 1878.0 1878.0  1    4.280    4.280  1   34.971   34.971  1
 1880.0 1880.0  1    4.279    4.279  1   34.971   34.971  1
 1882.0 1882.0  1    4.279    4.279  1   34.971   34.971  1
 1884.0 1884.0  1    4.279    4.279  1   34.971   34.971  1
 1886.0 1886.0  1    4.279    4.279  1   34.971   34.971  1
 1888.0 1888.0  1    4.279    4.279  1   34.971   34.971  1
 1890.0 1890.0  1    4.279    4.279  1   34.971   34.971  1
 1892.0 1892.0  1    4.279    4.279  1   34.971   34.971  1
 1894.0 1894.0  1    4.279    4.279  1   34.971   34.971  1
 1896.0 1896.0  1    4.280    4.280  1   34.971   34.971  1
 1898.0 1898.0  1    4.280    4.280  1   34.971   34.971  1
 1900.0 1900.0  1    4.280    4.280  1   34.971   34.971  1
 1902.0 1902.0  1    4.280    4.280  1   34.971   34.971  1
 1904.0 1904.0  1    4.280    4.280  1   34.971   34.971  1
 1906.0 1906.0  1    4.280    4.280  1   34.971   34.971  1
 1908.0 1908.0  1    4.280    4.280  1   34.971   34.971  1
 1910.0 1910.0  1    4.280    4.280  1   34.971   34.971  1
 1912.0 1912.0  1    4.280    4.280  1   34.971   34.971  1
 1914.0 1914.0  1    4.280    4.280  1   34.971   34.971  1
 1916.0 1916.0  1    4.280    4.280  1   34.971   34.971  1
 1918.0 1918.0  1    4.280    4.280  1   34.971   34.971  1
 1920.0 1920.0  1    4.280    4.280  1   34.971   34.971  1
 1922.0 1922.0  1    4.280    4.280  1   34.971   34.971  1
 1924.0 1924.0  1    4.280    4.280  1   34.971   34.971  1
 1926.0 1926.0  1    4.279    4.279  1   34.971   34.971  1
 1928.0 1928.0  1    4.279    4.279  1   34.971   34.971  1
 1930.0 1930.0  1    4.279    4.279  1   34.971   34.971  1
 1932.0 1932.0  1    4.280    4.280  1   34.971   34.971  1
 1934.0 1934.0  1    4.280    4.280  1   34.971   34.971  1
 1936.0 1936.0  1    4.280    4.280  1   34.971   34.971  1
 1938.0 1938.0  1    4.280    4.280  1   34.971   34.971  1
 1940.0 1940.0  1    4.280    4.280  1   34.971   34.971  1
 1942.0 1942.0  1    4.280    4.280  1   34.971   34.971  1
 1944.0 1944.0  1    4.280    4.280  1   34.971   34.971  1
 1946.0 1946.0  1    4.280    4.280  1   34.971   34.971  1
 1948.0 1948.0  1    4.281    4.281  1   34.971   34.971  1
 1950.0 1950.0  1    4.280    4.280  1   34.971   34.971  1
 1952.0 1952.0  1    4.280    4.280  1   34.971   34.971  1
 1954.0 1954.0  1    4.281    4.281  1   34.971   34.971  1
 1956.0 1956.0  1    4.281    4.281  1   34.971   34.971  1
 1958.0 1958.0  1    4.281    4.281  1   34.971   34.971  1
 1960.0 1960.0  1    4.281    4.281  1   34.971   34.971  1
 1962.0 1962.0  1    4.281    4.281  1   34.971   34.971  1
 1964.0 1964.0  1    4.281    4.281  1   34.971   34.971  1
 1966.0 1966.0  1    4.281    4.281  1   34.971   34.971  1
 1968.0 1968.0  1    4.282    4.282  1   34.971   34.971  1
 1970.0 1970.0  1    4.282    4.282  1   34.971   34.971  1
 1972.0 1972.0  1    4.281    4.281  1   34.971   34.971  1
 1974.0 1974.0  1    4.281    4.281  1   34.971   34.971  1
 1976.0 1976.0  1    4.281    4.281  1   34.971   34.971  1
 1978.0 1978.0  1    4.281    4.281  1   34.971   34.971  1
 1980.0 1980.0  1    4.281    4.281  1   34.971   34.971  1
 1982.0 1982.0  1    4.281    4.281  1   34.971   34.971  1
 1984.0 1984.0  1    4.281    4.281  1   34.971   34.971  1
 1986.0 1986.0  1    4.281    4.281  1   34.971   34.971  1
 1988.0 1988.0  1    4.281    4.281  1   34.971   34.971  1
 1990.0 1990.0  1    4.281    4.281  1   34.971   34.971  1
 1992.0 1992.0  1    4.281    4.281  1   34.971   34.971  1
 1994.0 1994.0  1    4.281    4.281  1   34.971   34.971  1
 1996.0 1996.0  1    4.281    4.281  1   34.971   34.971  1
 1998.0 1998.0  1    4.281    4.281  1   34.971   34.971  1
 2000.0 2000.0  1    4.281    4.281  1   34.971   34.971  1
 2001.5 2001.5  1    4.282    4.282  1   34.972   34.972  1
 2003.5 2003.5  1    4.282    4.282  1   34.971   34.971  1
