*SoftWare Version 3.0  2018/12/27

*HEADER
     PLATFORM NUMBER       :4903215
     CYCLE NUMBER          :031
     DATE CREATION         :20191227010046
     DATE UPDATE           :20191227010046
     PROJECT NAME          :US ARGO PROJECT
     PI NAME               :BRECK OWENS, STEVEN JAYNE, P.E. ROBBINS
     INSTRUMENT TYPE       :S2A
     FLOAT SERIAL NO       :7525
     FIRMWARE VERSION      :SBE602 15Aug17 ARM V2.4
     WMO INSTRUMENT TYPE   :854
     TRANSMISSION SYSTEM   :IRIDIUM
     POSITIONING SYSTEM    :GPS
     SAMPLE DIRECTION      :A(A=Ascend; D=Descend)
     DATA MODE             :R(R=Real Time; D=Delayed Mode; A=Real Time Adjusted)
     JULIAN DAY            :25552.0426 (days since 1950-01-01 00:00:00 UTC)
     DATE                  :2019-12-17
     QC FLAG FOR DATE      :1
*LOCATION
     LATITUDE              :16.560  
     LONGITUDE             :-31.543 
     QC FLAG FOR LOCATION  :1
*FILE
     COLUMN 1              :Pressure (dbar)                             F7.1
     COLUMN 2              :Corrected Pressure (dbar)                   F7.1
     COLUMN 3              :Quality on Pressure                         I3
     COLUMN 4              :Temperature (degree_Celsius)                F9.3
     COLUMN 5              :Corrected Temperature (degree_Celsius)      F9.3
     COLUMN 6              :Quality on Temperature                      I3
     COLUMN 7              :Salinity (PSU)                              F9.3
     COLUMN 8              :Corrected Salinity (PSU)                    F9.3
     COLUMN 9              :Quality on Salinity                         I3
==========================================================================
    1.0    1.0  1   24.511   24.511  1   36.785   36.785  1
    2.0    2.0  1   24.517   24.517  1   36.782   36.782  1
    3.0    3.0  1   24.517   24.517  1   36.782   36.782  1
    4.0    4.0  1   24.516   24.516  1   36.782   36.782  1
    5.0    5.0  1   24.519   24.519  1   36.782   36.782  1
    6.0    6.0  1   24.516   24.516  1   36.783   36.783  1
    7.0    7.0  1   24.515   24.515  1   36.783   36.783  1
    8.0    8.0  1   24.512   24.512  1   36.785   36.785  1
    9.0    9.0  1   24.524   24.524  1   36.783   36.783  1
   10.4   10.4  1   24.534   24.534  1   36.791   36.791  1
   12.1   12.1  1   24.549   24.549  1   36.791   36.791  1
   14.0   14.0  1   24.559   24.559  1   36.798   36.798  1
   15.9   15.9  1   24.561   24.561  1   36.799   36.799  1
   18.0   18.0  1   24.559   24.559  1   36.798   36.798  1
   20.1   20.1  1   24.566   24.566  1   36.800   36.800  1
   22.1   22.1  1   24.566   24.566  1   36.801   36.801  1
   24.0   24.0  1   24.566   24.566  1   36.801   36.801  1
   26.0   26.0  1   24.569   24.569  1   36.802   36.802  1
   28.0   28.0  1   24.580   24.580  1   36.808   36.808  1
   30.0   30.0  1   24.600   24.600  1   36.815   36.815  1
   32.0   32.0  1   24.613   24.613  1   36.824   36.824  1
   34.0   34.0  1   24.617   24.617  1   36.826   36.826  1
   36.0   36.0  1   24.616   24.616  1   36.825   36.825  1
   38.0   38.0  1   24.619   24.619  1   36.826   36.826  1
   40.1   40.1  1   24.630   24.630  1   36.830   36.830  1
   42.0   42.0  1   24.629   24.629  1   36.830   36.830  1
   44.0   44.0  1   24.624   24.624  1   36.828   36.828  1
   46.0   46.0  1   24.616   24.616  1   36.823   36.823  1
   48.0   48.0  1   24.610   24.610  1   36.820   36.820  1
   50.0   50.0  1   24.601   24.601  1   36.820   36.820  1
   52.0   52.0  1   24.604   24.604  1   36.822   36.822  1
   54.0   54.0  1   24.566   24.566  1   36.812   36.812  1
   56.0   56.0  1   24.561   24.561  1   36.809   36.809  1
   58.0   58.0  1   24.539   24.539  1   36.806   36.806  1
   60.0   60.0  1   24.501   24.501  1   36.795   36.795  1
   62.1   62.1  1   24.474   24.474  1   36.794   36.794  1
   64.0   64.0  1   24.376   24.376  1   36.772   36.772  1
   66.0   66.0  1   23.948   23.948  1   36.773   36.773  1
   67.9   67.9  1   22.961   22.961  1   36.719   36.719  1
   70.0   70.0  1   22.201   22.201  1   36.752   36.752  1
   71.9   71.9  1   21.952   21.952  1   36.773   36.773  1
   74.0   74.0  1   21.769   21.769  1   36.773   36.773  1
   76.0   76.0  1   21.699   21.699  1   36.770   36.770  1
   78.1   78.1  1   21.540   21.540  1   36.776   36.776  1
   80.0   80.0  1   21.440   21.440  1   36.778   36.778  1
   82.0   82.0  1   21.280   21.280  1   36.775   36.775  1
   84.0   84.0  1   20.986   20.986  1   36.785   36.785  1
   86.0   86.0  1   20.718   20.718  1   36.768   36.768  1
   88.0   88.0  1   20.607   20.607  1   36.743   36.743  1
   90.0   90.0  1   20.514   20.514  1   36.735   36.735  1
   92.0   92.0  1   20.226   20.226  1   36.722   36.722  1
   94.0   94.0  1   20.093   20.093  1   36.746   36.746  1
   96.0   96.0  1   19.904   19.904  1   36.713   36.713  1
   98.0   98.0  1   19.473   19.473  1   36.637   36.637  1
  100.0  100.0  1   19.315   19.315  1   36.602   36.602  1
  102.0  102.0  1   19.193   19.193  1   36.588   36.588  1
  104.0  104.0  1   19.107   19.107  1   36.585   36.585  1
  106.0  106.0  1   19.208   19.208  1   36.634   36.634  1
  108.0  108.0  1   19.190   19.190  1   36.652   36.652  1
  110.0  110.0  1   19.197   19.197  1   36.667   36.667  1
  112.0  112.0  1   19.083   19.083  1   36.657   36.657  1
  114.0  114.0  1   19.005   19.005  1   36.627   36.627  1
  116.0  116.0  1   18.660   18.660  1   36.566   36.566  1
  118.0  118.0  1   18.396   18.396  1   36.514   36.514  1
  120.0  120.0  1   18.338   18.338  1   36.512   36.512  1
  122.0  122.0  1   18.242   18.242  1   36.502   36.502  1
  123.9  123.9  1   18.167   18.167  1   36.476   36.476  1
  125.9  125.9  1   18.211   18.211  1   36.496   36.496  1
  128.0  128.0  1   18.191   18.191  1   36.498   36.498  1
  130.0  130.0  1   18.087   18.087  1   36.497   36.497  1
  132.0  132.0  1   17.952   17.952  1   36.477   36.477  1
  134.0  134.0  1   17.914   17.914  1   36.475   36.475  1
  136.0  136.0  1   17.750   17.750  1   36.458   36.458  1
  138.0  138.0  1   17.567   17.567  1   36.420   36.420  1
  140.0  140.0  1   17.471   17.471  1   36.398   36.398  1
  142.0  142.0  1   17.391   17.391  1   36.383   36.383  1
  144.0  144.0  1   17.337   17.337  1   36.370   36.370  1
  146.0  146.0  1   17.238   17.238  1   36.359   36.359  1
  148.0  148.0  1   17.261   17.261  1   36.370   36.370  1
  150.0  150.0  1   17.258   17.258  1   36.394   36.394  1
  152.1  152.1  1   17.068   17.068  1   36.366   36.366  1
  154.0  154.0  1   16.952   16.952  1   36.339   36.339  1
  156.1  156.1  1   16.881   16.881  1   36.324   36.324  1
  158.0  158.0  1   16.778   16.778  1   36.302   36.302  1
  160.0  160.0  1   16.712   16.712  1   36.289   36.289  1
  162.1  162.1  1   16.570   16.570  1   36.261   36.261  1
  164.0  164.0  1   16.504   16.504  1   36.246   36.246  1
  166.0  166.0  1   16.248   16.248  1   36.204   36.204  1
  168.0  168.0  1   16.043   16.043  1   36.150   36.150  1
  170.0  170.0  1   15.959   15.959  1   36.126   36.126  1
  172.0  172.0  1   15.894   15.894  1   36.119   36.119  1
  174.0  174.0  1   15.766   15.766  1   36.095   36.095  1
  176.0  176.0  1   15.755   15.755  1   36.092   36.092  1
  178.0  178.0  1   15.748   15.748  1   36.092   36.092  1
  180.0  180.0  1   15.778   15.778  1   36.101   36.101  1
  182.0  182.0  1   15.810   15.810  1   36.112   36.112  1
  184.0  184.0  1   15.835   15.835  1   36.125   36.125  1
  186.0  186.0  1   15.805   15.805  1   36.121   36.121  1
  188.0  188.0  1   15.768   15.768  1   36.113   36.113  1
  190.0  190.0  1   15.745   15.745  1   36.109   36.109  1
  192.0  192.0  1   15.703   15.703  1   36.103   36.103  1
  194.0  194.0  1   15.622   15.622  1   36.088   36.088  1
  196.0  196.0  1   15.532   15.532  1   36.071   36.071  1
  198.0  198.0  1   15.505   15.505  1   36.064   36.064  1
  199.9  199.9  1   15.501   15.501  1   36.064   36.064  1
  202.0  202.0  1   15.464   15.464  1   36.059   36.059  1
  204.0  204.0  1   15.446   15.446  1   36.053   36.053  1
  206.0  206.0  1   15.440   15.440  1   36.051   36.051  1
  208.0  208.0  1   15.395   15.395  1   36.046   36.046  1
  210.0  210.0  1   15.332   15.332  1   36.035   36.035  1
  212.0  212.0  1   15.284   15.284  1   36.039   36.039  1
  214.0  214.0  1   15.191   15.191  1   36.018   36.018  1
  216.0  216.0  1   15.083   15.083  1   36.004   36.004  1
  218.0  218.0  1   14.908   14.908  1   35.970   35.970  1
  220.0  220.0  1   14.843   14.843  1   35.955   35.955  1
  222.0  222.0  1   14.816   14.816  1   35.951   35.951  1
  224.0  224.0  1   14.751   14.751  1   35.939   35.939  1
  226.0  226.0  1   14.739   14.739  1   35.935   35.935  1
  228.0  228.0  1   14.718   14.718  1   35.934   35.934  1
  230.0  230.0  1   14.686   14.686  1   35.932   35.932  1
  232.0  232.0  1   14.684   14.684  1   35.936   35.936  1
  234.0  234.0  1   14.659   14.659  1   35.935   35.935  1
  235.9  235.9  1   14.584   14.584  1   35.923   35.923  1
  238.0  238.0  1   14.512   14.512  1   35.905   35.905  1
  240.0  240.0  1   14.485   14.485  1   35.904   35.904  1
  242.0  242.0  1   14.449   14.449  1   35.897   35.897  1
  244.0  244.0  1   14.378   14.378  1   35.882   35.882  1
  246.0  246.0  1   14.318   14.318  1   35.868   35.868  1
  248.0  248.0  1   14.218   14.218  1   35.850   35.850  1
  250.0  250.0  1   14.160   14.160  1   35.838   35.838  1
  252.0  252.0  1   14.104   14.104  1   35.830   35.830  1
  254.0  254.0  1   14.053   14.053  1   35.818   35.818  1
  256.0  256.0  1   14.054   14.054  1   35.818   35.818  1
  258.0  258.0  1   14.058   14.058  1   35.821   35.821  1
  260.0  260.0  1   14.038   14.038  1   35.817   35.817  1
  262.0  262.0  1   14.012   14.012  1   35.815   35.815  1
  264.0  264.0  1   14.008   14.008  1   35.818   35.818  1
  266.0  266.0  1   13.987   13.987  1   35.816   35.816  1
  268.0  268.0  1   13.978   13.978  1   35.814   35.814  1
  270.0  270.0  1   13.948   13.948  1   35.813   35.813  1
  272.0  272.0  1   13.871   13.871  1   35.800   35.800  1
  274.0  274.0  1   13.842   13.842  1   35.793   35.793  1
  276.0  276.0  1   13.787   13.787  1   35.782   35.782  1
  278.1  278.1  1   13.682   13.682  1   35.761   35.761  1
  280.1  280.1  1   13.567   13.567  1   35.739   35.739  1
  282.0  282.0  1   13.471   13.471  1   35.721   35.721  1
  284.0  284.0  1   13.305   13.305  1   35.692   35.692  1
  286.0  286.0  1   13.265   13.265  1   35.681   35.681  1
  288.0  288.0  1   13.231   13.231  1   35.679   35.679  1
  290.0  290.0  1   13.200   13.200  1   35.671   35.671  1
  292.0  292.0  1   13.201   13.201  1   35.672   35.672  1
  293.9  293.9  1   13.166   13.166  1   35.669   35.669  1
  296.0  296.0  1   13.050   13.050  1   35.655   35.655  1
  298.1  298.1  1   12.970   12.970  1   35.636   35.636  1
  300.1  300.1  1   12.934   12.934  1   35.628   35.628  1
  302.0  302.0  1   12.873   12.873  1   35.619   35.619  1
  303.9  303.9  1   12.814   12.814  1   35.609   35.609  1
  305.9  305.9  1   12.797   12.797  1   35.604   35.604  1
  308.0  308.0  1   12.764   12.764  1   35.599   35.599  1
  310.0  310.0  1   12.734   12.734  1   35.592   35.592  1
  312.0  312.0  1   12.672   12.672  1   35.583   35.583  1
  314.0  314.0  1   12.583   12.583  1   35.566   35.566  1
  316.0  316.0  1   12.519   12.519  1   35.560   35.560  1
  318.1  318.1  1   12.481   12.481  1   35.558   35.558  1
  320.1  320.1  1   12.410   12.410  1   35.545   35.545  1
  322.0  322.0  1   12.359   12.359  1   35.538   35.538  1
  323.9  323.9  1   12.338   12.338  1   35.534   35.534  1
  326.0  326.0  1   12.326   12.326  1   35.534   35.534  1
  328.1  328.1  1   12.297   12.297  1   35.530   35.530  1
  330.0  330.0  1   12.278   12.278  1   35.528   35.528  1
  332.0  332.0  1   12.258   12.258  1   35.523   35.523  1
  334.0  334.0  1   12.207   12.207  1   35.518   35.518  1
  336.0  336.0  1   12.150   12.150  1   35.505   35.505  1
  338.0  338.0  1   12.123   12.123  1   35.503   35.503  1
  340.0  340.0  1   12.026   12.026  1   35.489   35.489  1
  342.0  342.0  1   11.962   11.962  1   35.475   35.475  1
  343.9  343.9  1   11.918   11.918  1   35.468   35.468  1
  346.0  346.0  1   11.894   11.894  1   35.464   35.464  1
  348.0  348.0  1   11.861   11.861  1   35.458   35.458  1
  350.0  350.0  1   11.839   11.839  1   35.453   35.453  1
  352.0  352.0  1   11.807   11.807  1   35.449   35.449  1
  354.0  354.0  1   11.775   11.775  1   35.445   35.445  1
  356.0  356.0  1   11.739   11.739  1   35.439   35.439  1
  357.9  357.9  1   11.756   11.756  1   35.444   35.444  1
  360.0  360.0  1   11.771   11.771  1   35.451   35.451  1
  362.0  362.0  1   11.778   11.778  1   35.455   35.455  1
  364.0  364.0  1   11.811   11.811  1   35.464   35.464  1
  366.0  366.0  1   11.800   11.800  1   35.467   35.467  1
  368.0  368.0  1   11.689   11.689  1   35.453   35.453  1
  370.0  370.0  1   11.587   11.587  1   35.427   35.427  1
  372.0  372.0  1   11.600   11.600  1   35.430   35.430  1
  374.0  374.0  1   11.600   11.600  1   35.433   35.433  1
  376.1  376.1  1   11.599   11.599  1   35.436   35.436  1
  378.0  378.0  1   11.534   11.534  1   35.429   35.429  1
  380.0  380.0  1   11.491   11.491  1   35.420   35.420  1
  382.0  382.0  1   11.476   11.476  1   35.416   35.416  1
  384.0  384.0  1   11.457   11.457  1   35.412   35.412  1
  386.1  386.1  1   11.368   11.368  1   35.401   35.401  1
  388.1  388.1  1   11.335   11.335  1   35.393   35.393  1
  390.0  390.0  1   11.310   11.310  1   35.389   35.389  1
  392.0  392.0  1   11.265   11.265  1   35.383   35.383  1
  394.0  394.0  1   11.254   11.254  1   35.379   35.379  1
  396.0  396.0  1   11.237   11.237  1   35.376   35.376  1
  398.0  398.0  1   11.217   11.217  1   35.373   35.373  1
  400.0  400.0  1   11.203   11.203  1   35.369   35.369  1
  402.0  402.0  1   11.129   11.129  1   35.361   35.361  1
  404.0  404.0  1   11.077   11.077  1   35.350   35.350  1
  406.0  406.0  1   11.034   11.034  1   35.343   35.343  1
  407.9  407.9  1   11.003   11.003  1   35.338   35.338  1
  410.0  410.0  1   10.966   10.966  1   35.333   35.333  1
  412.0  412.0  1   10.914   10.914  1   35.325   35.325  1
  414.0  414.0  1   10.876   10.876  1   35.319   35.319  1
  416.1  416.1  1   10.837   10.837  1   35.313   35.313  1
  418.1  418.1  1   10.802   10.802  1   35.309   35.309  1
  420.0  420.0  1   10.771   10.771  1   35.303   35.303  1
  421.9  421.9  1   10.760   10.760  1   35.303   35.303  1
  424.0  424.0  1   10.652   10.652  1   35.292   35.292  1
  426.0  426.0  1   10.569   10.569  1   35.277   35.277  1
  428.0  428.0  1   10.529   10.529  1   35.271   35.271  1
  430.0  430.0  1   10.508   10.508  1   35.268   35.268  1
  432.0  432.0  1   10.459   10.459  1   35.262   35.262  1
  434.0  434.0  1   10.429   10.429  1   35.258   35.258  1
  436.0  436.0  1   10.428   10.428  1   35.257   35.257  1
  437.9  437.9  1   10.437   10.437  1   35.258   35.258  1
  440.0  440.0  1   10.437   10.437  1   35.259   35.259  1
  442.1  442.1  1   10.432   10.432  1   35.259   35.259  1
  444.0  444.0  1   10.395   10.395  1   35.255   35.255  1
  446.0  446.0  1   10.349   10.349  1   35.248   35.248  1
  447.8  447.8  1   10.322   10.322  1   35.242   35.242  1
  449.9  449.9  1   10.317   10.317  1   35.240   35.240  1
  451.9  451.9  1   10.293   10.293  1   35.238   35.238  1
  454.0  454.0  1   10.233   10.233  1   35.232   35.232  1
  456.0  456.0  1   10.189   10.189  1   35.225   35.225  1
  458.1  458.1  1   10.169   10.169  1   35.223   35.223  1
  460.0  460.0  1   10.156   10.156  1   35.221   35.221  1
  462.0  462.0  1   10.146   10.146  1   35.220   35.220  1
  464.0  464.0  1   10.129   10.129  1   35.218   35.218  1
  466.1  466.1  1   10.118   10.118  1   35.218   35.218  1
  468.0  468.0  1   10.106   10.106  1   35.217   35.217  1
  470.0  470.0  1   10.086   10.086  1   35.214   35.214  1
  472.0  472.0  1   10.040   10.040  1   35.211   35.211  1
  474.0  474.0  1   10.028   10.028  1   35.208   35.208  1
  476.0  476.0  1   10.017   10.017  1   35.206   35.206  1
  478.0  478.0  1   10.009   10.009  1   35.205   35.205  1
  480.0  480.0  1    9.983    9.983  1   35.203   35.203  1
  482.0  482.0  1    9.946    9.946  1   35.199   35.199  1
  484.1  484.1  1    9.903    9.903  1   35.193   35.193  1
  486.0  486.0  1    9.888    9.888  1   35.191   35.191  1
  488.0  488.0  1    9.866    9.866  1   35.188   35.188  1
  490.1  490.1  1    9.845    9.845  1   35.185   35.185  1
  492.0  492.0  1    9.819    9.819  1   35.182   35.182  1
  494.0  494.0  1    9.799    9.799  1   35.179   35.179  1
  496.0  496.0  1    9.760    9.760  1   35.176   35.176  1
  498.0  498.0  1    9.716    9.716  1   35.170   35.170  1
  500.0  500.0  1    9.681    9.681  1   35.166   35.166  1
  502.1  502.1  1    9.658    9.658  1   35.163   35.163  1
  504.0  504.0  1    9.639    9.639  1   35.161   35.161  1
  506.0  506.0  1    9.636    9.636  1   35.160   35.160  1
  507.9  507.9  1    9.599    9.599  1   35.159   35.159  1
  510.1  510.1  1    9.536    9.536  1   35.149   35.149  1
  512.0  512.0  1    9.500    9.500  1   35.145   35.145  1
  514.0  514.0  1    9.462    9.462  1   35.142   35.142  1
  516.0  516.0  1    9.425    9.425  1   35.138   35.138  1
  518.0  518.0  1    9.418    9.418  1   35.137   35.137  1
  520.0  520.0  1    9.405    9.405  1   35.136   35.136  1
  521.9  521.9  1    9.386    9.386  1   35.134   35.134  1
  523.9  523.9  1    9.381    9.381  1   35.133   35.133  1
  526.0  526.0  1    9.373    9.373  1   35.132   35.132  1
  528.0  528.0  1    9.353    9.353  1   35.130   35.130  1
  530.0  530.0  1    9.321    9.321  1   35.127   35.127  1
  532.0  532.0  1    9.302    9.302  1   35.125   35.125  1
  534.0  534.0  1    9.275    9.275  1   35.122   35.122  1
  536.0  536.0  1    9.261    9.261  1   35.120   35.120  1
  537.9  537.9  1    9.249    9.249  1   35.118   35.118  1
  539.9  539.9  1    9.224    9.224  1   35.115   35.115  1
  542.1  542.1  1    9.206    9.206  1   35.112   35.112  1
  544.0  544.0  1    9.192    9.192  1   35.111   35.111  1
  546.0  546.0  1    9.162    9.162  1   35.109   35.109  1
  548.0  548.0  1    9.150    9.150  1   35.108   35.108  1
  550.0  550.0  1    9.122    9.122  1   35.106   35.106  1
  551.9  551.9  1    9.120    9.120  1   35.107   35.107  1
  554.0  554.0  1    9.125    9.125  1   35.111   35.111  1
  556.1  556.1  1    9.081    9.081  1   35.108   35.108  1
  558.0  558.0  1    9.039    9.039  1   35.100   35.100  1
  560.0  560.0  1    9.041    9.041  1   35.105   35.105  1
  562.0  562.0  1    8.984    8.984  1   35.103   35.103  1
  563.9  563.9  1    8.967    8.967  1   35.100   35.100  1
  566.0  566.0  1    8.957    8.957  1   35.098   35.098  1
  568.1  568.1  1    8.937    8.937  1   35.095   35.095  1
  570.1  570.1  1    8.909    8.909  1   35.093   35.093  1
  572.0  572.0  1    8.895    8.895  1   35.091   35.091  1
  574.0  574.0  1    8.847    8.847  1   35.086   35.086  1
  575.9  575.9  1    8.767    8.767  1   35.072   35.072  1
  578.1  578.1  1    8.723    8.723  1   35.067   35.067  1
  580.0  580.0  1    8.629    8.629  1   35.054   35.054  1
  582.0  582.0  1    8.610    8.610  1   35.047   35.047  1
  584.0  584.0  1    8.609    8.609  1   35.046   35.046  1
  586.0  586.0  1    8.609    8.609  1   35.046   35.046  1
  588.1  588.1  1    8.609    8.609  1   35.045   35.045  1
  590.0  590.0  1    8.567    8.567  1   35.043   35.043  1
  592.1  592.1  1    8.512    8.512  1   35.032   35.032  1
  594.1  594.1  1    8.473    8.473  1   35.029   35.029  1
  596.1  596.1  1    8.461    8.461  1   35.025   35.025  1
  598.0  598.0  1    8.447    8.447  1   35.024   35.024  1
  599.9  599.9  1    8.394    8.394  1   35.019   35.019  1
  602.0  602.0  1    8.337    8.337  1   35.011   35.011  1
  604.1  604.1  1    8.240    8.240  1   35.003   35.003  1
  606.1  606.1  1    8.202    8.202  1   34.990   34.990  1
  608.0  608.0  1    8.200    8.200  1   34.990   34.990  1
  610.0  610.0  1    8.200    8.200  1   34.990   34.990  1
  612.0  612.0  1    8.199    8.199  1   34.990   34.990  1
  614.0  614.0  1    8.190    8.190  1   34.989   34.989  1
  616.0  616.0  1    8.166    8.166  1   34.988   34.988  1
  618.0  618.0  1    8.152    8.152  1   34.985   34.985  1
  619.9  619.9  1    8.160    8.160  1   34.987   34.987  1
  622.0  622.0  1    8.172    8.172  1   34.993   34.993  1
  623.9  623.9  1    8.175    8.175  1   34.993   34.993  1
  626.0  626.0  1    8.172    8.172  1   34.993   34.993  1
  627.9  627.9  1    8.167    8.167  1   34.993   34.993  1
  630.0  630.0  1    8.133    8.133  1   34.991   34.991  1
  632.0  632.0  1    8.069    8.069  1   34.980   34.980  1
  634.0  634.0  1    8.061    8.061  1   34.978   34.978  1
  636.0  636.0  1    8.069    8.069  1   34.981   34.981  1
  638.1  638.1  1    8.079    8.079  1   34.983   34.983  1
  640.0  640.0  1    8.088    8.088  1   34.986   34.986  1
  642.1  642.1  1    8.097    8.097  1   34.989   34.989  1
  644.2  644.2  1    8.088    8.088  1   34.990   34.990  1
  646.0  646.0  1    8.070    8.070  1   34.989   34.989  1
  648.0  648.0  1    8.056    8.056  1   34.988   34.988  1
  649.9  649.9  1    8.046    8.046  1   34.986   34.986  1
  651.9  651.9  1    8.038    8.038  1   34.985   34.985  1
  654.0  654.0  1    8.026    8.026  1   34.984   34.984  1
  656.0  656.0  1    8.009    8.009  1   34.982   34.982  1
  658.2  658.2  1    7.977    7.977  1   34.978   34.978  1
  660.1  660.1  1    7.949    7.949  1   34.974   34.974  1
  661.9  661.9  1    7.929    7.929  1   34.972   34.972  1
  663.9  663.9  1    7.917    7.917  1   34.972   34.972  1
  666.1  666.1  1    7.878    7.878  1   34.968   34.968  1
  668.1  668.1  1    7.821    7.821  1   34.959   34.959  1
  670.2  670.2  1    7.791    7.791  1   34.954   34.954  1
  672.1  672.1  1    7.752    7.752  1   34.949   34.949  1
  674.0  674.0  1    7.730    7.730  1   34.946   34.946  1
  676.0  676.0  1    7.730    7.730  1   34.946   34.946  1
  678.0  678.0  1    7.719    7.719  1   34.946   34.946  1
  680.0  680.0  1    7.699    7.699  1   34.945   34.945  1
  681.9  681.9  1    7.670    7.670  1   34.941   34.941  1
  684.0  684.0  1    7.651    7.651  1   34.940   34.940  1
  686.0  686.0  1    7.621    7.621  1   34.938   34.938  1
  687.9  687.9  1    7.604    7.604  1   34.935   34.935  1
  689.9  689.9  1    7.602    7.602  1   34.936   34.936  1
  692.0  692.0  1    7.574    7.574  1   34.936   34.936  1
  694.2  694.2  1    7.554    7.554  1   34.930   34.930  1
  695.8  695.8  1    7.560    7.560  1   34.933   34.933  1
  698.0  698.0  1    7.526    7.526  1   34.930   34.930  1
  700.0  700.0  1    7.508    7.508  1   34.930   34.930  1
  701.9  701.9  1    7.417    7.417  1   34.916   34.916  1
  704.0  704.0  1    7.398    7.398  1   34.910   34.910  1
  706.1  706.1  1    7.351    7.351  1   34.904   34.904  1
  708.0  708.0  1    7.341    7.341  1   34.901   34.901  1
  709.9  709.9  1    7.336    7.336  1   34.901   34.901  1
  711.9  711.9  1    7.332    7.332  1   34.902   34.902  1
  714.0  714.0  1    7.330    7.330  1   34.901   34.901  1
  716.0  716.0  1    7.326    7.326  1   34.901   34.901  1
  718.0  718.0  1    7.315    7.315  1   34.901   34.901  1
  720.0  720.0  1    7.306    7.306  1   34.901   34.901  1
  721.9  721.9  1    7.289    7.289  1   34.900   34.900  1
  724.0  724.0  1    7.282    7.282  1   34.899   34.899  1
  726.0  726.0  1    7.277    7.277  1   34.900   34.900  1
  728.0  728.0  1    7.264    7.264  1   34.900   34.900  1
  729.9  729.9  1    7.259    7.259  1   34.899   34.899  1
  732.1  732.1  1    7.246    7.246  1   34.899   34.899  1
  733.9  733.9  1    7.227    7.227  1   34.898   34.898  1
  735.9  735.9  1    7.226    7.226  1   34.897   34.897  1
  737.9  737.9  1    7.230    7.230  1   34.898   34.898  1
  740.0  740.0  1    7.213    7.213  1   34.898   34.898  1
  742.0  742.0  1    7.188    7.188  1   34.896   34.896  1
  744.0  744.0  1    7.163    7.163  1   34.896   34.896  1
  746.1  746.1  1    7.142    7.142  1   34.894   34.894  1
  748.1  748.1  1    7.139    7.139  1   34.893   34.893  1
  750.0  750.0  1    7.126    7.126  1   34.894   34.894  1
  752.0  752.0  1    7.094    7.094  1   34.891   34.891  1
  754.0  754.0  1    7.081    7.081  1   34.890   34.890  1
  756.1  756.1  1    7.073    7.073  1   34.889   34.889  1
  758.1  758.1  1    7.071    7.071  1   34.889   34.889  1
  760.0  760.0  1    7.069    7.069  1   34.889   34.889  1
  762.0  762.0  1    7.066    7.066  1   34.890   34.890  1
  764.1  764.1  1    7.051    7.051  1   34.889   34.889  1
  766.1  766.1  1    7.045    7.045  1   34.890   34.890  1
  768.0  768.0  1    7.036    7.036  1   34.889   34.889  1
  770.0  770.0  1    7.027    7.027  1   34.888   34.888  1
  771.9  771.9  1    7.020    7.020  1   34.888   34.888  1
  773.9  773.9  1    7.007    7.007  1   34.887   34.887  1
  776.0  776.0  1    6.968    6.968  1   34.887   34.887  1
  778.0  778.0  1    6.951    6.951  1   34.886   34.886  1
  780.0  780.0  1    6.939    6.939  1   34.886   34.886  1
  782.0  782.0  1    6.934    6.934  1   34.886   34.886  1
  784.0  784.0  1    6.925    6.925  1   34.886   34.886  1
  786.0  786.0  1    6.922    6.922  1   34.886   34.886  1
  787.9  787.9  1    6.903    6.903  1   34.887   34.887  1
  790.0  790.0  1    6.892    6.892  1   34.887   34.887  1
  791.9  791.9  1    6.896    6.896  1   34.889   34.889  1
  794.0  794.0  1    6.875    6.875  1   34.889   34.889  1
  795.9  795.9  1    6.866    6.866  1   34.888   34.888  1
  797.9  797.9  1    6.850    6.850  1   34.889   34.889  1
  800.1  800.1  1    6.829    6.829  1   34.888   34.888  1
  801.9  801.9  1    6.816    6.816  1   34.887   34.887  1
  804.0  804.0  1    6.796    6.796  1   34.887   34.887  1
  806.1  806.1  1    6.783    6.783  1   34.885   34.885  1
  807.9  807.9  1    6.783    6.783  1   34.887   34.887  1
  810.0  810.0  1    6.772    6.772  1   34.886   34.886  1
  812.0  812.0  1    6.761    6.761  1   34.885   34.885  1
  814.1  814.1  1    6.752    6.752  1   34.888   34.888  1
  815.6  815.6  1    6.737    6.737  1   34.889   34.889  1
  818.3  818.3  1    6.716    6.716  1   34.889   34.889  1
  819.9  819.9  1    6.710    6.710  1   34.890   34.890  1
  821.8  821.8  1    6.706    6.706  1   34.890   34.890  1
  823.9  823.9  1    6.698    6.698  1   34.890   34.890  1
  826.0  826.0  1    6.690    6.690  1   34.889   34.889  1
  827.9  827.9  1    6.676    6.676  1   34.889   34.889  1
  830.0  830.0  1    6.660    6.660  1   34.889   34.889  1
  832.0  832.0  1    6.654    6.654  1   34.889   34.889  1
  833.8  833.8  1    6.650    6.650  1   34.890   34.890  1
  836.1  836.1  1    6.629    6.629  1   34.888   34.888  1
  838.2  838.2  1    6.611    6.611  1   34.887   34.887  1
  840.2  840.2  1    6.592    6.592  1   34.888   34.888  1
  842.2  842.2  1    6.587    6.587  1   34.887   34.887  1
  843.9  843.9  1    6.583    6.583  1   34.886   34.886  1
  845.9  845.9  1    6.563    6.563  1   34.886   34.886  1
  848.0  848.0  1    6.538    6.538  1   34.884   34.884  1
  850.1  850.1  1    6.534    6.534  1   34.883   34.883  1
  851.9  851.9  1    6.530    6.530  1   34.884   34.884  1
  853.8  853.8  1    6.525    6.525  1   34.884   34.884  1
  855.8  855.8  1    6.518    6.518  1   34.884   34.884  1
  857.8  857.8  1    6.515    6.515  1   34.886   34.886  1
  859.9  859.9  1    6.516    6.516  1   34.886   34.886  1
  862.1  862.1  1    6.516    6.516  1   34.887   34.887  1
  864.0  864.0  1    6.514    6.514  1   34.887   34.887  1
  865.9  865.9  1    6.493    6.493  1   34.887   34.887  1
  868.1  868.1  1    6.477    6.477  1   34.887   34.887  1
  870.0  870.0  1    6.461    6.461  1   34.887   34.887  1
  872.0  872.0  1    6.451    6.451  1   34.889   34.889  1
  874.3  874.3  1    6.446    6.446  1   34.892   34.892  1
  876.1  876.1  1    6.448    6.448  1   34.894   34.894  1
  878.0  878.0  1    6.454    6.454  1   34.897   34.897  1
  879.9  879.9  1    6.449    6.449  1   34.898   34.898  1
  882.0  882.0  1    6.446    6.446  1   34.899   34.899  1
  884.1  884.1  1    6.471    6.471  1   34.905   34.905  1
  886.0  886.0  1    6.511    6.511  1   34.918   34.918  1
  888.2  888.2  1    6.514    6.514  1   34.921   34.921  1
  890.1  890.1  1    6.515    6.515  1   34.923   34.923  1
  892.1  892.1  1    6.506    6.506  1   34.922   34.922  1
  894.1  894.1  1    6.462    6.462  1   34.921   34.921  1
  896.0  896.0  1    6.421    6.421  1   34.916   34.916  1
  897.9  897.9  1    6.402    6.402  1   34.915   34.915  1
  899.9  899.9  1    6.401    6.401  1   34.915   34.915  1
  902.0  902.0  1    6.407    6.407  1   34.916   34.916  1
  904.0  904.0  1    6.425    6.425  1   34.919   34.919  1
  905.8  905.8  1    6.427    6.427  1   34.923   34.923  1
  907.9  907.9  1    6.403    6.403  1   34.924   34.924  1
  910.0  910.0  1    6.387    6.387  1   34.925   34.925  1
  912.1  912.1  1    6.386    6.386  1   34.926   34.926  1
  914.2  914.2  1    6.364    6.364  1   34.926   34.926  1
  916.1  916.1  1    6.347    6.347  1   34.924   34.924  1
  917.8  917.8  1    6.342    6.342  1   34.924   34.924  1
  920.2  920.2  1    6.338    6.338  1   34.924   34.924  1
  921.9  921.9  1    6.344    6.344  1   34.925   34.925  1
  923.8  923.8  1    6.330    6.330  1   34.927   34.927  1
  925.9  925.9  1    6.300    6.300  1   34.923   34.923  1
  928.1  928.1  1    6.275    6.275  1   34.920   34.920  1
  930.2  930.2  1    6.268    6.268  1   34.921   34.921  1
  931.7  931.7  1    6.272    6.272  1   34.926   34.926  1
  934.0  934.0  1    6.252    6.252  1   34.925   34.925  1
  936.0  936.0  1    6.237    6.237  1   34.923   34.923  1
  938.3  938.3  1    6.246    6.246  1   34.925   34.925  1
  939.6  939.6  1    6.245    6.245  1   34.926   34.926  1
  941.8  941.8  1    6.228    6.228  1   34.925   34.925  1
  943.9  943.9  1    6.194    6.194  1   34.922   34.922  1
  946.3  946.3  1    6.181    6.181  1   34.919   34.919  1
  948.1  948.1  1    6.159    6.159  1   34.918   34.918  1
  950.1  950.1  1    6.142    6.142  1   34.916   34.916  1
  952.2  952.2  1    6.142    6.142  1   34.915   34.915  1
  953.9  953.9  1    6.142    6.142  1   34.915   34.915  1
  956.0  956.0  1    6.144    6.144  1   34.916   34.916  1
  958.2  958.2  1    6.156    6.156  1   34.919   34.919  1
  960.0  960.0  1    6.172    6.172  1   34.924   34.924  1
  962.2  962.2  1    6.172    6.172  1   34.925   34.925  1
  963.8  963.8  1    6.178    6.178  1   34.926   34.926  1
  965.9  965.9  1    6.193    6.193  1   34.930   34.930  1
  967.8  967.8  1    6.196    6.196  1   34.931   34.931  1
  969.7  969.7  1    6.197    6.197  1   34.933   34.933  1
  972.1  972.1  1    6.194    6.194  1   34.933   34.933  1
  974.1  974.1  1    6.186    6.186  1   34.934   34.934  1
  976.0  976.0  1    6.180    6.180  1   34.934   34.934  1
  977.9  977.9  1    6.170    6.170  1   34.935   34.935  1
  980.0  980.0  1    6.149    6.149  1   34.935   34.935  1
  982.0  982.0  1    6.159    6.159  1   34.935   34.935  1
  983.9  983.9  1    6.152    6.152  1   34.939   34.939  1
  985.9  985.9  1    6.130    6.130  1   34.940   34.940  1
  988.0  988.0  1    6.110    6.110  1   34.940   34.940  1
  990.0  990.0  1    6.107    6.107  1   34.941   34.941  1
  992.1  992.1  1    6.101    6.101  1   34.942   34.942  1
  994.1  994.1  1    6.092    6.092  1   34.943   34.943  1
  996.0  996.0  1    6.089    6.089  1   34.943   34.943  1
  998.2  998.2  1    6.085    6.085  1   34.944   34.944  1
 1000.0 1000.0  1    6.068    6.068  1   34.948   34.948  1
 1002.0 1002.0  1    6.058    6.058  1   34.948   34.948  1
 1004.0 1004.0  1    6.054    6.054  1   34.948   34.948  1
 1006.1 1006.1  1    6.044    6.044  1   34.947   34.947  1
 1007.9 1007.9  1    6.040    6.040  1   34.949   34.949  1
 1009.9 1009.9  1    6.037    6.037  1   34.949   34.949  1
 1011.8 1011.8  1    6.027    6.027  1   34.948   34.948  1
 1013.8 1013.8  1    6.020    6.020  1   34.948   34.948  1
 1016.1 1016.1  1    6.014    6.014  1   34.948   34.948  1
 1018.1 1018.1  1    6.010    6.010  1   34.949   34.949  1
 1020.0 1020.0  1    6.009    6.009  1   34.949   34.949  1
 1022.0 1022.0  1    6.007    6.007  1   34.950   34.950  1
 1024.0 1024.0  1    6.007    6.007  1   34.950   34.950  1
 1026.0 1026.0  1    6.007    6.007  1   34.950   34.950  1
 1028.2 1028.2  1    6.003    6.003  1   34.953   34.953  1
 1030.0 1030.0  1    5.999    5.999  1   34.953   34.953  1
 1032.0 1032.0  1    5.999    5.999  1   34.954   34.954  1
 1034.0 1034.0  1    5.999    5.999  1   34.955   34.955  1
 1035.9 1035.9  1    5.996    5.996  1   34.957   34.957  1
 1038.1 1038.1  1    5.983    5.983  1   34.959   34.959  1
 1039.9 1039.9  1    5.976    5.976  1   34.959   34.959  1
 1042.1 1042.1  1    5.969    5.969  1   34.960   34.960  1
 1044.1 1044.1  1    5.963    5.963  1   34.961   34.961  1
 1046.2 1046.2  1    5.950    5.950  1   34.963   34.963  1
 1048.0 1048.0  1    5.941    5.941  1   34.964   34.964  1
 1050.1 1050.1  1    5.927    5.927  1   34.964   34.964  1
 1052.0 1052.0  1    5.922    5.922  1   34.965   34.965  1
 1054.0 1054.0  1    5.919    5.919  1   34.965   34.965  1
 1056.0 1056.0  1    5.917    5.917  1   34.965   34.965  1
 1058.0 1058.0  1    5.910    5.910  1   34.966   34.966  1
 1060.0 1060.0  1    5.896    5.896  1   34.968   34.968  1
 1062.1 1062.1  1    5.885    5.885  1   34.969   34.969  1
 1064.0 1064.0  1    5.876    5.876  1   34.969   34.969  1
 1066.0 1066.0  1    5.866    5.866  1   34.971   34.971  1
 1068.1 1068.1  1    5.863    5.863  1   34.971   34.971  1
 1070.2 1070.2  1    5.859    5.859  1   34.971   34.971  1
 1072.0 1072.0  1    5.849    5.849  1   34.971   34.971  1
 1074.1 1074.1  1    5.846    5.846  1   34.970   34.970  1
 1076.0 1076.0  1    5.846    5.846  1   34.970   34.970  1
 1077.8 1077.8  1    5.838    5.838  1   34.971   34.971  1
 1079.8 1079.8  1    5.815    5.815  1   34.970   34.970  1
 1082.0 1082.0  1    5.812    5.812  1   34.971   34.971  1
 1084.0 1084.0  1    5.809    5.809  1   34.973   34.973  1
 1086.0 1086.0  1    5.812    5.812  1   34.975   34.975  1
 1088.0 1088.0  1    5.809    5.809  1   34.976   34.976  1
 1090.2 1090.2  1    5.803    5.803  1   34.977   34.977  1
 1091.9 1091.9  1    5.798    5.798  1   34.978   34.978  1
 1094.1 1094.1  1    5.788    5.788  1   34.979   34.979  1
 1095.9 1095.9  1    5.781    5.781  1   34.979   34.979  1
 1097.9 1097.9  1    5.771    5.771  1   34.981   34.981  1
 1100.0 1100.0  1    5.764    5.764  1   34.982   34.982  1
 1102.0 1102.0  1    5.754    5.754  1   34.983   34.983  1
 1103.8 1103.8  1    5.738    5.738  1   34.982   34.982  1
 1105.9 1105.9  1    5.732    5.732  1   34.981   34.981  1
 1108.0 1108.0  1    5.728    5.728  1   34.982   34.982  1
 1110.0 1110.0  1    5.725    5.725  1   34.982   34.982  1
 1111.9 1111.9  1    5.715    5.715  1   34.982   34.982  1
 1113.8 1113.8  1    5.715    5.715  1   34.982   34.982  1
 1115.6 1115.6  1    5.700    5.700  1   34.983   34.983  1
 1117.7 1117.7  1    5.696    5.696  1   34.981   34.981  1
 1120.0 1120.0  1    5.697    5.697  1   34.981   34.981  1
 1121.9 1121.9  1    5.701    5.701  1   34.982   34.982  1
 1124.0 1124.0  1    5.694    5.694  1   34.985   34.985  1
 1126.2 1126.2  1    5.676    5.676  1   34.985   34.985  1
 1127.8 1127.8  1    5.671    5.671  1   34.985   34.985  1
 1129.9 1129.9  1    5.672    5.672  1   34.986   34.986  1
 1132.1 1132.1  1    5.672    5.672  1   34.987   34.987  1
 1134.0 1134.0  1    5.670    5.670  1   34.988   34.988  1
 1135.9 1135.9  1    5.664    5.664  1   34.989   34.989  1
 1138.0 1138.0  1    5.663    5.663  1   34.989   34.989  1
 1139.9 1139.9  1    5.661    5.661  1   34.989   34.989  1
 1142.0 1142.0  1    5.652    5.652  1   34.990   34.990  1
 1144.1 1144.1  1    5.640    5.640  1   34.991   34.991  1
 1146.1 1146.1  1    5.631    5.631  1   34.992   34.992  1
 1148.2 1148.2  1    5.623    5.623  1   34.993   34.993  1
 1149.9 1149.9  1    5.610    5.610  1   34.995   34.995  1
 1151.9 1151.9  1    5.600    5.600  1   34.996   34.996  1
 1154.0 1154.0  1    5.595    5.595  1   34.997   34.997  1
 1156.2 1156.2  1    5.592    5.592  1   34.997   34.997  1
 1158.0 1158.0  1    5.591    5.591  1   34.997   34.997  1
 1159.7 1159.7  1    5.590    5.590  1   34.997   34.997  1
 1162.0 1162.0  1    5.587    5.587  1   34.996   34.996  1
 1163.8 1163.8  1    5.584    5.584  1   34.996   34.996  1
 1165.9 1165.9  1    5.581    5.581  1   34.996   34.996  1
 1168.0 1168.0  1    5.578    5.578  1   34.997   34.997  1
 1170.0 1170.0  1    5.571    5.571  1   34.997   34.997  1
 1172.0 1172.0  1    5.563    5.563  1   34.998   34.998  1
 1174.1 1174.1  1    5.556    5.556  1   34.998   34.998  1
 1176.2 1176.2  1    5.554    5.554  1   34.998   34.998  1
 1178.0 1178.0  1    5.545    5.545  1   34.999   34.999  1
 1180.1 1180.1  1    5.527    5.527  1   35.000   35.000  1
 1182.0 1182.0  1    5.517    5.517  1   35.000   35.000  1
 1184.1 1184.1  1    5.511    5.511  1   34.999   34.999  1
 1186.0 1186.0  1    5.504    5.504  1   35.001   35.001  1
 1187.9 1187.9  1    5.495    5.495  1   35.002   35.002  1
 1190.2 1190.2  1    5.481    5.481  1   35.002   35.002  1
 1192.1 1192.1  1    5.478    5.478  1   35.003   35.003  1
 1193.8 1193.8  1    5.459    5.459  1   35.002   35.002  1
 1195.9 1195.9  1    5.445    5.445  1   35.000   35.000  1
 1198.0 1198.0  1    5.427    5.427  1   35.000   35.000  1
 1200.1 1200.1  1    5.388    5.388  1   34.997   34.997  1
 1202.0 1202.0  1    5.385    5.385  1   34.997   34.997  1
 1204.0 1204.0  1    5.379    5.379  1   34.998   34.998  1
 1206.2 1206.2  1    5.358    5.358  1   34.996   34.996  1
 1208.0 1208.0  1    5.351    5.351  1   34.996   34.996  1
 1210.0 1210.0  1    5.330    5.330  1   34.997   34.997  1
 1212.1 1212.1  1    5.321    5.321  1   34.998   34.998  1
 1214.0 1214.0  1    5.324    5.324  1   35.000   35.000  1
 1215.8 1215.8  1    5.320    5.320  1   35.002   35.002  1
 1218.0 1218.0  1    5.317    5.317  1   35.003   35.003  1
 1220.0 1220.0  1    5.311    5.311  1   35.004   35.004  1
 1222.2 1222.2  1    5.304    5.304  1   35.004   35.004  1
 1223.8 1223.8  1    5.298    5.298  1   35.005   35.005  1
 1226.0 1226.0  1    5.294    5.294  1   35.005   35.005  1
 1228.0 1228.0  1    5.282    5.282  1   35.005   35.005  1
 1230.2 1230.2  1    5.281    5.281  1   35.005   35.005  1
 1232.0 1232.0  1    5.269    5.269  1   35.006   35.006  1
 1234.4 1234.4  1    5.256    5.256  1   35.006   35.006  1
 1236.0 1236.0  1    5.253    5.253  1   35.006   35.006  1
 1237.9 1237.9  1    5.251    5.251  1   35.006   35.006  1
 1240.0 1240.0  1    5.248    5.248  1   35.006   35.006  1
 1242.2 1242.2  1    5.242    5.242  1   35.007   35.007  1
 1244.2 1244.2  1    5.230    5.230  1   35.009   35.009  1
 1246.0 1246.0  1    5.218    5.218  1   35.009   35.009  1
 1247.8 1247.8  1    5.213    5.213  1   35.009   35.009  1
 1249.9 1249.9  1    5.204    5.204  1   35.009   35.009  1
 1252.0 1252.0  1    5.201    5.201  1   35.009   35.009  1
 1253.9 1253.9  1    5.192    5.192  1   35.010   35.010  1
 1256.0 1256.0  1    5.187    5.187  1   35.009   35.009  1
 1257.8 1257.8  1    5.181    5.181  1   35.010   35.010  1
 1260.1 1260.1  1    5.170    5.170  1   35.011   35.011  1
 1262.0 1262.0  1    5.166    5.166  1   35.011   35.011  1
 1264.0 1264.0  1    5.160    5.160  1   35.012   35.012  1
 1265.9 1265.9  1    5.154    5.154  1   35.012   35.012  1
 1268.1 1268.1  1    5.144    5.144  1   35.012   35.012  1
 1270.3 1270.3  1    5.132    5.132  1   35.013   35.013  1
 1272.0 1272.0  1    5.125    5.125  1   35.012   35.012  1
 1273.8 1273.8  1    5.122    5.122  1   35.012   35.012  1
 1276.0 1276.0  1    5.118    5.118  1   35.012   35.012  1
 1277.6 1277.6  1    5.116    5.116  1   35.012   35.012  1
 1280.0 1280.0  1    5.114    5.114  1   35.011   35.011  1
 1282.0 1282.0  1    5.113    5.113  1   35.011   35.011  1
 1284.2 1284.2  1    5.103    5.103  1   35.013   35.013  1
 1286.1 1286.1  1    5.077    5.077  1   35.014   35.014  1
 1287.9 1287.9  1    5.064    5.064  1   35.014   35.014  1
 1290.0 1290.0  1    5.060    5.060  1   35.013   35.013  1
 1291.9 1291.9  1    5.055    5.055  1   35.013   35.013  1
 1294.2 1294.2  1    5.046    5.046  1   35.013   35.013  1
 1295.8 1295.8  1    5.043    5.043  1   35.013   35.013  1
 1298.4 1298.4  1    5.043    5.043  1   35.012   35.012  1
 1300.1 1300.1  1    5.041    5.041  1   35.012   35.012  1
 1301.9 1301.9  1    5.029    5.029  1   35.011   35.011  1
 1303.9 1303.9  1    5.024    5.024  1   35.011   35.011  1
 1306.1 1306.1  1    5.014    5.014  1   35.011   35.011  1
 1308.0 1308.0  1    5.002    5.002  1   35.011   35.011  1
 1310.2 1310.2  1    4.999    4.999  1   35.011   35.011  1
 1312.0 1312.0  1    4.990    4.990  1   35.012   35.012  1
 1314.0 1314.0  1    4.984    4.984  1   35.012   35.012  1
 1316.0 1316.0  1    4.975    4.975  1   35.012   35.012  1
 1318.1 1318.1  1    4.969    4.969  1   35.013   35.013  1
 1320.0 1320.0  1    4.963    4.963  1   35.013   35.013  1
 1322.1 1322.1  1    4.957    4.957  1   35.013   35.013  1
 1324.0 1324.0  1    4.947    4.947  1   35.014   35.014  1
 1326.2 1326.2  1    4.941    4.941  1   35.014   35.014  1
 1327.8 1327.8  1    4.940    4.940  1   35.014   35.014  1
 1330.1 1330.1  1    4.940    4.940  1   35.014   35.014  1
 1331.9 1331.9  1    4.940    4.940  1   35.014   35.014  1
 1334.0 1334.0  1    4.938    4.938  1   35.014   35.014  1
 1335.9 1335.9  1    4.936    4.936  1   35.014   35.014  1
 1337.9 1337.9  1    4.929    4.929  1   35.016   35.016  1
 1340.1 1340.1  1    4.927    4.927  1   35.018   35.018  1
 1342.0 1342.0  1    4.923    4.923  1   35.019   35.019  1
 1344.1 1344.1  1    4.911    4.911  1   35.018   35.018  1
 1346.0 1346.0  1    4.903    4.903  1   35.017   35.017  1
 1347.9 1347.9  1    4.903    4.903  1   35.018   35.018  1
 1349.9 1349.9  1    4.903    4.903  1   35.018   35.018  1
 1352.1 1352.1  1    4.903    4.903  1   35.018   35.018  1
 1354.2 1354.2  1    4.903    4.903  1   35.018   35.018  1
 1355.8 1355.8  1    4.903    4.903  1   35.019   35.019  1
 1358.0 1358.0  1    4.901    4.901  1   35.019   35.019  1
 1359.8 1359.8  1    4.898    4.898  1   35.019   35.019  1
 1362.0 1362.0  1    4.885    4.885  1   35.018   35.018  1
 1363.8 1363.8  1    4.871    4.871  1   35.017   35.017  1
 1366.0 1366.0  1    4.859    4.859  1   35.015   35.015  1
 1368.1 1368.1  1    4.849    4.849  1   35.014   35.014  1
 1370.2 1370.2  1    4.842    4.842  1   35.013   35.013  1
 1372.0 1372.0  1    4.839    4.839  1   35.013   35.013  1
 1373.7 1373.7  1    4.836    4.836  1   35.013   35.013  1
 1375.9 1375.9  1    4.827    4.827  1   35.012   35.012  1
 1378.0 1378.0  1    4.832    4.832  1   35.016   35.016  1
 1379.8 1379.8  1    4.831    4.831  1   35.016   35.016  1
 1382.0 1382.0  1    4.814    4.814  1   35.014   35.014  1
 1383.9 1383.9  1    4.793    4.793  1   35.013   35.013  1
 1386.1 1386.1  1    4.779    4.779  1   35.011   35.011  1
 1388.0 1388.0  1    4.774    4.774  1   35.011   35.011  1
 1390.1 1390.1  1    4.768    4.768  1   35.010   35.010  1
 1391.6 1391.6  1    4.761    4.761  1   35.010   35.010  1
 1394.0 1394.0  1    4.752    4.752  1   35.009   35.009  1
 1396.2 1396.2  1    4.747    4.747  1   35.009   35.009  1
 1398.0 1398.0  1    4.742    4.742  1   35.009   35.009  1
 1400.0 1400.0  1    4.740    4.740  1   35.008   35.008  1
 1401.9 1401.9  1    4.736    4.736  1   35.009   35.009  1
 1404.0 1404.0  1    4.732    4.732  1   35.009   35.009  1
 1406.0 1406.0  1    4.731    4.731  1   35.009   35.009  1
 1407.9 1407.9  1    4.732    4.732  1   35.010   35.010  1
 1410.2 1410.2  1    4.733    4.733  1   35.010   35.010  1
 1412.0 1412.0  1    4.730    4.730  1   35.010   35.010  1
 1414.2 1414.2  1    4.718    4.718  1   35.011   35.011  1
 1416.2 1416.2  1    4.711    4.711  1   35.011   35.011  1
 1417.9 1417.9  1    4.722    4.722  1   35.018   35.018  1
 1420.2 1420.2  1    4.721    4.721  1   35.018   35.018  1
 1422.2 1422.2  1    4.720    4.720  1   35.018   35.018  1
 1424.0 1424.0  1    4.718    4.718  1   35.018   35.018  1
 1425.3 1425.3  1    4.718    4.718  1   35.018   35.018  1
 1427.9 1427.9  1    4.715    4.715  1   35.017   35.017  1
 1429.8 1429.8  1    4.711    4.711  1   35.017   35.017  1
 1432.1 1432.1  1    4.703    4.703  1   35.018   35.018  1
 1434.1 1434.1  1    4.700    4.700  1   35.017   35.017  1
 1435.8 1435.8  1    4.698    4.698  1   35.017   35.017  1
 1437.9 1437.9  1    4.693    4.693  1   35.017   35.017  1
 1440.2 1440.2  1    4.688    4.688  1   35.016   35.016  1
 1442.0 1442.0  1    4.686    4.686  1   35.016   35.016  1
 1444.0 1444.0  1    4.681    4.681  1   35.016   35.016  1
 1446.1 1446.1  1    4.678    4.678  1   35.016   35.016  1
 1447.9 1447.9  1    4.677    4.677  1   35.016   35.016  1
 1450.0 1450.0  1    4.677    4.677  1   35.016   35.016  1
 1452.1 1452.1  1    4.671    4.671  1   35.017   35.017  1
 1453.4 1453.4  1    4.665    4.665  1   35.017   35.017  1
 1456.0 1456.0  1    4.657    4.657  1   35.017   35.017  1
 1458.1 1458.1  1    4.654    4.654  1   35.017   35.017  1
 1459.8 1459.8  1    4.653    4.653  1   35.016   35.016  1
 1462.2 1462.2  1    4.649    4.649  1   35.016   35.016  1
 1463.8 1463.8  1    4.642    4.642  1   35.017   35.017  1
 1465.8 1465.8  1    4.635    4.635  1   35.017   35.017  1
 1468.0 1468.0  1    4.627    4.627  1   35.017   35.017  1
 1470.1 1470.1  1    4.617    4.617  1   35.017   35.017  1
 1472.0 1472.0  1    4.616    4.616  1   35.017   35.017  1
 1473.9 1473.9  1    4.600    4.600  1   35.017   35.017  1
 1475.8 1475.8  1    4.597    4.597  1   35.017   35.017  1
 1478.3 1478.3  1    4.592    4.592  1   35.017   35.017  1
 1479.9 1479.9  1    4.579    4.579  1   35.017   35.017  1
 1482.2 1482.2  1    4.576    4.576  1   35.016   35.016  1
 1483.8 1483.8  1    4.572    4.572  1   35.016   35.016  1
 1485.8 1485.8  1    4.564    4.564  1   35.017   35.017  1
 1487.9 1487.9  1    4.561    4.561  1   35.016   35.016  1
 1489.8 1489.8  1    4.558    4.558  1   35.017   35.017  1
 1492.0 1492.0  1    4.553    4.553  1   35.016   35.016  1
 1494.2 1494.2  1    4.539    4.539  1   35.018   35.018  1
 1495.7 1495.7  1    4.537    4.537  1   35.018   35.018  1
 1498.3 1498.3  1    4.528    4.528  1   35.018   35.018  1
 1500.0 1500.0  1    4.523    4.523  1   35.018   35.018  1
 1502.2 1502.2  1    4.511    4.511  1   35.018   35.018  1
 1504.6 1504.6  1    4.496    4.496  1   35.017   35.017  1
 1506.0 1506.0  1    4.495    4.495  1   35.016   35.016  1
 1507.6 1507.6  1    4.494    4.494  1   35.016   35.016  1
 1509.9 1509.9  1    4.493    4.493  1   35.015   35.015  1
 1512.2 1512.2  1    4.485    4.485  1   35.014   35.014  1
 1514.2 1514.2  1    4.467    4.467  1   35.012   35.012  1
 1516.2 1516.2  1    4.428    4.428  1   35.008   35.008  1
 1517.8 1517.8  1    4.418    4.418  1   35.006   35.006  1
 1520.2 1520.2  1    4.408    4.408  1   35.006   35.006  1
 1521.7 1521.7  1    4.401    4.401  1   35.005   35.005  1
 1523.8 1523.8  1    4.397    4.397  1   35.005   35.005  1
 1525.9 1525.9  1    4.394    4.394  1   35.006   35.006  1
 1528.0 1528.0  1    4.386    4.386  1   35.006   35.006  1
 1529.9 1529.9  1    4.380    4.380  1   35.005   35.005  1
 1532.0 1532.0  1    4.377    4.377  1   35.005   35.005  1
 1534.2 1534.2  1    4.374    4.374  1   35.005   35.005  1
 1536.0 1536.0  1    4.369    4.369  1   35.005   35.005  1
 1538.0 1538.0  1    4.367    4.367  1   35.005   35.005  1
 1539.8 1539.8  1    4.364    4.364  1   35.005   35.005  1
 1542.0 1542.0  1    4.360    4.360  1   35.005   35.005  1
 1543.5 1543.5  1    4.357    4.357  1   35.005   35.005  1
 1545.9 1545.9  1    4.354    4.354  1   35.005   35.005  1
 1548.1 1548.1  1    4.348    4.348  1   35.005   35.005  1
 1549.8 1549.8  1    4.342    4.342  1   35.005   35.005  1
 1551.9 1551.9  1    4.339    4.339  1   35.005   35.005  1
 1554.1 1554.1  1    4.337    4.337  1   35.005   35.005  1
 1555.8 1555.8  1    4.329    4.329  1   35.005   35.005  1
 1557.8 1557.8  1    4.321    4.321  1   35.005   35.005  1
 1559.8 1559.8  1    4.317    4.317  1   35.004   35.004  1
 1562.0 1562.0  1    4.314    4.314  1   35.004   35.004  1
 1563.8 1563.8  1    4.303    4.303  1   35.005   35.005  1
 1566.0 1566.0  1    4.301    4.301  1   35.004   35.004  1
 1568.1 1568.1  1    4.299    4.299  1   35.004   35.004  1
 1570.1 1570.1  1    4.296    4.296  1   35.004   35.004  1
 1572.0 1572.0  1    4.290    4.290  1   35.004   35.004  1
 1573.8 1573.8  1    4.281    4.281  1   35.005   35.005  1
 1576.2 1576.2  1    4.272    4.272  1   35.004   35.004  1
 1578.1 1578.1  1    4.268    4.268  1   35.004   35.004  1
 1580.1 1580.1  1    4.262    4.262  1   35.004   35.004  1
 1581.8 1581.8  1    4.260    4.260  1   35.004   35.004  1
 1583.9 1583.9  1    4.257    4.257  1   35.004   35.004  1
 1586.0 1586.0  1    4.248    4.248  1   35.004   35.004  1
 1587.9 1587.9  1    4.245    4.245  1   35.004   35.004  1
 1589.7 1589.7  1    4.244    4.244  1   35.003   35.003  1
 1592.1 1592.1  1    4.242    4.242  1   35.003   35.003  1
 1593.9 1593.9  1    4.238    4.238  1   35.004   35.004  1
 1596.1 1596.1  1    4.236    4.236  1   35.003   35.003  1
 1598.0 1598.0  1    4.234    4.234  1   35.003   35.003  1
 1600.1 1600.1  1    4.229    4.229  1   35.003   35.003  1
 1601.9 1601.9  1    4.226    4.226  1   35.003   35.003  1
 1603.8 1603.8  1    4.222    4.222  1   35.003   35.003  1
 1606.1 1606.1  1    4.220    4.220  1   35.003   35.003  1
 1608.0 1608.0  1    4.218    4.218  1   35.003   35.003  1
 1610.0 1610.0  1    4.216    4.216  1   35.004   35.004  1
 1612.0 1612.0  1    4.211    4.211  1   35.004   35.004  1
 1613.8 1613.8  1    4.204    4.204  1   35.004   35.004  1
 1615.8 1615.8  1    4.203    4.203  1   35.004   35.004  1
 1618.0 1618.0  1    4.200    4.200  1   35.003   35.003  1
 1620.0 1620.0  1    4.187    4.187  1   35.004   35.004  1
 1622.1 1622.1  1    4.180    4.180  1   35.003   35.003  1
 1624.0 1624.0  1    4.175    4.175  1   35.003   35.003  1
 1626.0 1626.0  1    4.172    4.172  1   35.003   35.003  1
 1628.2 1628.2  1    4.169    4.169  1   35.003   35.003  1
 1630.3 1630.3  1    4.167    4.167  1   35.003   35.003  1
 1632.4 1632.4  1    4.166    4.166  1   35.003   35.003  1
 1634.1 1634.1  1    4.165    4.165  1   35.003   35.003  1
 1636.3 1636.3  1    4.164    4.164  1   35.003   35.003  1
 1637.9 1637.9  1    4.161    4.161  1   35.003   35.003  1
 1639.7 1639.7  1    4.158    4.158  1   35.003   35.003  1
 1642.2 1642.2  1    4.154    4.154  1   35.003   35.003  1
 1643.9 1643.9  1    4.148    4.148  1   35.003   35.003  1
 1645.8 1645.8  1    4.137    4.137  1   35.002   35.002  1
 1648.2 1648.2  1    4.129    4.129  1   35.002   35.002  1
 1650.0 1650.0  1    4.112    4.112  1   35.002   35.002  1
 1652.0 1652.0  1    4.097    4.097  1   35.002   35.002  1
 1654.2 1654.2  1    4.085    4.085  1   35.002   35.002  1
 1655.8 1655.8  1    4.078    4.078  1   35.002   35.002  1
 1658.0 1658.0  1    4.076    4.076  1   35.002   35.002  1
 1659.8 1659.8  1    4.075    4.075  1   35.002   35.002  1
 1662.0 1662.0  1    4.068    4.068  1   35.002   35.002  1
 1663.9 1663.9  1    4.062    4.062  1   35.002   35.002  1
 1666.1 1666.1  1    4.054    4.054  1   35.002   35.002  1
 1668.0 1668.0  1    4.049    4.049  1   35.002   35.002  1
 1669.7 1669.7  1    4.046    4.046  1   35.001   35.001  1
 1671.8 1671.8  1    4.041    4.041  1   35.001   35.001  1
 1674.2 1674.2  1    4.033    4.033  1   35.001   35.001  1
 1676.0 1676.0  1    4.030    4.030  1   35.001   35.001  1
 1678.1 1678.1  1    4.028    4.028  1   35.001   35.001  1
 1680.1 1680.1  1    4.027    4.027  1   35.001   35.001  1
 1681.8 1681.8  1    4.026    4.026  1   35.001   35.001  1
 1684.2 1684.2  1    4.025    4.025  1   35.001   35.001  1
 1685.8 1685.8  1    4.022    4.022  1   35.001   35.001  1
 1688.2 1688.2  1    4.019    4.019  1   35.001   35.001  1
 1690.0 1690.0  1    4.016    4.016  1   35.000   35.000  1
 1692.1 1692.1  1    4.014    4.014  1   35.000   35.000  1
 1694.0 1694.0  1    4.014    4.014  1   35.000   35.000  1
 1695.9 1695.9  1    4.012    4.012  1   35.000   35.000  1
 1698.0 1698.0  1    4.012    4.012  1   35.000   35.000  1
 1700.2 1700.2  1    4.011    4.011  1   35.000   35.000  1
 1702.0 1702.0  1    4.009    4.009  1   35.000   35.000  1
 1704.2 1704.2  1    4.001    4.001  1   35.000   35.000  1
 1706.0 1706.0  1    3.991    3.991  1   35.000   35.000  1
 1708.2 1708.2  1    3.988    3.988  1   35.000   35.000  1
 1709.9 1709.9  1    3.987    3.987  1   35.001   35.001  1
 1712.0 1712.0  1    3.984    3.984  1   35.001   35.001  1
 1713.6 1713.6  1    3.975    3.975  1   35.001   35.001  1
 1716.0 1716.0  1    3.969    3.969  1   35.000   35.000  1
 1717.8 1717.8  1    3.965    3.965  1   35.000   35.000  1
 1719.9 1719.9  1    3.960    3.960  1   35.000   35.000  1
 1722.0 1722.0  1    3.958    3.958  1   34.999   34.999  1
 1723.7 1723.7  1    3.956    3.956  1   34.999   34.999  1
 1725.8 1725.8  1    3.952    3.952  1   34.999   34.999  1
 1728.0 1728.0  1    3.949    3.949  1   34.999   34.999  1
 1730.1 1730.1  1    3.948    3.948  1   34.999   34.999  1
 1731.8 1731.8  1    3.948    3.948  1   35.000   35.000  1
 1734.5 1734.5  1    3.946    3.946  1   34.999   34.999  1
 1736.1 1736.1  1    3.941    3.941  1   34.999   34.999  1
 1738.2 1738.2  1    3.940    3.940  1   34.999   34.999  1
 1739.8 1739.8  1    3.936    3.936  1   35.000   35.000  1
 1742.0 1742.0  1    3.931    3.931  1   34.999   34.999  1
 1744.1 1744.1  1    3.928    3.928  1   34.999   34.999  1
 1746.3 1746.3  1    3.926    3.926  1   34.999   34.999  1
 1748.2 1748.2  1    3.925    3.925  1   34.999   34.999  1
 1750.0 1750.0  1    3.924    3.924  1   34.999   34.999  1
 1751.9 1751.9  1    3.920    3.920  1   34.999   34.999  1
 1754.2 1754.2  1    3.918    3.918  1   34.998   34.998  1
 1756.0 1756.0  1    3.917    3.917  1   34.998   34.998  1
 1757.8 1757.8  1    3.916    3.916  1   34.998   34.998  1
 1760.1 1760.1  1    3.911    3.911  1   34.998   34.998  1
 1762.2 1762.2  1    3.907    3.907  1   34.998   34.998  1
 1763.8 1763.8  1    3.905    3.905  1   34.998   34.998  1
 1765.6 1765.6  1    3.898    3.898  1   34.998   34.998  1
 1768.0 1768.0  1    3.892    3.892  1   34.998   34.998  1
 1769.8 1769.8  1    3.891    3.891  1   34.998   34.998  1
 1772.0 1772.0  1    3.890    3.890  1   34.998   34.998  1
 1773.9 1773.9  1    3.888    3.888  1   34.998   34.998  1
 1776.2 1776.2  1    3.887    3.887  1   34.997   34.997  1
 1777.9 1777.9  1    3.886    3.886  1   34.997   34.997  1
 1780.0 1780.0  1    3.885    3.885  1   34.997   34.997  1
 1782.0 1782.0  1    3.884    3.884  1   34.997   34.997  1
 1784.2 1784.2  1    3.880    3.880  1   34.997   34.997  1
 1786.0 1786.0  1    3.876    3.876  1   34.997   34.997  1
 1788.2 1788.2  1    3.874    3.874  1   34.997   34.997  1
 1790.2 1790.2  1    3.872    3.872  1   34.997   34.997  1
 1791.9 1791.9  1    3.870    3.870  1   34.998   34.998  1
 1793.8 1793.8  1    3.868    3.868  1   34.998   34.998  1
 1795.8 1795.8  1    3.866    3.866  1   34.998   34.998  1
 1798.2 1798.2  1    3.863    3.863  1   34.998   34.998  1
 1800.1 1800.1  1    3.862    3.862  1   34.998   34.998  1
 1801.6 1801.6  1    3.862    3.862  1   34.998   34.998  1
 1804.2 1804.2  1    3.861    3.861  1   34.997   34.997  1
 1806.0 1806.0  1    3.861    3.861  1   34.998   34.998  1
 1808.2 1808.2  1    3.859    3.859  1   34.998   34.998  1
 1810.0 1810.0  1    3.857    3.857  1   34.997   34.997  1
 1811.9 1811.9  1    3.854    3.854  1   34.997   34.997  1
 1814.2 1814.2  1    3.853    3.853  1   34.997   34.997  1
 1816.0 1816.0  1    3.850    3.850  1   34.997   34.997  1
 1817.8 1817.8  1    3.848    3.848  1   34.997   34.997  1
 1820.0 1820.0  1    3.847    3.847  1   34.996   34.996  1
 1821.9 1821.9  1    3.846    3.846  1   34.996   34.996  1
 1823.6 1823.6  1    3.843    3.843  1   34.996   34.996  1
 1826.0 1826.0  1    3.841    3.841  1   34.995   34.995  1
 1828.0 1828.0  1    3.841    3.841  1   34.995   34.995  1
 1830.1 1830.1  1    3.837    3.837  1   34.995   34.995  1
 1832.0 1832.0  1    3.835    3.835  1   34.995   34.995  1
 1833.8 1833.8  1    3.834    3.834  1   34.995   34.995  1
 1836.2 1836.2  1    3.834    3.834  1   34.995   34.995  1
 1838.3 1838.3  1    3.834    3.834  1   34.995   34.995  1
 1840.0 1840.0  1    3.832    3.832  1   34.995   34.995  1
 1842.0 1842.0  1    3.830    3.830  1   34.994   34.994  1
 1844.2 1844.2  1    3.828    3.828  1   34.994   34.994  1
 1846.0 1846.0  1    3.827    3.827  1   34.994   34.994  1
 1847.9 1847.9  1    3.826    3.826  1   34.994   34.994  1
 1850.0 1850.0  1    3.826    3.826  1   34.994   34.994  1
 1852.2 1852.2  1    3.826    3.826  1   34.994   34.994  1
 1854.0 1854.0  1    3.824    3.824  1   34.994   34.994  1
 1855.8 1855.8  1    3.822    3.822  1   34.994   34.994  1
 1858.0 1858.0  1    3.819    3.819  1   34.994   34.994  1
 1860.0 1860.0  1    3.816    3.816  1   34.994   34.994  1
 1862.2 1862.2  1    3.814    3.814  1   34.994   34.994  1
 1864.0 1864.0  1    3.808    3.808  1   34.994   34.994  1
 1866.4 1866.4  1    3.802    3.802  1   34.995   34.995  1
 1867.8 1867.8  1    3.801    3.801  1   34.995   34.995  1
 1870.0 1870.0  1    3.799    3.799  1   34.995   34.995  1
 1872.1 1872.1  1    3.792    3.792  1   34.996   34.996  1
 1874.1 1874.1  1    3.786    3.786  1   34.996   34.996  1
 1875.8 1875.8  1    3.782    3.782  1   34.996   34.996  1
 1878.0 1878.0  1    3.777    3.777  1   34.997   34.997  1
 1880.4 1880.4  1    3.776    3.776  1   34.996   34.996  1
 1882.0 1882.0  1    3.775    3.775  1   34.996   34.996  1
 1883.9 1883.9  1    3.773    3.773  1   34.996   34.996  1
 1886.2 1886.2  1    3.771    3.771  1   34.995   34.995  1
 1888.1 1888.1  1    3.770    3.770  1   34.995   34.995  1
 1890.3 1890.3  1    3.769    3.769  1   34.995   34.995  1
 1892.1 1892.1  1    3.766    3.766  1   34.995   34.995  1
 1893.8 1893.8  1    3.762    3.762  1   34.995   34.995  1
 1895.7 1895.7  1    3.754    3.754  1   34.995   34.995  1
 1898.2 1898.2  1    3.746    3.746  1   34.995   34.995  1
 1899.8 1899.8  1    3.746    3.746  1   34.994   34.994  1
 1901.8 1901.8  1    3.744    3.744  1   34.994   34.994  1
 1904.4 1904.4  1    3.743    3.743  1   34.993   34.993  1
 1906.0 1906.0  1    3.740    3.740  1   34.993   34.993  1
 1908.0 1908.0  1    3.734    3.734  1   34.993   34.993  1
 1910.3 1910.3  1    3.730    3.730  1   34.993   34.993  1
 1912.0 1912.0  1    3.727    3.727  1   34.992   34.992  1
 1913.9 1913.9  1    3.725    3.725  1   34.992   34.992  1
 1915.9 1915.9  1    3.721    3.721  1   34.992   34.992  1
 1917.8 1917.8  1    3.718    3.718  1   34.992   34.992  1
 1920.2 1920.2  1    3.715    3.715  1   34.992   34.992  1
 1922.0 1922.0  1    3.714    3.714  1   34.992   34.992  1
 1924.0 1924.0  1    3.713    3.713  1   34.992   34.992  1
 1926.3 1926.3  1    3.709    3.709  1   34.992   34.992  1
 1928.1 1928.1  1    3.705    3.705  1   34.992   34.992  1
 1930.3 1930.3  1    3.700    3.700  1   34.992   34.992  1
 1932.1 1932.1  1    3.698    3.698  1   34.991   34.991  1
 1933.8 1933.8  1    3.695    3.695  1   34.992   34.992  1
 1936.1 1936.1  1    3.694    3.694  1   34.992   34.992  1
 1938.0 1938.0  1    3.694    3.694  1   34.992   34.992  1
 1940.1 1940.1  1    3.691    3.691  1   34.992   34.992  1
 1941.8 1941.8  1    3.689    3.689  1   34.992   34.992  1
 1944.1 1944.1  1    3.687    3.687  1   34.992   34.992  1
 1945.6 1945.6  1    3.687    3.687  1   34.992   34.992  1
 1947.8 1947.8  1    3.685    3.685  1   34.992   34.992  1
 1949.5 1949.5  1    3.685    3.685  1   34.991   34.991  1
 1952.3 1952.3  1    3.683    3.683  1   34.991   34.991  1
 1953.6 1953.6  1    3.683    3.683  1   34.990   34.990  1
 1955.8 1955.8  1    3.678    3.678  1   34.990   34.990  1
 1958.1 1958.1  1    3.676    3.676  1   34.990   34.990  1
 1960.0 1960.0  1    3.673    3.673  1   34.989   34.989  1
 1962.1 1962.1  1    3.671    3.671  1   34.989   34.989  1
 1963.9 1963.9  1    3.670    3.670  1   34.989   34.989  1
 1966.0 1966.0  1    3.669    3.669  1   34.989   34.989  1
 1968.2 1968.2  1    3.666    3.666  1   34.989   34.989  1
 1970.3 1970.3  1    3.665    3.665  1   34.989   34.989  1
 1971.8 1971.8  1    3.664    3.664  1   34.989   34.989  1
 1974.4 1974.4  1    3.661    3.661  1   34.989   34.989  1
 1975.9 1975.9  1    3.658    3.658  1   34.989   34.989  1
 1978.0 1978.0  1    3.657    3.657  1   34.988   34.988  1
 1979.2 1979.2  1    3.656    3.656  1   34.988   34.988  1
 1982.0 1982.0  1    3.651    3.651  1   34.988   34.988  1
 1984.4 1984.4  1    3.651    3.651  1   34.988   34.988  1
 1986.0 1986.0  1    3.650    3.650  1   34.987   34.987  1
 1988.0 1988.0  1    3.649    3.649  1   34.987   34.987  1
 1990.1 1990.1  1    3.649    3.649  1   34.987   34.987  1
 1991.8 1991.8  1    3.647    3.647  1   34.987   34.987  1
 1994.3 1994.3  1    3.642    3.642  1   34.987   34.987  1
 1996.1 1996.1  1    3.634    3.634  1   34.987   34.987  1
 1998.0 1998.0  1    3.630    3.630  1   34.987   34.987  1
 2000.1 2000.1  1    3.628    3.628  1   34.986   34.986  1
 2001.9 2001.9  1    3.625    3.625  1   34.986   34.986  1
 2004.3 2004.3  1    3.619    3.619  1   34.986   34.986  1
 2005.8 2005.8  1    3.618    3.618  1   34.986   34.986  1
 2008.0 2008.0  1    3.615    3.615  1   34.986   34.986  1
 2009.8 2009.8  1    3.612    3.612  1   34.986   34.986  1
 2011.5 2011.5  1    3.610    3.610  1   34.986   34.986  1
 2014.0 2014.0  1    3.607    3.607  1   34.986   34.986  1
 2016.3 2016.3  1    3.604    3.604  1   34.986   34.986  1
 2018.0 2018.0  1    3.603    3.603  1   34.985   34.985  1
 2020.0 2020.0  1    3.599    3.599  1   34.985   34.985  1
 2022.0 2022.0  1    3.596    3.596  1   34.985   34.985  1
 2023.3 2023.3  1    3.594    3.594  1   34.984   34.984  1
