*SoftWare Version 3.0  2018/12/27

*HEADER
     PLATFORM NUMBER       :4903012
     CYCLE NUMBER          :029
     DATE CREATION         :20191211010104
     DATE UPDATE           :20191211010104
     PROJECT NAME          :US ARGO PROJECT
     PI NAME               :DEAN ROEMMICH
     INSTRUMENT TYPE       :SOLO_II
     FLOAT SERIAL NO       :8760
     FIRMWARE VERSION      :V02.60; SBE602 06Mar19
     WMO INSTRUMENT TYPE   :853
     TRANSMISSION SYSTEM   :IRIDIUM
     POSITIONING SYSTEM    :GPS
     SAMPLE DIRECTION      :A(A=Ascend; D=Descend)
     DATA MODE             :R(R=Real Time; D=Delayed Mode; A=Real Time Adjusted)
     JULIAN DAY            :25536.0301 (days since 1950-01-01 00:00:00 UTC)
     DATE                  :2019-12-01
     QC FLAG FOR DATE      :1
*LOCATION
     LATITUDE              :30.051  
     LONGITUDE             :-125.787
     QC FLAG FOR LOCATION  :1
*FILE
     COLUMN 1              :Pressure (dbar)                             F7.1
     COLUMN 2              :Corrected Pressure (dbar)                   F7.1
     COLUMN 3              :Quality on Pressure                         I3
     COLUMN 4              :Temperature (degree_Celsius)                F9.3
     COLUMN 5              :Corrected Temperature (degree_Celsius)      F9.3
     COLUMN 6              :Quality on Temperature                      I3
     COLUMN 7              :Salinity (PSU)                              F9.3
     COLUMN 8              :Corrected Salinity (PSU)                    F9.3
     COLUMN 9              :Quality on Salinity                         I3
==========================================================================
    1.2    1.2  1   18.987   18.987  1   33.931   33.931  1
    2.0    2.0  1   18.990   18.990  1   33.931   33.931  1
    3.0    3.0  1   18.990   18.990  1   33.932   33.932  1
    4.0    4.0  1   18.991   18.991  1   33.932   33.932  1
    5.0    5.0  1   18.991   18.991  1   33.931   33.931  1
    6.0    6.0  1   18.991   18.991  1   33.931   33.931  1
    7.0    7.0  1   18.992   18.992  1   33.931   33.931  1
    8.0    8.0  1   18.992   18.992  1   33.931   33.931  1
    9.0    9.0  1   18.996   18.996  1   33.931   33.931  1
   10.0   10.0  1   18.997   18.997  1   33.932   33.932  1
   10.8   10.8  1   18.996   18.996  1   33.931   33.931  1
   12.0   12.0  1   18.997   18.997  1   33.932   33.932  1
   14.0   14.0  1   19.001   19.001  1   33.933   33.933  1
   16.0   16.0  1   18.998   18.998  1   33.932   33.932  1
   18.0   18.0  1   19.001   19.001  1   33.933   33.933  1
   20.0   20.0  1   19.008   19.008  1   33.935   33.935  1
   22.0   22.0  1   19.008   19.008  1   33.935   33.935  1
   24.0   24.0  1   19.005   19.005  1   33.934   33.934  1
   26.0   26.0  1   19.008   19.008  1   33.934   33.934  1
   28.0   28.0  1   19.011   19.011  1   33.936   33.936  1
   30.0   30.0  1   19.012   19.012  1   33.936   33.936  1
   32.0   32.0  1   19.011   19.011  1   33.936   33.936  1
   34.0   34.0  1   19.010   19.010  1   33.935   33.935  1
   36.0   36.0  1   19.010   19.010  1   33.935   33.935  1
   38.0   38.0  1   19.005   19.005  1   33.933   33.933  1
   40.0   40.0  1   19.011   19.011  1   33.935   33.935  1
   42.0   42.0  1   19.031   19.031  1   33.942   33.942  1
   44.0   44.0  1   19.053   19.053  1   33.951   33.951  1
   46.0   46.0  1   19.071   19.071  1   33.961   33.961  1
   48.0   48.0  1   19.086   19.086  1   33.966   33.966  1
   50.0   50.0  1   19.085   19.085  1   33.968   33.968  1
   52.0   52.0  1   19.102   19.102  1   33.975   33.975  1
   54.0   54.0  1   19.105   19.105  1   33.978   33.978  1
   56.0   56.0  1   19.105   19.105  1   33.979   33.979  1
   58.0   58.0  1   19.106   19.106  1   33.979   33.979  1
   60.0   60.0  1   19.110   19.110  1   33.981   33.981  1
   62.0   62.0  1   19.113   19.113  1   33.982   33.982  1
   64.0   64.0  1   19.113   19.113  1   33.982   33.982  1
   66.0   66.0  1   19.111   19.111  1   33.979   33.979  1
   68.0   68.0  1   19.090   19.090  1   33.975   33.975  1
   70.0   70.0  1   19.015   19.015  1   33.973   33.973  1
   72.0   72.0  1   18.515   18.515  1   33.974   33.974  1
   74.0   74.0  1   18.110   18.110  1   33.972   33.972  1
   75.9   75.9  1   17.779   17.779  1   33.967   33.967  1
   78.0   78.0  1   17.649   17.649  1   33.973   33.973  1
   80.0   80.0  1   17.610   17.610  1   33.995   33.995  1
   82.0   82.0  1   17.560   17.560  1   34.007   34.007  1
   84.0   84.0  1   17.495   17.495  1   34.022   34.022  1
   86.0   86.0  1   17.422   17.422  1   34.036   34.036  1
   88.0   88.0  1   17.346   17.346  1   34.044   34.044  1
   90.0   90.0  1   17.248   17.248  1   34.051   34.051  1
   92.0   92.0  1   17.091   17.091  1   34.041   34.041  1
   94.0   94.0  1   16.893   16.893  1   34.007   34.007  1
   96.0   96.0  1   16.821   16.821  1   34.020   34.020  1
   97.9   97.9  1   16.885   16.885  1   34.052   34.052  1
  100.0  100.0  1   16.804   16.804  1   34.054   34.054  1
  102.0  102.0  1   16.647   16.647  1   34.029   34.029  1
  104.0  104.0  1   16.539   16.539  1   34.008   34.008  1
  106.0  106.0  1   16.349   16.349  1   33.979   33.979  1
  108.0  108.0  1   16.365   16.365  1   34.005   34.005  1
  110.0  110.0  1   16.334   16.334  1   34.023   34.023  1
  112.1  112.1  1   16.301   16.301  1   34.038   34.038  1
  114.0  114.0  1   16.148   16.148  1   34.036   34.036  1
  116.0  116.0  1   15.988   15.988  1   34.029   34.029  1
  118.0  118.0  1   15.904   15.904  1   34.032   34.032  1
  120.0  120.0  1   15.885   15.885  1   34.042   34.042  1
  122.0  122.0  1   15.816   15.816  1   34.055   34.055  1
  124.0  124.0  1   15.676   15.676  1   34.058   34.058  1
  126.0  126.0  1   15.501   15.501  1   34.063   34.063  1
  128.0  128.0  1   15.368   15.368  1   34.047   34.047  1
  130.1  130.1  1   15.066   15.066  1   34.039   34.039  1
  132.0  132.0  1   14.834   14.834  1   33.995   33.995  1
  134.0  134.0  1   14.727   14.727  1   33.992   33.992  1
  136.0  136.0  1   14.391   14.391  1   33.962   33.962  1
  138.0  138.0  1   14.190   14.190  1   33.932   33.932  1
  140.0  140.0  1   14.111   14.111  1   33.933   33.933  1
  142.1  142.1  1   13.916   13.916  1   33.930   33.930  1
  144.1  144.1  1   13.638   13.638  1   33.929   33.929  1
  146.0  146.0  1   13.506   13.506  1   33.914   33.914  1
  148.0  148.0  1   13.341   13.341  1   33.905   33.905  1
  150.0  150.0  1   13.168   13.168  1   33.896   33.896  1
  152.0  152.0  1   12.988   12.988  1   33.877   33.877  1
  154.0  154.0  1   12.900   12.900  1   33.875   33.875  1
  155.9  155.9  1   12.759   12.759  1   33.866   33.866  1
  158.0  158.0  1   12.679   12.679  1   33.861   33.861  1
  160.0  160.0  1   12.574   12.574  1   33.858   33.858  1
  162.0  162.0  1   12.468   12.468  1   33.850   33.850  1
  164.1  164.1  1   12.318   12.318  1   33.844   33.844  1
  166.0  166.0  1   12.215   12.215  1   33.836   33.836  1
  168.0  168.0  1   12.067   12.067  1   33.828   33.828  1
  170.0  170.0  1   11.941   11.941  1   33.829   33.829  1
  172.0  172.0  1   11.756   11.756  1   33.819   33.819  1
  174.0  174.0  1   11.648   11.648  1   33.818   33.818  1
  176.0  176.0  1   11.554   11.554  1   33.813   33.813  1
  178.0  178.0  1   11.451   11.451  1   33.812   33.812  1
  180.0  180.0  1   11.378   11.378  1   33.809   33.809  1
  182.0  182.0  1   11.244   11.244  1   33.810   33.810  1
  184.0  184.0  1   11.180   11.180  1   33.817   33.817  1
  186.0  186.0  1   11.116   11.116  1   33.828   33.828  1
  188.0  188.0  1   11.050   11.050  1   33.836   33.836  1
  190.0  190.0  1   11.015   11.015  1   33.837   33.837  1
  192.0  192.0  1   11.006   11.006  1   33.837   33.837  1
  194.0  194.0  1   10.989   10.989  1   33.837   33.837  1
  195.9  195.9  1   10.930   10.930  1   33.842   33.842  1
  198.0  198.0  1   10.860   10.860  1   33.842   33.842  1
  200.0  200.0  1   10.801   10.801  1   33.843   33.843  1
  202.0  202.0  1   10.715   10.715  1   33.847   33.847  1
  204.0  204.0  1   10.610   10.610  1   33.852   33.852  1
  206.0  206.0  1   10.390   10.390  1   33.866   33.866  1
  208.0  208.0  1   10.321   10.321  1   33.866   33.866  1
  210.0  210.0  1   10.281   10.281  1   33.869   33.869  1
  212.0  212.0  1   10.255   10.255  1   33.871   33.871  1
  214.0  214.0  1   10.182   10.182  1   33.880   33.880  1
  216.0  216.0  1   10.132   10.132  1   33.882   33.882  1
  218.0  218.0  1   10.022   10.022  1   33.895   33.895  1
  220.0  220.0  1    9.903    9.903  1   33.908   33.908  1
  222.0  222.0  1    9.884    9.884  1   33.909   33.909  1
  224.0  224.0  1    9.875    9.875  1   33.910   33.910  1
  226.0  226.0  1    9.819    9.819  1   33.919   33.919  1
  228.0  228.0  1    9.783    9.783  1   33.923   33.923  1
  230.0  230.0  1    9.738    9.738  1   33.931   33.931  1
  232.0  232.0  1    9.698    9.698  1   33.936   33.936  1
  234.0  234.0  1    9.664    9.664  1   33.938   33.938  1
  236.0  236.0  1    9.585    9.585  1   33.954   33.954  1
  238.0  238.0  1    9.546    9.546  1   33.960   33.960  1
  240.0  240.0  1    9.491    9.491  1   33.963   33.963  1
  242.0  242.0  1    9.477    9.477  1   33.963   33.963  1
  244.0  244.0  1    9.458    9.458  1   33.965   33.965  1
  246.0  246.0  1    9.430    9.430  1   33.968   33.968  1
  248.0  248.0  1    9.368    9.368  1   33.975   33.975  1
  250.0  250.0  1    9.330    9.330  1   33.977   33.977  1
  252.0  252.0  1    9.311    9.311  1   33.978   33.978  1
  254.0  254.0  1    9.271    9.271  1   33.981   33.981  1
  256.0  256.0  1    9.191    9.191  1   33.986   33.986  1
  258.0  258.0  1    9.126    9.126  1   33.988   33.988  1
  260.0  260.0  1    9.063    9.063  1   33.987   33.987  1
  262.0  262.0  1    9.024    9.024  1   33.986   33.986  1
  264.0  264.0  1    8.986    8.986  1   33.986   33.986  1
  266.0  266.0  1    8.955    8.955  1   33.986   33.986  1
  268.0  268.0  1    8.925    8.925  1   33.987   33.987  1
  270.0  270.0  1    8.897    8.897  1   33.986   33.986  1
  272.0  272.0  1    8.878    8.878  1   33.986   33.986  1
  274.0  274.0  1    8.821    8.821  1   33.990   33.990  1
  276.0  276.0  1    8.753    8.753  1   33.993   33.993  1
  278.0  278.0  1    8.730    8.730  1   33.996   33.996  1
  280.0  280.0  1    8.689    8.689  1   33.996   33.996  1
  282.1  282.1  1    8.652    8.652  1   33.993   33.993  1
  284.0  284.0  1    8.607    8.607  1   33.991   33.991  1
  286.0  286.0  1    8.533    8.533  1   33.990   33.990  1
  288.0  288.0  1    8.470    8.470  1   33.990   33.990  1
  290.0  290.0  1    8.434    8.434  1   33.990   33.990  1
  292.0  292.0  1    8.414    8.414  1   33.990   33.990  1
  294.0  294.0  1    8.389    8.389  1   33.990   33.990  1
  296.1  296.1  1    8.333    8.333  1   33.993   33.993  1
  298.0  298.0  1    8.278    8.278  1   33.994   33.994  1
  300.0  300.0  1    8.231    8.231  1   33.996   33.996  1
  302.0  302.0  1    8.169    8.169  1   33.997   33.997  1
  304.0  304.0  1    8.139    8.139  1   33.997   33.997  1
  306.0  306.0  1    8.100    8.100  1   33.998   33.998  1
  308.0  308.0  1    8.068    8.068  1   33.998   33.998  1
  310.0  310.0  1    8.047    8.047  1   33.997   33.997  1
  312.0  312.0  1    8.016    8.016  1   33.998   33.998  1
  314.0  314.0  1    7.954    7.954  1   34.000   34.000  1
  316.0  316.0  1    7.914    7.914  1   34.001   34.001  1
  318.0  318.0  1    7.877    7.877  1   34.001   34.001  1
  320.0  320.0  1    7.859    7.859  1   34.001   34.001  1
  322.0  322.0  1    7.824    7.824  1   34.003   34.003  1
  324.0  324.0  1    7.795    7.795  1   34.004   34.004  1
  325.9  325.9  1    7.755    7.755  1   34.005   34.005  1
  328.0  328.0  1    7.722    7.722  1   34.005   34.005  1
  330.0  330.0  1    7.689    7.689  1   34.006   34.006  1
  332.0  332.0  1    7.657    7.657  1   34.007   34.007  1
  334.0  334.0  1    7.619    7.619  1   34.007   34.007  1
  336.0  336.0  1    7.579    7.579  1   34.007   34.007  1
  338.0  338.0  1    7.538    7.538  1   34.009   34.009  1
  340.0  340.0  1    7.496    7.496  1   34.010   34.010  1
  342.0  342.0  1    7.471    7.471  1   34.011   34.011  1
  344.0  344.0  1    7.443    7.443  1   34.011   34.011  1
  346.0  346.0  1    7.427    7.427  1   34.012   34.012  1
  348.0  348.0  1    7.391    7.391  1   34.017   34.017  1
  350.0  350.0  1    7.363    7.363  1   34.019   34.019  1
  352.0  352.0  1    7.354    7.354  1   34.018   34.018  1
  354.0  354.0  1    7.310    7.310  1   34.024   34.024  1
  356.0  356.0  1    7.273    7.273  1   34.023   34.023  1
  358.0  358.0  1    7.266    7.266  1   34.023   34.023  1
  360.0  360.0  1    7.264    7.264  1   34.023   34.023  1
  362.1  362.1  1    7.254    7.254  1   34.024   34.024  1
  364.0  364.0  1    7.228    7.228  1   34.025   34.025  1
  366.0  366.0  1    7.171    7.171  1   34.026   34.026  1
  368.0  368.0  1    7.137    7.137  1   34.031   34.031  1
  370.0  370.0  1    7.123    7.123  1   34.033   34.033  1
  372.0  372.0  1    7.112    7.112  1   34.035   34.035  1
  374.0  374.0  1    7.097    7.097  1   34.037   34.037  1
  376.0  376.0  1    7.081    7.081  1   34.039   34.039  1
  378.0  378.0  1    7.061    7.061  1   34.043   34.043  1
  380.0  380.0  1    7.025    7.025  1   34.047   34.047  1
  382.0  382.0  1    6.990    6.990  1   34.052   34.052  1
  384.0  384.0  1    6.962    6.962  1   34.051   34.051  1
  386.0  386.0  1    6.948    6.948  1   34.051   34.051  1
  388.0  388.0  1    6.920    6.920  1   34.058   34.058  1
  390.0  390.0  1    6.883    6.883  1   34.061   34.061  1
  392.0  392.0  1    6.874    6.874  1   34.061   34.061  1
  394.0  394.0  1    6.867    6.867  1   34.062   34.062  1
  395.9  395.9  1    6.861    6.861  1   34.064   34.064  1
  398.0  398.0  1    6.851    6.851  1   34.065   34.065  1
  400.0  400.0  1    6.838    6.838  1   34.065   34.065  1
  402.0  402.0  1    6.820    6.820  1   34.067   34.067  1
  403.9  403.9  1    6.780    6.780  1   34.074   34.074  1
  406.0  406.0  1    6.746    6.746  1   34.075   34.075  1
  408.0  408.0  1    6.726    6.726  1   34.075   34.075  1
  410.0  410.0  1    6.692    6.692  1   34.078   34.078  1
  412.0  412.0  1    6.660    6.660  1   34.079   34.079  1
  414.0  414.0  1    6.637    6.637  1   34.083   34.083  1
  416.0  416.0  1    6.636    6.636  1   34.088   34.088  1
  418.0  418.0  1    6.629    6.629  1   34.089   34.089  1
  420.0  420.0  1    6.616    6.616  1   34.089   34.089  1
  422.0  422.0  1    6.581    6.581  1   34.090   34.090  1
  424.0  424.0  1    6.561    6.561  1   34.087   34.087  1
  426.0  426.0  1    6.531    6.531  1   34.089   34.089  1
  428.0  428.0  1    6.480    6.480  1   34.089   34.089  1
  430.0  430.0  1    6.472    6.472  1   34.090   34.090  1
  432.0  432.0  1    6.460    6.460  1   34.091   34.091  1
  434.1  434.1  1    6.446    6.446  1   34.094   34.094  1
  436.0  436.0  1    6.432    6.432  1   34.095   34.095  1
  437.9  437.9  1    6.423    6.423  1   34.102   34.102  1
  439.9  439.9  1    6.394    6.394  1   34.101   34.101  1
  442.0  442.0  1    6.390    6.390  1   34.101   34.101  1
  444.1  444.1  1    6.381    6.381  1   34.106   34.106  1
  446.1  446.1  1    6.338    6.338  1   34.107   34.107  1
  448.1  448.1  1    6.329    6.329  1   34.115   34.115  1
  450.1  450.1  1    6.308    6.308  1   34.119   34.119  1
  452.1  452.1  1    6.276    6.276  1   34.118   34.118  1
  454.1  454.1  1    6.253    6.253  1   34.121   34.121  1
  456.0  456.0  1    6.243    6.243  1   34.123   34.123  1
  458.0  458.0  1    6.212    6.212  1   34.125   34.125  1
  460.0  460.0  1    6.174    6.174  1   34.125   34.125  1
  462.0  462.0  1    6.167    6.167  1   34.126   34.126  1
  464.0  464.0  1    6.161    6.161  1   34.129   34.129  1
  465.9  465.9  1    6.142    6.142  1   34.129   34.129  1
  467.9  467.9  1    6.141    6.141  1   34.130   34.130  1
  469.9  469.9  1    6.142    6.142  1   34.131   34.131  1
  471.9  471.9  1    6.127    6.127  1   34.136   34.136  1
  473.9  473.9  1    6.123    6.123  1   34.140   34.140  1
  476.0  476.0  1    6.121    6.121  1   34.142   34.142  1
  478.0  478.0  1    6.117    6.117  1   34.144   34.144  1
  480.0  480.0  1    6.080    6.080  1   34.147   34.147  1
  482.0  482.0  1    6.068    6.068  1   34.147   34.147  1
  483.9  483.9  1    6.065    6.065  1   34.147   34.147  1
  485.9  485.9  1    6.056    6.056  1   34.148   34.148  1
  488.0  488.0  1    6.054    6.054  1   34.154   34.154  1
  490.0  490.0  1    6.033    6.033  1   34.157   34.157  1
  492.0  492.0  1    6.023    6.023  1   34.160   34.160  1
  494.0  494.0  1    6.022    6.022  1   34.163   34.163  1
  496.0  496.0  1    6.028    6.028  1   34.166   34.166  1
  497.9  497.9  1    6.029    6.029  1   34.168   34.168  1
  499.9  499.9  1    6.018    6.018  1   34.174   34.174  1
  501.9  501.9  1    6.024    6.024  1   34.176   34.176  1
  504.0  504.0  1    6.030    6.030  1   34.180   34.180  1
  506.0  506.0  1    6.018    6.018  1   34.185   34.185  1
  508.0  508.0  1    6.042    6.042  1   34.185   34.185  1
  510.0  510.0  1    6.045    6.045  1   34.190   34.190  1
  512.0  512.0  1    6.036    6.036  1   34.197   34.197  1
  514.0  514.0  1    6.025    6.025  1   34.199   34.199  1
  516.0  516.0  1    6.001    6.001  1   34.200   34.200  1
  518.0  518.0  1    6.000    6.000  1   34.205   34.205  1
  520.0  520.0  1    5.985    5.985  1   34.210   34.210  1
  522.0  522.0  1    5.978    5.978  1   34.210   34.210  1
  524.0  524.0  1    5.973    5.973  1   34.212   34.212  1
  526.0  526.0  1    5.957    5.957  1   34.213   34.213  1
  527.9  527.9  1    5.954    5.954  1   34.212   34.212  1
  530.0  530.0  1    5.953    5.953  1   34.213   34.213  1
  532.0  532.0  1    5.937    5.937  1   34.215   34.215  1
  534.0  534.0  1    5.931    5.931  1   34.214   34.214  1
  536.0  536.0  1    5.925    5.925  1   34.215   34.215  1
  538.0  538.0  1    5.901    5.901  1   34.217   34.217  1
  540.0  540.0  1    5.870    5.870  1   34.219   34.219  1
  542.0  542.0  1    5.879    5.879  1   34.222   34.222  1
  544.0  544.0  1    5.886    5.886  1   34.226   34.226  1
  546.0  546.0  1    5.888    5.888  1   34.228   34.228  1
  548.0  548.0  1    5.885    5.885  1   34.228   34.228  1
  550.0  550.0  1    5.884    5.884  1   34.228   34.228  1
  552.1  552.1  1    5.866    5.866  1   34.231   34.231  1
  554.0  554.0  1    5.847    5.847  1   34.231   34.231  1
  556.1  556.1  1    5.839    5.839  1   34.232   34.232  1
  558.0  558.0  1    5.811    5.811  1   34.233   34.233  1
  560.0  560.0  1    5.820    5.820  1   34.237   34.237  1
  562.0  562.0  1    5.818    5.818  1   34.238   34.238  1
  564.0  564.0  1    5.798    5.798  1   34.244   34.244  1
  566.0  566.0  1    5.764    5.764  1   34.249   34.249  1
  568.0  568.0  1    5.736    5.736  1   34.249   34.249  1
  570.0  570.0  1    5.736    5.736  1   34.250   34.250  1
  571.9  571.9  1    5.731    5.731  1   34.253   34.253  1
  573.9  573.9  1    5.720    5.720  1   34.255   34.255  1
  576.0  576.0  1    5.706    5.706  1   34.258   34.258  1
  578.0  578.0  1    5.696    5.696  1   34.259   34.259  1
  580.0  580.0  1    5.694    5.694  1   34.259   34.259  1
  582.0  582.0  1    5.684    5.684  1   34.260   34.260  1
  584.0  584.0  1    5.677    5.677  1   34.262   34.262  1
  586.0  586.0  1    5.669    5.669  1   34.263   34.263  1
  588.0  588.0  1    5.665    5.665  1   34.263   34.263  1
  590.0  590.0  1    5.656    5.656  1   34.265   34.265  1
  592.0  592.0  1    5.651    5.651  1   34.266   34.266  1
  594.0  594.0  1    5.643    5.643  1   34.267   34.267  1
  596.0  596.0  1    5.627    5.627  1   34.270   34.270  1
  598.0  598.0  1    5.612    5.612  1   34.271   34.271  1
  600.0  600.0  1    5.609    5.609  1   34.271   34.271  1
  602.0  602.0  1    5.616    5.616  1   34.274   34.274  1
  604.0  604.0  1    5.612    5.612  1   34.275   34.275  1
  606.0  606.0  1    5.600    5.600  1   34.277   34.277  1
  608.0  608.0  1    5.586    5.586  1   34.279   34.279  1
  610.0  610.0  1    5.575    5.575  1   34.281   34.281  1
  612.0  612.0  1    5.575    5.575  1   34.282   34.282  1
  614.0  614.0  1    5.577    5.577  1   34.282   34.282  1
  616.0  616.0  1    5.575    5.575  1   34.283   34.283  1
  618.0  618.0  1    5.558    5.558  1   34.286   34.286  1
  620.0  620.0  1    5.547    5.547  1   34.287   34.287  1
  622.0  622.0  1    5.545    5.545  1   34.288   34.288  1
  624.0  624.0  1    5.544    5.544  1   34.289   34.289  1
  626.0  626.0  1    5.541    5.541  1   34.290   34.290  1
  628.0  628.0  1    5.535    5.535  1   34.290   34.290  1
  630.0  630.0  1    5.531    5.531  1   34.291   34.291  1
  632.0  632.0  1    5.509    5.509  1   34.296   34.296  1
  634.0  634.0  1    5.496    5.496  1   34.297   34.297  1
  636.0  636.0  1    5.490    5.490  1   34.298   34.298  1
  638.0  638.0  1    5.479    5.479  1   34.299   34.299  1
  640.0  640.0  1    5.470    5.470  1   34.300   34.300  1
  642.0  642.0  1    5.463    5.463  1   34.301   34.301  1
  644.0  644.0  1    5.456    5.456  1   34.302   34.302  1
  646.0  646.0  1    5.443    5.443  1   34.304   34.304  1
  648.1  648.1  1    5.427    5.427  1   34.306   34.306  1
  650.0  650.0  1    5.422    5.422  1   34.307   34.307  1
  652.0  652.0  1    5.404    5.404  1   34.309   34.309  1
  654.0  654.0  1    5.395    5.395  1   34.309   34.309  1
  656.0  656.0  1    5.391    5.391  1   34.313   34.313  1
  658.0  658.0  1    5.367    5.367  1   34.314   34.314  1
  659.9  659.9  1    5.358    5.358  1   34.315   34.315  1
  662.0  662.0  1    5.354    5.354  1   34.317   34.317  1
  664.0  664.0  1    5.352    5.352  1   34.319   34.319  1
  666.0  666.0  1    5.346    5.346  1   34.320   34.320  1
  668.0  668.0  1    5.319    5.319  1   34.321   34.321  1
  670.0  670.0  1    5.267    5.267  1   34.316   34.316  1
  672.0  672.0  1    5.244    5.244  1   34.314   34.314  1
  674.0  674.0  1    5.227    5.227  1   34.313   34.313  1
  676.0  676.0  1    5.218    5.218  1   34.313   34.313  1
  678.0  678.0  1    5.191    5.191  1   34.315   34.315  1
  680.0  680.0  1    5.175    5.175  1   34.314   34.314  1
  682.0  682.0  1    5.161    5.161  1   34.315   34.315  1
  684.0  684.0  1    5.133    5.133  1   34.316   34.316  1
  686.0  686.0  1    5.115    5.115  1   34.319   34.319  1
  688.0  688.0  1    5.106    5.106  1   34.320   34.320  1
  690.0  690.0  1    5.100    5.100  1   34.321   34.321  1
  692.0  692.0  1    5.101    5.101  1   34.326   34.326  1
  694.0  694.0  1    5.112    5.112  1   34.331   34.331  1
  696.0  696.0  1    5.122    5.122  1   34.334   34.334  1
  698.0  698.0  1    5.117    5.117  1   34.334   34.334  1
  700.0  700.0  1    5.107    5.107  1   34.335   34.335  1
  702.0  702.0  1    5.120    5.120  1   34.339   34.339  1
  704.0  704.0  1    5.136    5.136  1   34.347   34.347  1
  706.0  706.0  1    5.120    5.120  1   34.351   34.351  1
  708.0  708.0  1    5.094    5.094  1   34.354   34.354  1
  710.0  710.0  1    5.075    5.075  1   34.355   34.355  1
  712.0  712.0  1    5.071    5.071  1   34.356   34.356  1
  714.0  714.0  1    5.055    5.055  1   34.358   34.358  1
  716.0  716.0  1    5.037    5.037  1   34.358   34.358  1
  718.0  718.0  1    5.016    5.016  1   34.357   34.357  1
  720.1  720.1  1    5.010    5.010  1   34.361   34.361  1
  722.0  722.0  1    4.996    4.996  1   34.360   34.360  1
  724.0  724.0  1    5.011    5.011  1   34.363   34.363  1
  726.0  726.0  1    5.013    5.013  1   34.366   34.366  1
  728.0  728.0  1    5.000    5.000  1   34.368   34.368  1
  729.9  729.9  1    4.984    4.984  1   34.370   34.370  1
  731.9  731.9  1    4.976    4.976  1   34.370   34.370  1
  734.0  734.0  1    4.971    4.971  1   34.371   34.371  1
  736.0  736.0  1    4.966    4.966  1   34.372   34.372  1
  738.1  738.1  1    4.952    4.952  1   34.374   34.374  1
  740.1  740.1  1    4.939    4.939  1   34.374   34.374  1
  742.0  742.0  1    4.921    4.921  1   34.375   34.375  1
  744.0  744.0  1    4.916    4.916  1   34.375   34.375  1
  746.0  746.0  1    4.912    4.912  1   34.375   34.375  1
  747.9  747.9  1    4.886    4.886  1   34.377   34.377  1
  749.9  749.9  1    4.871    4.871  1   34.376   34.376  1
  751.9  751.9  1    4.872    4.872  1   34.376   34.376  1
  754.0  754.0  1    4.870    4.870  1   34.378   34.378  1
  756.0  756.0  1    4.861    4.861  1   34.380   34.380  1
  758.0  758.0  1    4.853    4.853  1   34.381   34.381  1
  760.0  760.0  1    4.847    4.847  1   34.381   34.381  1
  762.0  762.0  1    4.834    4.834  1   34.381   34.381  1
  764.0  764.0  1    4.823    4.823  1   34.381   34.381  1
  766.0  766.0  1    4.821    4.821  1   34.383   34.383  1
  768.0  768.0  1    4.803    4.803  1   34.387   34.387  1
  770.0  770.0  1    4.783    4.783  1   34.386   34.386  1
  772.0  772.0  1    4.782    4.782  1   34.387   34.387  1
  774.0  774.0  1    4.784    4.784  1   34.389   34.389  1
  776.0  776.0  1    4.783    4.783  1   34.390   34.390  1
  778.0  778.0  1    4.782    4.782  1   34.391   34.391  1
  780.0  780.0  1    4.777    4.777  1   34.392   34.392  1
  782.1  782.1  1    4.772    4.772  1   34.393   34.393  1
  784.0  784.0  1    4.765    4.765  1   34.394   34.394  1
  786.0  786.0  1    4.764    4.764  1   34.394   34.394  1
  788.0  788.0  1    4.759    4.759  1   34.394   34.394  1
  790.0  790.0  1    4.751    4.751  1   34.395   34.395  1
  792.0  792.0  1    4.732    4.732  1   34.396   34.396  1
  794.0  794.0  1    4.727    4.727  1   34.396   34.396  1
  796.0  796.0  1    4.718    4.718  1   34.397   34.397  1
  798.0  798.0  1    4.712    4.712  1   34.396   34.396  1
  800.0  800.0  1    4.699    4.699  1   34.396   34.396  1
  802.0  802.0  1    4.691    4.691  1   34.396   34.396  1
  804.0  804.0  1    4.687    4.687  1   34.396   34.396  1
  806.0  806.0  1    4.679    4.679  1   34.396   34.396  1
  808.0  808.0  1    4.660    4.660  1   34.395   34.395  1
  810.0  810.0  1    4.655    4.655  1   34.395   34.395  1
  812.0  812.0  1    4.647    4.647  1   34.396   34.396  1
  814.0  814.0  1    4.625    4.625  1   34.396   34.396  1
  816.0  816.0  1    4.620    4.620  1   34.397   34.397  1
  818.0  818.0  1    4.616    4.616  1   34.400   34.400  1
  820.0  820.0  1    4.610    4.610  1   34.400   34.400  1
  822.0  822.0  1    4.599    4.599  1   34.401   34.401  1
  824.0  824.0  1    4.585    4.585  1   34.401   34.401  1
  826.0  826.0  1    4.571    4.571  1   34.400   34.400  1
  828.0  828.0  1    4.559    4.559  1   34.400   34.400  1
  830.0  830.0  1    4.549    4.549  1   34.401   34.401  1
  832.0  832.0  1    4.543    4.543  1   34.402   34.402  1
  834.1  834.1  1    4.539    4.539  1   34.402   34.402  1
  836.0  836.0  1    4.556    4.556  1   34.404   34.404  1
  838.0  838.0  1    4.579    4.579  1   34.410   34.410  1
  840.0  840.0  1    4.580    4.580  1   34.411   34.411  1
  842.0  842.0  1    4.571    4.571  1   34.412   34.412  1
  844.0  844.0  1    4.557    4.557  1   34.411   34.411  1
  846.1  846.1  1    4.550    4.550  1   34.410   34.410  1
  848.1  848.1  1    4.537    4.537  1   34.412   34.412  1
  850.1  850.1  1    4.530    4.530  1   34.412   34.412  1
  852.0  852.0  1    4.524    4.524  1   34.414   34.414  1
  854.0  854.0  1    4.523    4.523  1   34.414   34.414  1
  856.0  856.0  1    4.523    4.523  1   34.415   34.415  1
  858.0  858.0  1    4.497    4.497  1   34.415   34.415  1
  860.0  860.0  1    4.487    4.487  1   34.416   34.416  1
  862.0  862.0  1    4.471    4.471  1   34.417   34.417  1
  864.0  864.0  1    4.459    4.459  1   34.420   34.420  1
  866.0  866.0  1    4.458    4.458  1   34.422   34.422  1
  868.0  868.0  1    4.455    4.455  1   34.424   34.424  1
  870.0  870.0  1    4.451    4.451  1   34.424   34.424  1
  872.0  872.0  1    4.447    4.447  1   34.425   34.425  1
  874.0  874.0  1    4.445    4.445  1   34.425   34.425  1
  876.0  876.0  1    4.442    4.442  1   34.425   34.425  1
  878.0  878.0  1    4.439    4.439  1   34.425   34.425  1
  880.0  880.0  1    4.434    4.434  1   34.425   34.425  1
  882.0  882.0  1    4.403    4.403  1   34.429   34.429  1
  884.0  884.0  1    4.394    4.394  1   34.428   34.428  1
  886.0  886.0  1    4.394    4.394  1   34.428   34.428  1
  888.0  888.0  1    4.394    4.394  1   34.428   34.428  1
  889.9  889.9  1    4.392    4.392  1   34.428   34.428  1
  892.0  892.0  1    4.372    4.372  1   34.431   34.431  1
  894.0  894.0  1    4.362    4.362  1   34.431   34.431  1
  896.0  896.0  1    4.356    4.356  1   34.431   34.431  1
  897.9  897.9  1    4.351    4.351  1   34.431   34.431  1
  900.0  900.0  1    4.346    4.346  1   34.432   34.432  1
  902.0  902.0  1    4.334    4.334  1   34.433   34.433  1
  904.0  904.0  1    4.320    4.320  1   34.434   34.434  1
  906.0  906.0  1    4.310    4.310  1   34.435   34.435  1
  908.0  908.0  1    4.304    4.304  1   34.435   34.435  1
  910.1  910.1  1    4.299    4.299  1   34.437   34.437  1
  912.0  912.0  1    4.287    4.287  1   34.438   34.438  1
  914.0  914.0  1    4.284    4.284  1   34.439   34.439  1
  916.0  916.0  1    4.281    4.281  1   34.439   34.439  1
  918.0  918.0  1    4.276    4.276  1   34.440   34.440  1
  920.0  920.0  1    4.270    4.270  1   34.440   34.440  1
  922.0  922.0  1    4.260    4.260  1   34.441   34.441  1
  924.0  924.0  1    4.253    4.253  1   34.441   34.441  1
  926.0  926.0  1    4.248    4.248  1   34.442   34.442  1
  928.0  928.0  1    4.243    4.243  1   34.442   34.442  1
  930.0  930.0  1    4.241    4.241  1   34.441   34.441  1
  932.0  932.0  1    4.233    4.233  1   34.443   34.443  1
  934.0  934.0  1    4.229    4.229  1   34.443   34.443  1
  936.0  936.0  1    4.227    4.227  1   34.443   34.443  1
  938.0  938.0  1    4.226    4.226  1   34.443   34.443  1
  940.0  940.0  1    4.221    4.221  1   34.444   34.444  1
  942.0  942.0  1    4.220    4.220  1   34.444   34.444  1
  944.0  944.0  1    4.215    4.215  1   34.446   34.446  1
  946.1  946.1  1    4.207    4.207  1   34.447   34.447  1
  948.0  948.0  1    4.205    4.205  1   34.447   34.447  1
  950.0  950.0  1    4.204    4.204  1   34.447   34.447  1
  952.0  952.0  1    4.202    4.202  1   34.447   34.447  1
  954.0  954.0  1    4.196    4.196  1   34.448   34.448  1
  956.0  956.0  1    4.173    4.173  1   34.450   34.450  1
  958.0  958.0  1    4.165    4.165  1   34.451   34.451  1
  960.0  960.0  1    4.163    4.163  1   34.451   34.451  1
  962.0  962.0  1    4.153    4.153  1   34.452   34.452  1
  963.9  963.9  1    4.140    4.140  1   34.453   34.453  1
  965.9  965.9  1    4.119    4.119  1   34.455   34.455  1
  968.0  968.0  1    4.114    4.114  1   34.455   34.455  1
  970.0  970.0  1    4.104    4.104  1   34.457   34.457  1
  972.0  972.0  1    4.089    4.089  1   34.458   34.458  1
  974.0  974.0  1    4.083    4.083  1   34.458   34.458  1
  976.1  976.1  1    4.075    4.075  1   34.459   34.459  1
  978.0  978.0  1    4.071    4.071  1   34.459   34.459  1
  980.0  980.0  1    4.069    4.069  1   34.459   34.459  1
  982.0  982.0  1    4.068    4.068  1   34.459   34.459  1
  984.0  984.0  1    4.068    4.068  1   34.459   34.459  1
  986.0  986.0  1    4.068    4.068  1   34.459   34.459  1
  988.0  988.0  1    4.062    4.062  1   34.459   34.459  1
  990.0  990.0  1    4.053    4.053  1   34.459   34.459  1
  992.0  992.0  1    4.041    4.041  1   34.459   34.459  1
  993.9  993.9  1    4.027    4.027  1   34.461   34.461  1
  996.0  996.0  1    4.011    4.011  1   34.463   34.463  1
  998.0  998.0  1    4.008    4.008  1   34.462   34.462  1
 1000.0 1000.0  1    4.003    4.003  1   34.462   34.462  1
 1002.0 1002.0  1    3.991    3.991  1   34.463   34.463  1
 1004.0 1004.0  1    3.984    3.984  1   34.463   34.463  1
 1006.0 1006.0  1    3.979    3.979  1   34.463   34.463  1
 1008.1 1008.1  1    3.970    3.970  1   34.465   34.465  1
 1010.0 1010.0  1    3.967    3.967  1   34.465   34.465  1
 1012.0 1012.0  1    3.962    3.962  1   34.466   34.466  1
 1014.0 1014.0  1    3.956    3.956  1   34.466   34.466  1
 1016.0 1016.0  1    3.949    3.949  1   34.467   34.467  1
 1018.0 1018.0  1    3.941    3.941  1   34.468   34.468  1
 1020.0 1020.0  1    3.935    3.935  1   34.467   34.467  1
 1022.0 1022.0  1    3.936    3.936  1   34.468   34.468  1
 1024.0 1024.0  1    3.937    3.937  1   34.468   34.468  1
 1026.0 1026.0  1    3.934    3.934  1   34.468   34.468  1
 1028.0 1028.0  1    3.915    3.915  1   34.471   34.471  1
 1030.0 1030.0  1    3.902    3.902  1   34.471   34.471  1
 1032.0 1032.0  1    3.899    3.899  1   34.471   34.471  1
 1034.0 1034.0  1    3.897    3.897  1   34.471   34.471  1
 1036.1 1036.1  1    3.895    3.895  1   34.471   34.471  1
 1038.1 1038.1  1    3.883    3.883  1   34.472   34.472  1
 1040.0 1040.0  1    3.874    3.874  1   34.473   34.473  1
 1042.0 1042.0  1    3.872    3.872  1   34.472   34.472  1
 1044.0 1044.0  1    3.850    3.850  1   34.476   34.476  1
 1046.0 1046.0  1    3.845    3.845  1   34.476   34.476  1
 1048.0 1048.0  1    3.843    3.843  1   34.476   34.476  1
 1049.9 1049.9  1    3.841    3.841  1   34.476   34.476  1
 1052.0 1052.0  1    3.831    3.831  1   34.478   34.478  1
 1054.0 1054.0  1    3.821    3.821  1   34.478   34.478  1
 1056.0 1056.0  1    3.817    3.817  1   34.479   34.479  1
 1058.0 1058.0  1    3.814    3.814  1   34.479   34.479  1
 1060.0 1060.0  1    3.814    3.814  1   34.479   34.479  1
 1062.0 1062.0  1    3.813    3.813  1   34.479   34.479  1
 1064.0 1064.0  1    3.812    3.812  1   34.479   34.479  1
 1066.0 1066.0  1    3.808    3.808  1   34.480   34.480  1
 1068.0 1068.0  1    3.793    3.793  1   34.481   34.481  1
 1070.0 1070.0  1    3.786    3.786  1   34.482   34.482  1
 1072.0 1072.0  1    3.781    3.781  1   34.482   34.482  1
 1074.0 1074.0  1    3.778    3.778  1   34.482   34.482  1
 1076.0 1076.0  1    3.773    3.773  1   34.483   34.483  1
 1078.0 1078.0  1    3.766    3.766  1   34.483   34.483  1
 1080.0 1080.0  1    3.761    3.761  1   34.483   34.483  1
 1082.0 1082.0  1    3.745    3.745  1   34.485   34.485  1
 1084.0 1084.0  1    3.730    3.730  1   34.486   34.486  1
 1086.0 1086.0  1    3.728    3.728  1   34.486   34.486  1
 1088.0 1088.0  1    3.722    3.722  1   34.486   34.486  1
 1090.0 1090.0  1    3.717    3.717  1   34.487   34.487  1
 1092.0 1092.0  1    3.695    3.695  1   34.489   34.489  1
 1094.0 1094.0  1    3.690    3.690  1   34.490   34.490  1
 1096.0 1096.0  1    3.683    3.683  1   34.491   34.491  1
 1098.0 1098.0  1    3.680    3.680  1   34.491   34.491  1
 1100.0 1100.0  1    3.677    3.677  1   34.491   34.491  1
 1102.0 1102.0  1    3.675    3.675  1   34.491   34.491  1
 1104.0 1104.0  1    3.673    3.673  1   34.491   34.491  1
 1106.0 1106.0  1    3.667    3.667  1   34.492   34.492  1
 1108.0 1108.0  1    3.659    3.659  1   34.492   34.492  1
 1110.0 1110.0  1    3.652    3.652  1   34.492   34.492  1
 1112.0 1112.0  1    3.634    3.634  1   34.494   34.494  1
 1114.0 1114.0  1    3.622    3.622  1   34.495   34.495  1
 1116.0 1116.0  1    3.618    3.618  1   34.495   34.495  1
 1118.0 1118.0  1    3.612    3.612  1   34.497   34.497  1
 1120.0 1120.0  1    3.604    3.604  1   34.497   34.497  1
 1122.0 1122.0  1    3.591    3.591  1   34.499   34.499  1
 1124.0 1124.0  1    3.579    3.579  1   34.500   34.500  1
 1126.0 1126.0  1    3.576    3.576  1   34.500   34.500  1
 1128.0 1128.0  1    3.574    3.574  1   34.500   34.500  1
 1130.0 1130.0  1    3.571    3.571  1   34.500   34.500  1
 1132.0 1132.0  1    3.563    3.563  1   34.501   34.501  1
 1134.0 1134.0  1    3.558    3.558  1   34.502   34.502  1
 1136.0 1136.0  1    3.557    3.557  1   34.502   34.502  1
 1138.0 1138.0  1    3.556    3.556  1   34.502   34.502  1
 1140.0 1140.0  1    3.555    3.555  1   34.502   34.502  1
 1142.0 1142.0  1    3.555    3.555  1   34.502   34.502  1
 1144.0 1144.0  1    3.550    3.550  1   34.503   34.503  1
 1146.0 1146.0  1    3.539    3.539  1   34.504   34.504  1
 1148.0 1148.0  1    3.538    3.538  1   34.504   34.504  1
 1150.0 1150.0  1    3.538    3.538  1   34.504   34.504  1
 1152.0 1152.0  1    3.537    3.537  1   34.504   34.504  1
 1154.0 1154.0  1    3.535    3.535  1   34.504   34.504  1
 1156.1 1156.1  1    3.530    3.530  1   34.504   34.504  1
 1158.0 1158.0  1    3.521    3.521  1   34.506   34.506  1
 1160.0 1160.0  1    3.511    3.511  1   34.506   34.506  1
 1162.0 1162.0  1    3.509    3.509  1   34.506   34.506  1
 1164.0 1164.0  1    3.508    3.508  1   34.507   34.507  1
 1166.0 1166.0  1    3.505    3.505  1   34.507   34.507  1
 1168.0 1168.0  1    3.501    3.501  1   34.507   34.507  1
 1170.0 1170.0  1    3.498    3.498  1   34.508   34.508  1
 1172.0 1172.0  1    3.489    3.489  1   34.509   34.509  1
 1174.0 1174.0  1    3.473    3.473  1   34.510   34.510  1
 1176.0 1176.0  1    3.464    3.464  1   34.511   34.511  1
 1178.0 1178.0  1    3.461    3.461  1   34.511   34.511  1
 1180.0 1180.0  1    3.458    3.458  1   34.512   34.512  1
 1182.0 1182.0  1    3.457    3.457  1   34.512   34.512  1
 1184.0 1184.0  1    3.455    3.455  1   34.512   34.512  1
 1186.0 1186.0  1    3.450    3.450  1   34.512   34.512  1
 1188.0 1188.0  1    3.437    3.437  1   34.514   34.514  1
 1190.0 1190.0  1    3.436    3.436  1   34.514   34.514  1
 1192.0 1192.0  1    3.436    3.436  1   34.514   34.514  1
 1194.0 1194.0  1    3.436    3.436  1   34.514   34.514  1
 1196.0 1196.0  1    3.435    3.435  1   34.514   34.514  1
 1198.0 1198.0  1    3.433    3.433  1   34.514   34.514  1
 1200.0 1200.0  1    3.428    3.428  1   34.515   34.515  1
 1202.0 1202.0  1    3.421    3.421  1   34.516   34.516  1
 1204.0 1204.0  1    3.418    3.418  1   34.516   34.516  1
 1206.0 1206.0  1    3.417    3.417  1   34.516   34.516  1
 1208.0 1208.0  1    3.416    3.416  1   34.516   34.516  1
 1210.1 1210.1  1    3.412    3.412  1   34.517   34.517  1
 1212.0 1212.0  1    3.410    3.410  1   34.517   34.517  1
 1214.0 1214.0  1    3.408    3.408  1   34.517   34.517  1
 1216.0 1216.0  1    3.403    3.403  1   34.518   34.518  1
 1218.0 1218.0  1    3.400    3.400  1   34.518   34.518  1
 1220.0 1220.0  1    3.399    3.399  1   34.518   34.518  1
 1222.0 1222.0  1    3.399    3.399  1   34.518   34.518  1
 1224.0 1224.0  1    3.397    3.397  1   34.519   34.519  1
 1226.0 1226.0  1    3.388    3.388  1   34.520   34.520  1
 1228.0 1228.0  1    3.386    3.386  1   34.520   34.520  1
 1230.0 1230.0  1    3.381    3.381  1   34.521   34.521  1
 1232.0 1232.0  1    3.375    3.375  1   34.522   34.522  1
 1234.0 1234.0  1    3.370    3.370  1   34.522   34.522  1
 1236.0 1236.0  1    3.366    3.366  1   34.522   34.522  1
 1238.0 1238.0  1    3.362    3.362  1   34.522   34.522  1
 1240.0 1240.0  1    3.356    3.356  1   34.523   34.523  1
 1242.0 1242.0  1    3.351    3.351  1   34.523   34.523  1
 1243.9 1243.9  1    3.346    3.346  1   34.523   34.523  1
 1245.9 1245.9  1    3.341    3.341  1   34.524   34.524  1
 1248.0 1248.0  1    3.339    3.339  1   34.524   34.524  1
 1250.0 1250.0  1    3.331    3.331  1   34.525   34.525  1
 1252.0 1252.0  1    3.325    3.325  1   34.525   34.525  1
 1254.0 1254.0  1    3.323    3.323  1   34.525   34.525  1
 1256.0 1256.0  1    3.317    3.317  1   34.525   34.525  1
 1258.0 1258.0  1    3.310    3.310  1   34.525   34.525  1
 1260.0 1260.0  1    3.306    3.306  1   34.525   34.525  1
 1262.0 1262.0  1    3.305    3.305  1   34.525   34.525  1
 1264.1 1264.1  1    3.299    3.299  1   34.526   34.526  1
 1266.0 1266.0  1    3.294    3.294  1   34.527   34.527  1
 1268.0 1268.0  1    3.290    3.290  1   34.527   34.527  1
 1269.9 1269.9  1    3.286    3.286  1   34.527   34.527  1
 1272.0 1272.0  1    3.282    3.282  1   34.527   34.527  1
 1274.0 1274.0  1    3.278    3.278  1   34.527   34.527  1
 1275.9 1275.9  1    3.274    3.274  1   34.528   34.528  1
 1278.0 1278.0  1    3.271    3.271  1   34.528   34.528  1
 1280.0 1280.0  1    3.269    3.269  1   34.528   34.528  1
 1282.0 1282.0  1    3.258    3.258  1   34.529   34.529  1
 1284.0 1284.0  1    3.253    3.253  1   34.529   34.529  1
 1286.0 1286.0  1    3.250    3.250  1   34.529   34.529  1
 1288.0 1288.0  1    3.245    3.245  1   34.530   34.530  1
 1290.0 1290.0  1    3.237    3.237  1   34.531   34.531  1
 1292.0 1292.0  1    3.234    3.234  1   34.531   34.531  1
 1294.0 1294.0  1    3.232    3.232  1   34.531   34.531  1
 1296.0 1296.0  1    3.230    3.230  1   34.531   34.531  1
 1298.0 1298.0  1    3.230    3.230  1   34.531   34.531  1
 1300.0 1300.0  1    3.229    3.229  1   34.531   34.531  1
 1302.0 1302.0  1    3.220    3.220  1   34.532   34.532  1
 1304.0 1304.0  1    3.215    3.215  1   34.532   34.532  1
 1306.0 1306.0  1    3.205    3.205  1   34.534   34.534  1
 1308.0 1308.0  1    3.196    3.196  1   34.534   34.534  1
 1310.0 1310.0  1    3.191    3.191  1   34.535   34.535  1
 1312.0 1312.0  1    3.186    3.186  1   34.535   34.535  1
 1314.0 1314.0  1    3.181    3.181  1   34.536   34.536  1
 1316.0 1316.0  1    3.176    3.176  1   34.536   34.536  1
 1318.0 1318.0  1    3.174    3.174  1   34.536   34.536  1
 1320.0 1320.0  1    3.173    3.173  1   34.536   34.536  1
 1321.9 1321.9  1    3.169    3.169  1   34.537   34.537  1
 1324.0 1324.0  1    3.166    3.166  1   34.537   34.537  1
 1326.0 1326.0  1    3.165    3.165  1   34.537   34.537  1
 1328.0 1328.0  1    3.161    3.161  1   34.538   34.538  1
 1330.0 1330.0  1    3.156    3.156  1   34.538   34.538  1
 1332.0 1332.0  1    3.153    3.153  1   34.539   34.539  1
 1334.0 1334.0  1    3.151    3.151  1   34.539   34.539  1
 1335.9 1335.9  1    3.147    3.147  1   34.539   34.539  1
 1337.9 1337.9  1    3.146    3.146  1   34.539   34.539  1
 1340.0 1340.0  1    3.144    3.144  1   34.540   34.540  1
 1342.0 1342.0  1    3.140    3.140  1   34.540   34.540  1
 1344.0 1344.0  1    3.134    3.134  1   34.540   34.540  1
 1346.0 1346.0  1    3.133    3.133  1   34.540   34.540  1
 1348.0 1348.0  1    3.132    3.132  1   34.540   34.540  1
 1350.0 1350.0  1    3.130    3.130  1   34.540   34.540  1
 1352.0 1352.0  1    3.128    3.128  1   34.540   34.540  1
 1354.0 1354.0  1    3.123    3.123  1   34.541   34.541  1
 1356.0 1356.0  1    3.120    3.120  1   34.541   34.541  1
 1358.0 1358.0  1    3.117    3.117  1   34.541   34.541  1
 1360.0 1360.0  1    3.111    3.111  1   34.542   34.542  1
 1362.0 1362.0  1    3.107    3.107  1   34.542   34.542  1
 1364.0 1364.0  1    3.102    3.102  1   34.543   34.543  1
 1366.0 1366.0  1    3.099    3.099  1   34.543   34.543  1
 1368.0 1368.0  1    3.098    3.098  1   34.543   34.543  1
 1370.0 1370.0  1    3.092    3.092  1   34.543   34.543  1
 1372.0 1372.0  1    3.077    3.077  1   34.545   34.545  1
 1374.0 1374.0  1    3.075    3.075  1   34.544   34.544  1
 1376.0 1376.0  1    3.074    3.074  1   34.544   34.544  1
 1378.0 1378.0  1    3.074    3.074  1   34.544   34.544  1
 1380.0 1380.0  1    3.072    3.072  1   34.545   34.545  1
 1382.0 1382.0  1    3.071    3.071  1   34.544   34.544  1
 1384.0 1384.0  1    3.058    3.058  1   34.546   34.546  1
 1386.0 1386.0  1    3.048    3.048  1   34.546   34.546  1
 1388.0 1388.0  1    3.046    3.046  1   34.546   34.546  1
 1390.0 1390.0  1    3.036    3.036  1   34.548   34.548  1
 1392.0 1392.0  1    3.026    3.026  1   34.548   34.548  1
 1394.0 1394.0  1    3.021    3.021  1   34.548   34.548  1
 1396.0 1396.0  1    3.012    3.012  1   34.549   34.549  1
 1398.0 1398.0  1    3.007    3.007  1   34.549   34.549  1
 1400.0 1400.0  1    3.004    3.004  1   34.550   34.550  1
 1402.0 1402.0  1    3.002    3.002  1   34.550   34.550  1
 1404.0 1404.0  1    2.997    2.997  1   34.550   34.550  1
 1406.0 1406.0  1    2.988    2.988  1   34.551   34.551  1
 1408.0 1408.0  1    2.985    2.985  1   34.551   34.551  1
 1410.0 1410.0  1    2.983    2.983  1   34.551   34.551  1
 1412.0 1412.0  1    2.983    2.983  1   34.551   34.551  1
 1414.0 1414.0  1    2.982    2.982  1   34.551   34.551  1
 1416.0 1416.0  1    2.979    2.979  1   34.552   34.552  1
 1418.0 1418.0  1    2.977    2.977  1   34.552   34.552  1
 1420.0 1420.0  1    2.976    2.976  1   34.552   34.552  1
 1422.0 1422.0  1    2.974    2.974  1   34.552   34.552  1
 1424.0 1424.0  1    2.972    2.972  1   34.552   34.552  1
 1425.9 1425.9  1    2.969    2.969  1   34.553   34.553  1
 1428.0 1428.0  1    2.966    2.966  1   34.553   34.553  1
 1430.0 1430.0  1    2.962    2.962  1   34.554   34.554  1
 1432.0 1432.0  1    2.959    2.959  1   34.554   34.554  1
 1434.0 1434.0  1    2.955    2.955  1   34.554   34.554  1
 1436.0 1436.0  1    2.952    2.952  1   34.554   34.554  1
 1438.0 1438.0  1    2.952    2.952  1   34.554   34.554  1
 1440.0 1440.0  1    2.951    2.951  1   34.554   34.554  1
 1442.0 1442.0  1    2.939    2.939  1   34.556   34.556  1
 1444.0 1444.0  1    2.931    2.931  1   34.556   34.556  1
 1446.0 1446.0  1    2.927    2.927  1   34.556   34.556  1
 1448.0 1448.0  1    2.925    2.925  1   34.556   34.556  1
 1450.0 1450.0  1    2.922    2.922  1   34.557   34.557  1
 1452.0 1452.0  1    2.919    2.919  1   34.557   34.557  1
 1454.0 1454.0  1    2.918    2.918  1   34.557   34.557  1
 1456.0 1456.0  1    2.913    2.913  1   34.557   34.557  1
 1458.0 1458.0  1    2.909    2.909  1   34.557   34.557  1
 1460.0 1460.0  1    2.900    2.900  1   34.558   34.558  1
 1462.0 1462.0  1    2.890    2.890  1   34.558   34.558  1
 1464.0 1464.0  1    2.888    2.888  1   34.558   34.558  1
 1466.0 1466.0  1    2.885    2.885  1   34.558   34.558  1
 1468.0 1468.0  1    2.877    2.877  1   34.559   34.559  1
 1470.0 1470.0  1    2.869    2.869  1   34.560   34.560  1
 1472.0 1472.0  1    2.862    2.862  1   34.561   34.561  1
 1474.0 1474.0  1    2.861    2.861  1   34.561   34.561  1
 1476.0 1476.0  1    2.859    2.859  1   34.561   34.561  1
 1478.0 1478.0  1    2.856    2.856  1   34.562   34.562  1
 1480.0 1480.0  1    2.853    2.853  1   34.562   34.562  1
 1482.0 1482.0  1    2.848    2.848  1   34.563   34.563  1
 1484.0 1484.0  1    2.846    2.846  1   34.563   34.563  1
 1486.0 1486.0  1    2.839    2.839  1   34.564   34.564  1
 1488.0 1488.0  1    2.836    2.836  1   34.564   34.564  1
 1490.0 1490.0  1    2.828    2.828  1   34.565   34.565  1
 1492.0 1492.0  1    2.823    2.823  1   34.565   34.565  1
 1494.0 1494.0  1    2.823    2.823  1   34.565   34.565  1
 1496.0 1496.0  1    2.820    2.820  1   34.565   34.565  1
 1498.0 1498.0  1    2.818    2.818  1   34.565   34.565  1
 1500.0 1500.0  1    2.818    2.818  1   34.565   34.565  1
 1502.0 1502.0  1    2.815    2.815  1   34.566   34.566  1
 1504.0 1504.0  1    2.809    2.809  1   34.566   34.566  1
 1506.0 1506.0  1    2.804    2.804  1   34.566   34.566  1
 1508.0 1508.0  1    2.799    2.799  1   34.567   34.567  1
 1510.0 1510.0  1    2.797    2.797  1   34.567   34.567  1
 1512.1 1512.1  1    2.794    2.794  1   34.567   34.567  1
 1514.0 1514.0  1    2.789    2.789  1   34.568   34.568  1
 1516.0 1516.0  1    2.783    2.783  1   34.568   34.568  1
 1518.0 1518.0  1    2.778    2.778  1   34.569   34.569  1
 1520.0 1520.0  1    2.775    2.775  1   34.569   34.569  1
 1522.0 1522.0  1    2.771    2.771  1   34.569   34.569  1
 1524.0 1524.0  1    2.770    2.770  1   34.569   34.569  1
 1526.0 1526.0  1    2.769    2.769  1   34.569   34.569  1
 1528.1 1528.1  1    2.769    2.769  1   34.569   34.569  1
 1530.0 1530.0  1    2.769    2.769  1   34.569   34.569  1
 1532.0 1532.0  1    2.768    2.768  1   34.569   34.569  1
 1534.0 1534.0  1    2.767    2.767  1   34.569   34.569  1
 1536.0 1536.0  1    2.767    2.767  1   34.569   34.569  1
 1538.0 1538.0  1    2.764    2.764  1   34.570   34.570  1
 1540.0 1540.0  1    2.761    2.761  1   34.570   34.570  1
 1542.0 1542.0  1    2.754    2.754  1   34.570   34.570  1
 1544.0 1544.0  1    2.750    2.750  1   34.571   34.571  1
 1546.0 1546.0  1    2.745    2.745  1   34.571   34.571  1
 1548.0 1548.0  1    2.742    2.742  1   34.571   34.571  1
 1550.0 1550.0  1    2.739    2.739  1   34.571   34.571  1
 1552.0 1552.0  1    2.735    2.735  1   34.572   34.572  1
 1554.0 1554.0  1    2.731    2.731  1   34.572   34.572  1
 1556.0 1556.0  1    2.726    2.726  1   34.573   34.573  1
 1558.0 1558.0  1    2.723    2.723  1   34.573   34.573  1
 1560.0 1560.0  1    2.722    2.722  1   34.573   34.573  1
 1562.0 1562.0  1    2.717    2.717  1   34.573   34.573  1
 1564.0 1564.0  1    2.712    2.712  1   34.574   34.574  1
 1566.0 1566.0  1    2.708    2.708  1   34.574   34.574  1
 1568.0 1568.0  1    2.702    2.702  1   34.574   34.574  1
 1570.0 1570.0  1    2.693    2.693  1   34.575   34.575  1
 1572.0 1572.0  1    2.690    2.690  1   34.576   34.576  1
 1574.0 1574.0  1    2.687    2.687  1   34.576   34.576  1
 1576.0 1576.0  1    2.684    2.684  1   34.576   34.576  1
 1578.0 1578.0  1    2.681    2.681  1   34.576   34.576  1
 1580.0 1580.0  1    2.677    2.677  1   34.576   34.576  1
 1582.1 1582.1  1    2.674    2.674  1   34.577   34.577  1
 1584.0 1584.0  1    2.669    2.669  1   34.577   34.577  1
 1586.0 1586.0  1    2.667    2.667  1   34.577   34.577  1
 1588.0 1588.0  1    2.664    2.664  1   34.577   34.577  1
 1590.0 1590.0  1    2.660    2.660  1   34.578   34.578  1
 1592.0 1592.0  1    2.656    2.656  1   34.578   34.578  1
 1594.0 1594.0  1    2.654    2.654  1   34.578   34.578  1
 1596.0 1596.0  1    2.652    2.652  1   34.578   34.578  1
 1598.0 1598.0  1    2.648    2.648  1   34.579   34.579  1
 1599.9 1599.9  1    2.639    2.639  1   34.580   34.580  1
 1602.0 1602.0  1    2.633    2.633  1   34.580   34.580  1
 1604.1 1604.1  1    2.631    2.631  1   34.580   34.580  1
 1606.0 1606.0  1    2.629    2.629  1   34.580   34.580  1
 1608.0 1608.0  1    2.625    2.625  1   34.581   34.581  1
 1610.0 1610.0  1    2.623    2.623  1   34.581   34.581  1
 1612.0 1612.0  1    2.622    2.622  1   34.581   34.581  1
 1614.0 1614.0  1    2.619    2.619  1   34.581   34.581  1
 1616.0 1616.0  1    2.609    2.609  1   34.582   34.582  1
 1617.9 1617.9  1    2.608    2.608  1   34.582   34.582  1
 1619.9 1619.9  1    2.607    2.607  1   34.582   34.582  1
 1622.0 1622.0  1    2.605    2.605  1   34.582   34.582  1
 1624.0 1624.0  1    2.599    2.599  1   34.582   34.582  1
 1626.0 1626.0  1    2.597    2.597  1   34.583   34.583  1
 1628.0 1628.0  1    2.595    2.595  1   34.583   34.583  1
 1630.0 1630.0  1    2.592    2.592  1   34.583   34.583  1
 1632.0 1632.0  1    2.592    2.592  1   34.583   34.583  1
 1634.0 1634.0  1    2.589    2.589  1   34.583   34.583  1
 1636.0 1636.0  1    2.583    2.583  1   34.584   34.584  1
 1638.0 1638.0  1    2.582    2.582  1   34.584   34.584  1
 1640.0 1640.0  1    2.580    2.580  1   34.584   34.584  1
 1642.0 1642.0  1    2.576    2.576  1   34.584   34.584  1
 1644.0 1644.0  1    2.573    2.573  1   34.584   34.584  1
 1646.0 1646.0  1    2.571    2.571  1   34.584   34.584  1
 1648.0 1648.0  1    2.570    2.570  1   34.585   34.585  1
 1650.0 1650.0  1    2.568    2.568  1   34.585   34.585  1
 1652.0 1652.0  1    2.557    2.557  1   34.586   34.586  1
 1654.1 1654.1  1    2.552    2.552  1   34.586   34.586  1
 1656.0 1656.0  1    2.543    2.543  1   34.587   34.587  1
 1658.0 1658.0  1    2.537    2.537  1   34.587   34.587  1
 1660.0 1660.0  1    2.533    2.533  1   34.587   34.587  1
 1662.0 1662.0  1    2.529    2.529  1   34.588   34.588  1
 1664.0 1664.0  1    2.526    2.526  1   34.588   34.588  1
 1666.0 1666.0  1    2.521    2.521  1   34.588   34.588  1
 1668.0 1668.0  1    2.516    2.516  1   34.589   34.589  1
 1670.0 1670.0  1    2.514    2.514  1   34.589   34.589  1
 1672.0 1672.0  1    2.510    2.510  1   34.589   34.589  1
 1674.0 1674.0  1    2.507    2.507  1   34.589   34.589  1
 1675.9 1675.9  1    2.501    2.501  1   34.590   34.590  1
 1678.0 1678.0  1    2.498    2.498  1   34.590   34.590  1
 1680.0 1680.0  1    2.495    2.495  1   34.590   34.590  1
 1682.0 1682.0  1    2.490    2.490  1   34.591   34.591  1
 1684.0 1684.0  1    2.490    2.490  1   34.591   34.591  1
 1686.0 1686.0  1    2.489    2.489  1   34.591   34.591  1
 1688.0 1688.0  1    2.488    2.488  1   34.591   34.591  1
 1690.0 1690.0  1    2.488    2.488  1   34.591   34.591  1
 1692.0 1692.0  1    2.486    2.486  1   34.591   34.591  1
 1694.0 1694.0  1    2.485    2.485  1   34.591   34.591  1
 1696.0 1696.0  1    2.482    2.482  1   34.592   34.592  1
 1698.0 1698.0  1    2.480    2.480  1   34.592   34.592  1
 1700.0 1700.0  1    2.479    2.479  1   34.592   34.592  1
 1702.0 1702.0  1    2.478    2.478  1   34.592   34.592  1
 1704.0 1704.0  1    2.475    2.475  1   34.592   34.592  1
 1706.0 1706.0  1    2.470    2.470  1   34.593   34.593  1
 1708.0 1708.0  1    2.466    2.466  1   34.593   34.593  1
 1710.0 1710.0  1    2.464    2.464  1   34.593   34.593  1
 1712.0 1712.0  1    2.463    2.463  1   34.593   34.593  1
 1714.0 1714.0  1    2.461    2.461  1   34.593   34.593  1
 1716.0 1716.0  1    2.460    2.460  1   34.593   34.593  1
 1718.0 1718.0  1    2.460    2.460  1   34.593   34.593  1
 1720.0 1720.0  1    2.458    2.458  1   34.594   34.594  1
 1722.0 1722.0  1    2.455    2.455  1   34.594   34.594  1
 1724.1 1724.1  1    2.453    2.453  1   34.594   34.594  1
 1726.0 1726.0  1    2.453    2.453  1   34.594   34.594  1
 1728.0 1728.0  1    2.452    2.452  1   34.594   34.594  1
 1730.0 1730.0  1    2.448    2.448  1   34.595   34.595  1
 1732.0 1732.0  1    2.443    2.443  1   34.595   34.595  1
 1734.0 1734.0  1    2.438    2.438  1   34.595   34.595  1
 1736.0 1736.0  1    2.435    2.435  1   34.596   34.596  1
 1738.0 1738.0  1    2.433    2.433  1   34.596   34.596  1
 1740.0 1740.0  1    2.431    2.431  1   34.596   34.596  1
 1742.0 1742.0  1    2.430    2.430  1   34.596   34.596  1
 1744.0 1744.0  1    2.427    2.427  1   34.596   34.596  1
 1746.0 1746.0  1    2.423    2.423  1   34.597   34.597  1
 1748.0 1748.0  1    2.420    2.420  1   34.597   34.597  1
 1750.0 1750.0  1    2.420    2.420  1   34.597   34.597  1
 1752.0 1752.0  1    2.420    2.420  1   34.597   34.597  1
 1754.0 1754.0  1    2.420    2.420  1   34.597   34.597  1
 1756.0 1756.0  1    2.419    2.419  1   34.597   34.597  1
 1758.0 1758.0  1    2.418    2.418  1   34.597   34.597  1
 1760.0 1760.0  1    2.416    2.416  1   34.597   34.597  1
 1762.0 1762.0  1    2.411    2.411  1   34.598   34.598  1
 1764.0 1764.0  1    2.408    2.408  1   34.598   34.598  1
 1766.0 1766.0  1    2.405    2.405  1   34.598   34.598  1
 1768.0 1768.0  1    2.405    2.405  1   34.598   34.598  1
 1770.0 1770.0  1    2.403    2.403  1   34.598   34.598  1
 1772.0 1772.0  1    2.400    2.400  1   34.598   34.598  1
 1774.1 1774.1  1    2.394    2.394  1   34.599   34.599  1
 1776.1 1776.1  1    2.391    2.391  1   34.599   34.599  1
 1778.0 1778.0  1    2.390    2.390  1   34.599   34.599  1
 1780.0 1780.0  1    2.389    2.389  1   34.599   34.599  1
 1782.0 1782.0  1    2.385    2.385  1   34.600   34.600  1
 1784.0 1784.0  1    2.383    2.383  1   34.600   34.600  1
 1786.0 1786.0  1    2.381    2.381  1   34.600   34.600  1
 1788.0 1788.0  1    2.378    2.378  1   34.600   34.600  1
 1789.9 1789.9  1    2.376    2.376  1   34.600   34.600  1
 1792.0 1792.0  1    2.376    2.376  1   34.600   34.600  1
 1794.0 1794.0  1    2.375    2.375  1   34.600   34.600  1
 1796.0 1796.0  1    2.373    2.373  1   34.600   34.600  1
 1798.0 1798.0  1    2.365    2.365  1   34.601   34.601  1
 1800.1 1800.1  1    2.361    2.361  1   34.602   34.602  1
 1802.0 1802.0  1    2.361    2.361  1   34.602   34.602  1
 1804.0 1804.0  1    2.359    2.359  1   34.602   34.602  1
 1805.9 1805.9  1    2.356    2.356  1   34.602   34.602  1
 1808.0 1808.0  1    2.354    2.354  1   34.602   34.602  1
 1810.0 1810.0  1    2.351    2.351  1   34.603   34.603  1
 1812.0 1812.0  1    2.350    2.350  1   34.602   34.602  1
 1814.0 1814.0  1    2.350    2.350  1   34.602   34.602  1
 1815.9 1815.9  1    2.349    2.349  1   34.603   34.603  1
 1818.0 1818.0  1    2.345    2.345  1   34.603   34.603  1
 1820.0 1820.0  1    2.338    2.338  1   34.603   34.603  1
 1822.1 1822.1  1    2.332    2.332  1   34.604   34.604  1
 1824.0 1824.0  1    2.325    2.325  1   34.604   34.604  1
 1826.0 1826.0  1    2.322    2.322  1   34.605   34.605  1
 1828.0 1828.0  1    2.321    2.321  1   34.604   34.604  1
 1830.1 1830.1  1    2.319    2.319  1   34.605   34.605  1
 1832.0 1832.0  1    2.316    2.316  1   34.605   34.605  1
 1834.0 1834.0  1    2.316    2.316  1   34.605   34.605  1
 1836.0 1836.0  1    2.316    2.316  1   34.605   34.605  1
 1837.9 1837.9  1    2.316    2.316  1   34.605   34.605  1
 1840.0 1840.0  1    2.312    2.312  1   34.606   34.606  1
 1842.0 1842.0  1    2.309    2.309  1   34.606   34.606  1
 1844.0 1844.0  1    2.306    2.306  1   34.606   34.606  1
 1846.0 1846.0  1    2.303    2.303  1   34.607   34.607  1
 1848.0 1848.0  1    2.299    2.299  1   34.607   34.607  1
 1850.0 1850.0  1    2.299    2.299  1   34.607   34.607  1
 1852.0 1852.0  1    2.296    2.296  1   34.607   34.607  1
 1854.0 1854.0  1    2.295    2.295  1   34.607   34.607  1
 1856.0 1856.0  1    2.294    2.294  1   34.607   34.607  1
 1858.0 1858.0  1    2.291    2.291  1   34.608   34.608  1
 1860.0 1860.0  1    2.288    2.288  1   34.608   34.608  1
 1862.0 1862.0  1    2.287    2.287  1   34.608   34.608  1
 1864.0 1864.0  1    2.287    2.287  1   34.608   34.608  1
 1866.0 1866.0  1    2.286    2.286  1   34.608   34.608  1
 1868.0 1868.0  1    2.285    2.285  1   34.609   34.609  1
 1870.0 1870.0  1    2.283    2.283  1   34.609   34.609  1
 1872.0 1872.0  1    2.282    2.282  1   34.609   34.609  1
 1874.0 1874.0  1    2.281    2.281  1   34.609   34.609  1
 1876.0 1876.0  1    2.275    2.275  1   34.610   34.610  1
 1878.0 1878.0  1    2.273    2.273  1   34.610   34.610  1
 1880.0 1880.0  1    2.268    2.268  1   34.610   34.610  1
 1882.0 1882.0  1    2.267    2.267  1   34.610   34.610  1
 1884.0 1884.0  1    2.266    2.266  1   34.610   34.610  1
 1886.0 1886.0  1    2.262    2.262  1   34.611   34.611  1
 1888.0 1888.0  1    2.258    2.258  1   34.611   34.611  1
 1889.9 1889.9  1    2.257    2.257  1   34.611   34.611  1
 1892.0 1892.0  1    2.254    2.254  1   34.611   34.611  1
 1894.0 1894.0  1    2.251    2.251  1   34.612   34.612  1
 1896.0 1896.0  1    2.247    2.247  1   34.612   34.612  1
 1898.0 1898.0  1    2.244    2.244  1   34.612   34.612  1
 1900.0 1900.0  1    2.242    2.242  1   34.612   34.612  1
 1902.0 1902.0  1    2.241    2.241  1   34.612   34.612  1
 1904.1 1904.1  1    2.240    2.240  1   34.613   34.613  1
 1906.0 1906.0  1    2.238    2.238  1   34.613   34.613  1
 1908.0 1908.0  1    2.237    2.237  1   34.613   34.613  1
 1910.0 1910.0  1    2.236    2.236  1   34.613   34.613  1
 1912.0 1912.0  1    2.236    2.236  1   34.613   34.613  1
 1914.0 1914.0  1    2.232    2.232  1   34.613   34.613  1
 1916.0 1916.0  1    2.229    2.229  1   34.614   34.614  1
 1918.0 1918.0  1    2.226    2.226  1   34.614   34.614  1
 1920.0 1920.0  1    2.222    2.222  1   34.614   34.614  1
 1922.0 1922.0  1    2.220    2.220  1   34.615   34.615  1
 1924.0 1924.0  1    2.217    2.217  1   34.615   34.615  1
 1926.0 1926.0  1    2.216    2.216  1   34.615   34.615  1
 1927.9 1927.9  1    2.216    2.216  1   34.615   34.615  1
 1930.0 1930.0  1    2.216    2.216  1   34.615   34.615  1
 1932.0 1932.0  1    2.215    2.215  1   34.615   34.615  1
 1934.0 1934.0  1    2.213    2.213  1   34.615   34.615  1
 1936.0 1936.0  1    2.212    2.212  1   34.615   34.615  1
 1938.0 1938.0  1    2.209    2.209  1   34.615   34.615  1
 1940.0 1940.0  1    2.209    2.209  1   34.615   34.615  1
 1942.1 1942.1  1    2.206    2.206  1   34.615   34.615  1
 1944.0 1944.0  1    2.203    2.203  1   34.616   34.616  1
 1946.0 1946.0  1    2.198    2.198  1   34.616   34.616  1
 1948.0 1948.0  1    2.193    2.193  1   34.617   34.617  1
 1950.0 1950.0  1    2.190    2.190  1   34.617   34.617  1
 1951.9 1951.9  1    2.189    2.189  1   34.617   34.617  1
 1954.0 1954.0  1    2.186    2.186  1   34.617   34.617  1
 1956.0 1956.0  1    2.184    2.184  1   34.617   34.617  1
 1958.0 1958.0  1    2.183    2.183  1   34.617   34.617  1
 1960.0 1960.0  1    2.181    2.181  1   34.618   34.618  1
 1962.0 1962.0  1    2.179    2.179  1   34.617   34.617  1
 1964.0 1964.0  1    2.178    2.178  1   34.618   34.618  1
 1966.0 1966.0  1    2.175    2.175  1   34.618   34.618  1
 1968.0 1968.0  1    2.172    2.172  1   34.618   34.618  1
 1970.1 1970.1  1    2.168    2.168  1   34.618   34.618  1
 1972.0 1972.0  1    2.165    2.165  1   34.619   34.619  1
 1974.0 1974.0  1    2.161    2.161  1   34.619   34.619  1
 1976.0 1976.0  1    2.159    2.159  1   34.619   34.619  1
 1978.0 1978.0  1    2.157    2.157  1   34.619   34.619  1
 1980.1 1980.1  1    2.155    2.155  1   34.620   34.620  1
 1982.0 1982.0  1    2.154    2.154  1   34.620   34.620  1
 1984.0 1984.0  1    2.151    2.151  1   34.620   34.620  1
 1986.0 1986.0  1    2.149    2.149  1   34.620   34.620  1
 1988.0 1988.0  1    2.148    2.148  1   34.620   34.620  1
 1990.0 1990.0  1    2.146    2.146  1   34.620   34.620  1
 1992.0 1992.0  1    2.143    2.143  1   34.621   34.621  1
 1994.0 1994.0  1    2.142    2.142  1   34.621   34.621  1
 1996.0 1996.0  1    2.142    2.142  1   34.621   34.621  1
 1998.0 1998.0  1    2.141    2.141  1   34.621   34.621  1
 2000.0 2000.0  1    2.140    2.140  1   34.621   34.621  1
 2001.9 2001.9  1    2.138    2.138  1   34.622   34.622  1
