*SoftWare Version 3.0  2018/12/27

*HEADER
     PLATFORM NUMBER       :4903023
     CYCLE NUMBER          :023
     DATE CREATION         :20191222230045
     DATE UPDATE           :20191222230045
     PROJECT NAME          :US ARGO PROJECT
     PI NAME               :DEAN ROEMMICH
     INSTRUMENT TYPE       :SOLO_II
     FLOAT SERIAL NO       :8780
     FIRMWARE VERSION      :V02.60; SBE602 19Apr19
     WMO INSTRUMENT TYPE   :853
     TRANSMISSION SYSTEM   :IRIDIUM
     POSITIONING SYSTEM    :GPS
     SAMPLE DIRECTION      :A(A=Ascend; D=Descend)
     DATA MODE             :R(R=Real Time; D=Delayed Mode; A=Real Time Adjusted)
     JULIAN DAY            :25557.8281 (days since 1950-01-01 00:00:00 UTC)
     DATE                  :2019-12-22
     QC FLAG FOR DATE      :1
*LOCATION
     LATITUDE              :29.679  
     LONGITUDE             :-170.462
     QC FLAG FOR LOCATION  :1
*FILE
     COLUMN 1              :Pressure (dbar)                             F7.1
     COLUMN 2              :Corrected Pressure (dbar)                   F7.1
     COLUMN 3              :Quality on Pressure                         I3
     COLUMN 4              :Temperature (degree_Celsius)                F9.3
     COLUMN 5              :Corrected Temperature (degree_Celsius)      F9.3
     COLUMN 6              :Quality on Temperature                      I3
     COLUMN 7              :Salinity (PSU)                              F9.3
     COLUMN 8              :Corrected Salinity (PSU)                    F9.3
     COLUMN 9              :Quality on Salinity                         I3
==========================================================================
    1.0    1.0  1   20.854   20.854  1   35.213   35.213  1
    2.0    2.0  1   20.856   20.856  1   35.213   35.213  1
    3.0    3.0  1   20.857   20.857  1   35.213   35.213  1
    4.0    4.0  1   20.856   20.856  1   35.213   35.213  1
    5.0    5.0  1   20.857   20.857  1   35.213   35.213  1
    5.9    5.9  1   20.858   20.858  1   35.213   35.213  1
    7.0    7.0  1   20.859   20.859  1   35.213   35.213  1
    8.0    8.0  1   20.858   20.858  1   35.213   35.213  1
    9.0    9.0  1   20.859   20.859  1   35.213   35.213  1
   10.0   10.0  1   20.859   20.859  1   35.212   35.212  1
   10.7   10.7  1   20.859   20.859  1   35.212   35.212  1
   11.9   11.9  1   20.859   20.859  1   35.212   35.212  1
   13.9   13.9  1   20.859   20.859  1   35.212   35.212  1
   16.0   16.0  1   20.860   20.860  1   35.212   35.212  1
   18.0   18.0  1   20.860   20.860  1   35.212   35.212  1
   20.0   20.0  1   20.860   20.860  1   35.212   35.212  1
   22.0   22.0  1   20.859   20.859  1   35.212   35.212  1
   24.0   24.0  1   20.860   20.860  1   35.212   35.212  1
   26.0   26.0  1   20.860   20.860  1   35.212   35.212  1
   28.0   28.0  1   20.860   20.860  1   35.211   35.211  1
   30.0   30.0  1   20.860   20.860  1   35.211   35.211  1
   32.0   32.0  1   20.862   20.862  1   35.212   35.212  1
   34.0   34.0  1   20.863   20.863  1   35.212   35.212  1
   36.0   36.0  1   20.863   20.863  1   35.212   35.212  1
   38.0   38.0  1   20.861   20.861  1   35.211   35.211  1
   40.0   40.0  1   20.862   20.862  1   35.212   35.212  1
   42.0   42.0  1   20.861   20.861  1   35.212   35.212  1
   44.0   44.0  1   20.862   20.862  1   35.212   35.212  1
   46.0   46.0  1   20.862   20.862  1   35.212   35.212  1
   48.0   48.0  1   20.863   20.863  1   35.212   35.212  1
   50.0   50.0  1   20.863   20.863  1   35.211   35.211  1
   52.0   52.0  1   20.863   20.863  1   35.211   35.211  1
   54.0   54.0  1   20.863   20.863  1   35.211   35.211  1
   56.0   56.0  1   20.863   20.863  1   35.211   35.211  1
   58.0   58.0  1   20.864   20.864  1   35.211   35.211  1
   60.0   60.0  1   20.865   20.865  1   35.212   35.212  1
   62.0   62.0  1   20.867   20.867  1   35.213   35.213  1
   64.0   64.0  1   20.869   20.869  1   35.216   35.216  1
   66.0   66.0  1   20.869   20.869  1   35.216   35.216  1
   68.0   68.0  1   20.869   20.869  1   35.215   35.215  1
   70.0   70.0  1   20.869   20.869  1   35.214   35.214  1
   72.0   72.0  1   20.870   20.870  1   35.215   35.215  1
   74.0   74.0  1   20.873   20.873  1   35.217   35.217  1
   76.0   76.0  1   20.876   20.876  1   35.218   35.218  1
   78.0   78.0  1   20.878   20.878  1   35.222   35.222  1
   80.0   80.0  1   20.878   20.878  1   35.227   35.227  1
   82.0   82.0  1   20.879   20.879  1   35.227   35.227  1
   84.0   84.0  1   20.884   20.884  1   35.227   35.227  1
   86.0   86.0  1   20.869   20.869  1   35.236   35.236  1
   88.0   88.0  1   20.710   20.710  1   35.223   35.223  1
   90.0   90.0  1   20.241   20.241  1   35.144   35.144  1
   92.0   92.0  1   19.771   19.771  1   35.069   35.069  1
   94.0   94.0  1   19.331   19.331  1   34.999   34.999  1
   96.0   96.0  1   18.738   18.738  1   34.910   34.910  1
   98.0   98.0  1   18.378   18.378  1   34.860   34.860  1
  100.0  100.0  1   18.180   18.180  1   34.842   34.842  1
  102.0  102.0  1   17.917   17.917  1   34.803   34.803  1
  104.0  104.0  1   17.859   17.859  1   34.800   34.800  1
  106.0  106.0  1   17.813   17.813  1   34.796   34.796  1
  108.0  108.0  1   17.749   17.749  1   34.796   34.796  1
  110.0  110.0  1   17.641   17.641  1   34.789   34.789  1
  112.0  112.0  1   17.529   17.529  1   34.783   34.783  1
  114.1  114.1  1   17.417   17.417  1   34.777   34.777  1
  116.0  116.0  1   17.388   17.388  1   34.773   34.773  1
  118.0  118.0  1   17.378   17.378  1   34.772   34.772  1
  120.0  120.0  1   17.370   17.370  1   34.772   34.772  1
  122.0  122.0  1   17.320   17.320  1   34.771   34.771  1
  124.0  124.0  1   17.284   17.284  1   34.766   34.766  1
  126.0  126.0  1   17.190   17.190  1   34.761   34.761  1
  128.0  128.0  1   17.010   17.010  1   34.753   34.753  1
  130.0  130.0  1   16.860   16.860  1   34.731   34.731  1
  131.9  131.9  1   16.821   16.821  1   34.728   34.728  1
  133.9  133.9  1   16.780   16.780  1   34.724   34.724  1
  136.0  136.0  1   16.730   16.730  1   34.719   34.719  1
  138.0  138.0  1   16.676   16.676  1   34.713   34.713  1
  140.0  140.0  1   16.655   16.655  1   34.710   34.710  1
  142.0  142.0  1   16.615   16.615  1   34.706   34.706  1
  144.0  144.0  1   16.564   16.564  1   34.702   34.702  1
  146.0  146.0  1   16.481   16.481  1   34.695   34.695  1
  148.0  148.0  1   16.395   16.395  1   34.687   34.687  1
  150.0  150.0  1   16.351   16.351  1   34.680   34.680  1
  152.1  152.1  1   16.329   16.329  1   34.678   34.678  1
  154.0  154.0  1   16.320   16.320  1   34.675   34.675  1
  156.0  156.0  1   16.315   16.315  1   34.673   34.673  1
  158.0  158.0  1   16.269   16.269  1   34.671   34.671  1
  160.1  160.1  1   16.154   16.154  1   34.661   34.661  1
  162.1  162.1  1   16.103   16.103  1   34.651   34.651  1
  164.0  164.0  1   16.079   16.079  1   34.648   34.648  1
  166.0  166.0  1   15.962   15.962  1   34.640   34.640  1
  168.0  168.0  1   15.904   15.904  1   34.630   34.630  1
  170.0  170.0  1   15.819   15.819  1   34.626   34.626  1
  171.9  171.9  1   15.766   15.766  1   34.616   34.616  1
  174.0  174.0  1   15.731   15.731  1   34.612   34.612  1
  176.0  176.0  1   15.711   15.711  1   34.608   34.608  1
  178.0  178.0  1   15.685   15.685  1   34.605   34.605  1
  180.0  180.0  1   15.572   15.572  1   34.601   34.601  1
  182.0  182.0  1   15.398   15.398  1   34.585   34.585  1
  184.0  184.0  1   15.322   15.322  1   34.570   34.570  1
  186.0  186.0  1   15.290   15.290  1   34.567   34.567  1
  188.0  188.0  1   15.240   15.240  1   34.561   34.561  1
  190.0  190.0  1   15.230   15.230  1   34.558   34.558  1
  192.0  192.0  1   15.214   15.214  1   34.558   34.558  1
  194.0  194.0  1   15.166   15.166  1   34.553   34.553  1
  196.0  196.0  1   15.112   15.112  1   34.550   34.550  1
  198.0  198.0  1   15.060   15.060  1   34.546   34.546  1
  200.0  200.0  1   14.995   14.995  1   34.539   34.539  1
  202.0  202.0  1   14.951   14.951  1   34.536   34.536  1
  204.0  204.0  1   14.931   14.931  1   34.532   34.532  1
  205.9  205.9  1   14.914   14.914  1   34.531   34.531  1
  208.0  208.0  1   14.897   14.897  1   34.529   34.529  1
  210.0  210.0  1   14.877   14.877  1   34.528   34.528  1
  212.0  212.0  1   14.869   14.869  1   34.526   34.526  1
  214.0  214.0  1   14.859   14.859  1   34.526   34.526  1
  216.0  216.0  1   14.843   14.843  1   34.525   34.525  1
  218.0  218.0  1   14.836   14.836  1   34.522   34.522  1
  220.0  220.0  1   14.828   14.828  1   34.521   34.521  1
  222.0  222.0  1   14.813   14.813  1   34.519   34.519  1
  224.0  224.0  1   14.787   14.787  1   34.517   34.517  1
  226.0  226.0  1   14.666   14.666  1   34.514   34.514  1
  228.0  228.0  1   14.477   14.477  1   34.501   34.501  1
  230.0  230.0  1   14.405   14.405  1   34.489   34.489  1
  232.0  232.0  1   14.374   14.374  1   34.487   34.487  1
  234.0  234.0  1   14.352   14.352  1   34.484   34.484  1
  236.0  236.0  1   14.326   14.326  1   34.483   34.483  1
  238.0  238.0  1   14.296   14.296  1   34.479   34.479  1
  240.0  240.0  1   14.273   14.273  1   34.477   34.477  1
  242.0  242.0  1   14.241   14.241  1   34.475   34.475  1
  244.0  244.0  1   14.192   14.192  1   34.470   34.470  1
  246.0  246.0  1   14.136   14.136  1   34.467   34.467  1
  248.0  248.0  1   14.094   14.094  1   34.463   34.463  1
  250.0  250.0  1   14.047   14.047  1   34.459   34.459  1
  252.0  252.0  1   14.021   14.021  1   34.456   34.456  1
  254.0  254.0  1   14.001   14.001  1   34.455   34.455  1
  256.0  256.0  1   13.912   13.912  1   34.453   34.453  1
  258.0  258.0  1   13.832   13.832  1   34.445   34.445  1
  260.0  260.0  1   13.789   13.789  1   34.438   34.438  1
  262.0  262.0  1   13.734   13.734  1   34.434   34.434  1
  264.0  264.0  1   13.634   13.634  1   34.431   34.431  1
  266.0  266.0  1   13.560   13.560  1   34.420   34.420  1
  268.0  268.0  1   13.551   13.551  1   34.417   34.417  1
  270.0  270.0  1   13.532   13.532  1   34.416   34.416  1
  272.0  272.0  1   13.460   13.460  1   34.413   34.413  1
  274.0  274.0  1   13.413   13.413  1   34.410   34.410  1
  276.0  276.0  1   13.353   13.353  1   34.403   34.403  1
  278.0  278.0  1   13.336   13.336  1   34.400   34.400  1
  280.0  280.0  1   13.323   13.323  1   34.398   34.398  1
  282.0  282.0  1   13.245   13.245  1   34.397   34.397  1
  284.0  284.0  1   13.159   13.159  1   34.389   34.389  1
  286.0  286.0  1   13.088   13.088  1   34.382   34.382  1
  288.0  288.0  1   12.986   12.986  1   34.374   34.374  1
  290.0  290.0  1   12.943   12.943  1   34.364   34.364  1
  292.0  292.0  1   12.940   12.940  1   34.367   34.367  1
  294.0  294.0  1   12.890   12.890  1   34.366   34.366  1
  296.0  296.0  1   12.830   12.830  1   34.362   34.362  1
  298.0  298.0  1   12.769   12.769  1   34.355   34.355  1
  300.0  300.0  1   12.739   12.739  1   34.354   34.354  1
  302.0  302.0  1   12.693   12.693  1   34.350   34.350  1
  304.0  304.0  1   12.655   12.655  1   34.348   34.348  1
  306.0  306.0  1   12.634   12.634  1   34.343   34.343  1
  308.0  308.0  1   12.595   12.595  1   34.343   34.343  1
  310.0  310.0  1   12.544   12.544  1   34.339   34.339  1
  312.0  312.0  1   12.482   12.482  1   34.336   34.336  1
  314.0  314.0  1   12.438   12.438  1   34.330   34.330  1
  316.0  316.0  1   12.395   12.395  1   34.328   34.328  1
  317.9  317.9  1   12.334   12.334  1   34.322   34.322  1
  320.0  320.0  1   12.270   12.270  1   34.317   34.317  1
  322.1  322.1  1   12.194   12.194  1   34.312   34.312  1
  324.0  324.0  1   12.112   12.112  1   34.306   34.306  1
  326.0  326.0  1   12.072   12.072  1   34.301   34.301  1
  328.0  328.0  1   12.050   12.050  1   34.299   34.299  1
  330.0  330.0  1   12.029   12.029  1   34.297   34.297  1
  332.1  332.1  1   12.014   12.014  1   34.296   34.296  1
  334.1  334.1  1   11.997   11.997  1   34.294   34.294  1
  336.1  336.1  1   11.977   11.977  1   34.292   34.292  1
  338.1  338.1  1   11.969   11.969  1   34.290   34.290  1
  340.0  340.0  1   11.945   11.945  1   34.290   34.290  1
  342.0  342.0  1   11.878   11.878  1   34.285   34.285  1
  344.0  344.0  1   11.829   11.829  1   34.281   34.281  1
  346.0  346.0  1   11.763   11.763  1   34.276   34.276  1
  348.0  348.0  1   11.664   11.664  1   34.271   34.271  1
  350.0  350.0  1   11.564   11.564  1   34.258   34.258  1
  352.0  352.0  1   11.516   11.516  1   34.253   34.253  1
  354.1  354.1  1   11.507   11.507  1   34.252   34.252  1
  356.0  356.0  1   11.497   11.497  1   34.252   34.252  1
  358.0  358.0  1   11.489   11.489  1   34.250   34.250  1
  360.0  360.0  1   11.455   11.455  1   34.252   34.252  1
  362.0  362.0  1   11.390   11.390  1   34.245   34.245  1
  364.0  364.0  1   11.358   11.358  1   34.243   34.243  1
  366.1  366.1  1   11.325   11.325  1   34.240   34.240  1
  368.0  368.0  1   11.286   11.286  1   34.236   34.236  1
  370.0  370.0  1   11.267   11.267  1   34.233   34.233  1
  372.0  372.0  1   11.208   11.208  1   34.231   34.231  1
  373.9  373.9  1   11.164   11.164  1   34.222   34.222  1
  376.0  376.0  1   11.097   11.097  1   34.220   34.220  1
  378.0  378.0  1   10.950   10.950  1   34.213   34.213  1
  380.0  380.0  1   10.909   10.909  1   34.205   34.205  1
  382.0  382.0  1   10.900   10.900  1   34.204   34.204  1
  384.0  384.0  1   10.880   10.880  1   34.202   34.202  1
  386.0  386.0  1   10.852   10.852  1   34.201   34.201  1
  388.0  388.0  1   10.770   10.770  1   34.198   34.198  1
  390.0  390.0  1   10.722   10.722  1   34.194   34.194  1
  392.0  392.0  1   10.626   10.626  1   34.189   34.189  1
  394.0  394.0  1   10.585   10.585  1   34.183   34.183  1
  396.0  396.0  1   10.569   10.569  1   34.181   34.181  1
  398.0  398.0  1   10.558   10.558  1   34.180   34.180  1
  400.0  400.0  1   10.550   10.550  1   34.179   34.179  1
  402.0  402.0  1   10.523   10.523  1   34.178   34.178  1
  404.0  404.0  1   10.494   10.494  1   34.178   34.178  1
  406.0  406.0  1   10.460   10.460  1   34.172   34.172  1
  408.0  408.0  1   10.436   10.436  1   34.171   34.171  1
  410.0  410.0  1   10.406   10.406  1   34.167   34.167  1
  412.0  412.0  1   10.372   10.372  1   34.164   34.164  1
  414.0  414.0  1   10.320   10.320  1   34.162   34.162  1
  415.9  415.9  1   10.270   10.270  1   34.158   34.158  1
  418.0  418.0  1   10.230   10.230  1   34.154   34.154  1
  420.0  420.0  1   10.179   10.179  1   34.151   34.151  1
  422.0  422.0  1   10.147   10.147  1   34.148   34.148  1
  424.0  424.0  1   10.110   10.110  1   34.145   34.145  1
  426.0  426.0  1   10.083   10.083  1   34.142   34.142  1
  428.0  428.0  1   10.050   10.050  1   34.140   34.140  1
  430.0  430.0  1    9.996    9.996  1   34.139   34.139  1
  432.0  432.0  1    9.940    9.940  1   34.133   34.133  1
  434.0  434.0  1    9.898    9.898  1   34.132   34.132  1
  436.0  436.0  1    9.841    9.841  1   34.129   34.129  1
  438.0  438.0  1    9.797    9.797  1   34.126   34.126  1
  440.0  440.0  1    9.769    9.769  1   34.123   34.123  1
  442.0  442.0  1    9.758    9.758  1   34.121   34.121  1
  444.0  444.0  1    9.724    9.724  1   34.122   34.122  1
  446.0  446.0  1    9.675    9.675  1   34.117   34.117  1
  448.0  448.0  1    9.635    9.635  1   34.117   34.117  1
  450.1  450.1  1    9.577    9.577  1   34.111   34.111  1
  452.0  452.0  1    9.574    9.574  1   34.111   34.111  1
  454.0  454.0  1    9.564    9.564  1   34.110   34.110  1
  456.0  456.0  1    9.519    9.519  1   34.108   34.108  1
  458.0  458.0  1    9.499    9.499  1   34.106   34.106  1
  460.0  460.0  1    9.442    9.442  1   34.105   34.105  1
  462.0  462.0  1    9.322    9.322  1   34.102   34.102  1
  464.0  464.0  1    9.292    9.292  1   34.099   34.099  1
  466.0  466.0  1    9.251    9.251  1   34.098   34.098  1
  468.0  468.0  1    9.217    9.217  1   34.095   34.095  1
  470.0  470.0  1    9.172    9.172  1   34.094   34.094  1
  472.0  472.0  1    9.153    9.153  1   34.092   34.092  1
  474.0  474.0  1    9.125    9.125  1   34.091   34.091  1
  476.0  476.0  1    9.076    9.076  1   34.089   34.089  1
  478.0  478.0  1    9.044    9.044  1   34.086   34.086  1
  480.0  480.0  1    9.031    9.031  1   34.085   34.085  1
  482.0  482.0  1    8.994    8.994  1   34.084   34.084  1
  484.0  484.0  1    8.932    8.932  1   34.080   34.080  1
  486.0  486.0  1    8.857    8.857  1   34.079   34.079  1
  488.0  488.0  1    8.832    8.832  1   34.076   34.076  1
  490.0  490.0  1    8.782    8.782  1   34.076   34.076  1
  492.0  492.0  1    8.718    8.718  1   34.072   34.072  1
  494.0  494.0  1    8.690    8.690  1   34.072   34.072  1
  496.0  496.0  1    8.649    8.649  1   34.070   34.070  1
  498.0  498.0  1    8.618    8.618  1   34.069   34.069  1
  500.0  500.0  1    8.568    8.568  1   34.066   34.066  1
  502.0  502.0  1    8.546    8.546  1   34.065   34.065  1
  504.0  504.0  1    8.514    8.514  1   34.065   34.065  1
  506.0  506.0  1    8.481    8.481  1   34.062   34.062  1
  508.0  508.0  1    8.447    8.447  1   34.063   34.063  1
  510.0  510.0  1    8.412    8.412  1   34.060   34.060  1
  512.0  512.0  1    8.388    8.388  1   34.059   34.059  1
  514.0  514.0  1    8.337    8.337  1   34.060   34.060  1
  516.0  516.0  1    8.293    8.293  1   34.057   34.057  1
  518.0  518.0  1    8.266    8.266  1   34.056   34.056  1
  520.0  520.0  1    8.233    8.233  1   34.055   34.055  1
  522.0  522.0  1    8.210    8.210  1   34.053   34.053  1
  524.0  524.0  1    8.169    8.169  1   34.052   34.052  1
  526.0  526.0  1    8.123    8.123  1   34.049   34.049  1
  528.0  528.0  1    8.103    8.103  1   34.048   34.048  1
  530.0  530.0  1    8.082    8.082  1   34.047   34.047  1
  532.0  532.0  1    8.043    8.043  1   34.046   34.046  1
  534.0  534.0  1    7.941    7.941  1   34.048   34.048  1
  536.0  536.0  1    7.874    7.874  1   34.043   34.043  1
  538.0  538.0  1    7.856    7.856  1   34.041   34.041  1
  540.0  540.0  1    7.847    7.847  1   34.041   34.041  1
  542.0  542.0  1    7.810    7.810  1   34.041   34.041  1
  544.0  544.0  1    7.768    7.768  1   34.039   34.039  1
  546.0  546.0  1    7.751    7.751  1   34.038   34.038  1
  548.0  548.0  1    7.689    7.689  1   34.039   34.039  1
  550.0  550.0  1    7.660    7.660  1   34.038   34.038  1
  552.0  552.0  1    7.615    7.615  1   34.036   34.036  1
  554.0  554.0  1    7.598    7.598  1   34.036   34.036  1
  556.0  556.0  1    7.566    7.566  1   34.034   34.034  1
  558.0  558.0  1    7.467    7.467  1   34.036   34.036  1
  560.0  560.0  1    7.441    7.441  1   34.032   34.032  1
  562.0  562.0  1    7.378    7.378  1   34.031   34.031  1
  564.0  564.0  1    7.355    7.355  1   34.029   34.029  1
  566.0  566.0  1    7.305    7.305  1   34.029   34.029  1
  568.0  568.0  1    7.218    7.218  1   34.027   34.027  1
  570.0  570.0  1    7.130    7.130  1   34.028   34.028  1
  572.0  572.0  1    7.115    7.115  1   34.025   34.025  1
  574.0  574.0  1    7.106    7.106  1   34.024   34.024  1
  576.0  576.0  1    7.102    7.102  1   34.023   34.023  1
  578.0  578.0  1    7.071    7.071  1   34.024   34.024  1
  580.0  580.0  1    7.012    7.012  1   34.025   34.025  1
  582.0  582.0  1    6.956    6.956  1   34.022   34.022  1
  584.0  584.0  1    6.928    6.928  1   34.022   34.022  1
  586.0  586.0  1    6.901    6.901  1   34.022   34.022  1
  588.0  588.0  1    6.864    6.864  1   34.021   34.021  1
  590.0  590.0  1    6.853    6.853  1   34.020   34.020  1
  592.0  592.0  1    6.824    6.824  1   34.021   34.021  1
  594.0  594.0  1    6.789    6.789  1   34.021   34.021  1
  596.0  596.0  1    6.745    6.745  1   34.022   34.022  1
  598.0  598.0  1    6.710    6.710  1   34.021   34.021  1
  600.0  600.0  1    6.672    6.672  1   34.022   34.022  1
  602.0  602.0  1    6.635    6.635  1   34.021   34.021  1
  604.0  604.0  1    6.609    6.609  1   34.020   34.020  1
  606.0  606.0  1    6.573    6.573  1   34.020   34.020  1
  608.0  608.0  1    6.549    6.549  1   34.019   34.019  1
  610.0  610.0  1    6.488    6.488  1   34.022   34.022  1
  612.0  612.0  1    6.416    6.416  1   34.021   34.021  1
  614.0  614.0  1    6.374    6.374  1   34.020   34.020  1
  616.0  616.0  1    6.331    6.331  1   34.020   34.020  1
  618.0  618.0  1    6.293    6.293  1   34.020   34.020  1
  620.0  620.0  1    6.256    6.256  1   34.022   34.022  1
  622.0  622.0  1    6.224    6.224  1   34.022   34.022  1
  624.0  624.0  1    6.212    6.212  1   34.022   34.022  1
  626.0  626.0  1    6.196    6.196  1   34.023   34.023  1
  628.0  628.0  1    6.175    6.175  1   34.023   34.023  1
  630.0  630.0  1    6.159    6.159  1   34.022   34.022  1
  632.0  632.0  1    6.125    6.125  1   34.024   34.024  1
  634.0  634.0  1    6.082    6.082  1   34.025   34.025  1
  636.0  636.0  1    6.056    6.056  1   34.026   34.026  1
  638.0  638.0  1    6.045    6.045  1   34.026   34.026  1
  640.0  640.0  1    6.041    6.041  1   34.026   34.026  1
  642.0  642.0  1    6.034    6.034  1   34.026   34.026  1
  644.0  644.0  1    6.015    6.015  1   34.027   34.027  1
  646.0  646.0  1    5.959    5.959  1   34.031   34.031  1
  648.0  648.0  1    5.898    5.898  1   34.032   34.032  1
  650.0  650.0  1    5.855    5.855  1   34.030   34.030  1
  652.0  652.0  1    5.848    5.848  1   34.030   34.030  1
  654.0  654.0  1    5.840    5.840  1   34.030   34.030  1
  656.0  656.0  1    5.828    5.828  1   34.030   34.030  1
  658.0  658.0  1    5.812    5.812  1   34.031   34.031  1
  660.0  660.0  1    5.776    5.776  1   34.033   34.033  1
  662.0  662.0  1    5.753    5.753  1   34.032   34.032  1
  664.0  664.0  1    5.744    5.744  1   34.032   34.032  1
  666.0  666.0  1    5.699    5.699  1   34.036   34.036  1
  668.0  668.0  1    5.664    5.664  1   34.037   34.037  1
  670.0  670.0  1    5.645    5.645  1   34.036   34.036  1
  672.1  672.1  1    5.624    5.624  1   34.038   34.038  1
  674.0  674.0  1    5.600    5.600  1   34.040   34.040  1
  676.0  676.0  1    5.589    5.589  1   34.042   34.042  1
  678.0  678.0  1    5.549    5.549  1   34.047   34.047  1
  680.0  680.0  1    5.503    5.503  1   34.047   34.047  1
  682.0  682.0  1    5.491    5.491  1   34.047   34.047  1
  684.0  684.0  1    5.485    5.485  1   34.047   34.047  1
  685.9  685.9  1    5.465    5.465  1   34.049   34.049  1
  688.0  688.0  1    5.457    5.457  1   34.050   34.050  1
  690.0  690.0  1    5.448    5.448  1   34.052   34.052  1
  692.0  692.0  1    5.422    5.422  1   34.052   34.052  1
  694.0  694.0  1    5.399    5.399  1   34.052   34.052  1
  696.0  696.0  1    5.368    5.368  1   34.057   34.057  1
  698.0  698.0  1    5.335    5.335  1   34.059   34.059  1
  700.0  700.0  1    5.313    5.313  1   34.059   34.059  1
  702.0  702.0  1    5.293    5.293  1   34.059   34.059  1
  704.0  704.0  1    5.276    5.276  1   34.063   34.063  1
  706.0  706.0  1    5.257    5.257  1   34.064   34.064  1
  708.0  708.0  1    5.242    5.242  1   34.066   34.066  1
  710.0  710.0  1    5.223    5.223  1   34.068   34.068  1
  712.0  712.0  1    5.206    5.206  1   34.069   34.069  1
  714.0  714.0  1    5.200    5.200  1   34.070   34.070  1
  716.0  716.0  1    5.190    5.190  1   34.071   34.071  1
  718.0  718.0  1    5.171    5.171  1   34.073   34.073  1
  720.1  720.1  1    5.157    5.157  1   34.074   34.074  1
  722.1  722.1  1    5.138    5.138  1   34.077   34.077  1
  724.0  724.0  1    5.099    5.099  1   34.081   34.081  1
  726.0  726.0  1    5.088    5.088  1   34.079   34.079  1
  728.1  728.1  1    5.051    5.051  1   34.083   34.083  1
  730.0  730.0  1    5.038    5.038  1   34.082   34.082  1
  732.0  732.0  1    5.023    5.023  1   34.087   34.087  1
  734.0  734.0  1    5.005    5.005  1   34.090   34.090  1
  736.0  736.0  1    4.997    4.997  1   34.093   34.093  1
  738.0  738.0  1    4.989    4.989  1   34.093   34.093  1
  740.0  740.0  1    4.978    4.978  1   34.093   34.093  1
  742.0  742.0  1    4.958    4.958  1   34.097   34.097  1
  744.0  744.0  1    4.928    4.928  1   34.100   34.100  1
  746.0  746.0  1    4.906    4.906  1   34.102   34.102  1
  748.0  748.0  1    4.889    4.889  1   34.105   34.105  1
  750.0  750.0  1    4.880    4.880  1   34.106   34.106  1
  752.0  752.0  1    4.868    4.868  1   34.108   34.108  1
  754.0  754.0  1    4.856    4.856  1   34.110   34.110  1
  756.0  756.0  1    4.845    4.845  1   34.112   34.112  1
  758.0  758.0  1    4.823    4.823  1   34.114   34.114  1
  760.0  760.0  1    4.801    4.801  1   34.117   34.117  1
  762.0  762.0  1    4.779    4.779  1   34.121   34.121  1
  764.0  764.0  1    4.771    4.771  1   34.121   34.121  1
  766.0  766.0  1    4.764    4.764  1   34.122   34.122  1
  768.0  768.0  1    4.748    4.748  1   34.125   34.125  1
  770.0  770.0  1    4.728    4.728  1   34.127   34.127  1
  772.0  772.0  1    4.722    4.722  1   34.128   34.128  1
  774.0  774.0  1    4.706    4.706  1   34.130   34.130  1
  776.0  776.0  1    4.689    4.689  1   34.133   34.133  1
  778.1  778.1  1    4.677    4.677  1   34.134   34.134  1
  780.1  780.1  1    4.667    4.667  1   34.136   34.136  1
  782.1  782.1  1    4.646    4.646  1   34.140   34.140  1
  784.1  784.1  1    4.617    4.617  1   34.146   34.146  1
  786.0  786.0  1    4.604    4.604  1   34.148   34.148  1
  788.0  788.0  1    4.587    4.587  1   34.152   34.152  1
  790.0  790.0  1    4.578    4.578  1   34.153   34.153  1
  792.0  792.0  1    4.573    4.573  1   34.154   34.154  1
  794.0  794.0  1    4.570    4.570  1   34.155   34.155  1
  796.0  796.0  1    4.563    4.563  1   34.157   34.157  1
  798.0  798.0  1    4.557    4.557  1   34.158   34.158  1
  800.0  800.0  1    4.554    4.554  1   34.159   34.159  1
  802.1  802.1  1    4.536    4.536  1   34.164   34.164  1
  804.0  804.0  1    4.525    4.525  1   34.166   34.166  1
  806.0  806.0  1    4.521    4.521  1   34.167   34.167  1
  808.0  808.0  1    4.514    4.514  1   34.168   34.168  1
  810.1  810.1  1    4.508    4.508  1   34.169   34.169  1
  812.0  812.0  1    4.487    4.487  1   34.174   34.174  1
  814.0  814.0  1    4.463    4.463  1   34.178   34.178  1
  816.0  816.0  1    4.456    4.456  1   34.179   34.179  1
  818.0  818.0  1    4.451    4.451  1   34.180   34.180  1
  820.0  820.0  1    4.443    4.443  1   34.182   34.182  1
  822.0  822.0  1    4.434    4.434  1   34.184   34.184  1
  824.0  824.0  1    4.423    4.423  1   34.185   34.185  1
  826.0  826.0  1    4.409    4.409  1   34.188   34.188  1
  828.0  828.0  1    4.399    4.399  1   34.189   34.189  1
  830.0  830.0  1    4.382    4.382  1   34.191   34.191  1
  832.0  832.0  1    4.372    4.372  1   34.193   34.193  1
  834.0  834.0  1    4.366    4.366  1   34.193   34.193  1
  836.0  836.0  1    4.353    4.353  1   34.195   34.195  1
  838.0  838.0  1    4.325    4.325  1   34.199   34.199  1
  840.0  840.0  1    4.309    4.309  1   34.200   34.200  1
  842.0  842.0  1    4.306    4.306  1   34.201   34.201  1
  844.0  844.0  1    4.305    4.305  1   34.202   34.202  1
  846.0  846.0  1    4.301    4.301  1   34.203   34.203  1
  848.0  848.0  1    4.288    4.288  1   34.203   34.203  1
  850.0  850.0  1    4.285    4.285  1   34.204   34.204  1
  852.0  852.0  1    4.263    4.263  1   34.205   34.205  1
  854.0  854.0  1    4.231    4.231  1   34.205   34.205  1
  856.0  856.0  1    4.214    4.214  1   34.208   34.208  1
  858.0  858.0  1    4.199    4.199  1   34.209   34.209  1
  860.0  860.0  1    4.198    4.198  1   34.210   34.210  1
  862.1  862.1  1    4.201    4.201  1   34.212   34.212  1
  864.0  864.0  1    4.210    4.210  1   34.216   34.216  1
  866.0  866.0  1    4.208    4.208  1   34.218   34.218  1
  867.9  867.9  1    4.196    4.196  1   34.218   34.218  1
  870.0  870.0  1    4.156    4.156  1   34.223   34.223  1
  872.0  872.0  1    4.142    4.142  1   34.223   34.223  1
  874.0  874.0  1    4.129    4.129  1   34.227   34.227  1
  876.0  876.0  1    4.117    4.117  1   34.231   34.231  1
  878.0  878.0  1    4.097    4.097  1   34.233   34.233  1
  880.0  880.0  1    4.085    4.085  1   34.235   34.235  1
  882.0  882.0  1    4.064    4.064  1   34.238   34.238  1
  884.0  884.0  1    4.063    4.063  1   34.244   34.244  1
  886.0  886.0  1    4.043    4.043  1   34.245   34.245  1
  888.0  888.0  1    4.031    4.031  1   34.246   34.246  1
  890.0  890.0  1    4.021    4.021  1   34.249   34.249  1
  892.0  892.0  1    4.016    4.016  1   34.250   34.250  1
  894.0  894.0  1    4.009    4.009  1   34.252   34.252  1
  896.0  896.0  1    4.006    4.006  1   34.253   34.253  1
  898.0  898.0  1    3.999    3.999  1   34.255   34.255  1
  900.0  900.0  1    3.991    3.991  1   34.256   34.256  1
  902.0  902.0  1    3.991    3.991  1   34.256   34.256  1
  904.0  904.0  1    3.984    3.984  1   34.257   34.257  1
  906.0  906.0  1    3.972    3.972  1   34.259   34.259  1
  908.0  908.0  1    3.963    3.963  1   34.260   34.260  1
  910.0  910.0  1    3.959    3.959  1   34.261   34.261  1
  912.0  912.0  1    3.952    3.952  1   34.263   34.263  1
  914.0  914.0  1    3.935    3.935  1   34.267   34.267  1
  916.0  916.0  1    3.926    3.926  1   34.270   34.270  1
  918.0  918.0  1    3.920    3.920  1   34.271   34.271  1
  920.0  920.0  1    3.917    3.917  1   34.272   34.272  1
  922.0  922.0  1    3.912    3.912  1   34.273   34.273  1
  924.0  924.0  1    3.902    3.902  1   34.276   34.276  1
  926.0  926.0  1    3.891    3.891  1   34.279   34.279  1
  928.0  928.0  1    3.884    3.884  1   34.280   34.280  1
  930.0  930.0  1    3.874    3.874  1   34.283   34.283  1
  932.0  932.0  1    3.869    3.869  1   34.284   34.284  1
  934.0  934.0  1    3.862    3.862  1   34.286   34.286  1
  936.0  936.0  1    3.855    3.855  1   34.288   34.288  1
  938.0  938.0  1    3.852    3.852  1   34.288   34.288  1
  940.0  940.0  1    3.846    3.846  1   34.290   34.290  1
  942.0  942.0  1    3.834    3.834  1   34.293   34.293  1
  944.0  944.0  1    3.831    3.831  1   34.294   34.294  1
  946.0  946.0  1    3.824    3.824  1   34.296   34.296  1
  948.0  948.0  1    3.813    3.813  1   34.299   34.299  1
  950.0  950.0  1    3.806    3.806  1   34.300   34.300  1
  952.0  952.0  1    3.803    3.803  1   34.301   34.301  1
  954.0  954.0  1    3.798    3.798  1   34.302   34.302  1
  956.0  956.0  1    3.788    3.788  1   34.305   34.305  1
  958.0  958.0  1    3.783    3.783  1   34.306   34.306  1
  960.0  960.0  1    3.777    3.777  1   34.308   34.308  1
  962.0  962.0  1    3.773    3.773  1   34.309   34.309  1
  964.0  964.0  1    3.770    3.770  1   34.310   34.310  1
  966.0  966.0  1    3.767    3.767  1   34.310   34.310  1
  968.0  968.0  1    3.764    3.764  1   34.311   34.311  1
  970.0  970.0  1    3.763    3.763  1   34.311   34.311  1
  972.0  972.0  1    3.761    3.761  1   34.312   34.312  1
  974.0  974.0  1    3.749    3.749  1   34.316   34.316  1
  976.0  976.0  1    3.734    3.734  1   34.320   34.320  1
  978.0  978.0  1    3.730    3.730  1   34.320   34.320  1
  980.0  980.0  1    3.724    3.724  1   34.322   34.322  1
  982.0  982.0  1    3.718    3.718  1   34.323   34.323  1
  984.0  984.0  1    3.713    3.713  1   34.325   34.325  1
  986.0  986.0  1    3.710    3.710  1   34.326   34.326  1
  988.0  988.0  1    3.706    3.706  1   34.327   34.327  1
  990.0  990.0  1    3.702    3.702  1   34.328   34.328  1
  992.0  992.0  1    3.693    3.693  1   34.330   34.330  1
  994.0  994.0  1    3.685    3.685  1   34.332   34.332  1
  996.0  996.0  1    3.679    3.679  1   34.334   34.334  1
  998.0  998.0  1    3.675    3.675  1   34.335   34.335  1
 1000.0 1000.0  1    3.673    3.673  1   34.336   34.336  1
 1002.0 1002.0  1    3.672    3.672  1   34.337   34.337  1
 1004.0 1004.0  1    3.668    3.668  1   34.338   34.338  1
 1006.0 1006.0  1    3.666    3.666  1   34.338   34.338  1
 1008.0 1008.0  1    3.658    3.658  1   34.340   34.340  1
 1010.0 1010.0  1    3.649    3.649  1   34.344   34.344  1
 1012.0 1012.0  1    3.643    3.643  1   34.345   34.345  1
 1014.0 1014.0  1    3.640    3.640  1   34.345   34.345  1
 1016.0 1016.0  1    3.637    3.637  1   34.346   34.346  1
 1018.0 1018.0  1    3.632    3.632  1   34.347   34.347  1
 1020.0 1020.0  1    3.626    3.626  1   34.350   34.350  1
 1022.0 1022.0  1    3.617    3.617  1   34.352   34.352  1
 1024.0 1024.0  1    3.613    3.613  1   34.353   34.353  1
 1026.0 1026.0  1    3.604    3.604  1   34.355   34.355  1
 1028.0 1028.0  1    3.596    3.596  1   34.357   34.357  1
 1030.0 1030.0  1    3.587    3.587  1   34.359   34.359  1
 1032.0 1032.0  1    3.582    3.582  1   34.361   34.361  1
 1034.0 1034.0  1    3.579    3.579  1   34.362   34.362  1
 1036.0 1036.0  1    3.573    3.573  1   34.363   34.363  1
 1038.0 1038.0  1    3.569    3.569  1   34.365   34.365  1
 1040.0 1040.0  1    3.565    3.565  1   34.367   34.367  1
 1042.0 1042.0  1    3.562    3.562  1   34.368   34.368  1
 1044.1 1044.1  1    3.562    3.562  1   34.369   34.369  1
 1046.0 1046.0  1    3.561    3.561  1   34.369   34.369  1
 1048.0 1048.0  1    3.561    3.561  1   34.369   34.369  1
 1050.0 1050.0  1    3.554    3.554  1   34.371   34.371  1
 1052.0 1052.0  1    3.552    3.552  1   34.372   34.372  1
 1054.0 1054.0  1    3.550    3.550  1   34.372   34.372  1
 1056.0 1056.0  1    3.550    3.550  1   34.372   34.372  1
 1058.0 1058.0  1    3.549    3.549  1   34.373   34.373  1
 1060.0 1060.0  1    3.545    3.545  1   34.373   34.373  1
 1062.0 1062.0  1    3.540    3.540  1   34.375   34.375  1
 1064.0 1064.0  1    3.537    3.537  1   34.375   34.375  1
 1066.0 1066.0  1    3.532    3.532  1   34.376   34.376  1
 1068.0 1068.0  1    3.524    3.524  1   34.378   34.378  1
 1070.0 1070.0  1    3.512    3.512  1   34.381   34.381  1
 1072.0 1072.0  1    3.507    3.507  1   34.382   34.382  1
 1074.0 1074.0  1    3.503    3.503  1   34.383   34.383  1
 1076.0 1076.0  1    3.496    3.496  1   34.385   34.385  1
 1078.0 1078.0  1    3.487    3.487  1   34.387   34.387  1
 1080.0 1080.0  1    3.478    3.478  1   34.390   34.390  1
 1082.0 1082.0  1    3.473    3.473  1   34.391   34.391  1
 1084.0 1084.0  1    3.471    3.471  1   34.391   34.391  1
 1086.0 1086.0  1    3.468    3.468  1   34.392   34.392  1
 1088.0 1088.0  1    3.466    3.466  1   34.393   34.393  1
 1090.0 1090.0  1    3.465    3.465  1   34.393   34.393  1
 1092.0 1092.0  1    3.463    3.463  1   34.393   34.393  1
 1094.0 1094.0  1    3.458    3.458  1   34.395   34.395  1
 1096.0 1096.0  1    3.457    3.457  1   34.395   34.395  1
 1098.0 1098.0  1    3.454    3.454  1   34.396   34.396  1
 1100.0 1100.0  1    3.445    3.445  1   34.398   34.398  1
 1102.0 1102.0  1    3.440    3.440  1   34.399   34.399  1
 1104.0 1104.0  1    3.432    3.432  1   34.401   34.401  1
 1106.0 1106.0  1    3.422    3.422  1   34.404   34.404  1
 1108.0 1108.0  1    3.417    3.417  1   34.405   34.405  1
 1110.0 1110.0  1    3.415    3.415  1   34.405   34.405  1
 1112.0 1112.0  1    3.412    3.412  1   34.406   34.406  1
 1114.0 1114.0  1    3.405    3.405  1   34.408   34.408  1
 1116.0 1116.0  1    3.404    3.404  1   34.408   34.408  1
 1118.0 1118.0  1    3.399    3.399  1   34.410   34.410  1
 1120.0 1120.0  1    3.385    3.385  1   34.413   34.413  1
 1122.0 1122.0  1    3.384    3.384  1   34.413   34.413  1
 1124.0 1124.0  1    3.383    3.383  1   34.413   34.413  1
 1126.0 1126.0  1    3.383    3.383  1   34.413   34.413  1
 1128.0 1128.0  1    3.382    3.382  1   34.414   34.414  1
 1130.0 1130.0  1    3.382    3.382  1   34.414   34.414  1
 1132.0 1132.0  1    3.381    3.381  1   34.414   34.414  1
 1134.0 1134.0  1    3.375    3.375  1   34.415   34.415  1
 1136.0 1136.0  1    3.368    3.368  1   34.417   34.417  1
 1138.0 1138.0  1    3.360    3.360  1   34.418   34.418  1
 1140.0 1140.0  1    3.346    3.346  1   34.422   34.422  1
 1142.0 1142.0  1    3.337    3.337  1   34.424   34.424  1
 1144.0 1144.0  1    3.334    3.334  1   34.425   34.425  1
 1146.0 1146.0  1    3.329    3.329  1   34.426   34.426  1
 1148.0 1148.0  1    3.325    3.325  1   34.427   34.427  1
 1150.0 1150.0  1    3.322    3.322  1   34.427   34.427  1
 1152.0 1152.0  1    3.319    3.319  1   34.428   34.428  1
 1154.0 1154.0  1    3.316    3.316  1   34.428   34.428  1
 1156.0 1156.0  1    3.310    3.310  1   34.430   34.430  1
 1158.0 1158.0  1    3.301    3.301  1   34.432   34.432  1
 1160.0 1160.0  1    3.297    3.297  1   34.433   34.433  1
 1162.0 1162.0  1    3.291    3.291  1   34.434   34.434  1
 1164.0 1164.0  1    3.288    3.288  1   34.435   34.435  1
 1166.0 1166.0  1    3.286    3.286  1   34.435   34.435  1
 1168.0 1168.0  1    3.281    3.281  1   34.436   34.436  1
 1170.0 1170.0  1    3.277    3.277  1   34.437   34.437  1
 1172.0 1172.0  1    3.274    3.274  1   34.438   34.438  1
 1174.0 1174.0  1    3.267    3.267  1   34.440   34.440  1
 1176.0 1176.0  1    3.259    3.259  1   34.441   34.441  1
 1178.0 1178.0  1    3.255    3.255  1   34.442   34.442  1
 1180.0 1180.0  1    3.254    3.254  1   34.442   34.442  1
 1182.0 1182.0  1    3.253    3.253  1   34.442   34.442  1
 1184.0 1184.0  1    3.249    3.249  1   34.444   34.444  1
 1186.0 1186.0  1    3.244    3.244  1   34.445   34.445  1
 1188.0 1188.0  1    3.238    3.238  1   34.446   34.446  1
 1190.0 1190.0  1    3.235    3.235  1   34.446   34.446  1
 1192.0 1192.0  1    3.233    3.233  1   34.447   34.447  1
 1194.0 1194.0  1    3.230    3.230  1   34.448   34.448  1
 1196.0 1196.0  1    3.229    3.229  1   34.448   34.448  1
 1198.0 1198.0  1    3.227    3.227  1   34.448   34.448  1
 1200.0 1200.0  1    3.220    3.220  1   34.450   34.450  1
 1201.9 1201.9  1    3.215    3.215  1   34.451   34.451  1
 1203.9 1203.9  1    3.212    3.212  1   34.451   34.451  1
 1205.9 1205.9  1    3.208    3.208  1   34.452   34.452  1
 1207.9 1207.9  1    3.204    3.204  1   34.453   34.453  1
 1210.0 1210.0  1    3.200    3.200  1   34.454   34.454  1
 1212.0 1212.0  1    3.195    3.195  1   34.455   34.455  1
 1214.0 1214.0  1    3.192    3.192  1   34.455   34.455  1
 1216.0 1216.0  1    3.189    3.189  1   34.456   34.456  1
 1218.0 1218.0  1    3.181    3.181  1   34.458   34.458  1
 1220.0 1220.0  1    3.176    3.176  1   34.459   34.459  1
 1222.0 1222.0  1    3.173    3.173  1   34.459   34.459  1
 1224.0 1224.0  1    3.165    3.165  1   34.461   34.461  1
 1226.0 1226.0  1    3.161    3.161  1   34.462   34.462  1
 1228.0 1228.0  1    3.159    3.159  1   34.462   34.462  1
 1230.0 1230.0  1    3.156    3.156  1   34.463   34.463  1
 1232.0 1232.0  1    3.152    3.152  1   34.464   34.464  1
 1234.0 1234.0  1    3.149    3.149  1   34.464   34.464  1
 1236.0 1236.0  1    3.148    3.148  1   34.464   34.464  1
 1238.0 1238.0  1    3.146    3.146  1   34.465   34.465  1
 1240.0 1240.0  1    3.143    3.143  1   34.465   34.465  1
 1242.0 1242.0  1    3.131    3.131  1   34.468   34.468  1
 1244.0 1244.0  1    3.120    3.120  1   34.470   34.470  1
 1246.0 1246.0  1    3.116    3.116  1   34.470   34.470  1
 1248.0 1248.0  1    3.111    3.111  1   34.472   34.472  1
 1250.0 1250.0  1    3.101    3.101  1   34.474   34.474  1
 1252.0 1252.0  1    3.096    3.096  1   34.474   34.474  1
 1254.0 1254.0  1    3.094    3.094  1   34.475   34.475  1
 1256.0 1256.0  1    3.093    3.093  1   34.475   34.475  1
 1258.0 1258.0  1    3.091    3.091  1   34.475   34.475  1
 1260.0 1260.0  1    3.087    3.087  1   34.476   34.476  1
 1261.9 1261.9  1    3.083    3.083  1   34.477   34.477  1
 1264.0 1264.0  1    3.076    3.076  1   34.478   34.478  1
 1266.0 1266.0  1    3.073    3.073  1   34.479   34.479  1
 1268.0 1268.0  1    3.073    3.073  1   34.479   34.479  1
 1270.0 1270.0  1    3.072    3.072  1   34.479   34.479  1
 1272.0 1272.0  1    3.069    3.069  1   34.479   34.479  1
 1274.0 1274.0  1    3.069    3.069  1   34.479   34.479  1
 1276.0 1276.0  1    3.066    3.066  1   34.480   34.480  1
 1278.0 1278.0  1    3.058    3.058  1   34.482   34.482  1
 1280.0 1280.0  1    3.047    3.047  1   34.484   34.484  1
 1282.0 1282.0  1    3.042    3.042  1   34.484   34.484  1
 1284.0 1284.0  1    3.039    3.039  1   34.485   34.485  1
 1286.0 1286.0  1    3.038    3.038  1   34.485   34.485  1
 1288.0 1288.0  1    3.034    3.034  1   34.486   34.486  1
 1290.0 1290.0  1    3.028    3.028  1   34.487   34.487  1
 1292.0 1292.0  1    3.023    3.023  1   34.488   34.488  1
 1294.0 1294.0  1    3.021    3.021  1   34.488   34.488  1
 1296.0 1296.0  1    3.019    3.019  1   34.489   34.489  1
 1298.1 1298.1  1    3.014    3.014  1   34.489   34.489  1
 1300.0 1300.0  1    3.012    3.012  1   34.490   34.490  1
 1302.0 1302.0  1    3.010    3.010  1   34.490   34.490  1
 1304.1 1304.1  1    3.007    3.007  1   34.491   34.491  1
 1306.0 1306.0  1    3.006    3.006  1   34.491   34.491  1
 1308.0 1308.0  1    3.003    3.003  1   34.491   34.491  1
 1310.0 1310.0  1    3.000    3.000  1   34.492   34.492  1
 1312.0 1312.0  1    2.998    2.998  1   34.492   34.492  1
 1314.0 1314.0  1    2.994    2.994  1   34.493   34.493  1
 1315.9 1315.9  1    2.989    2.989  1   34.494   34.494  1
 1318.0 1318.0  1    2.983    2.983  1   34.495   34.495  1
 1320.0 1320.0  1    2.980    2.980  1   34.495   34.495  1
 1322.0 1322.0  1    2.976    2.976  1   34.496   34.496  1
 1324.0 1324.0  1    2.970    2.970  1   34.497   34.497  1
 1326.0 1326.0  1    2.965    2.965  1   34.498   34.498  1
 1328.0 1328.0  1    2.963    2.963  1   34.498   34.498  1
 1330.0 1330.0  1    2.963    2.963  1   34.498   34.498  1
 1332.0 1332.0  1    2.961    2.961  1   34.498   34.498  1
 1334.1 1334.1  1    2.958    2.958  1   34.499   34.499  1
 1336.0 1336.0  1    2.955    2.955  1   34.499   34.499  1
 1338.0 1338.0  1    2.952    2.952  1   34.500   34.500  1
 1340.0 1340.0  1    2.948    2.948  1   34.500   34.500  1
 1342.0 1342.0  1    2.945    2.945  1   34.501   34.501  1
 1344.0 1344.0  1    2.943    2.943  1   34.501   34.501  1
 1346.0 1346.0  1    2.940    2.940  1   34.502   34.502  1
 1348.0 1348.0  1    2.935    2.935  1   34.503   34.503  1
 1350.0 1350.0  1    2.932    2.932  1   34.503   34.503  1
 1352.0 1352.0  1    2.930    2.930  1   34.503   34.503  1
 1354.0 1354.0  1    2.929    2.929  1   34.503   34.503  1
 1356.0 1356.0  1    2.928    2.928  1   34.503   34.503  1
 1358.0 1358.0  1    2.927    2.927  1   34.504   34.504  1
 1360.0 1360.0  1    2.924    2.924  1   34.504   34.504  1
 1362.1 1362.1  1    2.921    2.921  1   34.505   34.505  1
 1364.1 1364.1  1    2.919    2.919  1   34.505   34.505  1
 1366.0 1366.0  1    2.913    2.913  1   34.506   34.506  1
 1368.0 1368.0  1    2.904    2.904  1   34.508   34.508  1
 1370.0 1370.0  1    2.897    2.897  1   34.509   34.509  1
 1372.0 1372.0  1    2.893    2.893  1   34.509   34.509  1
 1374.0 1374.0  1    2.889    2.889  1   34.509   34.509  1
 1376.0 1376.0  1    2.884    2.884  1   34.510   34.510  1
 1378.1 1378.1  1    2.880    2.880  1   34.511   34.511  1
 1380.0 1380.0  1    2.877    2.877  1   34.511   34.511  1
 1382.0 1382.0  1    2.874    2.874  1   34.512   34.512  1
 1384.0 1384.0  1    2.869    2.869  1   34.513   34.513  1
 1386.0 1386.0  1    2.868    2.868  1   34.512   34.512  1
 1388.0 1388.0  1    2.865    2.865  1   34.513   34.513  1
 1390.0 1390.0  1    2.863    2.863  1   34.513   34.513  1
 1392.0 1392.0  1    2.860    2.860  1   34.514   34.514  1
 1394.0 1394.0  1    2.858    2.858  1   34.514   34.514  1
 1396.0 1396.0  1    2.851    2.851  1   34.515   34.515  1
 1398.0 1398.0  1    2.847    2.847  1   34.516   34.516  1
 1400.0 1400.0  1    2.843    2.843  1   34.516   34.516  1
 1402.0 1402.0  1    2.842    2.842  1   34.516   34.516  1
 1404.0 1404.0  1    2.839    2.839  1   34.516   34.516  1
 1406.0 1406.0  1    2.831    2.831  1   34.518   34.518  1
 1408.0 1408.0  1    2.828    2.828  1   34.518   34.518  1
 1410.0 1410.0  1    2.821    2.821  1   34.519   34.519  1
 1412.0 1412.0  1    2.819    2.819  1   34.519   34.519  1
 1414.0 1414.0  1    2.817    2.817  1   34.519   34.519  1
 1416.0 1416.0  1    2.816    2.816  1   34.519   34.519  1
 1418.0 1418.0  1    2.813    2.813  1   34.520   34.520  1
 1420.1 1420.1  1    2.800    2.800  1   34.522   34.522  1
 1422.0 1422.0  1    2.796    2.796  1   34.522   34.522  1
 1424.0 1424.0  1    2.792    2.792  1   34.523   34.523  1
 1426.0 1426.0  1    2.790    2.790  1   34.523   34.523  1
 1427.9 1427.9  1    2.788    2.788  1   34.523   34.523  1
 1430.0 1430.0  1    2.786    2.786  1   34.523   34.523  1
 1432.0 1432.0  1    2.780    2.780  1   34.524   34.524  1
 1434.0 1434.0  1    2.773    2.773  1   34.525   34.525  1
 1436.0 1436.0  1    2.772    2.772  1   34.525   34.525  1
 1438.0 1438.0  1    2.768    2.768  1   34.526   34.526  1
 1440.0 1440.0  1    2.767    2.767  1   34.526   34.526  1
 1442.0 1442.0  1    2.762    2.762  1   34.527   34.527  1
 1444.0 1444.0  1    2.757    2.757  1   34.527   34.527  1
 1446.0 1446.0  1    2.753    2.753  1   34.527   34.527  1
 1448.0 1448.0  1    2.747    2.747  1   34.528   34.528  1
 1450.0 1450.0  1    2.743    2.743  1   34.529   34.529  1
 1452.0 1452.0  1    2.741    2.741  1   34.529   34.529  1
 1454.0 1454.0  1    2.738    2.738  1   34.529   34.529  1
 1456.0 1456.0  1    2.732    2.732  1   34.530   34.530  1
 1458.0 1458.0  1    2.727    2.727  1   34.531   34.531  1
 1460.0 1460.0  1    2.724    2.724  1   34.531   34.531  1
 1462.0 1462.0  1    2.715    2.715  1   34.532   34.532  1
 1464.1 1464.1  1    2.713    2.713  1   34.532   34.532  1
 1466.0 1466.0  1    2.709    2.709  1   34.533   34.533  1
 1468.0 1468.0  1    2.704    2.704  1   34.533   34.533  1
 1470.0 1470.0  1    2.701    2.701  1   34.534   34.534  1
 1472.1 1472.1  1    2.700    2.700  1   34.534   34.534  1
 1474.0 1474.0  1    2.699    2.699  1   34.534   34.534  1
 1476.0 1476.0  1    2.696    2.696  1   34.534   34.534  1
 1477.9 1477.9  1    2.692    2.692  1   34.534   34.534  1
 1479.9 1479.9  1    2.687    2.687  1   34.535   34.535  1
 1482.0 1482.0  1    2.678    2.678  1   34.536   34.536  1
 1484.0 1484.0  1    2.674    2.674  1   34.537   34.537  1
 1486.0 1486.0  1    2.668    2.668  1   34.537   34.537  1
 1488.0 1488.0  1    2.664    2.664  1   34.538   34.538  1
 1490.0 1490.0  1    2.661    2.661  1   34.538   34.538  1
 1492.0 1492.0  1    2.658    2.658  1   34.538   34.538  1
 1494.0 1494.0  1    2.657    2.657  1   34.538   34.538  1
 1496.0 1496.0  1    2.657    2.657  1   34.538   34.538  1
 1498.0 1498.0  1    2.655    2.655  1   34.539   34.539  1
 1500.0 1500.0  1    2.653    2.653  1   34.539   34.539  1
 1502.0 1502.0  1    2.650    2.650  1   34.539   34.539  1
 1504.0 1504.0  1    2.641    2.641  1   34.540   34.540  1
 1506.0 1506.0  1    2.635    2.635  1   34.541   34.541  1
 1507.9 1507.9  1    2.626    2.626  1   34.542   34.542  1
 1510.0 1510.0  1    2.620    2.620  1   34.542   34.542  1
 1512.0 1512.0  1    2.617    2.617  1   34.542   34.542  1
 1514.0 1514.0  1    2.615    2.615  1   34.543   34.543  1
 1516.0 1516.0  1    2.612    2.612  1   34.543   34.543  1
 1518.0 1518.0  1    2.604    2.604  1   34.544   34.544  1
 1520.0 1520.0  1    2.600    2.600  1   34.544   34.544  1
 1522.0 1522.0  1    2.596    2.596  1   34.545   34.545  1
 1524.0 1524.0  1    2.594    2.594  1   34.545   34.545  1
 1526.0 1526.0  1    2.593    2.593  1   34.545   34.545  1
 1528.0 1528.0  1    2.592    2.592  1   34.545   34.545  1
 1530.0 1530.0  1    2.588    2.588  1   34.545   34.545  1
 1532.0 1532.0  1    2.583    2.583  1   34.546   34.546  1
 1534.0 1534.0  1    2.578    2.578  1   34.547   34.547  1
 1536.0 1536.0  1    2.574    2.574  1   34.547   34.547  1
 1538.0 1538.0  1    2.573    2.573  1   34.547   34.547  1
 1540.0 1540.0  1    2.571    2.571  1   34.547   34.547  1
 1542.0 1542.0  1    2.569    2.569  1   34.547   34.547  1
 1544.0 1544.0  1    2.565    2.565  1   34.548   34.548  1
 1546.0 1546.0  1    2.559    2.559  1   34.549   34.549  1
 1548.0 1548.0  1    2.552    2.552  1   34.549   34.549  1
 1549.9 1549.9  1    2.551    2.551  1   34.549   34.549  1
 1552.0 1552.0  1    2.550    2.550  1   34.549   34.549  1
 1554.0 1554.0  1    2.544    2.544  1   34.550   34.550  1
 1556.0 1556.0  1    2.541    2.541  1   34.550   34.550  1
 1558.0 1558.0  1    2.538    2.538  1   34.550   34.550  1
 1560.0 1560.0  1    2.533    2.533  1   34.551   34.551  1
 1562.0 1562.0  1    2.529    2.529  1   34.551   34.551  1
 1564.0 1564.0  1    2.523    2.523  1   34.552   34.552  1
 1566.0 1566.0  1    2.518    2.518  1   34.552   34.552  1
 1568.0 1568.0  1    2.516    2.516  1   34.552   34.552  1
 1570.0 1570.0  1    2.515    2.515  1   34.552   34.552  1
 1572.0 1572.0  1    2.512    2.512  1   34.553   34.553  1
 1574.0 1574.0  1    2.509    2.509  1   34.553   34.553  1
 1576.0 1576.0  1    2.505    2.505  1   34.554   34.554  1
 1578.0 1578.0  1    2.502    2.502  1   34.554   34.554  1
 1580.0 1580.0  1    2.498    2.498  1   34.554   34.554  1
 1582.0 1582.0  1    2.491    2.491  1   34.555   34.555  1
 1584.0 1584.0  1    2.485    2.485  1   34.556   34.556  1
 1586.0 1586.0  1    2.481    2.481  1   34.556   34.556  1
 1588.0 1588.0  1    2.477    2.477  1   34.557   34.557  1
 1589.9 1589.9  1    2.474    2.474  1   34.557   34.557  1
 1592.0 1592.0  1    2.473    2.473  1   34.557   34.557  1
 1594.0 1594.0  1    2.472    2.472  1   34.557   34.557  1
 1596.1 1596.1  1    2.470    2.470  1   34.557   34.557  1
 1598.0 1598.0  1    2.468    2.468  1   34.557   34.557  1
 1600.0 1600.0  1    2.459    2.459  1   34.558   34.558  1
 1602.0 1602.0  1    2.455    2.455  1   34.559   34.559  1
 1604.0 1604.0  1    2.450    2.450  1   34.559   34.559  1
 1606.0 1606.0  1    2.449    2.449  1   34.559   34.559  1
 1608.0 1608.0  1    2.442    2.442  1   34.560   34.560  1
 1610.0 1610.0  1    2.440    2.440  1   34.560   34.560  1
 1612.0 1612.0  1    2.438    2.438  1   34.560   34.560  1
 1614.0 1614.0  1    2.433    2.433  1   34.561   34.561  1
 1616.0 1616.0  1    2.428    2.428  1   34.561   34.561  1
 1618.0 1618.0  1    2.425    2.425  1   34.562   34.562  1
 1620.0 1620.0  1    2.422    2.422  1   34.562   34.562  1
 1622.0 1622.0  1    2.422    2.422  1   34.562   34.562  1
 1624.0 1624.0  1    2.421    2.421  1   34.562   34.562  1
 1626.0 1626.0  1    2.419    2.419  1   34.562   34.562  1
 1628.0 1628.0  1    2.415    2.415  1   34.563   34.563  1
 1630.0 1630.0  1    2.411    2.411  1   34.563   34.563  1
 1632.0 1632.0  1    2.409    2.409  1   34.563   34.563  1
 1634.0 1634.0  1    2.407    2.407  1   34.564   34.564  1
 1636.0 1636.0  1    2.403    2.403  1   34.564   34.564  1
 1638.0 1638.0  1    2.399    2.399  1   34.564   34.564  1
 1640.0 1640.0  1    2.396    2.396  1   34.565   34.565  1
 1642.0 1642.0  1    2.393    2.393  1   34.565   34.565  1
 1644.0 1644.0  1    2.390    2.390  1   34.565   34.565  1
 1646.0 1646.0  1    2.385    2.385  1   34.566   34.566  1
 1648.0 1648.0  1    2.381    2.381  1   34.566   34.566  1
 1650.0 1650.0  1    2.375    2.375  1   34.567   34.567  1
 1652.0 1652.0  1    2.373    2.373  1   34.567   34.567  1
 1654.0 1654.0  1    2.369    2.369  1   34.568   34.568  1
 1656.0 1656.0  1    2.367    2.367  1   34.568   34.568  1
 1658.0 1658.0  1    2.366    2.366  1   34.568   34.568  1
 1660.0 1660.0  1    2.362    2.362  1   34.568   34.568  1
 1662.0 1662.0  1    2.355    2.355  1   34.569   34.569  1
 1664.0 1664.0  1    2.348    2.348  1   34.570   34.570  1
 1666.0 1666.0  1    2.342    2.342  1   34.571   34.571  1
 1668.0 1668.0  1    2.336    2.336  1   34.571   34.571  1
 1670.0 1670.0  1    2.334    2.334  1   34.571   34.571  1
 1672.0 1672.0  1    2.331    2.331  1   34.572   34.572  1
 1674.0 1674.0  1    2.326    2.326  1   34.572   34.572  1
 1676.0 1676.0  1    2.324    2.324  1   34.572   34.572  1
 1678.0 1678.0  1    2.324    2.324  1   34.572   34.572  1
 1680.0 1680.0  1    2.324    2.324  1   34.572   34.572  1
 1682.0 1682.0  1    2.323    2.323  1   34.572   34.572  1
 1684.0 1684.0  1    2.320    2.320  1   34.573   34.573  1
 1686.0 1686.0  1    2.314    2.314  1   34.573   34.573  1
 1688.0 1688.0  1    2.307    2.307  1   34.574   34.574  1
 1690.0 1690.0  1    2.299    2.299  1   34.575   34.575  1
 1692.0 1692.0  1    2.298    2.298  1   34.575   34.575  1
 1694.0 1694.0  1    2.295    2.295  1   34.575   34.575  1
 1696.0 1696.0  1    2.290    2.290  1   34.576   34.576  1
 1698.0 1698.0  1    2.286    2.286  1   34.576   34.576  1
 1700.0 1700.0  1    2.284    2.284  1   34.576   34.576  1
 1702.0 1702.0  1    2.280    2.280  1   34.577   34.577  1
 1704.0 1704.0  1    2.276    2.276  1   34.577   34.577  1
 1706.0 1706.0  1    2.273    2.273  1   34.578   34.578  1
 1708.0 1708.0  1    2.269    2.269  1   34.578   34.578  1
 1710.0 1710.0  1    2.265    2.265  1   34.578   34.578  1
 1712.0 1712.0  1    2.264    2.264  1   34.578   34.578  1
 1714.0 1714.0  1    2.263    2.263  1   34.579   34.579  1
 1716.0 1716.0  1    2.262    2.262  1   34.579   34.579  1
 1718.0 1718.0  1    2.260    2.260  1   34.579   34.579  1
 1720.0 1720.0  1    2.260    2.260  1   34.579   34.579  1
 1722.0 1722.0  1    2.259    2.259  1   34.579   34.579  1
 1724.0 1724.0  1    2.256    2.256  1   34.579   34.579  1
 1726.0 1726.0  1    2.253    2.253  1   34.580   34.580  1
 1728.0 1728.0  1    2.250    2.250  1   34.580   34.580  1
 1730.0 1730.0  1    2.249    2.249  1   34.580   34.580  1
 1732.0 1732.0  1    2.249    2.249  1   34.580   34.580  1
 1734.0 1734.0  1    2.247    2.247  1   34.580   34.580  1
 1736.0 1736.0  1    2.247    2.247  1   34.580   34.580  1
 1738.0 1738.0  1    2.246    2.246  1   34.580   34.580  1
 1740.0 1740.0  1    2.243    2.243  1   34.581   34.581  1
 1742.0 1742.0  1    2.235    2.235  1   34.581   34.581  1
 1744.0 1744.0  1    2.233    2.233  1   34.582   34.582  1
 1746.0 1746.0  1    2.224    2.224  1   34.583   34.583  1
 1748.0 1748.0  1    2.220    2.220  1   34.583   34.583  1
 1750.0 1750.0  1    2.218    2.218  1   34.583   34.583  1
 1752.0 1752.0  1    2.216    2.216  1   34.583   34.583  1
 1754.0 1754.0  1    2.215    2.215  1   34.584   34.584  1
 1756.0 1756.0  1    2.214    2.214  1   34.584   34.584  1
 1758.0 1758.0  1    2.213    2.213  1   34.584   34.584  1
 1760.0 1760.0  1    2.213    2.213  1   34.584   34.584  1
 1762.0 1762.0  1    2.213    2.213  1   34.584   34.584  1
 1764.1 1764.1  1    2.213    2.213  1   34.584   34.584  1
 1766.1 1766.1  1    2.210    2.210  1   34.584   34.584  1
 1768.1 1768.1  1    2.207    2.207  1   34.584   34.584  1
 1770.0 1770.0  1    2.204    2.204  1   34.585   34.585  1
 1772.0 1772.0  1    2.201    2.201  1   34.585   34.585  1
 1774.0 1774.0  1    2.198    2.198  1   34.585   34.585  1
 1776.0 1776.0  1    2.196    2.196  1   34.585   34.585  1
 1778.0 1778.0  1    2.191    2.191  1   34.586   34.586  1
 1780.0 1780.0  1    2.187    2.187  1   34.587   34.587  1
 1782.0 1782.0  1    2.185    2.185  1   34.587   34.587  1
 1784.0 1784.0  1    2.184    2.184  1   34.587   34.587  1
 1786.0 1786.0  1    2.183    2.183  1   34.587   34.587  1
 1788.0 1788.0  1    2.181    2.181  1   34.587   34.587  1
 1790.0 1790.0  1    2.180    2.180  1   34.587   34.587  1
 1792.0 1792.0  1    2.177    2.177  1   34.588   34.588  1
 1794.0 1794.0  1    2.176    2.176  1   34.587   34.587  1
 1796.0 1796.0  1    2.172    2.172  1   34.588   34.588  1
 1798.0 1798.0  1    2.170    2.170  1   34.588   34.588  1
 1800.0 1800.0  1    2.168    2.168  1   34.588   34.588  1
 1802.0 1802.0  1    2.165    2.165  1   34.589   34.589  1
 1804.0 1804.0  1    2.164    2.164  1   34.589   34.589  1
 1806.0 1806.0  1    2.164    2.164  1   34.589   34.589  1
 1808.0 1808.0  1    2.162    2.162  1   34.589   34.589  1
 1810.0 1810.0  1    2.160    2.160  1   34.590   34.590  1
 1812.0 1812.0  1    2.157    2.157  1   34.590   34.590  1
 1814.0 1814.0  1    2.156    2.156  1   34.590   34.590  1
 1816.0 1816.0  1    2.155    2.155  1   34.590   34.590  1
 1818.0 1818.0  1    2.152    2.152  1   34.590   34.590  1
 1820.0 1820.0  1    2.150    2.150  1   34.590   34.590  1
 1822.0 1822.0  1    2.147    2.147  1   34.591   34.591  1
 1824.0 1824.0  1    2.141    2.141  1   34.592   34.592  1
 1826.0 1826.0  1    2.136    2.136  1   34.592   34.592  1
 1828.0 1828.0  1    2.132    2.132  1   34.593   34.593  1
 1830.0 1830.0  1    2.131    2.131  1   34.593   34.593  1
 1832.0 1832.0  1    2.130    2.130  1   34.593   34.593  1
 1834.0 1834.0  1    2.129    2.129  1   34.593   34.593  1
 1836.0 1836.0  1    2.127    2.127  1   34.593   34.593  1
 1838.0 1838.0  1    2.124    2.124  1   34.593   34.593  1
 1840.0 1840.0  1    2.124    2.124  1   34.593   34.593  1
 1842.0 1842.0  1    2.123    2.123  1   34.593   34.593  1
 1844.0 1844.0  1    2.120    2.120  1   34.594   34.594  1
 1846.0 1846.0  1    2.116    2.116  1   34.594   34.594  1
 1848.0 1848.0  1    2.114    2.114  1   34.595   34.595  1
 1850.0 1850.0  1    2.112    2.112  1   34.595   34.595  1
 1852.0 1852.0  1    2.111    2.111  1   34.595   34.595  1
 1854.0 1854.0  1    2.110    2.110  1   34.595   34.595  1
 1856.0 1856.0  1    2.108    2.108  1   34.595   34.595  1
 1858.0 1858.0  1    2.107    2.107  1   34.595   34.595  1
 1860.0 1860.0  1    2.106    2.106  1   34.595   34.595  1
 1862.0 1862.0  1    2.103    2.103  1   34.596   34.596  1
 1864.0 1864.0  1    2.102    2.102  1   34.596   34.596  1
 1866.0 1866.0  1    2.101    2.101  1   34.596   34.596  1
 1868.0 1868.0  1    2.099    2.099  1   34.596   34.596  1
 1870.0 1870.0  1    2.091    2.091  1   34.597   34.597  1
 1872.0 1872.0  1    2.087    2.087  1   34.597   34.597  1
 1874.0 1874.0  1    2.086    2.086  1   34.597   34.597  1
 1876.0 1876.0  1    2.085    2.085  1   34.598   34.598  1
 1878.0 1878.0  1    2.082    2.082  1   34.598   34.598  1
 1880.0 1880.0  1    2.080    2.080  1   34.598   34.598  1
 1882.0 1882.0  1    2.078    2.078  1   34.598   34.598  1
 1884.0 1884.0  1    2.075    2.075  1   34.599   34.599  1
 1886.0 1886.0  1    2.074    2.074  1   34.599   34.599  1
 1887.9 1887.9  1    2.073    2.073  1   34.599   34.599  1
 1890.0 1890.0  1    2.070    2.070  1   34.599   34.599  1
 1892.1 1892.1  1    2.068    2.068  1   34.600   34.600  1
 1894.1 1894.1  1    2.067    2.067  1   34.600   34.600  1
 1896.0 1896.0  1    2.067    2.067  1   34.600   34.600  1
 1898.0 1898.0  1    2.066    2.066  1   34.600   34.600  1
 1900.0 1900.0  1    2.063    2.063  1   34.600   34.600  1
 1902.0 1902.0  1    2.061    2.061  1   34.600   34.600  1
 1904.0 1904.0  1    2.059    2.059  1   34.600   34.600  1
 1906.0 1906.0  1    2.059    2.059  1   34.600   34.600  1
 1908.0 1908.0  1    2.056    2.056  1   34.601   34.601  1
 1910.0 1910.0  1    2.050    2.050  1   34.602   34.602  1
 1912.0 1912.0  1    2.046    2.046  1   34.602   34.602  1
 1914.0 1914.0  1    2.044    2.044  1   34.602   34.602  1
 1916.0 1916.0  1    2.042    2.042  1   34.602   34.602  1
 1918.0 1918.0  1    2.042    2.042  1   34.602   34.602  1
 1920.0 1920.0  1    2.040    2.040  1   34.603   34.603  1
 1922.0 1922.0  1    2.038    2.038  1   34.603   34.603  1
 1924.0 1924.0  1    2.033    2.033  1   34.604   34.604  1
 1925.9 1925.9  1    2.031    2.031  1   34.604   34.604  1
 1927.9 1927.9  1    2.031    2.031  1   34.604   34.604  1
 1930.0 1930.0  1    2.030    2.030  1   34.604   34.604  1
 1931.9 1931.9  1    2.027    2.027  1   34.604   34.604  1
 1933.9 1933.9  1    2.026    2.026  1   34.605   34.605  1
 1935.9 1935.9  1    2.024    2.024  1   34.605   34.605  1
 1938.0 1938.0  1    2.020    2.020  1   34.605   34.605  1
 1940.0 1940.0  1    2.018    2.018  1   34.605   34.605  1
 1942.0 1942.0  1    2.018    2.018  1   34.605   34.605  1
 1944.0 1944.0  1    2.018    2.018  1   34.605   34.605  1
 1946.0 1946.0  1    2.017    2.017  1   34.605   34.605  1
 1948.0 1948.0  1    2.017    2.017  1   34.605   34.605  1
 1950.0 1950.0  1    2.014    2.014  1   34.606   34.606  1
 1952.0 1952.0  1    2.013    2.013  1   34.606   34.606  1
 1954.0 1954.0  1    2.012    2.012  1   34.606   34.606  1
 1956.0 1956.0  1    2.012    2.012  1   34.606   34.606  1
 1958.0 1958.0  1    2.011    2.011  1   34.606   34.606  1
 1960.0 1960.0  1    2.008    2.008  1   34.606   34.606  1
 1962.0 1962.0  1    2.007    2.007  1   34.606   34.606  1
 1964.0 1964.0  1    2.006    2.006  1   34.606   34.606  1
 1966.0 1966.0  1    2.005    2.005  1   34.606   34.606  1
 1968.0 1968.0  1    1.999    1.999  1   34.607   34.607  1
 1970.0 1970.0  1    1.996    1.996  1   34.608   34.608  1
 1972.0 1972.0  1    1.993    1.993  1   34.608   34.608  1
 1974.0 1974.0  1    1.991    1.991  1   34.608   34.608  1
 1976.0 1976.0  1    1.989    1.989  1   34.608   34.608  1
 1978.0 1978.0  1    1.987    1.987  1   34.609   34.609  1
 1980.0 1980.0  1    1.987    1.987  1   34.609   34.609  1
 1982.0 1982.0  1    1.987    1.987  1   34.609   34.609  1
 1984.0 1984.0  1    1.986    1.986  1   34.609   34.609  1
 1986.0 1986.0  1    1.985    1.985  1   34.609   34.609  1
 1988.0 1988.0  1    1.984    1.984  1   34.609   34.609  1
 1990.0 1990.0  1    1.980    1.980  1   34.609   34.609  1
 1992.1 1992.1  1    1.978    1.978  1   34.610   34.610  1
 1994.0 1994.0  1    1.977    1.977  1   34.610   34.610  1
 1996.0 1996.0  1    1.976    1.976  1   34.610   34.610  1
 1998.0 1998.0  1    1.972    1.972  1   34.610   34.610  1
 2000.0 2000.0  1    1.971    1.971  1   34.610   34.610  1
 2002.0 2002.0  1    1.971    1.971  1   34.611   34.611  1
 2003.4 2003.4  1    1.970    1.970  1   34.611   34.611  1
