*SoftWare Version 3.0  2018/12/27

*HEADER
     PLATFORM NUMBER       :5902497
     CYCLE NUMBER          :115
     DATE CREATION         :20191224180033
     DATE UPDATE           :20191224180033
     PROJECT NAME          :US ARGO PROJECT
     PI NAME               :DEAN ROEMMICH
     INSTRUMENT TYPE       :SOLO_II
     FLOAT SERIAL NO       :8506
     FIRMWARE VERSION      :V02.20; SBE602 27Jul16
     WMO INSTRUMENT TYPE   :853
     TRANSMISSION SYSTEM   :IRIDIUM
     POSITIONING SYSTEM    :GPS
     SAMPLE DIRECTION      :A(A=Ascend; D=Descend)
     DATA MODE             :R(R=Real Time; D=Delayed Mode; A=Real Time Adjusted)
     JULIAN DAY            :25559.6583 (days since 1950-01-01 00:00:00 UTC)
     DATE                  :2019-12-24
     QC FLAG FOR DATE      :1
*LOCATION
     LATITUDE              :-48.678 
     LONGITUDE             :133.387 
     QC FLAG FOR LOCATION  :1
*FILE
     COLUMN 1              :Pressure (dbar)                             F7.1
     COLUMN 2              :Corrected Pressure (dbar)                   F7.1
     COLUMN 3              :Quality on Pressure                         I3
     COLUMN 4              :Temperature (degree_Celsius)                F9.3
     COLUMN 5              :Corrected Temperature (degree_Celsius)      F9.3
     COLUMN 6              :Quality on Temperature                      I3
     COLUMN 7              :Salinity (PSU)                              F9.3
     COLUMN 8              :Corrected Salinity (PSU)                    F9.3
     COLUMN 9              :Quality on Salinity                         I3
==========================================================================
    1.0    1.0  1    8.583    8.583  1   34.254   34.254  1
    2.0    2.0  1    8.583    8.583  1   34.255   34.255  1
    3.0    3.0  1    8.586    8.586  1   34.256   34.256  1
    4.0    4.0  1    8.585    8.585  1   34.257   34.257  1
    5.0    5.0  1    8.586    8.586  1   34.257   34.257  1
    6.0    6.0  1    8.587    8.587  1   34.256   34.256  1
    7.0    7.0  1    8.587    8.587  1   34.257   34.257  1
    8.0    8.0  1    8.585    8.585  1   34.255   34.255  1
    9.0    9.0  1    8.585    8.585  1   34.254   34.254  1
   10.0   10.0  1    8.585    8.585  1   34.255   34.255  1
   10.8   10.8  1    8.585    8.585  1   34.255   34.255  1
   12.0   12.0  1    8.585    8.585  1   34.255   34.255  1
   14.0   14.0  1    8.588    8.588  1   34.257   34.257  1
   16.1   16.1  1    8.588    8.588  1   34.258   34.258  1
   18.0   18.0  1    8.590    8.590  1   34.259   34.259  1
   20.0   20.0  1    8.588    8.588  1   34.258   34.258  1
   22.0   22.0  1    8.587    8.587  1   34.257   34.257  1
   24.0   24.0  1    8.588    8.588  1   34.257   34.257  1
   26.0   26.0  1    8.589    8.589  1   34.258   34.258  1
   28.0   28.0  1    8.611    8.611  1   34.274   34.274  1
   30.0   30.0  1    8.635    8.635  1   34.292   34.292  1
   32.0   32.0  1    8.658    8.658  1   34.312   34.312  1
   34.0   34.0  1    8.659    8.659  1   34.321   34.321  1
   36.0   36.0  1    8.653    8.653  1   34.321   34.321  1
   38.0   38.0  1    8.643    8.643  1   34.324   34.324  1
   40.0   40.0  1    8.646    8.646  1   34.328   34.328  1
   42.0   42.0  1    8.641    8.641  1   34.330   34.330  1
   44.0   44.0  1    8.627    8.627  1   34.328   34.328  1
   46.0   46.0  1    8.621    8.621  1   34.327   34.327  1
   48.0   48.0  1    8.614    8.614  1   34.326   34.326  1
   50.0   50.0  1    8.609    8.609  1   34.326   34.326  1
   52.0   52.0  1    8.595    8.595  1   34.323   34.323  1
   54.0   54.0  1    8.590    8.590  1   34.322   34.322  1
   56.0   56.0  1    8.588    8.588  1   34.321   34.321  1
   58.0   58.0  1    8.580    8.580  1   34.321   34.321  1
   60.0   60.0  1    8.570    8.570  1   34.319   34.319  1
   62.0   62.0  1    8.566    8.566  1   34.317   34.317  1
   64.0   64.0  1    8.563    8.563  1   34.317   34.317  1
   66.0   66.0  1    8.548    8.548  1   34.314   34.314  1
   68.0   68.0  1    8.546    8.546  1   34.314   34.314  1
   70.0   70.0  1    8.544    8.544  1   34.313   34.313  1
   72.0   72.0  1    8.549    8.549  1   34.314   34.314  1
   74.0   74.0  1    8.554    8.554  1   34.316   34.316  1
   76.0   76.0  1    8.553    8.553  1   34.315   34.315  1
   78.0   78.0  1    8.555    8.555  1   34.316   34.316  1
   80.0   80.0  1    8.563    8.563  1   34.316   34.316  1
   82.0   82.0  1    8.597    8.597  1   34.324   34.324  1
   84.0   84.0  1    8.610    8.610  1   34.327   34.327  1
   86.0   86.0  1    8.611    8.611  1   34.327   34.327  1
   88.0   88.0  1    8.617    8.617  1   34.327   34.327  1
   90.0   90.0  1    8.623    8.623  1   34.329   34.329  1
   92.0   92.0  1    8.622    8.622  1   34.329   34.329  1
   94.0   94.0  1    8.617    8.617  1   34.328   34.328  1
   96.0   96.0  1    8.609    8.609  1   34.327   34.327  1
   98.0   98.0  1    8.603    8.603  1   34.326   34.326  1
  100.0  100.0  1    8.589    8.589  1   34.324   34.324  1
  102.0  102.0  1    8.588    8.588  1   34.323   34.323  1
  104.0  104.0  1    8.589    8.589  1   34.323   34.323  1
  106.0  106.0  1    8.589    8.589  1   34.323   34.323  1
  108.0  108.0  1    8.585    8.585  1   34.323   34.323  1
  110.0  110.0  1    8.584    8.584  1   34.322   34.322  1
  112.0  112.0  1    8.585    8.585  1   34.324   34.324  1
  114.0  114.0  1    8.581    8.581  1   34.323   34.323  1
  116.0  116.0  1    8.588    8.588  1   34.335   34.335  1
  118.0  118.0  1    8.570    8.570  1   34.345   34.345  1
  120.0  120.0  1    8.554    8.554  1   34.347   34.347  1
  122.0  122.0  1    8.534    8.534  1   34.347   34.347  1
  124.0  124.0  1    8.468    8.468  1   34.344   34.344  1
  126.0  126.0  1    8.401    8.401  1   34.345   34.345  1
  128.0  128.0  1    8.299    8.299  1   34.334   34.334  1
  130.0  130.0  1    8.308    8.308  1   34.336   34.336  1
  132.0  132.0  1    8.316    8.316  1   34.333   34.333  1
  134.0  134.0  1    8.375    8.375  1   34.349   34.349  1
  136.0  136.0  1    8.401    8.401  1   34.357   34.357  1
  138.0  138.0  1    8.397    8.397  1   34.357   34.357  1
  140.0  140.0  1    8.410    8.410  1   34.359   34.359  1
  142.0  142.0  1    8.426    8.426  1   34.364   34.364  1
  144.0  144.0  1    8.457    8.457  1   34.367   34.367  1
  146.0  146.0  1    8.519    8.519  1   34.386   34.386  1
  148.0  148.0  1    8.606    8.606  1   34.398   34.398  1
  150.0  150.0  1    8.610    8.610  1   34.409   34.409  1
  152.0  152.0  1    8.631    8.631  1   34.409   34.409  1
  154.0  154.0  1    8.716    8.716  1   34.433   34.433  1
  155.9  155.9  1    8.754    8.754  1   34.437   34.437  1
  158.0  158.0  1    8.791    8.791  1   34.450   34.450  1
  160.0  160.0  1    8.799    8.799  1   34.451   34.451  1
  162.0  162.0  1    8.800    8.800  1   34.452   34.452  1
  164.0  164.0  1    8.822    8.822  1   34.452   34.452  1
  166.0  166.0  1    8.866    8.866  1   34.466   34.466  1
  168.0  168.0  1    8.874    8.874  1   34.466   34.466  1
  170.0  170.0  1    8.895    8.895  1   34.471   34.471  1
  172.0  172.0  1    8.894    8.894  1   34.472   34.472  1
  174.1  174.1  1    8.856    8.856  1   34.467   34.467  1
  176.0  176.0  1    8.851    8.851  1   34.465   34.465  1
  178.0  178.0  1    8.850    8.850  1   34.465   34.465  1
  180.0  180.0  1    8.857    8.857  1   34.466   34.466  1
  182.0  182.0  1    8.871    8.871  1   34.468   34.468  1
  184.0  184.0  1    8.932    8.932  1   34.478   34.478  1
  186.0  186.0  1    8.972    8.972  1   34.493   34.493  1
  188.0  188.0  1    8.970    8.970  1   34.492   34.492  1
  190.0  190.0  1    8.974    8.974  1   34.494   34.494  1
  192.0  192.0  1    9.022    9.022  1   34.502   34.502  1
  194.0  194.0  1    9.037    9.037  1   34.506   34.506  1
  196.0  196.0  1    9.048    9.048  1   34.509   34.509  1
  198.0  198.0  1    9.054    9.054  1   34.510   34.510  1
  200.0  200.0  1    9.060    9.060  1   34.512   34.512  1
  202.0  202.0  1    9.067    9.067  1   34.513   34.513  1
  204.0  204.0  1    9.081    9.081  1   34.516   34.516  1
  206.0  206.0  1    9.090    9.090  1   34.520   34.520  1
  208.0  208.0  1    9.102    9.102  1   34.521   34.521  1
  210.0  210.0  1    9.140    9.140  1   34.534   34.534  1
  211.9  211.9  1    9.142    9.142  1   34.536   34.536  1
  214.0  214.0  1    9.165    9.165  1   34.541   34.541  1
  216.0  216.0  1    9.182    9.182  1   34.545   34.545  1
  218.0  218.0  1    9.210    9.210  1   34.554   34.554  1
  220.0  220.0  1    9.217    9.217  1   34.554   34.554  1
  222.0  222.0  1    9.224    9.224  1   34.557   34.557  1
  224.0  224.0  1    9.239    9.239  1   34.560   34.560  1
  226.0  226.0  1    9.251    9.251  1   34.562   34.562  1
  228.0  228.0  1    9.267    9.267  1   34.568   34.568  1
  230.0  230.0  1    9.274    9.274  1   34.570   34.570  1
  232.0  232.0  1    9.292    9.292  1   34.574   34.574  1
  234.0  234.0  1    9.308    9.308  1   34.578   34.578  1
  236.0  236.0  1    9.353    9.353  1   34.588   34.588  1
  238.0  238.0  1    9.395    9.395  1   34.599   34.599  1
  240.0  240.0  1    9.419    9.419  1   34.595   34.595  1
  242.0  242.0  1    9.437    9.437  1   34.613   34.613  1
  244.0  244.0  1    9.454    9.454  1   34.615   34.615  1
  246.0  246.0  1    9.420    9.420  1   34.619   34.619  1
  248.0  248.0  1    9.409    9.409  1   34.608   34.608  1
  250.0  250.0  1    9.541    9.541  1   34.639   34.639  1
  252.0  252.0  1    9.545    9.545  1   34.645   34.645  1
  254.0  254.0  1    9.504    9.504  1   34.640   34.640  1
  256.0  256.0  1    9.471    9.471  1   34.634   34.634  1
  258.0  258.0  1    9.451    9.451  1   34.629   34.629  1
  259.9  259.9  1    9.447    9.447  1   34.628   34.628  1
  262.0  262.0  1    9.448    9.448  1   34.628   34.628  1
  264.0  264.0  1    9.465    9.465  1   34.631   34.631  1
  266.0  266.0  1    9.470    9.470  1   34.635   34.635  1
  268.0  268.0  1    9.468    9.468  1   34.634   34.634  1
  270.0  270.0  1    9.490    9.490  1   34.638   34.638  1
  272.0  272.0  1    9.517    9.517  1   34.647   34.647  1
  274.0  274.0  1    9.518    9.518  1   34.647   34.647  1
  276.0  276.0  1    9.520    9.520  1   34.648   34.648  1
  278.0  278.0  1    9.548    9.548  1   34.655   34.655  1
  280.0  280.0  1    9.558    9.558  1   34.658   34.658  1
  282.0  282.0  1    9.562    9.562  1   34.659   34.659  1
  284.1  284.1  1    9.565    9.565  1   34.659   34.659  1
  286.0  286.0  1    9.554    9.554  1   34.660   34.660  1
  288.0  288.0  1    9.511    9.511  1   34.652   34.652  1
  290.0  290.0  1    9.503    9.503  1   34.650   34.650  1
  292.0  292.0  1    9.532    9.532  1   34.654   34.654  1
  294.0  294.0  1    9.544    9.544  1   34.660   34.660  1
  296.0  296.0  1    9.529    9.529  1   34.658   34.658  1
  298.0  298.0  1    9.513    9.513  1   34.657   34.657  1
  300.0  300.0  1    9.503    9.503  1   34.653   34.653  1
  302.0  302.0  1    9.493    9.493  1   34.652   34.652  1
  304.0  304.0  1    9.509    9.509  1   34.656   34.656  1
  306.0  306.0  1    9.515    9.515  1   34.657   34.657  1
  308.0  308.0  1    9.494    9.494  1   34.657   34.657  1
  310.0  310.0  1    9.474    9.474  1   34.653   34.653  1
  312.0  312.0  1    9.462    9.462  1   34.652   34.652  1
  314.0  314.0  1    9.442    9.442  1   34.648   34.648  1
  316.0  316.0  1    9.439    9.439  1   34.648   34.648  1
  318.0  318.0  1    9.426    9.426  1   34.646   34.646  1
  320.0  320.0  1    9.416    9.416  1   34.645   34.645  1
  322.0  322.0  1    9.408    9.408  1   34.644   34.644  1
  324.0  324.0  1    9.410    9.410  1   34.645   34.645  1
  326.1  326.1  1    9.432    9.432  1   34.647   34.647  1
  328.0  328.0  1    9.458    9.458  1   34.657   34.657  1
  330.0  330.0  1    9.458    9.458  1   34.658   34.658  1
  332.0  332.0  1    9.447    9.447  1   34.656   34.656  1
  334.0  334.0  1    9.439    9.439  1   34.655   34.655  1
  336.0  336.0  1    9.434    9.434  1   34.655   34.655  1
  338.0  338.0  1    9.428    9.428  1   34.654   34.654  1
  340.0  340.0  1    9.425    9.425  1   34.654   34.654  1
  342.0  342.0  1    9.423    9.423  1   34.654   34.654  1
  344.0  344.0  1    9.407    9.407  1   34.655   34.655  1
  346.0  346.0  1    9.401    9.401  1   34.653   34.653  1
  348.1  348.1  1    9.401    9.401  1   34.653   34.653  1
  350.0  350.0  1    9.398    9.398  1   34.654   34.654  1
  351.9  351.9  1    9.392    9.392  1   34.653   34.653  1
  353.9  353.9  1    9.393    9.393  1   34.654   34.654  1
  356.0  356.0  1    9.392    9.392  1   34.654   34.654  1
  358.0  358.0  1    9.384    9.384  1   34.653   34.653  1
  360.0  360.0  1    9.346    9.346  1   34.650   34.650  1
  362.0  362.0  1    9.330    9.330  1   34.645   34.645  1
  364.0  364.0  1    9.323    9.323  1   34.645   34.645  1
  366.0  366.0  1    9.314    9.314  1   34.644   34.644  1
  368.0  368.0  1    9.324    9.324  1   34.647   34.647  1
  370.0  370.0  1    9.335    9.335  1   34.650   34.650  1
  372.0  372.0  1    9.339    9.339  1   34.653   34.653  1
  374.0  374.0  1    9.322    9.322  1   34.650   34.650  1
  376.0  376.0  1    9.317    9.317  1   34.649   34.649  1
  378.0  378.0  1    9.292    9.292  1   34.647   34.647  1
  380.0  380.0  1    9.239    9.239  1   34.641   34.641  1
  381.9  381.9  1    9.212    9.212  1   34.634   34.634  1
  384.0  384.0  1    9.213    9.213  1   34.634   34.634  1
  386.0  386.0  1    9.210    9.210  1   34.634   34.634  1
  388.0  388.0  1    9.195    9.195  1   34.634   34.634  1
  390.0  390.0  1    9.177    9.177  1   34.632   34.632  1
  392.0  392.0  1    9.166    9.166  1   34.630   34.630  1
  394.0  394.0  1    9.160    9.160  1   34.629   34.629  1
  396.0  396.0  1    9.144    9.144  1   34.628   34.628  1
  398.0  398.0  1    9.136    9.136  1   34.627   34.627  1
  400.1  400.1  1    9.129    9.129  1   34.627   34.627  1
  402.0  402.0  1    9.121    9.121  1   34.626   34.626  1
  404.0  404.0  1    9.116    9.116  1   34.626   34.626  1
  406.0  406.0  1    9.110    9.110  1   34.626   34.626  1
  408.0  408.0  1    9.095    9.095  1   34.625   34.625  1
  410.0  410.0  1    9.081    9.081  1   34.622   34.622  1
  412.0  412.0  1    9.074    9.074  1   34.621   34.621  1
  414.0  414.0  1    9.057    9.057  1   34.619   34.619  1
  416.0  416.0  1    9.035    9.035  1   34.617   34.617  1
  418.0  418.0  1    9.016    9.016  1   34.614   34.614  1
  420.0  420.0  1    9.001    9.001  1   34.613   34.613  1
  422.0  422.0  1    8.988    8.988  1   34.610   34.610  1
  424.0  424.0  1    8.986    8.986  1   34.611   34.611  1
  426.0  426.0  1    8.969    8.969  1   34.610   34.610  1
  427.9  427.9  1    8.947    8.947  1   34.608   34.608  1
  430.0  430.0  1    8.919    8.919  1   34.604   34.604  1
  432.0  432.0  1    8.902    8.902  1   34.601   34.601  1
  434.0  434.0  1    8.898    8.898  1   34.601   34.601  1
  436.0  436.0  1    8.895    8.895  1   34.600   34.600  1
  438.0  438.0  1    8.880    8.880  1   34.599   34.599  1
  440.1  440.1  1    8.869    8.869  1   34.597   34.597  1
  442.0  442.0  1    8.859    8.859  1   34.597   34.597  1
  444.0  444.0  1    8.848    8.848  1   34.595   34.595  1
  446.0  446.0  1    8.836    8.836  1   34.594   34.594  1
  448.0  448.0  1    8.824    8.824  1   34.594   34.594  1
  450.1  450.1  1    8.808    8.808  1   34.591   34.591  1
  452.1  452.1  1    8.799    8.799  1   34.590   34.590  1
  454.1  454.1  1    8.785    8.785  1   34.589   34.589  1
  456.0  456.0  1    8.768    8.768  1   34.586   34.586  1
  458.0  458.0  1    8.768    8.768  1   34.586   34.586  1
  460.0  460.0  1    8.762    8.762  1   34.589   34.589  1
  462.0  462.0  1    8.716    8.716  1   34.583   34.583  1
  464.0  464.0  1    8.692    8.692  1   34.578   34.578  1
  466.1  466.1  1    8.678    8.678  1   34.577   34.577  1
  468.1  468.1  1    8.663    8.663  1   34.575   34.575  1
  470.0  470.0  1    8.639    8.639  1   34.571   34.571  1
  472.0  472.0  1    8.605    8.605  1   34.567   34.567  1
  474.0  474.0  1    8.592    8.592  1   34.563   34.563  1
  476.0  476.0  1    8.589    8.589  1   34.563   34.563  1
  478.0  478.0  1    8.567    8.567  1   34.563   34.563  1
  479.9  479.9  1    8.549    8.549  1   34.559   34.559  1
  482.0  482.0  1    8.526    8.526  1   34.558   34.558  1
  484.0  484.0  1    8.491    8.491  1   34.553   34.553  1
  486.0  486.0  1    8.474    8.474  1   34.550   34.550  1
  488.0  488.0  1    8.464    8.464  1   34.548   34.548  1
  490.0  490.0  1    8.420    8.420  1   34.546   34.546  1
  492.0  492.0  1    8.407    8.407  1   34.543   34.543  1
  494.0  494.0  1    8.411    8.411  1   34.547   34.547  1
  496.0  496.0  1    8.388    8.388  1   34.545   34.545  1
  498.0  498.0  1    8.369    8.369  1   34.543   34.543  1
  499.9  499.9  1    8.346    8.346  1   34.541   34.541  1
  501.9  501.9  1    8.329    8.329  1   34.540   34.540  1
  504.0  504.0  1    8.296    8.296  1   34.538   34.538  1
  506.0  506.0  1    8.288    8.288  1   34.535   34.535  1
  508.0  508.0  1    8.283    8.283  1   34.536   34.536  1
  510.0  510.0  1    8.239    8.239  1   34.532   34.532  1
  511.9  511.9  1    8.231    8.231  1   34.529   34.529  1
  514.0  514.0  1    8.224    8.224  1   34.528   34.528  1
  515.9  515.9  1    8.197    8.197  1   34.528   34.528  1
  518.0  518.0  1    8.175    8.175  1   34.525   34.525  1
  520.0  520.0  1    8.156    8.156  1   34.524   34.524  1
  522.0  522.0  1    8.121    8.121  1   34.520   34.520  1
  524.0  524.0  1    8.096    8.096  1   34.516   34.516  1
  526.0  526.0  1    8.115    8.115  1   34.521   34.521  1
  528.0  528.0  1    8.093    8.093  1   34.523   34.523  1
  530.0  530.0  1    8.070    8.070  1   34.520   34.520  1
  532.0  532.0  1    8.067    8.067  1   34.519   34.519  1
  534.0  534.0  1    8.051    8.051  1   34.521   34.521  1
  536.0  536.0  1    8.003    8.003  1   34.517   34.517  1
  538.0  538.0  1    7.979    7.979  1   34.513   34.513  1
  540.0  540.0  1    7.968    7.968  1   34.513   34.513  1
  542.0  542.0  1    7.964    7.964  1   34.513   34.513  1
  544.0  544.0  1    7.959    7.959  1   34.516   34.516  1
  546.0  546.0  1    7.949    7.949  1   34.515   34.515  1
  548.0  548.0  1    7.926    7.926  1   34.515   34.515  1
  549.9  549.9  1    7.900    7.900  1   34.512   34.512  1
  552.0  552.0  1    7.879    7.879  1   34.510   34.510  1
  554.0  554.0  1    7.870    7.870  1   34.508   34.508  1
  556.0  556.0  1    7.862    7.862  1   34.508   34.508  1
  558.0  558.0  1    7.826    7.826  1   34.504   34.504  1
  560.0  560.0  1    7.814    7.814  1   34.503   34.503  1
  562.1  562.1  1    7.804    7.804  1   34.504   34.504  1
  564.0  564.0  1    7.797    7.797  1   34.503   34.503  1
  566.0  566.0  1    7.780    7.780  1   34.502   34.502  1
  568.0  568.0  1    7.748    7.748  1   34.500   34.500  1
  570.0  570.0  1    7.732    7.732  1   34.499   34.499  1
  572.0  572.0  1    7.705    7.705  1   34.497   34.497  1
  574.0  574.0  1    7.692    7.692  1   34.496   34.496  1
  576.0  576.0  1    7.681    7.681  1   34.495   34.495  1
  578.0  578.0  1    7.652    7.652  1   34.496   34.496  1
  580.0  580.0  1    7.597    7.597  1   34.490   34.490  1
  582.0  582.0  1    7.591    7.591  1   34.488   34.488  1
  584.0  584.0  1    7.581    7.581  1   34.487   34.487  1
  586.0  586.0  1    7.576    7.576  1   34.487   34.487  1
  588.0  588.0  1    7.575    7.575  1   34.487   34.487  1
  590.0  590.0  1    7.570    7.570  1   34.486   34.486  1
  592.0  592.0  1    7.545    7.545  1   34.487   34.487  1
  594.0  594.0  1    7.524    7.524  1   34.482   34.482  1
  596.0  596.0  1    7.523    7.523  1   34.482   34.482  1
  598.0  598.0  1    7.509    7.509  1   34.483   34.483  1
  600.0  600.0  1    7.478    7.478  1   34.480   34.480  1
  602.0  602.0  1    7.466    7.466  1   34.479   34.479  1
  604.0  604.0  1    7.445    7.445  1   34.479   34.479  1
  606.0  606.0  1    7.420    7.420  1   34.476   34.476  1
  608.0  608.0  1    7.399    7.399  1   34.475   34.475  1
  610.0  610.0  1    7.373    7.373  1   34.472   34.472  1
  612.1  612.1  1    7.323    7.323  1   34.469   34.469  1
  614.0  614.0  1    7.285    7.285  1   34.465   34.465  1
  616.0  616.0  1    7.251    7.251  1   34.461   34.461  1
  618.0  618.0  1    7.226    7.226  1   34.457   34.457  1
  620.0  620.0  1    7.206    7.206  1   34.457   34.457  1
  621.9  621.9  1    7.168    7.168  1   34.453   34.453  1
  624.0  624.0  1    7.145    7.145  1   34.451   34.451  1
  626.0  626.0  1    7.119    7.119  1   34.448   34.448  1
  628.0  628.0  1    7.087    7.087  1   34.447   34.447  1
  630.0  630.0  1    7.045    7.045  1   34.444   34.444  1
  632.1  632.1  1    7.005    7.005  1   34.440   34.440  1
  634.0  634.0  1    6.949    6.949  1   34.437   34.437  1
  636.0  636.0  1    6.916    6.916  1   34.433   34.433  1
  638.1  638.1  1    6.897    6.897  1   34.432   34.432  1
  640.1  640.1  1    6.876    6.876  1   34.429   34.429  1
  642.1  642.1  1    6.860    6.860  1   34.429   34.429  1
  644.1  644.1  1    6.837    6.837  1   34.427   34.427  1
  646.0  646.0  1    6.834    6.834  1   34.428   34.428  1
  648.0  648.0  1    6.828    6.828  1   34.430   34.430  1
  650.0  650.0  1    6.802    6.802  1   34.429   34.429  1
  652.0  652.0  1    6.769    6.769  1   34.426   34.426  1
  654.0  654.0  1    6.745    6.745  1   34.424   34.424  1
  656.0  656.0  1    6.723    6.723  1   34.423   34.423  1
  658.0  658.0  1    6.687    6.687  1   34.421   34.421  1
  660.0  660.0  1    6.662    6.662  1   34.418   34.418  1
  662.0  662.0  1    6.656    6.656  1   34.418   34.418  1
  664.0  664.0  1    6.623    6.623  1   34.416   34.416  1
  666.0  666.0  1    6.605    6.605  1   34.413   34.413  1
  668.0  668.0  1    6.578    6.578  1   34.412   34.412  1
  670.0  670.0  1    6.562    6.562  1   34.409   34.409  1
  672.0  672.0  1    6.515    6.515  1   34.408   34.408  1
  674.0  674.0  1    6.464    6.464  1   34.401   34.401  1
  676.0  676.0  1    6.463    6.463  1   34.400   34.400  1
  678.0  678.0  1    6.457    6.457  1   34.400   34.400  1
  680.0  680.0  1    6.416    6.416  1   34.399   34.399  1
  682.0  682.0  1    6.390    6.390  1   34.397   34.397  1
  684.0  684.0  1    6.356    6.356  1   34.394   34.394  1
  686.0  686.0  1    6.324    6.324  1   34.391   34.391  1
  688.0  688.0  1    6.304    6.304  1   34.388   34.388  1
  690.0  690.0  1    6.290    6.290  1   34.386   34.386  1
  692.0  692.0  1    6.252    6.252  1   34.384   34.384  1
  694.0  694.0  1    6.204    6.204  1   34.379   34.379  1
  696.0  696.0  1    6.177    6.177  1   34.377   34.377  1
  698.0  698.0  1    6.147    6.147  1   34.376   34.376  1
  700.0  700.0  1    6.119    6.119  1   34.376   34.376  1
  702.0  702.0  1    6.097    6.097  1   34.375   34.375  1
  704.0  704.0  1    6.060    6.060  1   34.373   34.373  1
  706.0  706.0  1    6.051    6.051  1   34.372   34.372  1
  708.0  708.0  1    6.047    6.047  1   34.373   34.373  1
  710.0  710.0  1    6.038    6.038  1   34.374   34.374  1
  712.0  712.0  1    6.006    6.006  1   34.370   34.370  1
  714.0  714.0  1    5.961    5.961  1   34.369   34.369  1
  715.9  715.9  1    5.926    5.926  1   34.364   34.364  1
  718.0  718.0  1    5.917    5.917  1   34.363   34.363  1
  720.0  720.0  1    5.906    5.906  1   34.362   34.362  1
  722.0  722.0  1    5.900    5.900  1   34.362   34.362  1
  724.0  724.0  1    5.900    5.900  1   34.362   34.362  1
  726.0  726.0  1    5.893    5.893  1   34.363   34.363  1
  728.0  728.0  1    5.859    5.859  1   34.360   34.360  1
  730.0  730.0  1    5.808    5.808  1   34.355   34.355  1
  732.0  732.0  1    5.771    5.771  1   34.350   34.350  1
  734.0  734.0  1    5.731    5.731  1   34.346   34.346  1
  736.0  736.0  1    5.701    5.701  1   34.342   34.342  1
  738.0  738.0  1    5.691    5.691  1   34.340   34.340  1
  740.0  740.0  1    5.674    5.674  1   34.338   34.338  1
  742.0  742.0  1    5.637    5.637  1   34.335   34.335  1
  744.0  744.0  1    5.598    5.598  1   34.331   34.331  1
  746.0  746.0  1    5.575    5.575  1   34.330   34.330  1
  748.0  748.0  1    5.520    5.520  1   34.327   34.327  1
  750.0  750.0  1    5.473    5.473  1   34.324   34.324  1
  752.0  752.0  1    5.452    5.452  1   34.321   34.321  1
  754.0  754.0  1    5.454    5.454  1   34.322   34.322  1
  756.0  756.0  1    5.448    5.448  1   34.322   34.322  1
  758.0  758.0  1    5.419    5.419  1   34.319   34.319  1
  760.0  760.0  1    5.396    5.396  1   34.317   34.317  1
  762.0  762.0  1    5.360    5.360  1   34.315   34.315  1
  764.0  764.0  1    5.349    5.349  1   34.313   34.313  1
  766.0  766.0  1    5.346    5.346  1   34.312   34.312  1
  768.0  768.0  1    5.342    5.342  1   34.312   34.312  1
  770.0  770.0  1    5.337    5.337  1   34.311   34.311  1
  772.0  772.0  1    5.319    5.319  1   34.310   34.310  1
  774.0  774.0  1    5.281    5.281  1   34.307   34.307  1
  776.0  776.0  1    5.264    5.264  1   34.305   34.305  1
  778.0  778.0  1    5.260    5.260  1   34.304   34.304  1
  780.1  780.1  1    5.240    5.240  1   34.304   34.304  1
  782.0  782.0  1    5.216    5.216  1   34.302   34.302  1
  784.0  784.0  1    5.196    5.196  1   34.300   34.300  1
  786.0  786.0  1    5.193    5.193  1   34.300   34.300  1
  788.0  788.0  1    5.192    5.192  1   34.299   34.299  1
  790.0  790.0  1    5.180    5.180  1   34.299   34.299  1
  792.0  792.0  1    5.113    5.113  1   34.294   34.294  1
  794.0  794.0  1    5.091    5.091  1   34.291   34.291  1
  796.0  796.0  1    5.083    5.083  1   34.290   34.290  1
  798.0  798.0  1    5.060    5.060  1   34.293   34.293  1
  800.0  800.0  1    4.998    4.998  1   34.286   34.286  1
  802.0  802.0  1    4.987    4.987  1   34.285   34.285  1
  804.0  804.0  1    4.983    4.983  1   34.285   34.285  1
  806.0  806.0  1    4.984    4.984  1   34.285   34.285  1
  808.0  808.0  1    4.981    4.981  1   34.284   34.284  1
  810.0  810.0  1    4.975    4.975  1   34.284   34.284  1
  812.0  812.0  1    4.965    4.965  1   34.285   34.285  1
  814.0  814.0  1    4.948    4.948  1   34.285   34.285  1
  816.0  816.0  1    4.937    4.937  1   34.284   34.284  1
  818.0  818.0  1    4.931    4.931  1   34.284   34.284  1
  820.0  820.0  1    4.924    4.924  1   34.284   34.284  1
  822.0  822.0  1    4.918    4.918  1   34.283   34.283  1
  824.0  824.0  1    4.903    4.903  1   34.283   34.283  1
  826.0  826.0  1    4.874    4.874  1   34.282   34.282  1
  828.0  828.0  1    4.856    4.856  1   34.280   34.280  1
  830.0  830.0  1    4.834    4.834  1   34.279   34.279  1
  832.0  832.0  1    4.799    4.799  1   34.279   34.279  1
  834.0  834.0  1    4.757    4.757  1   34.278   34.278  1
  836.0  836.0  1    4.716    4.716  1   34.275   34.275  1
  838.0  838.0  1    4.704    4.704  1   34.274   34.274  1
  840.0  840.0  1    4.685    4.685  1   34.274   34.274  1
  842.0  842.0  1    4.656    4.656  1   34.271   34.271  1
  844.0  844.0  1    4.640    4.640  1   34.271   34.271  1
  846.0  846.0  1    4.635    4.635  1   34.272   34.272  1
  848.0  848.0  1    4.621    4.621  1   34.272   34.272  1
  850.0  850.0  1    4.601    4.601  1   34.272   34.272  1
  852.0  852.0  1    4.588    4.588  1   34.271   34.271  1
  854.0  854.0  1    4.580    4.580  1   34.271   34.271  1
  856.0  856.0  1    4.562    4.562  1   34.271   34.271  1
  858.0  858.0  1    4.548    4.548  1   34.271   34.271  1
  860.0  860.0  1    4.533    4.533  1   34.271   34.271  1
  862.0  862.0  1    4.517    4.517  1   34.270   34.270  1
  864.0  864.0  1    4.509    4.509  1   34.271   34.271  1
  866.0  866.0  1    4.498    4.498  1   34.271   34.271  1
  868.0  868.0  1    4.490    4.490  1   34.272   34.272  1
  870.0  870.0  1    4.487    4.487  1   34.272   34.272  1
  872.0  872.0  1    4.480    4.480  1   34.273   34.273  1
  874.0  874.0  1    4.465    4.465  1   34.273   34.273  1
  876.0  876.0  1    4.452    4.452  1   34.271   34.271  1
  878.0  878.0  1    4.433    4.433  1   34.272   34.272  1
  879.9  879.9  1    4.432    4.432  1   34.271   34.271  1
  881.9  881.9  1    4.422    4.422  1   34.273   34.273  1
  883.9  883.9  1    4.421    4.421  1   34.274   34.274  1
  885.9  885.9  1    4.430    4.430  1   34.277   34.277  1
  887.9  887.9  1    4.424    4.424  1   34.278   34.278  1
  890.0  890.0  1    4.446    4.446  1   34.282   34.282  1
  892.1  892.1  1    4.436    4.436  1   34.283   34.283  1
  894.1  894.1  1    4.420    4.420  1   34.282   34.282  1
  896.0  896.0  1    4.395    4.395  1   34.280   34.280  1
  898.0  898.0  1    4.376    4.376  1   34.277   34.277  1
  900.0  900.0  1    4.360    4.360  1   34.276   34.276  1
  902.0  902.0  1    4.357    4.357  1   34.276   34.276  1
  904.0  904.0  1    4.345    4.345  1   34.277   34.277  1
  906.0  906.0  1    4.335    4.335  1   34.275   34.275  1
  908.0  908.0  1    4.337    4.337  1   34.276   34.276  1
  910.0  910.0  1    4.318    4.318  1   34.276   34.276  1
  912.0  912.0  1    4.288    4.288  1   34.273   34.273  1
  914.0  914.0  1    4.282    4.282  1   34.272   34.272  1
  916.0  916.0  1    4.314    4.314  1   34.276   34.276  1
  918.0  918.0  1    4.257    4.257  1   34.279   34.279  1
  920.0  920.0  1    4.179    4.179  1   34.268   34.268  1
  922.0  922.0  1    4.198    4.198  1   34.273   34.273  1
  924.0  924.0  1    4.209    4.209  1   34.277   34.277  1
  926.0  926.0  1    4.245    4.245  1   34.282   34.282  1
  928.0  928.0  1    4.253    4.253  1   34.286   34.286  1
  929.9  929.9  1    4.249    4.249  1   34.287   34.287  1
  931.9  931.9  1    4.235    4.235  1   34.289   34.289  1
  934.0  934.0  1    4.228    4.228  1   34.289   34.289  1
  936.0  936.0  1    4.230    4.230  1   34.292   34.292  1
  937.9  937.9  1    4.185    4.185  1   34.290   34.290  1
  940.0  940.0  1    4.185    4.185  1   34.289   34.289  1
  942.0  942.0  1    4.205    4.205  1   34.292   34.292  1
  944.0  944.0  1    4.222    4.222  1   34.296   34.296  1
  946.0  946.0  1    4.227    4.227  1   34.296   34.296  1
  948.0  948.0  1    4.183    4.183  1   34.295   34.295  1
  950.0  950.0  1    4.154    4.154  1   34.289   34.289  1
  952.0  952.0  1    4.074    4.074  1   34.284   34.284  1
  954.0  954.0  1    4.044    4.044  1   34.278   34.278  1
  956.0  956.0  1    4.053    4.053  1   34.280   34.280  1
  958.0  958.0  1    4.068    4.068  1   34.283   34.283  1
  960.0  960.0  1    4.083    4.083  1   34.285   34.285  1
  962.0  962.0  1    4.090    4.090  1   34.291   34.291  1
  964.0  964.0  1    4.088    4.088  1   34.292   34.292  1
  966.0  966.0  1    4.103    4.103  1   34.296   34.296  1
  968.0  968.0  1    4.103    4.103  1   34.297   34.297  1
  970.0  970.0  1    4.080    4.080  1   34.297   34.297  1
  972.1  972.1  1    4.049    4.049  1   34.292   34.292  1
  974.0  974.0  1    4.036    4.036  1   34.291   34.291  1
  976.0  976.0  1    4.032    4.032  1   34.293   34.293  1
  978.0  978.0  1    4.010    4.010  1   34.293   34.293  1
  980.0  980.0  1    4.010    4.010  1   34.294   34.294  1
  982.0  982.0  1    4.026    4.026  1   34.298   34.298  1
  984.0  984.0  1    4.023    4.023  1   34.300   34.300  1
  986.0  986.0  1    4.015    4.015  1   34.300   34.300  1
  988.0  988.0  1    4.008    4.008  1   34.300   34.300  1
  990.0  990.0  1    3.992    3.992  1   34.301   34.301  1
  992.0  992.0  1    3.973    3.973  1   34.301   34.301  1
  994.0  994.0  1    3.961    3.961  1   34.302   34.302  1
  996.0  996.0  1    3.943    3.943  1   34.301   34.301  1
  998.0  998.0  1    3.921    3.921  1   34.300   34.300  1
 1000.0 1000.0  1    3.912    3.912  1   34.298   34.298  1
 1002.0 1002.0  1    3.915    3.915  1   34.299   34.299  1
 1004.0 1004.0  1    3.914    3.914  1   34.301   34.301  1
 1006.0 1006.0  1    3.888    3.888  1   34.300   34.300  1
 1008.0 1008.0  1    3.882    3.882  1   34.299   34.299  1
 1010.0 1010.0  1    3.885    3.885  1   34.301   34.301  1
 1012.0 1012.0  1    3.883    3.883  1   34.302   34.302  1
 1014.0 1014.0  1    3.883    3.883  1   34.303   34.303  1
 1016.0 1016.0  1    3.886    3.886  1   34.306   34.306  1
 1018.0 1018.0  1    3.877    3.877  1   34.306   34.306  1
 1020.0 1020.0  1    3.868    3.868  1   34.307   34.307  1
 1022.0 1022.0  1    3.850    3.850  1   34.306   34.306  1
 1024.0 1024.0  1    3.841    3.841  1   34.307   34.307  1
 1026.0 1026.0  1    3.836    3.836  1   34.309   34.309  1
 1028.0 1028.0  1    3.830    3.830  1   34.311   34.311  1
 1030.0 1030.0  1    3.831    3.831  1   34.312   34.312  1
 1032.0 1032.0  1    3.832    3.832  1   34.313   34.313  1
 1034.0 1034.0  1    3.804    3.804  1   34.312   34.312  1
 1036.0 1036.0  1    3.783    3.783  1   34.311   34.311  1
 1038.0 1038.0  1    3.788    3.788  1   34.312   34.312  1
 1040.0 1040.0  1    3.775    3.775  1   34.312   34.312  1
 1042.0 1042.0  1    3.762    3.762  1   34.312   34.312  1
 1044.1 1044.1  1    3.749    3.749  1   34.313   34.313  1
 1046.0 1046.0  1    3.750    3.750  1   34.314   34.314  1
 1048.0 1048.0  1    3.742    3.742  1   34.315   34.315  1
 1050.0 1050.0  1    3.744    3.744  1   34.317   34.317  1
 1052.0 1052.0  1    3.736    3.736  1   34.318   34.318  1
 1054.0 1054.0  1    3.728    3.728  1   34.318   34.318  1
 1056.0 1056.0  1    3.709    3.709  1   34.318   34.318  1
 1058.0 1058.0  1    3.704    3.704  1   34.318   34.318  1
 1060.0 1060.0  1    3.701    3.701  1   34.320   34.320  1
 1062.0 1062.0  1    3.705    3.705  1   34.323   34.323  1
 1064.0 1064.0  1    3.699    3.699  1   34.324   34.324  1
 1066.0 1066.0  1    3.695    3.695  1   34.326   34.326  1
 1068.0 1068.0  1    3.678    3.678  1   34.325   34.325  1
 1070.0 1070.0  1    3.661    3.661  1   34.324   34.324  1
 1072.0 1072.0  1    3.639    3.639  1   34.324   34.324  1
 1074.0 1074.0  1    3.630    3.630  1   34.325   34.325  1
 1076.0 1076.0  1    3.620    3.620  1   34.326   34.326  1
 1078.0 1078.0  1    3.623    3.623  1   34.329   34.329  1
 1080.0 1080.0  1    3.608    3.608  1   34.329   34.329  1
 1082.0 1082.0  1    3.611    3.611  1   34.330   34.330  1
 1084.0 1084.0  1    3.623    3.623  1   34.335   34.335  1
 1086.0 1086.0  1    3.631    3.631  1   34.339   34.339  1
 1088.0 1088.0  1    3.632    3.632  1   34.341   34.341  1
 1089.9 1089.9  1    3.637    3.637  1   34.343   34.343  1
 1091.9 1091.9  1    3.638    3.638  1   34.345   34.345  1
 1094.0 1094.0  1    3.640    3.640  1   34.346   34.346  1
 1096.0 1096.0  1    3.636    3.636  1   34.348   34.348  1
 1098.0 1098.0  1    3.625    3.625  1   34.349   34.349  1
 1100.1 1100.1  1    3.613    3.613  1   34.349   34.349  1
 1102.0 1102.0  1    3.608    3.608  1   34.348   34.348  1
 1104.0 1104.0  1    3.606    3.606  1   34.349   34.349  1
 1106.0 1106.0  1    3.608    3.608  1   34.350   34.350  1
 1108.0 1108.0  1    3.611    3.611  1   34.352   34.352  1
 1110.0 1110.0  1    3.578    3.578  1   34.355   34.355  1
 1112.0 1112.0  1    3.560    3.560  1   34.353   34.353  1
 1114.0 1114.0  1    3.556    3.556  1   34.353   34.353  1
 1116.0 1116.0  1    3.549    3.549  1   34.353   34.353  1
 1118.0 1118.0  1    3.549    3.549  1   34.356   34.356  1
 1120.0 1120.0  1    3.544    3.544  1   34.357   34.357  1
 1122.0 1122.0  1    3.530    3.530  1   34.356   34.356  1
 1124.0 1124.0  1    3.514    3.514  1   34.355   34.355  1
 1126.0 1126.0  1    3.511    3.511  1   34.354   34.354  1
 1128.0 1128.0  1    3.500    3.500  1   34.355   34.355  1
 1130.0 1130.0  1    3.495    3.495  1   34.356   34.356  1
 1132.0 1132.0  1    3.490    3.490  1   34.357   34.357  1
 1134.0 1134.0  1    3.480    3.480  1   34.357   34.357  1
 1136.1 1136.1  1    3.457    3.457  1   34.356   34.356  1
 1138.0 1138.0  1    3.457    3.457  1   34.356   34.356  1
 1140.0 1140.0  1    3.459    3.459  1   34.358   34.358  1
 1142.0 1142.0  1    3.462    3.462  1   34.360   34.360  1
 1144.0 1144.0  1    3.469    3.469  1   34.364   34.364  1
 1145.9 1145.9  1    3.461    3.461  1   34.364   34.364  1
 1148.0 1148.0  1    3.449    3.449  1   34.365   34.365  1
 1150.0 1150.0  1    3.444    3.444  1   34.365   34.365  1
 1152.1 1152.1  1    3.452    3.452  1   34.368   34.368  1
 1154.0 1154.0  1    3.435    3.435  1   34.368   34.368  1
 1156.0 1156.0  1    3.424    3.424  1   34.368   34.368  1
 1158.0 1158.0  1    3.422    3.422  1   34.369   34.369  1
 1160.0 1160.0  1    3.428    3.428  1   34.370   34.370  1
 1162.0 1162.0  1    3.458    3.458  1   34.376   34.376  1
 1164.0 1164.0  1    3.460    3.460  1   34.381   34.381  1
 1166.0 1166.0  1    3.428    3.428  1   34.377   34.377  1
 1168.0 1168.0  1    3.429    3.429  1   34.379   34.379  1
 1170.0 1170.0  1    3.444    3.444  1   34.381   34.381  1
 1172.0 1172.0  1    3.450    3.450  1   34.385   34.385  1
 1174.0 1174.0  1    3.436    3.436  1   34.384   34.384  1
 1176.0 1176.0  1    3.438    3.438  1   34.386   34.386  1
 1178.0 1178.0  1    3.432    3.432  1   34.386   34.386  1
 1180.0 1180.0  1    3.440    3.440  1   34.390   34.390  1
 1182.0 1182.0  1    3.439    3.439  1   34.392   34.392  1
 1183.9 1183.9  1    3.441    3.441  1   34.394   34.394  1
 1186.0 1186.0  1    3.440    3.440  1   34.395   34.395  1
 1188.0 1188.0  1    3.438    3.438  1   34.395   34.395  1
 1190.0 1190.0  1    3.426    3.426  1   34.397   34.397  1
 1192.0 1192.0  1    3.421    3.421  1   34.396   34.396  1
 1194.0 1194.0  1    3.406    3.406  1   34.399   34.399  1
 1196.0 1196.0  1    3.399    3.399  1   34.399   34.399  1
 1197.9 1197.9  1    3.428    3.428  1   34.403   34.403  1
 1199.9 1199.9  1    3.442    3.442  1   34.407   34.407  1
 1202.0 1202.0  1    3.437    3.437  1   34.410   34.410  1
 1204.0 1204.0  1    3.420    3.420  1   34.410   34.410  1
 1206.0 1206.0  1    3.407    3.407  1   34.409   34.409  1
 1208.0 1208.0  1    3.395    3.395  1   34.410   34.410  1
 1210.0 1210.0  1    3.389    3.389  1   34.410   34.410  1
 1212.0 1212.0  1    3.384    3.384  1   34.410   34.410  1
 1214.0 1214.0  1    3.388    3.388  1   34.412   34.412  1
 1216.0 1216.0  1    3.378    3.378  1   34.413   34.413  1
 1218.0 1218.0  1    3.368    3.368  1   34.412   34.412  1
 1219.9 1219.9  1    3.358    3.358  1   34.413   34.413  1
 1222.0 1222.0  1    3.350    3.350  1   34.413   34.413  1
 1224.0 1224.0  1    3.340    3.340  1   34.412   34.412  1
 1226.0 1226.0  1    3.336    3.336  1   34.412   34.412  1
 1228.0 1228.0  1    3.332    3.332  1   34.413   34.413  1
 1230.0 1230.0  1    3.330    3.330  1   34.414   34.414  1
 1232.0 1232.0  1    3.328    3.328  1   34.414   34.414  1
 1234.0 1234.0  1    3.326    3.326  1   34.415   34.415  1
 1236.0 1236.0  1    3.319    3.319  1   34.416   34.416  1
 1238.0 1238.0  1    3.307    3.307  1   34.415   34.415  1
 1240.0 1240.0  1    3.310    3.310  1   34.417   34.417  1
 1242.0 1242.0  1    3.308    3.308  1   34.418   34.418  1
 1244.0 1244.0  1    3.308    3.308  1   34.421   34.421  1
 1246.0 1246.0  1    3.304    3.304  1   34.422   34.422  1
 1248.0 1248.0  1    3.298    3.298  1   34.423   34.423  1
 1250.0 1250.0  1    3.293    3.293  1   34.423   34.423  1
 1252.0 1252.0  1    3.292    3.292  1   34.424   34.424  1
 1254.0 1254.0  1    3.292    3.292  1   34.426   34.426  1
 1256.0 1256.0  1    3.283    3.283  1   34.425   34.425  1
 1258.0 1258.0  1    3.280    3.280  1   34.428   34.428  1
 1260.0 1260.0  1    3.273    3.273  1   34.428   34.428  1
 1262.0 1262.0  1    3.260    3.260  1   34.428   34.428  1
 1264.1 1264.1  1    3.254    3.254  1   34.429   34.429  1
 1266.0 1266.0  1    3.251    3.251  1   34.429   34.429  1
 1268.0 1268.0  1    3.253    3.253  1   34.431   34.431  1
 1270.0 1270.0  1    3.253    3.253  1   34.433   34.433  1
 1272.0 1272.0  1    3.252    3.252  1   34.433   34.433  1
 1273.9 1273.9  1    3.247    3.247  1   34.434   34.434  1
 1276.0 1276.0  1    3.220    3.220  1   34.433   34.433  1
 1278.0 1278.0  1    3.207    3.207  1   34.432   34.432  1
 1280.1 1280.1  1    3.201    3.201  1   34.432   34.432  1
 1282.0 1282.0  1    3.193    3.193  1   34.433   34.433  1
 1284.0 1284.0  1    3.189    3.189  1   34.434   34.434  1
 1286.0 1286.0  1    3.196    3.196  1   34.437   34.437  1
 1288.0 1288.0  1    3.196    3.196  1   34.440   34.440  1
 1290.0 1290.0  1    3.190    3.190  1   34.440   34.440  1
 1292.0 1292.0  1    3.184    3.184  1   34.442   34.442  1
 1294.0 1294.0  1    3.177    3.177  1   34.443   34.443  1
 1296.0 1296.0  1    3.170    3.170  1   34.444   34.444  1
 1298.0 1298.0  1    3.161    3.161  1   34.444   34.444  1
 1300.0 1300.0  1    3.148    3.148  1   34.445   34.445  1
 1302.0 1302.0  1    3.145    3.145  1   34.446   34.446  1
 1304.0 1304.0  1    3.142    3.142  1   34.447   34.447  1
 1306.0 1306.0  1    3.138    3.138  1   34.447   34.447  1
 1308.0 1308.0  1    3.116    3.116  1   34.448   34.448  1
 1310.0 1310.0  1    3.103    3.103  1   34.447   34.447  1
 1312.0 1312.0  1    3.099    3.099  1   34.448   34.448  1
 1314.0 1314.0  1    3.097    3.097  1   34.448   34.448  1
 1316.0 1316.0  1    3.093    3.093  1   34.448   34.448  1
 1318.0 1318.0  1    3.090    3.090  1   34.448   34.448  1
 1320.0 1320.0  1    3.086    3.086  1   34.448   34.448  1
 1322.0 1322.0  1    3.083    3.083  1   34.449   34.449  1
 1324.0 1324.0  1    3.076    3.076  1   34.449   34.449  1
 1326.0 1326.0  1    3.071    3.071  1   34.451   34.451  1
 1328.0 1328.0  1    3.076    3.076  1   34.454   34.454  1
 1330.0 1330.0  1    3.074    3.074  1   34.454   34.454  1
 1332.0 1332.0  1    3.070    3.070  1   34.455   34.455  1
 1334.0 1334.0  1    3.066    3.066  1   34.456   34.456  1
 1336.0 1336.0  1    3.050    3.050  1   34.456   34.456  1
 1338.0 1338.0  1    3.050    3.050  1   34.456   34.456  1
 1340.0 1340.0  1    3.050    3.050  1   34.457   34.457  1
 1342.0 1342.0  1    3.049    3.049  1   34.458   34.458  1
 1344.0 1344.0  1    3.048    3.048  1   34.458   34.458  1
 1346.0 1346.0  1    3.046    3.046  1   34.459   34.459  1
 1348.0 1348.0  1    3.044    3.044  1   34.460   34.460  1
 1350.0 1350.0  1    3.042    3.042  1   34.461   34.461  1
 1352.0 1352.0  1    3.041    3.041  1   34.461   34.461  1
 1354.0 1354.0  1    3.040    3.040  1   34.461   34.461  1
 1356.0 1356.0  1    3.040    3.040  1   34.461   34.461  1
 1358.0 1358.0  1    3.045    3.045  1   34.462   34.462  1
 1360.0 1360.0  1    3.047    3.047  1   34.464   34.464  1
 1362.0 1362.0  1    3.034    3.034  1   34.464   34.464  1
 1364.0 1364.0  1    3.016    3.016  1   34.464   34.464  1
 1366.0 1366.0  1    2.996    2.996  1   34.464   34.464  1
 1368.0 1368.0  1    2.991    2.991  1   34.465   34.465  1
 1370.0 1370.0  1    2.989    2.989  1   34.466   34.466  1
 1372.0 1372.0  1    2.990    2.990  1   34.468   34.468  1
 1374.0 1374.0  1    2.991    2.991  1   34.469   34.469  1
 1375.9 1375.9  1    2.995    2.995  1   34.471   34.471  1
 1378.0 1378.0  1    2.995    2.995  1   34.473   34.473  1
 1380.0 1380.0  1    2.997    2.997  1   34.474   34.474  1
 1382.0 1382.0  1    3.000    3.000  1   34.476   34.476  1
 1384.0 1384.0  1    2.996    2.996  1   34.477   34.477  1
 1385.9 1385.9  1    2.980    2.980  1   34.476   34.476  1
 1388.0 1388.0  1    2.963    2.963  1   34.476   34.476  1
 1390.0 1390.0  1    2.959    2.959  1   34.476   34.476  1
 1392.0 1392.0  1    2.957    2.957  1   34.477   34.477  1
 1394.0 1394.0  1    2.956    2.956  1   34.477   34.477  1
 1396.0 1396.0  1    2.951    2.951  1   34.478   34.478  1
 1398.0 1398.0  1    2.949    2.949  1   34.478   34.478  1
 1399.9 1399.9  1    2.943    2.943  1   34.478   34.478  1
 1402.0 1402.0  1    2.942    2.942  1   34.477   34.477  1
 1404.0 1404.0  1    2.938    2.938  1   34.477   34.477  1
 1406.0 1406.0  1    2.935    2.935  1   34.478   34.478  1
 1408.0 1408.0  1    2.934    2.934  1   34.478   34.478  1
 1410.0 1410.0  1    2.932    2.932  1   34.479   34.479  1
 1412.0 1412.0  1    2.929    2.929  1   34.480   34.480  1
 1414.0 1414.0  1    2.927    2.927  1   34.481   34.481  1
 1416.0 1416.0  1    2.926    2.926  1   34.483   34.483  1
 1418.0 1418.0  1    2.925    2.925  1   34.485   34.485  1
 1420.0 1420.0  1    2.923    2.923  1   34.487   34.487  1
 1422.1 1422.1  1    2.921    2.921  1   34.489   34.489  1
 1424.0 1424.0  1    2.921    2.921  1   34.489   34.489  1
 1426.0 1426.0  1    2.920    2.920  1   34.490   34.490  1
 1428.0 1428.0  1    2.918    2.918  1   34.491   34.491  1
 1430.0 1430.0  1    2.918    2.918  1   34.492   34.492  1
 1432.1 1432.1  1    2.917    2.917  1   34.493   34.493  1
 1434.0 1434.0  1    2.915    2.915  1   34.494   34.494  1
 1436.0 1436.0  1    2.913    2.913  1   34.495   34.495  1
 1438.0 1438.0  1    2.911    2.911  1   34.495   34.495  1
 1440.0 1440.0  1    2.909    2.909  1   34.496   34.496  1
 1442.0 1442.0  1    2.908    2.908  1   34.497   34.497  1
 1444.0 1444.0  1    2.908    2.908  1   34.498   34.498  1
 1446.0 1446.0  1    2.907    2.907  1   34.498   34.498  1
 1448.0 1448.0  1    2.906    2.906  1   34.500   34.500  1
 1450.0 1450.0  1    2.902    2.902  1   34.501   34.501  1
 1452.0 1452.0  1    2.902    2.902  1   34.502   34.502  1
 1454.0 1454.0  1    2.913    2.913  1   34.505   34.505  1
 1456.0 1456.0  1    2.922    2.922  1   34.508   34.508  1
 1458.0 1458.0  1    2.920    2.920  1   34.509   34.509  1
 1460.0 1460.0  1    2.916    2.916  1   34.510   34.510  1
 1462.0 1462.0  1    2.912    2.912  1   34.510   34.510  1
 1464.0 1464.0  1    2.898    2.898  1   34.510   34.510  1
 1465.9 1465.9  1    2.882    2.882  1   34.510   34.510  1
 1468.0 1468.0  1    2.874    2.874  1   34.510   34.510  1
 1470.0 1470.0  1    2.874    2.874  1   34.510   34.510  1
 1472.0 1472.0  1    2.881    2.881  1   34.514   34.514  1
 1474.0 1474.0  1    2.867    2.867  1   34.513   34.513  1
 1476.0 1476.0  1    2.864    2.864  1   34.513   34.513  1
 1478.0 1478.0  1    2.859    2.859  1   34.513   34.513  1
 1480.0 1480.0  1    2.849    2.849  1   34.514   34.514  1
 1482.0 1482.0  1    2.845    2.845  1   34.515   34.515  1
 1484.0 1484.0  1    2.843    2.843  1   34.515   34.515  1
 1486.0 1486.0  1    2.842    2.842  1   34.516   34.516  1
 1488.0 1488.0  1    2.840    2.840  1   34.517   34.517  1
 1490.0 1490.0  1    2.839    2.839  1   34.518   34.518  1
 1492.0 1492.0  1    2.836    2.836  1   34.519   34.519  1
 1494.0 1494.0  1    2.834    2.834  1   34.520   34.520  1
 1496.0 1496.0  1    2.830    2.830  1   34.521   34.521  1
 1498.0 1498.0  1    2.826    2.826  1   34.523   34.523  1
 1500.0 1500.0  1    2.825    2.825  1   34.523   34.523  1
 1502.0 1502.0  1    2.822    2.822  1   34.524   34.524  1
 1504.0 1504.0  1    2.821    2.821  1   34.525   34.525  1
 1506.0 1506.0  1    2.819    2.819  1   34.526   34.526  1
 1508.0 1508.0  1    2.817    2.817  1   34.526   34.526  1
 1510.0 1510.0  1    2.816    2.816  1   34.527   34.527  1
 1512.0 1512.0  1    2.815    2.815  1   34.528   34.528  1
 1514.0 1514.0  1    2.813    2.813  1   34.529   34.529  1
 1516.0 1516.0  1    2.811    2.811  1   34.529   34.529  1
 1518.0 1518.0  1    2.808    2.808  1   34.530   34.530  1
 1520.0 1520.0  1    2.802    2.802  1   34.532   34.532  1
 1522.0 1522.0  1    2.799    2.799  1   34.532   34.532  1
 1524.0 1524.0  1    2.797    2.797  1   34.533   34.533  1
 1525.9 1525.9  1    2.796    2.796  1   34.533   34.533  1
 1527.9 1527.9  1    2.795    2.795  1   34.534   34.534  1
 1530.0 1530.0  1    2.795    2.795  1   34.534   34.534  1
 1532.0 1532.0  1    2.792    2.792  1   34.535   34.535  1
 1534.0 1534.0  1    2.790    2.790  1   34.536   34.536  1
 1536.0 1536.0  1    2.788    2.788  1   34.537   34.537  1
 1538.0 1538.0  1    2.785    2.785  1   34.537   34.537  1
 1540.0 1540.0  1    2.781    2.781  1   34.538   34.538  1
 1541.9 1541.9  1    2.779    2.779  1   34.539   34.539  1
 1543.9 1543.9  1    2.776    2.776  1   34.540   34.540  1
 1546.0 1546.0  1    2.773    2.773  1   34.541   34.541  1
 1548.0 1548.0  1    2.769    2.769  1   34.542   34.542  1
 1550.0 1550.0  1    2.766    2.766  1   34.543   34.543  1
 1552.0 1552.0  1    2.764    2.764  1   34.544   34.544  1
 1554.0 1554.0  1    2.760    2.760  1   34.546   34.546  1
 1556.0 1556.0  1    2.759    2.759  1   34.547   34.547  1
 1558.0 1558.0  1    2.757    2.757  1   34.548   34.548  1
 1560.0 1560.0  1    2.756    2.756  1   34.549   34.549  1
 1562.0 1562.0  1    2.754    2.754  1   34.551   34.551  1
 1563.9 1563.9  1    2.752    2.752  1   34.552   34.552  1
 1566.0 1566.0  1    2.751    2.751  1   34.553   34.553  1
 1568.0 1568.0  1    2.750    2.750  1   34.553   34.553  1
 1570.0 1570.0  1    2.750    2.750  1   34.553   34.553  1
 1572.0 1572.0  1    2.748    2.748  1   34.554   34.554  1
 1574.0 1574.0  1    2.746    2.746  1   34.554   34.554  1
 1576.0 1576.0  1    2.744    2.744  1   34.555   34.555  1
 1578.1 1578.1  1    2.744    2.744  1   34.555   34.555  1
 1580.0 1580.0  1    2.741    2.741  1   34.556   34.556  1
 1581.9 1581.9  1    2.740    2.740  1   34.557   34.557  1
 1584.0 1584.0  1    2.737    2.737  1   34.558   34.558  1
 1586.0 1586.0  1    2.736    2.736  1   34.559   34.559  1
 1588.0 1588.0  1    2.732    2.732  1   34.561   34.561  1
 1590.0 1590.0  1    2.730    2.730  1   34.562   34.562  1
 1592.0 1592.0  1    2.728    2.728  1   34.563   34.563  1
 1594.0 1594.0  1    2.726    2.726  1   34.564   34.564  1
 1596.0 1596.0  1    2.725    2.725  1   34.564   34.564  1
 1598.0 1598.0  1    2.724    2.724  1   34.565   34.565  1
 1600.0 1600.0  1    2.721    2.721  1   34.566   34.566  1
 1602.0 1602.0  1    2.719    2.719  1   34.567   34.567  1
 1604.0 1604.0  1    2.717    2.717  1   34.568   34.568  1
 1606.0 1606.0  1    2.717    2.717  1   34.568   34.568  1
 1608.0 1608.0  1    2.716    2.716  1   34.568   34.568  1
 1610.0 1610.0  1    2.714    2.714  1   34.569   34.569  1
 1612.0 1612.0  1    2.711    2.711  1   34.571   34.571  1
 1614.0 1614.0  1    2.711    2.711  1   34.571   34.571  1
 1616.0 1616.0  1    2.711    2.711  1   34.571   34.571  1
 1618.0 1618.0  1    2.709    2.709  1   34.572   34.572  1
 1620.0 1620.0  1    2.708    2.708  1   34.572   34.572  1
 1622.0 1622.0  1    2.706    2.706  1   34.573   34.573  1
 1624.1 1624.1  1    2.703    2.703  1   34.574   34.574  1
 1626.0 1626.0  1    2.702    2.702  1   34.574   34.574  1
 1628.0 1628.0  1    2.701    2.701  1   34.575   34.575  1
 1630.0 1630.0  1    2.699    2.699  1   34.575   34.575  1
 1632.0 1632.0  1    2.698    2.698  1   34.576   34.576  1
 1634.0 1634.0  1    2.694    2.694  1   34.577   34.577  1
 1636.0 1636.0  1    2.694    2.694  1   34.578   34.578  1
 1638.0 1638.0  1    2.693    2.693  1   34.578   34.578  1
 1640.0 1640.0  1    2.690    2.690  1   34.579   34.579  1
 1642.0 1642.0  1    2.688    2.688  1   34.579   34.579  1
 1644.0 1644.0  1    2.688    2.688  1   34.580   34.580  1
 1646.0 1646.0  1    2.688    2.688  1   34.580   34.580  1
 1648.0 1648.0  1    2.686    2.686  1   34.580   34.580  1
 1650.0 1650.0  1    2.685    2.685  1   34.581   34.581  1
 1652.0 1652.0  1    2.684    2.684  1   34.581   34.581  1
 1654.0 1654.0  1    2.680    2.680  1   34.582   34.582  1
 1656.0 1656.0  1    2.680    2.680  1   34.583   34.583  1
 1658.1 1658.1  1    2.680    2.680  1   34.583   34.583  1
 1660.0 1660.0  1    2.679    2.679  1   34.583   34.583  1
 1662.0 1662.0  1    2.677    2.677  1   34.584   34.584  1
 1664.0 1664.0  1    2.674    2.674  1   34.584   34.584  1
 1666.0 1666.0  1    2.671    2.671  1   34.586   34.586  1
 1668.0 1668.0  1    2.669    2.669  1   34.586   34.586  1
 1670.0 1670.0  1    2.664    2.664  1   34.587   34.587  1
 1672.0 1672.0  1    2.662    2.662  1   34.588   34.588  1
 1674.0 1674.0  1    2.657    2.657  1   34.590   34.590  1
 1676.0 1676.0  1    2.654    2.654  1   34.590   34.590  1
 1678.0 1678.0  1    2.652    2.652  1   34.591   34.591  1
 1680.0 1680.0  1    2.649    2.649  1   34.592   34.592  1
 1682.0 1682.0  1    2.647    2.647  1   34.593   34.593  1
 1684.0 1684.0  1    2.646    2.646  1   34.593   34.593  1
 1686.0 1686.0  1    2.645    2.645  1   34.593   34.593  1
 1688.0 1688.0  1    2.645    2.645  1   34.594   34.594  1
 1690.0 1690.0  1    2.645    2.645  1   34.594   34.594  1
 1692.0 1692.0  1    2.645    2.645  1   34.595   34.595  1
 1694.0 1694.0  1    2.644    2.644  1   34.596   34.596  1
 1696.0 1696.0  1    2.643    2.643  1   34.596   34.596  1
 1698.0 1698.0  1    2.641    2.641  1   34.597   34.597  1
 1700.0 1700.0  1    2.637    2.637  1   34.599   34.599  1
 1701.9 1701.9  1    2.634    2.634  1   34.600   34.600  1
 1703.9 1703.9  1    2.633    2.633  1   34.601   34.601  1
 1705.9 1705.9  1    2.632    2.632  1   34.601   34.601  1
 1708.0 1708.0  1    2.630    2.630  1   34.602   34.602  1
 1710.0 1710.0  1    2.627    2.627  1   34.603   34.603  1
 1712.0 1712.0  1    2.626    2.626  1   34.603   34.603  1
 1714.0 1714.0  1    2.626    2.626  1   34.603   34.603  1
 1716.0 1716.0  1    2.623    2.623  1   34.604   34.604  1
 1718.0 1718.0  1    2.619    2.619  1   34.605   34.605  1
 1720.0 1720.0  1    2.614    2.614  1   34.606   34.606  1
 1721.9 1721.9  1    2.613    2.613  1   34.607   34.607  1
 1724.0 1724.0  1    2.613    2.613  1   34.607   34.607  1
 1726.0 1726.0  1    2.612    2.612  1   34.607   34.607  1
 1728.0 1728.0  1    2.612    2.612  1   34.607   34.607  1
 1730.0 1730.0  1    2.609    2.609  1   34.608   34.608  1
 1732.0 1732.0  1    2.606    2.606  1   34.609   34.609  1
 1734.0 1734.0  1    2.603    2.603  1   34.610   34.610  1
 1736.0 1736.0  1    2.601    2.601  1   34.610   34.610  1
 1738.0 1738.0  1    2.597    2.597  1   34.611   34.611  1
 1740.0 1740.0  1    2.587    2.587  1   34.612   34.612  1
 1742.0 1742.0  1    2.585    2.585  1   34.612   34.612  1
 1744.0 1744.0  1    2.575    2.575  1   34.613   34.613  1
 1746.0 1746.0  1    2.566    2.566  1   34.614   34.614  1
 1748.0 1748.0  1    2.564    2.564  1   34.614   34.614  1
 1750.0 1750.0  1    2.561    2.561  1   34.616   34.616  1
 1752.0 1752.0  1    2.559    2.559  1   34.617   34.617  1
 1754.0 1754.0  1    2.559    2.559  1   34.617   34.617  1
 1756.0 1756.0  1    2.559    2.559  1   34.618   34.618  1
 1758.0 1758.0  1    2.559    2.559  1   34.619   34.619  1
 1760.0 1760.0  1    2.560    2.560  1   34.621   34.621  1
 1762.0 1762.0  1    2.560    2.560  1   34.622   34.622  1
 1764.0 1764.0  1    2.560    2.560  1   34.623   34.623  1
 1766.0 1766.0  1    2.560    2.560  1   34.623   34.623  1
 1768.0 1768.0  1    2.560    2.560  1   34.623   34.623  1
 1770.0 1770.0  1    2.561    2.561  1   34.624   34.624  1
 1772.0 1772.0  1    2.561    2.561  1   34.624   34.624  1
 1774.0 1774.0  1    2.561    2.561  1   34.624   34.624  1
 1776.0 1776.0  1    2.561    2.561  1   34.625   34.625  1
 1778.0 1778.0  1    2.561    2.561  1   34.626   34.626  1
 1780.1 1780.1  1    2.559    2.559  1   34.629   34.629  1
 1782.0 1782.0  1    2.558    2.558  1   34.630   34.630  1
 1784.0 1784.0  1    2.558    2.558  1   34.630   34.630  1
 1786.0 1786.0  1    2.558    2.558  1   34.630   34.630  1
 1788.0 1788.0  1    2.558    2.558  1   34.631   34.631  1
 1790.0 1790.0  1    2.558    2.558  1   34.632   34.632  1
 1792.0 1792.0  1    2.558    2.558  1   34.632   34.632  1
 1794.0 1794.0  1    2.557    2.557  1   34.633   34.633  1
 1796.0 1796.0  1    2.556    2.556  1   34.633   34.633  1
 1798.1 1798.1  1    2.555    2.555  1   34.634   34.634  1
 1800.0 1800.0  1    2.554    2.554  1   34.635   34.635  1
 1802.0 1802.0  1    2.552    2.552  1   34.636   34.636  1
 1804.0 1804.0  1    2.546    2.546  1   34.639   34.639  1
 1806.0 1806.0  1    2.545    2.545  1   34.640   34.640  1
 1808.0 1808.0  1    2.545    2.545  1   34.640   34.640  1
 1810.1 1810.1  1    2.545    2.545  1   34.640   34.640  1
 1812.0 1812.0  1    2.544    2.544  1   34.641   34.641  1
 1814.0 1814.0  1    2.543    2.543  1   34.641   34.641  1
 1816.0 1816.0  1    2.541    2.541  1   34.642   34.642  1
 1818.0 1818.0  1    2.541    2.541  1   34.643   34.643  1
 1820.0 1820.0  1    2.539    2.539  1   34.644   34.644  1
 1822.0 1822.0  1    2.537    2.537  1   34.645   34.645  1
 1824.0 1824.0  1    2.535    2.535  1   34.646   34.646  1
 1826.0 1826.0  1    2.535    2.535  1   34.646   34.646  1
 1828.0 1828.0  1    2.534    2.534  1   34.646   34.646  1
 1830.0 1830.0  1    2.531    2.531  1   34.647   34.647  1
 1832.0 1832.0  1    2.527    2.527  1   34.648   34.648  1
 1833.9 1833.9  1    2.525    2.525  1   34.649   34.649  1
 1836.0 1836.0  1    2.523    2.523  1   34.650   34.650  1
 1838.0 1838.0  1    2.522    2.522  1   34.650   34.650  1
 1840.0 1840.0  1    2.522    2.522  1   34.650   34.650  1
 1842.0 1842.0  1    2.524    2.524  1   34.652   34.652  1
 1844.0 1844.0  1    2.529    2.529  1   34.654   34.654  1
 1846.1 1846.1  1    2.531    2.531  1   34.656   34.656  1
 1848.0 1848.0  1    2.533    2.533  1   34.656   34.656  1
 1850.0 1850.0  1    2.533    2.533  1   34.656   34.656  1
 1852.0 1852.0  1    2.532    2.532  1   34.657   34.657  1
 1854.0 1854.0  1    2.531    2.531  1   34.657   34.657  1
 1856.0 1856.0  1    2.529    2.529  1   34.658   34.658  1
 1858.0 1858.0  1    2.526    2.526  1   34.659   34.659  1
 1860.0 1860.0  1    2.525    2.525  1   34.659   34.659  1
 1862.0 1862.0  1    2.525    2.525  1   34.659   34.659  1
 1864.0 1864.0  1    2.524    2.524  1   34.660   34.660  1
 1866.0 1866.0  1    2.523    2.523  1   34.660   34.660  1
 1868.0 1868.0  1    2.522    2.522  1   34.660   34.660  1
 1870.0 1870.0  1    2.520    2.520  1   34.661   34.661  1
 1872.0 1872.0  1    2.519    2.519  1   34.661   34.661  1
 1874.0 1874.0  1    2.517    2.517  1   34.662   34.662  1
 1876.0 1876.0  1    2.516    2.516  1   34.662   34.662  1
 1878.0 1878.0  1    2.514    2.514  1   34.663   34.663  1
 1880.0 1880.0  1    2.513    2.513  1   34.663   34.663  1
 1882.0 1882.0  1    2.511    2.511  1   34.664   34.664  1
 1884.0 1884.0  1    2.507    2.507  1   34.665   34.665  1
 1886.0 1886.0  1    2.505    2.505  1   34.665   34.665  1
 1888.0 1888.0  1    2.503    2.503  1   34.666   34.666  1
 1890.0 1890.0  1    2.503    2.503  1   34.666   34.666  1
 1892.0 1892.0  1    2.502    2.502  1   34.667   34.667  1
 1894.0 1894.0  1    2.501    2.501  1   34.667   34.667  1
 1896.0 1896.0  1    2.500    2.500  1   34.668   34.668  1
 1898.0 1898.0  1    2.498    2.498  1   34.668   34.668  1
 1900.0 1900.0  1    2.497    2.497  1   34.669   34.669  1
 1902.0 1902.0  1    2.496    2.496  1   34.669   34.669  1
 1904.0 1904.0  1    2.494    2.494  1   34.670   34.670  1
 1906.0 1906.0  1    2.491    2.491  1   34.671   34.671  1
 1908.0 1908.0  1    2.491    2.491  1   34.672   34.672  1
 1910.0 1910.0  1    2.488    2.488  1   34.673   34.673  1
 1912.0 1912.0  1    2.486    2.486  1   34.673   34.673  1
 1914.0 1914.0  1    2.484    2.484  1   34.673   34.673  1
 1916.0 1916.0  1    2.482    2.482  1   34.674   34.674  1
 1918.0 1918.0  1    2.480    2.480  1   34.675   34.675  1
 1920.0 1920.0  1    2.480    2.480  1   34.675   34.675  1
 1922.0 1922.0  1    2.479    2.479  1   34.675   34.675  1
 1924.0 1924.0  1    2.476    2.476  1   34.676   34.676  1
 1925.9 1925.9  1    2.474    2.474  1   34.677   34.677  1
 1928.0 1928.0  1    2.472    2.472  1   34.677   34.677  1
 1930.0 1930.0  1    2.472    2.472  1   34.678   34.678  1
 1932.0 1932.0  1    2.470    2.470  1   34.678   34.678  1
 1934.0 1934.0  1    2.468    2.468  1   34.679   34.679  1
 1936.0 1936.0  1    2.466    2.466  1   34.679   34.679  1
 1938.0 1938.0  1    2.464    2.464  1   34.680   34.680  1
 1940.0 1940.0  1    2.463    2.463  1   34.680   34.680  1
 1942.0 1942.0  1    2.463    2.463  1   34.680   34.680  1
 1944.0 1944.0  1    2.462    2.462  1   34.681   34.681  1
 1946.0 1946.0  1    2.461    2.461  1   34.681   34.681  1
 1948.0 1948.0  1    2.461    2.461  1   34.681   34.681  1
 1950.0 1950.0  1    2.459    2.459  1   34.681   34.681  1
 1951.9 1951.9  1    2.458    2.458  1   34.682   34.682  1
 1954.0 1954.0  1    2.456    2.456  1   34.682   34.682  1
 1956.0 1956.0  1    2.455    2.455  1   34.682   34.682  1
 1958.0 1958.0  1    2.454    2.454  1   34.682   34.682  1
 1960.0 1960.0  1    2.453    2.453  1   34.683   34.683  1
 1962.0 1962.0  1    2.453    2.453  1   34.683   34.683  1
 1964.0 1964.0  1    2.453    2.453  1   34.683   34.683  1
 1966.0 1966.0  1    2.453    2.453  1   34.684   34.684  1
 1968.0 1968.0  1    2.452    2.452  1   34.684   34.684  1
 1970.0 1970.0  1    2.451    2.451  1   34.685   34.685  1
 1972.0 1972.0  1    2.449    2.449  1   34.686   34.686  1
 1974.0 1974.0  1    2.447    2.447  1   34.686   34.686  1
 1976.0 1976.0  1    2.446    2.446  1   34.686   34.686  1
 1978.0 1978.0  1    2.444    2.444  1   34.687   34.687  1
 1980.0 1980.0  1    2.443    2.443  1   34.687   34.687  1
 1982.1 1982.1  1    2.443    2.443  1   34.688   34.688  1
 1984.0 1984.0  1    2.443    2.443  1   34.688   34.688  1
 1986.0 1986.0  1    2.443    2.443  1   34.688   34.688  1
 1988.0 1988.0  1    2.443    2.443  1   34.688   34.688  1
 1990.0 1990.0  1    2.442    2.442  1   34.688   34.688  1
 1991.9 1991.9  1    2.442    2.442  1   34.688   34.688  1
 1993.6 1993.6  1    2.442    2.442  1   34.688   34.688  1
 1997.6 1997.6  1    2.442    2.442  1   34.687   34.687  1
