*SoftWare Version 3.0  2018/12/27

*HEADER
     PLATFORM NUMBER       :5902391
     CYCLE NUMBER          :159
     DATE CREATION         :20191228150032
     DATE UPDATE           :20191228150032
     PROJECT NAME          :US ARGO PROJECT
     PI NAME               :DEAN ROEMMICH
     INSTRUMENT TYPE       :SOLO_II
     FLOAT SERIAL NO       :8343
     FIRMWARE VERSION      :V02.00; SBE602 25Jun15
     WMO INSTRUMENT TYPE   :853
     TRANSMISSION SYSTEM   :IRIDIUM
     POSITIONING SYSTEM    :GPS
     SAMPLE DIRECTION      :A(A=Ascend; D=Descend)
     DATA MODE             :R(R=Real Time; D=Delayed Mode; A=Real Time Adjusted)
     JULIAN DAY            :25553.4754 (days since 1950-01-01 00:00:00 UTC)
     DATE                  :2019-12-18
     QC FLAG FOR DATE      :1
*LOCATION
     LATITUDE              :-35.385
     LONGITUDE             :176.190
     QC FLAG FOR LOCATION  :1
*FILE
     COLUMN 1              :Pressure (dbar)                             F7.1
     COLUMN 2              :Corrected Pressure (dbar)                   F7.1
     COLUMN 3              :Quality on Pressure                         I3
     COLUMN 4              :Temperature (degree_Celsius)                F9.3
     COLUMN 5              :Corrected Temperature (degree_Celsius)      F9.3
     COLUMN 6              :Quality on Temperature                      I3
     COLUMN 7              :Salinity (PSU)                              F9.3
     COLUMN 8              :Corrected Salinity (PSU)                    F9.3
     COLUMN 9              :Quality on Salinity                         I3
==========================================================================
    1.1    1.1  1   19.965   19.965  1   35.567   35.567  4
    2.0    2.0  1   19.964   19.964  1   35.569   35.569  4
    3.0    3.0  1   19.963   19.963  1   35.568   35.568  4
    4.0    4.0  1   19.963   19.963  1   35.567   35.567  4
    5.0    5.0  1   19.964   19.964  1   35.565   35.565  4
    6.0    6.0  1   19.966   19.966  1   35.563   35.563  4
    7.0    7.0  1   19.969   19.969  1   35.566   35.566  4
    8.0    8.0  1   19.970   19.970  1   35.567   35.567  4
    9.0    9.0  1   19.970   19.970  1   35.567   35.567  4
   10.0   10.0  1   19.970   19.970  1   35.567   35.567  4
   10.8   10.8  1   19.970   19.970  1   35.567   35.567  4
   12.0   12.0  1   19.970   19.970  1   35.567   35.567  4
   14.0   14.0  1   19.970   19.970  1   35.567   35.567  4
   16.0   16.0  1   19.971   19.971  1   35.567   35.567  4
   18.0   18.0  1   19.970   19.970  1   35.568   35.568  4
   20.0   20.0  1   19.970   19.970  1   35.568   35.568  4
   22.0   22.0  1   19.970   19.970  1   35.567   35.567  4
   24.0   24.0  1   19.970   19.970  1   35.568   35.568  4
   26.0   26.0  1   19.970   19.970  1   35.568   35.568  4
   28.0   28.0  1   19.969   19.969  1   35.570   35.570  4
   30.0   30.0  1   19.966   19.966  1   35.571   35.571  4
   32.0   32.0  1   19.961   19.961  1   35.575   35.575  4
   34.0   34.0  1   19.951   19.951  1   35.583   35.583  4
   36.0   36.0  1   19.927   19.927  1   35.582   35.582  4
   38.0   38.0  1   19.919   19.919  1   35.580   35.580  4
   40.0   40.0  1   19.898   19.898  1   35.602   35.602  4
   42.0   42.0  1   19.842   19.842  1   35.651   35.651  4
   44.0   44.0  1   19.701   19.701  1   35.719   35.719  4
   46.0   46.0  1   19.383   19.383  1   35.839   35.839  4
   48.0   48.0  1   18.977   18.977  1   35.811   35.811  4
   50.0   50.0  1   18.644   18.644  1   35.826   35.826  4
   52.0   52.0  1   18.183   18.183  1   36.034   36.034  4
   54.0   54.0  1   17.471   17.471  4   35.806   35.806  4
   56.0   56.0  1   17.247   17.247  4   35.592   35.592  4
   58.0   58.0  1   17.149   17.149  1   35.581   35.581  4
   60.0   60.0  1   17.041   17.041  1   35.581   35.581  4
   62.1   62.1  1   16.919   16.919  1   35.608   35.608  4
   64.0   64.0  1   16.664   16.664  1   35.659   35.659  4
   66.0   66.0  1   16.286   16.286  1   35.659   35.659  4
   68.0   68.0  1   15.983   15.983  1   35.535   35.535  4
   70.0   70.0  1   15.843   15.843  1   35.508   35.508  4
   72.0   72.0  1   15.731   15.731  1   35.477   35.477  4
   74.0   74.0  1   15.645   15.645  1   35.499   35.499  4
   76.0   76.0  1   15.482   15.482  1   35.509   35.509  4
   78.0   78.0  1   15.320   15.320  1   35.476   35.476  4
   80.0   80.0  1   15.209   15.209  1   35.448   35.448  4
   82.0   82.0  1   15.141   15.141  1   35.444   35.444  4
   84.0   84.0  1   15.051   15.051  1   35.445   35.445  4
   86.0   86.0  1   14.955   14.955  1   35.456   35.456  4
   88.0   88.0  1   14.816   14.816  1   35.433   35.433  4
   90.0   90.0  1   14.736   14.736  1   35.400   35.400  4
   92.0   92.0  1   14.677   14.677  1   35.401   35.401  4
   94.0   94.0  1   14.613   14.613  1   35.418   35.418  4
   96.0   96.0  1   14.497   14.497  1   35.437   35.437  4
   98.0   98.0  1   14.375   14.375  1   35.382   35.382  4
  100.0  100.0  1   14.310   14.310  1   35.374   35.374  4
  102.0  102.0  1   14.250   14.250  1   35.371   35.371  4
  104.0  104.0  1   14.175   14.175  1   35.376   35.376  4
  106.0  106.0  1   14.091   14.091  1   35.358   35.358  4
  108.0  108.0  1   14.042   14.042  1   35.342   35.342  4
  110.0  110.0  1   13.977   13.977  1   35.361   35.361  4
  112.0  112.0  1   13.896   13.896  1   35.334   35.334  4
  114.0  114.0  1   13.845   13.845  1   35.315   35.315  4
  116.0  116.0  1   13.807   13.807  1   35.321   35.321  4
  118.0  118.0  1   13.744   13.744  1   35.317   35.317  4
  120.0  120.0  1   13.708   13.708  1   35.288   35.288  4
  122.0  122.0  1   13.686   13.686  1   35.288   35.288  4
  124.0  124.0  1   13.657   13.657  1   35.300   35.300  4
  126.0  126.0  1   13.612   13.612  1   35.299   35.299  4
  128.0  128.0  1   13.560   13.560  1   35.293   35.293  4
  130.0  130.0  1   13.513   13.513  1   35.285   35.285  4
  132.0  132.0  1   13.469   13.469  1   35.272   35.272  4
  134.0  134.0  1   13.439   13.439  1   35.264   35.264  4
  136.0  136.0  1   13.409   13.409  1   35.264   35.264  4
  138.0  138.0  1   13.365   13.365  1   35.279   35.279  4
  140.0  140.0  1   13.311   13.311  1   35.244   35.244  4
  142.0  142.0  1   13.289   13.289  1   35.245   35.245  4
  144.0  144.0  1   13.259   13.259  1   35.249   35.249  4
  146.0  146.0  1   13.214   13.214  1   35.252   35.252  4
  148.0  148.0  1   13.163   13.163  1   35.236   35.236  4
  150.0  150.0  1   13.126   13.126  1   35.229   35.229  4
  152.0  152.0  1   13.098   13.098  1   35.215   35.215  4
  154.0  154.0  1   13.074   13.074  1   35.216   35.216  4
  156.0  156.0  1   13.051   13.051  1   35.206   35.206  4
  158.0  158.0  1   13.035   13.035  1   35.208   35.208  4
  160.0  160.0  1   13.010   13.010  1   35.211   35.211  4
  162.0  162.0  1   12.980   12.980  1   35.211   35.211  4
  164.0  164.0  1   12.945   12.945  1   35.205   35.205  4
  166.0  166.0  1   12.911   12.911  1   35.212   35.212  4
  168.0  168.0  1   12.853   12.853  1   35.196   35.196  4
  170.0  170.0  1   12.824   12.824  1   35.180   35.180  4
  172.0  172.0  1   12.800   12.800  1   35.177   35.177  4
  174.0  174.0  1   12.782   12.782  1   35.166   35.166  4
  176.0  176.0  1   12.772   12.772  1   35.166   35.166  4
  178.0  178.0  1   12.757   12.757  1   35.173   35.173  4
  180.0  180.0  1   12.729   12.729  1   35.179   35.179  4
  182.0  182.0  1   12.675   12.675  1   35.186   35.186  4
  184.0  184.0  1   12.621   12.621  1   35.160   35.160  4
  186.0  186.0  1   12.595   12.595  1   35.152   35.152  4
  188.0  188.0  1   12.560   12.560  1   35.158   35.158  4
  190.0  190.0  1   12.522   12.522  1   35.140   35.140  4
  192.0  192.0  1   12.504   12.504  1   35.136   35.136  4
  194.0  194.0  1   12.483   12.483  1   35.138   35.138  4
  196.0  196.0  1   12.451   12.451  1   35.145   35.145  4
  197.9  197.9  1   12.407   12.407  1   35.133   35.133  4
  200.0  200.0  1   12.374   12.374  1   35.126   35.126  4
  202.0  202.0  1   12.343   12.343  1   35.125   35.125  4
  204.0  204.0  1   12.309   12.309  1   35.114   35.114  4
  206.0  206.0  1   12.283   12.283  1   35.116   35.116  4
  208.0  208.0  1   12.244   12.244  1   35.121   35.121  4
  210.0  210.0  1   12.186   12.186  1   35.117   35.117  4
  212.0  212.0  1   12.148   12.148  1   35.088   35.088  4
  214.0  214.0  1   12.131   12.131  1   35.086   35.086  4
  216.0  216.0  1   12.107   12.107  1   35.089   35.089  4
  218.0  218.0  1   12.076   12.076  1   35.092   35.092  4
  220.0  220.0  1   12.027   12.027  1   35.094   35.094  4
  222.0  222.0  1   11.975   11.975  1   35.080   35.080  4
  224.0  224.0  1   11.937   11.937  1   35.069   35.069  4
  226.0  226.0  1   11.912   11.912  1   35.054   35.054  4
  228.0  228.0  1   11.893   11.893  1   35.056   35.056  4
  230.0  230.0  1   11.873   11.873  1   35.044   35.044  4
  232.0  232.0  1   11.868   11.868  1   35.043   35.043  4
  234.0  234.0  1   11.858   11.858  1   35.050   35.050  4
  236.0  236.0  1   11.833   11.833  1   35.058   35.058  4
  238.0  238.0  1   11.797   11.797  1   35.061   35.061  4
  240.0  240.0  1   11.750   11.750  1   35.041   35.041  4
  242.0  242.0  1   11.732   11.732  1   35.035   35.035  4
  244.0  244.0  1   11.708   11.708  1   35.045   35.045  4
  246.0  246.0  1   11.664   11.664  1   35.033   35.033  4
  248.0  248.0  1   11.644   11.644  1   35.019   35.019  4
  250.0  250.0  1   11.630   11.630  1   35.020   35.020  4
  252.0  252.0  1   11.614   11.614  1   35.016   35.016  4
  254.0  254.0  1   11.598   11.598  1   35.019   35.019  4
  256.0  256.0  1   11.574   11.574  1   35.024   35.024  4
  258.0  258.0  1   11.539   11.539  1   35.020   35.020  4
  260.0  260.0  1   11.511   11.511  1   35.009   35.009  4
  262.0  262.0  1   11.488   11.488  1   35.015   35.015  4
  264.0  264.0  1   11.447   11.447  1   35.022   35.022  4
  266.0  266.0  1   11.400   11.400  1   35.016   35.016  4
  268.0  268.0  1   11.349   11.349  1   35.000   35.000  4
  270.0  270.0  1   11.309   11.309  1   34.999   34.999  4
  272.0  272.0  1   11.273   11.273  1   34.987   34.987  4
  274.0  274.0  1   11.240   11.240  1   34.980   34.980  4
  276.0  276.0  1   11.213   11.213  1   34.980   34.980  4
  278.0  278.0  1   11.174   11.174  1   34.984   34.984  4
  280.0  280.0  1   11.127   11.127  1   34.976   34.976  4
  282.0  282.0  1   11.080   11.080  1   34.972   34.972  4
  284.0  284.0  1   11.040   11.040  1   34.959   34.959  4
  286.0  286.0  1   11.007   11.007  1   34.948   34.948  4
  288.0  288.0  1   10.980   10.980  1   34.957   34.957  4
  290.0  290.0  1   10.936   10.936  1   34.944   34.944  4
  292.0  292.0  1   10.908   10.908  1   34.936   34.936  4
  294.0  294.0  1   10.885   10.885  1   34.925   34.925  4
  296.0  296.0  1   10.872   10.872  1   34.926   34.926  4
  298.0  298.0  1   10.848   10.848  1   34.929   34.929  4
  300.0  300.0  1   10.824   10.824  1   34.921   34.921  4
  302.0  302.0  1   10.809   10.809  1   34.911   34.911  4
  304.0  304.0  1   10.803   10.803  1   34.911   34.911  4
  306.0  306.0  1   10.792   10.792  1   34.921   34.921  4
  308.0  308.0  1   10.761   10.761  1   34.921   34.921  4
  310.0  310.0  1   10.738   10.738  1   34.911   34.911  4
  312.0  312.0  1   10.717   10.717  1   34.910   34.910  4
  314.0  314.0  1   10.700   10.700  1   34.899   34.899  4
  316.0  316.0  1   10.692   10.692  1   34.898   34.898  4
  318.0  318.0  1   10.682   10.682  1   34.900   34.900  4
  320.0  320.0  1   10.666   10.666  1   34.903   34.903  4
  322.0  322.0  1   10.649   10.649  1   34.897   34.897  4
  324.0  324.0  1   10.634   10.634  1   34.904   34.904  4
  326.0  326.0  1   10.601   10.601  1   34.906   34.906  4
  328.0  328.0  1   10.575   10.575  1   34.893   34.893  4
  330.0  330.0  1   10.549   10.549  1   34.901   34.901  4
  332.0  332.0  1   10.511   10.511  1   34.909   34.909  4
  334.0  334.0  1   10.449   10.449  1   34.900   34.900  4
  336.0  336.0  1   10.407   10.407  1   34.884   34.884  4
  338.0  338.0  1   10.368   10.368  1   34.880   34.880  4
  340.0  340.0  1   10.328   10.328  1   34.864   34.864  4
  342.0  342.0  1   10.312   10.312  1   34.853   34.853  4
  344.0  344.0  1   10.292   10.292  1   34.861   34.861  4
  346.0  346.0  1   10.265   10.265  1   34.852   34.852  4
  348.0  348.0  1   10.242   10.242  1   34.852   34.852  4
  350.0  350.0  1   10.217   10.217  1   34.844   34.844  4
  352.0  352.0  1   10.202   10.202  1   34.835   34.835  4
  354.0  354.0  1   10.194   10.194  1   34.832   34.832  4
  356.0  356.0  1   10.186   10.186  1   34.831   34.831  4
  358.0  358.0  1   10.176   10.176  1   34.834   34.834  4
  360.0  360.0  1   10.166   10.166  1   34.829   34.829  4
  362.0  362.0  1   10.158   10.158  1   34.833   34.833  4
  364.0  364.0  1   10.136   10.136  1   34.843   34.843  4
  366.0  366.0  1   10.108   10.108  1   34.842   34.842  4
  368.0  368.0  1   10.071   10.071  1   34.831   34.831  4
  370.0  370.0  1   10.054   10.054  1   34.816   34.816  4
  372.0  372.0  1   10.045   10.045  1   34.818   34.818  4
  374.0  374.0  1   10.033   10.033  1   34.819   34.819  4
  376.0  376.0  1   10.015   10.015  1   34.827   34.827  4
  378.0  378.0  1    9.976    9.976  1   34.839   34.839  4
  380.0  380.0  1    9.933    9.933  1   34.824   34.824  4
  382.0  382.0  1    9.896    9.896  1   34.803   34.803  4
  384.0  384.0  1    9.886    9.886  1   34.802   34.802  4
  386.0  386.0  1    9.870    9.870  1   34.803   34.803  4
  388.0  388.0  1    9.848    9.848  1   34.811   34.811  4
  390.0  390.0  1    9.814    9.814  1   34.796   34.796  4
  392.0  392.0  1    9.804    9.804  1   34.791   34.791  4
  394.0  394.0  1    9.785    9.785  1   34.800   34.800  4
  396.0  396.0  1    9.756    9.756  1   34.789   34.789  4
  398.0  398.0  1    9.740    9.740  1   34.783   34.783  4
  400.0  400.0  1    9.731    9.731  1   34.775   34.775  4
  402.0  402.0  1    9.727    9.727  1   34.777   34.777  4
  404.0  404.0  1    9.718    9.718  1   34.780   34.780  4
  406.0  406.0  1    9.705    9.705  1   34.783   34.783  4
  408.0  408.0  1    9.684    9.684  1   34.784   34.784  4
  410.0  410.0  1    9.667    9.667  1   34.782   34.782  4
  412.0  412.0  1    9.637    9.637  1   34.789   34.789  4
  414.0  414.0  1    9.612    9.612  1   34.770   34.770  4
  416.0  416.0  1    9.595    9.595  1   34.775   34.775  4
  418.0  418.0  1    9.572    9.572  1   34.769   34.769  4
  420.0  420.0  1    9.551    9.551  1   34.777   34.777  4
  422.0  422.0  1    9.517    9.517  1   34.771   34.771  4
  424.0  424.0  1    9.488    9.488  1   34.761   34.761  4
  426.0  426.0  1    9.470    9.470  1   34.760   34.760  4
  428.0  428.0  1    9.447    9.447  1   34.752   34.752  4
  430.0  430.0  1    9.435    9.435  1   34.743   34.743  4
  432.0  432.0  1    9.429    9.429  1   34.741   34.741  4
  434.0  434.0  1    9.425    9.425  1   34.740   34.740  4
  436.0  436.0  1    9.422    9.422  1   34.740   34.740  4
  438.0  438.0  1    9.419    9.419  1   34.740   34.740  4
  440.0  440.0  1    9.414    9.414  1   34.741   34.741  4
  442.0  442.0  1    9.406    9.406  1   34.744   34.744  4
  444.0  444.0  1    9.394    9.394  1   34.749   34.749  4
  446.0  446.0  1    9.376    9.376  1   34.751   34.751  4
  448.0  448.0  1    9.348    9.348  1   34.770   34.770  4
  450.0  450.0  1    9.281    9.281  1   34.763   34.763  4
  452.0  452.0  1    9.248    9.248  1   34.727   34.727  4
  454.0  454.0  1    9.235    9.235  1   34.732   34.732  4
  456.0  456.0  1    9.212    9.212  1   34.742   34.742  4
  458.0  458.0  1    9.165    9.165  1   34.742   34.742  4
  460.0  460.0  1    9.131    9.131  1   34.722   34.722  4
  462.0  462.0  1    9.111    9.111  1   34.718   34.718  4
  464.0  464.0  1    9.091    9.091  1   34.714   34.714  4
  466.0  466.0  1    9.076    9.076  1   34.713   34.713  4
  468.0  468.0  1    9.054    9.054  1   34.718   34.718  4
  470.0  470.0  1    9.023    9.023  1   34.707   34.707  4
  472.0  472.0  1    9.009    9.009  1   34.700   34.700  4
  474.0  474.0  1    8.998    8.998  1   34.700   34.700  4
  476.0  476.0  1    8.983    8.983  1   34.700   34.700  4
  478.0  478.0  1    8.968    8.968  1   34.700   34.700  4
  480.0  480.0  1    8.950    8.950  1   34.703   34.703  4
  482.0  482.0  1    8.920    8.920  1   34.710   34.710  4
  483.9  483.9  1    8.886    8.886  1   34.701   34.701  4
  486.0  486.0  1    8.853    8.853  1   34.693   34.693  4
  488.0  488.0  1    8.834    8.834  1   34.679   34.679  4
  490.0  490.0  1    8.825    8.825  1   34.679   34.679  4
  492.0  492.0  1    8.812    8.812  1   34.679   34.679  4
  494.0  494.0  1    8.798    8.798  1   34.675   34.675  4
  496.0  496.0  1    8.788    8.788  1   34.675   34.675  4
  498.0  498.0  1    8.774    8.774  1   34.672   34.672  4
  500.0  500.0  1    8.765    8.765  1   34.673   34.673  4
  502.0  502.0  1    8.749    8.749  1   34.678   34.678  4
  504.0  504.0  1    8.721    8.721  1   34.679   34.679  4
  506.0  506.0  1    8.702    8.702  1   34.662   34.662  4
  508.0  508.0  1    8.693    8.693  1   34.667   34.667  4
  510.0  510.0  1    8.672    8.672  1   34.675   34.675  4
  512.0  512.0  1    8.645    8.645  1   34.666   34.666  4
  514.0  514.0  1    8.623    8.623  1   34.665   34.665  4
  516.0  516.0  1    8.606    8.606  1   34.655   34.655  4
  518.0  518.0  1    8.595    8.595  1   34.659   34.659  4
  520.0  520.0  1    8.575    8.575  1   34.657   34.657  4
  522.0  522.0  1    8.558    8.558  1   34.656   34.656  4
  524.0  524.0  1    8.539    8.539  1   34.654   34.654  4
  526.0  526.0  1    8.521    8.521  1   34.663   34.663  4
  528.0  528.0  1    8.486    8.486  1   34.669   34.669  4
  530.0  530.0  1    8.433    8.433  1   34.668   34.668  4
  532.0  532.0  1    8.395    8.395  1   34.648   34.648  4
  534.0  534.0  1    8.362    8.362  1   34.646   34.646  4
  536.0  536.0  1    8.340    8.340  1   34.633   34.633  4
  538.0  538.0  1    8.325    8.325  1   34.628   34.628  4
  540.0  540.0  1    8.315    8.315  1   34.625   34.625  4
  542.0  542.0  1    8.304    8.304  1   34.628   34.628  4
  544.0  544.0  1    8.288    8.288  1   34.630   34.630  4
  546.0  546.0  1    8.263    8.263  1   34.636   34.636  4
  548.0  548.0  1    8.231    8.231  1   34.633   34.633  4
  550.0  550.0  1    8.205    8.205  1   34.633   34.633  4
  552.0  552.0  1    8.170    8.170  1   34.624   34.624  4
  554.0  554.0  1    8.150    8.150  1   34.615   34.615  4
  556.0  556.0  1    8.136    8.136  1   34.610   34.610  4
  558.0  558.0  1    8.127    8.127  1   34.609   34.609  4
  560.0  560.0  1    8.119    8.119  1   34.604   34.604  4
  562.0  562.0  1    8.115    8.115  1   34.603   34.603  4
  564.0  564.0  1    8.110    8.110  1   34.608   34.608  4
  566.0  566.0  1    8.099    8.099  1   34.605   34.605  4
  568.0  568.0  1    8.092    8.092  1   34.604   34.604  4
  570.0  570.0  1    8.084    8.084  1   34.607   34.607  4
  572.0  572.0  1    8.071    8.071  1   34.612   34.612  4
  574.0  574.0  1    8.045    8.045  1   34.614   34.614  4
  576.0  576.0  1    8.021    8.021  1   34.612   34.612  4
  578.0  578.0  1    7.993    7.993  1   34.603   34.603  4
  580.0  580.0  1    7.977    7.977  1   34.603   34.603  4
  582.0  582.0  1    7.949    7.949  1   34.608   34.608  4
  584.0  584.0  1    7.922    7.922  1   34.598   34.598  4
  586.0  586.0  1    7.904    7.904  1   34.597   34.597  4
  588.0  588.0  1    7.883    7.883  1   34.597   34.597  4
  590.0  590.0  1    7.857    7.857  1   34.603   34.603  4
  592.0  592.0  1    7.822    7.822  1   34.592   34.592  4
  594.0  594.0  1    7.805    7.805  1   34.577   34.577  4
  596.0  596.0  1    7.797    7.797  1   34.578   34.578  4
  598.0  598.0  1    7.785    7.785  1   34.576   34.576  4
  600.0  600.0  1    7.778    7.778  1   34.572   34.572  4
  602.0  602.0  1    7.772    7.772  1   34.570   34.570  4
  604.0  604.0  1    7.768    7.768  1   34.570   34.570  4
  606.0  606.0  1    7.762    7.762  1   34.572   34.572  4
  608.0  608.0  1    7.756    7.756  1   34.572   34.572  4
  610.0  610.0  1    7.746    7.746  1   34.576   34.576  4
  612.0  612.0  1    7.730    7.730  1   34.576   34.576  4
  614.0  614.0  1    7.717    7.717  1   34.572   34.572  4
  616.0  616.0  1    7.705    7.705  1   34.575   34.575  4
  618.0  618.0  1    7.690    7.690  1   34.569   34.569  4
  620.0  620.0  1    7.683    7.683  1   34.567   34.567  4
  622.0  622.0  1    7.676    7.676  1   34.569   34.569  4
  624.0  624.0  1    7.666    7.666  1   34.571   34.571  4
  626.0  626.0  1    7.652    7.652  1   34.572   34.572  4
  628.0  628.0  1    7.640    7.640  1   34.565   34.565  4
  630.0  630.0  1    7.634    7.634  1   34.561   34.561  4
  632.0  632.0  1    7.630    7.630  1   34.563   34.563  4
  634.0  634.0  1    7.623    7.623  1   34.565   34.565  4
  636.0  636.0  1    7.613    7.613  1   34.568   34.568  4
  638.0  638.0  1    7.598    7.598  1   34.570   34.570  4
  640.0  640.0  1    7.584    7.584  1   34.565   34.565  4
  642.0  642.0  1    7.568    7.568  1   34.568   34.568  4
  644.0  644.0  1    7.555    7.555  1   34.558   34.558  4
  646.0  646.0  1    7.548    7.548  1   34.560   34.560  4
  648.0  648.0  1    7.534    7.534  1   34.565   34.565  4
  650.0  650.0  1    7.521    7.521  1   34.557   34.557  4
  651.9  651.9  1    7.512    7.512  1   34.560   34.560  4
  654.0  654.0  1    7.497    7.497  1   34.565   34.565  4
  656.0  656.0  1    7.477    7.477  1   34.557   34.557  4
  658.0  658.0  1    7.466    7.466  1   34.554   34.554  4
  660.0  660.0  1    7.456    7.456  1   34.553   34.553  4
  662.0  662.0  1    7.448    7.448  1   34.546   34.546  4
  664.0  664.0  1    7.446    7.446  1   34.546   34.546  4
  666.0  666.0  1    7.441    7.441  1   34.546   34.546  4
  668.0  668.0  1    7.438    7.438  1   34.545   34.545  4
  670.0  670.0  1    7.436    7.436  1   34.546   34.546  4
  672.0  672.0  1    7.432    7.432  1   34.548   34.548  4
  674.0  674.0  1    7.424    7.424  1   34.550   34.550  4
  676.0  676.0  1    7.415    7.415  1   34.554   34.554  4
  678.0  678.0  1    7.396    7.396  1   34.561   34.561  4
  680.0  680.0  1    7.377    7.377  1   34.548   34.548  4
  682.0  682.0  1    7.367    7.367  1   34.547   34.547  4
  684.0  684.0  1    7.358    7.358  1   34.549   34.549  4
  686.0  686.0  1    7.343    7.343  1   34.560   34.560  4
  688.0  688.0  1    7.307    7.307  1   34.567   34.567  4
  690.0  690.0  1    7.279    7.279  1   34.546   34.546  4
  692.0  692.0  1    7.258    7.258  1   34.546   34.546  4
  694.0  694.0  1    7.246    7.246  1   34.533   34.533  4
  696.0  696.0  1    7.242    7.242  1   34.534   34.534  4
  698.0  698.0  1    7.237    7.237  1   34.534   34.534  4
  700.0  700.0  1    7.232    7.232  1   34.535   34.535  4
  702.0  702.0  1    7.224    7.224  1   34.537   34.537  4
  704.0  704.0  1    7.212    7.212  1   34.539   34.539  4
  706.0  706.0  1    7.197    7.197  1   34.540   34.540  4
  708.0  708.0  1    7.181    7.181  1   34.535   34.535  4
  710.0  710.0  1    7.173    7.173  1   34.529   34.529  4
  712.0  712.0  1    7.169    7.169  1   34.528   34.528  4
  714.0  714.0  1    7.165    7.165  1   34.527   34.527  4
  716.0  716.0  1    7.161    7.161  1   34.529   34.529  4
  718.0  718.0  1    7.155    7.155  1   34.531   34.531  4
  720.0  720.0  1    7.146    7.146  1   34.530   34.530  4
  722.0  722.0  1    7.136    7.136  1   34.533   34.533  4
  724.0  724.0  1    7.120    7.120  1   34.538   34.538  4
  726.0  726.0  1    7.098    7.098  1   34.531   34.531  4
  728.0  728.0  1    7.084    7.084  1   34.532   34.532  4
  730.0  730.0  1    7.069    7.069  1   34.524   34.524  4
  732.0  732.0  1    7.064    7.064  1   34.522   34.522  4
  734.1  734.1  1    7.058    7.058  1   34.523   34.523  4
  736.0  736.0  1    7.052    7.052  1   34.522   34.522  4
  737.9  737.9  1    7.047    7.047  1   34.522   34.522  4
  740.0  740.0  1    7.041    7.041  1   34.525   34.525  4
  742.0  742.0  1    7.030    7.030  1   34.526   34.526  4
  744.0  744.0  1    7.018    7.018  1   34.528   34.528  4
  746.1  746.1  1    7.001    7.001  1   34.525   34.525  4
  748.1  748.1  1    6.988    6.988  1   34.522   34.522  4
  750.0  750.0  1    6.977    6.977  1   34.523   34.523  4
  752.0  752.0  1    6.962    6.962  1   34.525   34.525  4
  754.0  754.0  1    6.947    6.947  1   34.520   34.520  4
  756.0  756.0  1    6.929    6.929  1   34.529   34.529  4
  758.0  758.0  1    6.899    6.899  1   34.521   34.521  4
  760.0  760.0  1    6.882    6.882  1   34.509   34.509  4
  762.0  762.0  1    6.875    6.875  1   34.509   34.509  4
  764.0  764.0  1    6.865    6.865  1   34.515   34.515  4
  766.0  766.0  1    6.843    6.843  1   34.514   34.514  4
  768.0  768.0  1    6.832    6.832  1   34.501   34.501  4
  770.0  770.0  1    6.831    6.831  1   34.500   34.500  4
  772.0  772.0  1    6.831    6.831  1   34.500   34.500  4
  774.0  774.0  1    6.829    6.829  1   34.500   34.500  4
  776.0  776.0  1    6.827    6.827  1   34.503   34.503  4
  777.9  777.9  1    6.821    6.821  1   34.506   34.506  4
  780.0  780.0  1    6.812    6.812  1   34.507   34.507  4
  782.0  782.0  1    6.799    6.799  1   34.508   34.508  4
  784.0  784.0  1    6.786    6.786  1   34.502   34.502  4
  786.0  786.0  1    6.777    6.777  1   34.507   34.507  4
  788.0  788.0  1    6.764    6.764  1   34.503   34.503  4
  790.0  790.0  1    6.755    6.755  1   34.504   34.504  4
  792.0  792.0  1    6.743    6.743  1   34.508   34.508  4
  794.0  794.0  1    6.724    6.724  1   34.505   34.505  4
  796.0  796.0  1    6.714    6.714  1   34.501   34.501  4
  798.0  798.0  1    6.706    6.706  1   34.501   34.501  4
  800.0  800.0  1    6.695    6.695  1   34.503   34.503  4
  802.0  802.0  1    6.683    6.683  1   34.506   34.506  4
  804.0  804.0  1    6.664    6.664  1   34.515   34.515  4
  806.0  806.0  1    6.629    6.629  1   34.516   34.516  4
  808.0  808.0  1    6.600    6.600  1   34.504   34.504  4
  810.0  810.0  1    6.587    6.587  1   34.499   34.499  4
  812.0  812.0  1    6.574    6.574  1   34.499   34.499  4
  814.0  814.0  1    6.562    6.562  1   34.501   34.501  4
  816.0  816.0  1    6.547    6.547  1   34.502   34.502  4
  818.0  818.0  1    6.531    6.531  1   34.499   34.499  4
  820.0  820.0  1    6.521    6.521  1   34.497   34.497  4
  822.0  822.0  1    6.510    6.510  1   34.499   34.499  4
  824.0  824.0  1    6.499    6.499  1   34.495   34.495  4
  826.0  826.0  1    6.490    6.490  1   34.500   34.500  4
  828.0  828.0  1    6.473    6.473  1   34.501   34.501  4
  830.0  830.0  1    6.459    6.459  1   34.495   34.495  4
  832.0  832.0  1    6.450    6.450  1   34.493   34.493  4
  834.0  834.0  1    6.441    6.441  1   34.496   34.496  4
  836.0  836.0  1    6.426    6.426  1   34.502   34.502  4
  838.0  838.0  1    6.409    6.409  1   34.495   34.495  4
  840.0  840.0  1    6.403    6.403  1   34.490   34.490  4
  842.0  842.0  1    6.401    6.401  1   34.490   34.490  4
  844.0  844.0  1    6.400    6.400  1   34.492   34.492  4
  846.0  846.0  1    6.395    6.395  1   34.496   34.496  4
  848.0  848.0  1    6.383    6.383  1   34.503   34.503  4
  850.0  850.0  1    6.364    6.364  1   34.503   34.503  4
  852.0  852.0  1    6.343    6.343  1   34.498   34.498  4
  854.0  854.0  1    6.334    6.334  1   34.494   34.494  4
  856.0  856.0  1    6.324    6.324  1   34.503   34.503  4
  858.0  858.0  1    6.302    6.302  1   34.501   34.501  4
  860.0  860.0  1    6.287    6.287  1   34.494   34.494  4
  862.0  862.0  1    6.280    6.280  1   34.492   34.492  4
  864.0  864.0  1    6.274    6.274  1   34.491   34.491  4
  866.0  866.0  1    6.269    6.269  1   34.489   34.489  4
  868.0  868.0  1    6.267    6.267  1   34.488   34.488  4
  870.0  870.0  1    6.265    6.265  1   34.488   34.488  4
  872.0  872.0  1    6.263    6.263  1   34.489   34.489  4
  874.0  874.0  1    6.259    6.259  1   34.492   34.492  4
  876.0  876.0  1    6.252    6.252  1   34.497   34.497  4
  878.0  878.0  1    6.234    6.234  1   34.506   34.506  4
  880.0  880.0  1    6.212    6.212  1   34.492   34.492  4
  882.0  882.0  1    6.206    6.206  1   34.488   34.488  4
  884.0  884.0  1    6.202    6.202  1   34.489   34.489  4
  886.0  886.0  1    6.195    6.195  1   34.491   34.491  4
  888.0  888.0  1    6.187    6.187  1   34.488   34.488  4
  890.0  890.0  1    6.183    6.183  1   34.487   34.487  4
  892.0  892.0  1    6.181    6.181  1   34.487   34.487  4
  894.0  894.0  1    6.177    6.177  1   34.489   34.489  4
  896.0  896.0  1    6.170    6.170  1   34.491   34.491  4
  898.0  898.0  1    6.161    6.161  1   34.496   34.496  4
  900.0  900.0  1    6.141    6.141  1   34.502   34.502  4
  902.0  902.0  1    6.123    6.123  1   34.491   34.491  4
  904.0  904.0  1    6.112    6.112  1   34.492   34.492  4
  906.0  906.0  1    6.102    6.102  1   34.491   34.491  4
  908.0  908.0  1    6.090    6.090  1   34.496   34.496  4
  910.0  910.0  1    6.071    6.071  1   34.495   34.495  4
  912.0  912.0  1    6.062    6.062  1   34.490   34.490  4
  914.0  914.0  1    6.051    6.051  1   34.498   34.498  4
  916.0  916.0  1    6.029    6.029  1   34.495   34.495  4
  918.0  918.0  1    6.018    6.018  1   34.487   34.487  4
  920.0  920.0  1    6.012    6.012  1   34.491   34.491  4
  922.0  922.0  1    6.001    6.001  1   34.492   34.492  4
  924.0  924.0  1    5.988    5.988  1   34.497   34.497  4
  926.0  926.0  1    5.966    5.966  1   34.497   34.497  4
  928.0  928.0  1    5.954    5.954  1   34.489   34.489  4
  930.0  930.0  1    5.943    5.943  1   34.496   34.496  4
  932.0  932.0  1    5.924    5.924  1   34.496   34.496  4
  934.0  934.0  1    5.910    5.910  1   34.491   34.491  4
  936.0  936.0  1    5.898    5.898  1   34.492   34.492  4
  938.1  938.1  1    5.889    5.889  1   34.491   34.491  4
  940.0  940.0  1    5.880    5.880  1   34.496   34.496  4
  942.0  942.0  1    5.862    5.862  1   34.503   34.503  4
  944.0  944.0  1    5.836    5.836  1   34.496   34.496  4
  946.0  946.0  1    5.826    5.826  1   34.489   34.489  4
  948.0  948.0  1    5.817    5.817  1   34.488   34.488  4
  950.0  950.0  1    5.808    5.808  1   34.486   34.486  4
  952.0  952.0  1    5.801    5.801  1   34.489   34.489  4
  954.0  954.0  1    5.789    5.789  1   34.485   34.485  4
  956.0  956.0  1    5.781    5.781  1   34.483   34.483  4
  958.1  958.1  1    5.778    5.778  1   34.479   34.479  4
  960.0  960.0  1    5.778    5.778  1   34.478   34.478  4
  962.0  962.0  1    5.779    5.779  1   34.478   34.478  4
  964.0  964.0  1    5.782    5.782  1   34.479   34.479  4
  966.0  966.0  1    5.784    5.784  1   34.481   34.481  4
  968.0  968.0  1    5.787    5.787  1   34.482   34.482  4
  970.0  970.0  1    5.788    5.788  1   34.486   34.486  4
  972.0  972.0  1    5.787    5.787  1   34.489   34.489  4
  974.0  974.0  1    5.782    5.782  1   34.500   34.500  4
  976.0  976.0  1    5.765    5.765  1   34.518   34.518  4
  978.0  978.0  1    5.723    5.723  1   34.513   34.513  4
  980.0  980.0  1    5.706    5.706  1   34.499   34.499  4
  982.0  982.0  1    5.693    5.693  1   34.496   34.496  4
  984.0  984.0  1    5.686    5.686  1   34.490   34.490  4
  986.0  986.0  1    5.683    5.683  1   34.492   34.492  4
  988.0  988.0  1    5.676    5.676  1   34.493   34.493  4
  990.0  990.0  1    5.669    5.669  1   34.494   34.494  4
  992.0  992.0  1    5.661    5.661  1   34.495   34.495  4
  994.0  994.0  1    5.650    5.650  1   34.502   34.502  4
  996.0  996.0  1    5.627    5.627  1   34.509   34.509  4
  998.0  998.0  1    5.608    5.608  1   34.491   34.491  4
 1000.0 1000.0  1    5.600    5.600  1   34.494   34.494  4
 1002.0 1002.0  1    5.585    5.585  1   34.504   34.504  4
 1004.0 1004.0  1    5.562    5.562  1   34.508   34.508  4
 1006.0 1006.0  1    5.530    5.530  1   34.509   34.509  4
 1008.0 1008.0  1    5.506    5.506  1   34.507   34.507  4
 1010.0 1010.0  1    5.474    5.474  1   34.514   34.514  4
 1012.0 1012.0  1    5.448    5.448  1   34.501   34.501  4
 1014.0 1014.0  1    5.434    5.434  1   34.500   34.500  4
 1016.0 1016.0  1    5.418    5.418  1   34.508   34.508  4
 1018.0 1018.0  1    5.395    5.395  1   34.500   34.500  4
 1020.0 1020.0  1    5.384    5.384  1   34.499   34.499  4
 1022.0 1022.0  1    5.372    5.372  1   34.493   34.493  4
 1024.0 1024.0  1    5.369    5.369  1   34.484   34.484  4
 1026.0 1026.0  1    5.372    5.372  1   34.486   34.486  4
 1028.1 1028.1  1    5.374    5.374  1   34.488   34.488  4
 1030.0 1030.0  1    5.374    5.374  1   34.490   34.490  4
 1031.9 1031.9  1    5.373    5.373  1   34.491   34.491  4
 1034.0 1034.0  1    5.370    5.370  1   34.493   34.493  4
 1036.0 1036.0  1    5.365    5.365  1   34.498   34.498  4
 1038.0 1038.0  1    5.354    5.354  1   34.502   34.502  4
 1040.0 1040.0  1    5.341    5.341  1   34.499   34.499  4
 1042.0 1042.0  1    5.332    5.332  1   34.497   34.497  4
 1044.0 1044.0  1    5.326    5.326  1   34.495   34.495  4
 1046.0 1046.0  1    5.321    5.321  1   34.498   34.498  4
 1048.0 1048.0  1    5.309    5.309  1   34.501   34.501  4
 1050.0 1050.0  1    5.298    5.298  1   34.496   34.496  4
 1052.0 1052.0  1    5.295    5.295  1   34.494   34.494  4
 1054.0 1054.0  1    5.291    5.291  1   34.497   34.497  4
 1056.0 1056.0  1    5.285    5.285  1   34.497   34.497  4
 1058.0 1058.0  1    5.275    5.275  1   34.502   34.502  4
 1060.0 1060.0  1    5.263    5.263  1   34.498   34.498  4
 1062.0 1062.0  1    5.257    5.257  1   34.500   34.500  4
 1064.0 1064.0  1    5.248    5.248  1   34.498   34.498  4
 1066.0 1066.0  1    5.242    5.242  1   34.496   34.496  4
 1068.0 1068.0  1    5.239    5.239  1   34.496   34.496  4
 1070.0 1070.0  1    5.235    5.235  1   34.497   34.497  4
 1072.0 1072.0  1    5.230    5.230  1   34.497   34.497  4
 1074.0 1074.0  1    5.226    5.226  1   34.499   34.499  4
 1076.0 1076.0  1    5.218    5.218  1   34.500   34.500  4
 1078.0 1078.0  1    5.212    5.212  1   34.501   34.501  4
 1080.0 1080.0  1    5.202    5.202  1   34.504   34.504  4
 1082.0 1082.0  1    5.190    5.190  1   34.500   34.500  4
 1084.0 1084.0  1    5.188    5.188  1   34.498   34.498  4
 1086.0 1086.0  1    5.187    5.187  1   34.499   34.499  4
 1088.0 1088.0  1    5.184    5.184  1   34.500   34.500  4
 1090.0 1090.0  1    5.181    5.181  1   34.500   34.500  4
 1092.0 1092.0  1    5.177    5.177  1   34.500   34.500  4
 1094.0 1094.0  1    5.173    5.173  1   34.500   34.500  4
 1096.0 1096.0  1    5.168    5.168  1   34.503   34.503  4
 1098.0 1098.0  1    5.157    5.157  1   34.506   34.506  4
 1100.0 1100.0  1    5.150    5.150  1   34.502   34.502  4
 1102.0 1102.0  1    5.145    5.145  1   34.503   34.503  4
 1104.0 1104.0  1    5.140    5.140  1   34.504   34.504  4
 1106.0 1106.0  1    5.131    5.131  1   34.508   34.508  4
 1108.0 1108.0  1    5.117    5.117  1   34.515   34.515  4
 1110.0 1110.0  1    5.091    5.091  1   34.514   34.514  4
 1112.0 1112.0  1    5.073    5.073  1   34.505   34.505  4
 1114.0 1114.0  1    5.066    5.066  1   34.500   34.500  4
 1116.0 1116.0  1    5.062    5.062  1   34.500   34.500  4
 1118.0 1118.0  1    5.058    5.058  1   34.500   34.500  4
 1120.0 1120.0  1    5.052    5.052  1   34.502   34.502  4
 1122.0 1122.0  1    5.044    5.044  1   34.500   34.500  4
 1124.0 1124.0  1    5.039    5.039  1   34.499   34.499  4
 1126.0 1126.0  1    5.034    5.034  1   34.496   34.496  4
 1128.0 1128.0  1    5.032    5.032  1   34.496   34.496  4
 1130.0 1130.0  1    5.030    5.030  1   34.497   34.497  4
 1132.0 1132.0  1    5.025    5.025  1   34.497   34.497  4
 1134.0 1134.0  1    5.022    5.022  1   34.496   34.496  4
 1136.0 1136.0  1    5.020    5.020  1   34.496   34.496  4
 1138.0 1138.0  1    5.017    5.017  1   34.497   34.497  4
 1140.0 1140.0  1    5.014    5.014  1   34.498   34.498  4
 1142.0 1142.0  1    5.008    5.008  1   34.500   34.500  4
 1144.0 1144.0  1    4.998    4.998  1   34.506   34.506  4
 1146.0 1146.0  1    4.980    4.980  1   34.505   34.505  4
 1148.0 1148.0  1    4.961    4.961  1   34.505   34.505  4
 1150.0 1150.0  1    4.946    4.946  1   34.500   34.500  4
 1152.0 1152.0  1    4.934    4.934  1   34.500   34.500  4
 1154.0 1154.0  1    4.925    4.925  1   34.501   34.501  4
 1156.0 1156.0  1    4.914    4.914  1   34.502   34.502  4
 1158.0 1158.0  1    4.902    4.902  1   34.504   34.504  4
 1160.0 1160.0  1    4.885    4.885  1   34.506   34.506  4
 1162.0 1162.0  1    4.871    4.871  1   34.502   34.502  4
 1164.0 1164.0  1    4.863    4.863  1   34.499   34.499  4
 1166.0 1166.0  1    4.858    4.858  1   34.499   34.499  4
 1168.0 1168.0  1    4.851    4.851  1   34.503   34.503  4
 1170.0 1170.0  1    4.839    4.839  1   34.503   34.503  4
 1172.0 1172.0  1    4.831    4.831  1   34.502   34.502  4
 1174.0 1174.0  1    4.821    4.821  1   34.501   34.501  4
 1176.0 1176.0  1    4.816    4.816  1   34.497   34.497  4
 1178.0 1178.0  1    4.816    4.816  1   34.498   34.498  4
 1180.0 1180.0  1    4.814    4.814  1   34.498   34.498  4
 1182.0 1182.0  1    4.812    4.812  1   34.501   34.501  4
 1184.0 1184.0  1    4.805    4.805  1   34.506   34.506  4
 1186.0 1186.0  1    4.793    4.793  1   34.508   34.508  4
 1188.0 1188.0  1    4.780    4.780  1   34.512   34.512  4
 1190.0 1190.0  1    4.764    4.764  1   34.513   34.513  4
 1192.0 1192.0  1    4.749    4.749  1   34.513   34.513  4
 1194.0 1194.0  1    4.736    4.736  1   34.513   34.513  4
 1196.0 1196.0  1    4.721    4.721  1   34.516   34.516  4
 1198.0 1198.0  1    4.699    4.699  1   34.522   34.522  4
 1200.0 1200.0  1    4.674    4.674  1   34.516   34.516  4
 1202.0 1202.0  1    4.665    4.665  1   34.511   34.511  4
 1204.0 1204.0  1    4.663    4.663  1   34.511   34.511  4
 1206.0 1206.0  1    4.660    4.660  1   34.516   34.516  4
 1208.0 1208.0  1    4.653    4.653  1   34.516   34.516  4
 1210.0 1210.0  1    4.644    4.644  1   34.519   34.519  4
 1212.0 1212.0  1    4.635    4.635  1   34.520   34.520  4
 1214.0 1214.0  1    4.623    4.623  1   34.520   34.520  4
 1216.0 1216.0  1    4.616    4.616  1   34.518   34.518  4
 1218.0 1218.0  1    4.607    4.607  1   34.521   34.521  4
 1220.0 1220.0  1    4.598    4.598  1   34.518   34.518  4
 1222.0 1222.0  1    4.594    4.594  1   34.518   34.518  4
 1224.0 1224.0  1    4.589    4.589  1   34.520   34.520  4
 1226.0 1226.0  1    4.581    4.581  1   34.522   34.522  4
 1228.0 1228.0  1    4.572    4.572  1   34.520   34.520  4
 1230.0 1230.0  1    4.566    4.566  1   34.523   34.523  4
 1232.0 1232.0  1    4.555    4.555  1   34.527   34.527  4
 1234.0 1234.0  1    4.541    4.541  1   34.527   34.527  4
 1236.0 1236.0  1    4.529    4.529  1   34.524   34.524  4
 1238.0 1238.0  1    4.524    4.524  1   34.521   34.521  4
 1240.0 1240.0  1    4.520    4.520  1   34.522   34.522  4
 1242.0 1242.0  1    4.515    4.515  1   34.524   34.524  4
 1244.0 1244.0  1    4.508    4.508  1   34.523   34.523  4
 1246.0 1246.0  1    4.503    4.503  1   34.523   34.523  4
 1248.0 1248.0  1    4.499    4.499  1   34.523   34.523  4
 1250.0 1250.0  1    4.495    4.495  1   34.522   34.522  4
 1252.0 1252.0  1    4.492    4.492  1   34.523   34.523  4
 1254.0 1254.0  1    4.489    4.489  1   34.522   34.522  4
 1256.0 1256.0  1    4.486    4.486  1   34.522   34.522  4
 1258.0 1258.0  1    4.483    4.483  1   34.524   34.524  4
 1260.0 1260.0  1    4.477    4.477  1   34.525   34.525  4
 1262.0 1262.0  1    4.472    4.472  1   34.526   34.526  4
 1264.0 1264.0  1    4.464    4.464  1   34.529   34.529  4
 1266.0 1266.0  1    4.455    4.455  1   34.528   34.528  4
 1268.0 1268.0  1    4.447    4.447  1   34.531   34.531  4
 1270.0 1270.0  1    4.436    4.436  1   34.529   34.529  4
 1272.0 1272.0  1    4.429    4.429  1   34.531   34.531  4
 1274.0 1274.0  1    4.418    4.418  1   34.532   34.532  4
 1276.0 1276.0  1    4.407    4.407  1   34.533   34.533  4
 1278.0 1278.0  1    4.394    4.394  1   34.530   34.530  4
 1280.0 1280.0  1    4.388    4.388  1   34.529   34.529  4
 1282.0 1282.0  1    4.382    4.382  1   34.531   34.531  4
 1284.0 1284.0  1    4.374    4.374  1   34.530   34.530  4
 1286.0 1286.0  1    4.370    4.370  1   34.530   34.530  4
 1288.0 1288.0  1    4.365    4.365  1   34.533   34.533  4
 1290.0 1290.0  1    4.357    4.357  1   34.533   34.533  4
 1292.0 1292.0  1    4.353    4.353  1   34.532   34.532  4
 1294.0 1294.0  1    4.347    4.347  1   34.536   34.536  4
 1296.0 1296.0  1    4.333    4.333  1   34.545   34.545  4
 1298.0 1298.0  1    4.316    4.316  1   34.538   34.538  4
 1300.0 1300.0  1    4.309    4.309  1   34.538   34.538  4
 1302.0 1302.0  1    4.301    4.301  1   34.540   34.540  4
 1304.0 1304.0  1    4.291    4.291  1   34.540   34.540  4
 1306.0 1306.0  1    4.283    4.283  1   34.536   34.536  4
 1308.0 1308.0  1    4.281    4.281  1   34.534   34.534  4
 1310.0 1310.0  1    4.280    4.280  1   34.534   34.534  4
 1312.0 1312.0  1    4.279    4.279  1   34.534   34.534  4
 1314.0 1314.0  1    4.278    4.278  1   34.535   34.535  4
 1316.0 1316.0  1    4.276    4.276  1   34.536   34.536  4
 1318.0 1318.0  1    4.271    4.271  1   34.539   34.539  4
 1320.0 1320.0  1    4.263    4.263  1   34.541   34.541  4
 1322.0 1322.0  1    4.256    4.256  1   34.537   34.537  4
 1324.0 1324.0  1    4.254    4.254  1   34.536   34.536  4
 1326.0 1326.0  1    4.251    4.251  1   34.538   34.538  4
 1328.0 1328.0  1    4.247    4.247  1   34.540   34.540  4
 1330.0 1330.0  1    4.241    4.241  1   34.539   34.539  4
 1332.0 1332.0  1    4.236    4.236  1   34.542   34.542  4
 1334.0 1334.0  1    4.226    4.226  1   34.549   34.549  4
 1336.0 1336.0  1    4.205    4.205  1   34.559   34.559  4
 1338.0 1338.0  1    4.177    4.177  1   34.552   34.552  4
 1340.0 1340.0  1    4.167    4.167  1   34.542   34.542  4
 1342.1 1342.1  1    4.165    4.165  1   34.543   34.543  4
 1344.0 1344.0  1    4.159    4.159  1   34.547   34.547  4
 1346.0 1346.0  1    4.151    4.151  1   34.546   34.546  4
 1348.0 1348.0  1    4.147    4.147  1   34.544   34.544  4
 1350.0 1350.0  1    4.143    4.143  1   34.545   34.545  4
 1352.0 1352.0  1    4.137    4.137  1   34.549   34.549  4
 1354.0 1354.0  1    4.126    4.126  1   34.555   34.555  4
 1356.0 1356.0  1    4.110    4.110  1   34.553   34.553  4
 1358.0 1358.0  1    4.096    4.096  1   34.556   34.556  4
 1360.0 1360.0  1    4.083    4.083  1   34.548   34.548  4
 1362.0 1362.0  1    4.081    4.081  1   34.546   34.546  4
 1364.0 1364.0  1    4.079    4.079  1   34.547   34.547  4
 1366.0 1366.0  1    4.076    4.076  1   34.549   34.549  4
 1368.0 1368.0  1    4.070    4.070  1   34.551   34.551  4
 1370.0 1370.0  1    4.061    4.061  1   34.556   34.556  4
 1372.0 1372.0  1    4.047    4.047  1   34.558   34.558  4
 1374.1 1374.1  1    4.032    4.032  1   34.555   34.555  4
 1376.0 1376.0  1    4.025    4.025  1   34.552   34.552  4
 1378.0 1378.0  1    4.018    4.018  1   34.552   34.552  4
 1380.0 1380.0  1    4.012    4.012  1   34.553   34.553  4
 1382.0 1382.0  1    4.005    4.005  1   34.557   34.557  4
 1384.0 1384.0  1    3.990    3.990  1   34.560   34.560  4
 1386.0 1386.0  1    3.978    3.978  1   34.558   34.558  4
 1388.0 1388.0  1    3.968    3.968  1   34.558   34.558  4
 1390.0 1390.0  1    3.958    3.958  1   34.559   34.559  4
 1392.0 1392.0  1    3.948    3.948  1   34.560   34.560  4
 1394.0 1394.0  1    3.939    3.939  1   34.556   34.556  4
 1396.0 1396.0  1    3.934    3.934  1   34.556   34.556  4
 1398.0 1398.0  1    3.929    3.929  1   34.558   34.558  4
 1400.0 1400.0  1    3.920    3.920  1   34.561   34.561  4
 1402.0 1402.0  1    3.910    3.910  1   34.563   34.563  4
 1404.0 1404.0  1    3.897    3.897  1   34.562   34.562  4
 1406.0 1406.0  1    3.889    3.889  1   34.559   34.559  4
 1408.0 1408.0  1    3.884    3.884  1   34.560   34.560  4
 1410.0 1410.0  1    3.877    3.877  1   34.561   34.561  4
 1412.0 1412.0  1    3.870    3.870  1   34.561   34.561  4
 1414.0 1414.0  1    3.862    3.862  1   34.564   34.564  4
 1416.0 1416.0  1    3.850    3.850  1   34.566   34.566  4
 1418.0 1418.0  1    3.837    3.837  1   34.565   34.565  4
 1420.0 1420.0  1    3.830    3.830  1   34.561   34.561  4
 1422.0 1422.0  1    3.826    3.826  1   34.561   34.561  4
 1424.0 1424.0  1    3.821    3.821  1   34.563   34.563  4
 1426.0 1426.0  1    3.812    3.812  1   34.569   34.569  4
 1428.0 1428.0  1    3.795    3.795  1   34.570   34.570  4
 1430.0 1430.0  1    3.786    3.786  1   34.564   34.564  4
 1432.0 1432.0  1    3.781    3.781  1   34.565   34.565  4
 1434.0 1434.0  1    3.774    3.774  1   34.566   34.566  4
 1436.0 1436.0  1    3.764    3.764  1   34.572   34.572  4
 1438.0 1438.0  1    3.749    3.749  1   34.571   34.571  4
 1440.0 1440.0  1    3.738    3.738  1   34.571   34.571  4
 1442.0 1442.0  1    3.727    3.727  1   34.568   34.568  4
 1444.0 1444.0  1    3.724    3.724  1   34.565   34.565  4
 1446.0 1446.0  1    3.723    3.723  1   34.566   34.566  4
 1448.0 1448.0  1    3.720    3.720  1   34.568   34.568  4
 1450.0 1450.0  1    3.715    3.715  1   34.570   34.570  4
 1452.0 1452.0  1    3.706    3.706  1   34.572   34.572  4
 1454.0 1454.0  1    3.697    3.697  1   34.570   34.570  4
 1456.0 1456.0  1    3.691    3.691  1   34.570   34.570  4
 1458.0 1458.0  1    3.686    3.686  1   34.570   34.570  4
 1460.0 1460.0  1    3.681    3.681  1   34.572   34.572  4
 1462.0 1462.0  1    3.673    3.673  1   34.575   34.575  4
 1464.0 1464.0  1    3.662    3.662  1   34.572   34.572  4
 1466.0 1466.0  1    3.659    3.659  1   34.569   34.569  4
 1468.0 1468.0  1    3.656    3.656  1   34.570   34.570  4
 1470.0 1470.0  1    3.653    3.653  1   34.572   34.572  4
 1472.0 1472.0  1    3.649    3.649  1   34.573   34.573  4
 1474.0 1474.0  1    3.642    3.642  1   34.577   34.577  4
 1476.0 1476.0  1    3.630    3.630  1   34.578   34.578  4
 1478.0 1478.0  1    3.620    3.620  1   34.578   34.578  4
 1480.0 1480.0  1    3.608    3.608  1   34.581   34.581  4
 1482.0 1482.0  1    3.596    3.596  1   34.580   34.580  4
 1484.0 1484.0  1    3.583    3.583  1   34.582   34.582  4
 1486.0 1486.0  1    3.571    3.571  1   34.580   34.580  4
 1488.0 1488.0  1    3.564    3.564  1   34.577   34.577  4
 1490.0 1490.0  1    3.562    3.562  1   34.575   34.575  4
 1492.0 1492.0  1    3.561    3.561  1   34.576   34.576  4
 1494.0 1494.0  1    3.560    3.560  1   34.577   34.577  4
 1496.0 1496.0  1    3.557    3.557  1   34.578   34.578  4
 1498.0 1498.0  1    3.551    3.551  1   34.584   34.584  4
 1500.0 1500.0  1    3.538    3.538  1   34.585   34.585  4
 1502.0 1502.0  1    3.527    3.527  1   34.586   34.586  4
 1504.0 1504.0  1    3.517    3.517  1   34.587   34.587  4
 1506.0 1506.0  1    3.505    3.505  1   34.590   34.590  4
 1508.0 1508.0  1    3.491    3.491  1   34.590   34.590  4
 1510.0 1510.0  1    3.476    3.476  1   34.594   34.594  4
 1512.0 1512.0  1    3.461    3.461  1   34.588   34.588  4
 1514.0 1514.0  1    3.454    3.454  1   34.588   34.588  4
 1516.0 1516.0  1    3.448    3.448  1   34.589   34.589  4
 1518.0 1518.0  1    3.440    3.440  1   34.588   34.588  4
 1520.0 1520.0  1    3.433    3.433  1   34.591   34.591  4
 1522.0 1522.0  1    3.425    3.425  1   34.592   34.592  4
 1524.0 1524.0  1    3.412    3.412  1   34.598   34.598  4
 1526.0 1526.0  1    3.396    3.396  1   34.595   34.595  4
 1528.0 1528.0  1    3.387    3.387  1   34.592   34.592  4
 1530.0 1530.0  1    3.380    3.380  1   34.592   34.592  4
 1532.0 1532.0  1    3.374    3.374  1   34.591   34.591  4
 1534.0 1534.0  1    3.369    3.369  1   34.589   34.589  4
 1536.0 1536.0  1    3.368    3.368  1   34.590   34.590  4
 1538.0 1538.0  1    3.364    3.364  1   34.592   34.592  4
 1540.0 1540.0  1    3.359    3.359  1   34.593   34.593  4
 1542.0 1542.0  1    3.354    3.354  1   34.594   34.594  4
 1544.0 1544.0  1    3.348    3.348  1   34.597   34.597  4
 1546.0 1546.0  1    3.338    3.338  1   34.599   34.599  4
 1548.0 1548.0  1    3.325    3.325  1   34.603   34.603  4
 1550.0 1550.0  1    3.313    3.313  1   34.596   34.596  4
 1552.0 1552.0  1    3.308    3.308  1   34.594   34.594  4
 1554.0 1554.0  1    3.305    3.305  1   34.596   34.596  4
 1556.0 1556.0  1    3.299    3.299  1   34.599   34.599  4
 1558.0 1558.0  1    3.292    3.292  1   34.601   34.601  4
 1560.0 1560.0  1    3.282    3.282  1   34.607   34.607  4
 1562.0 1562.0  1    3.265    3.265  1   34.612   34.612  4
 1564.0 1564.0  1    3.244    3.244  1   34.613   34.613  4
 1566.0 1566.0  1    3.222    3.222  1   34.614   34.614  4
 1568.0 1568.0  1    3.207    3.207  1   34.606   34.606  4
 1570.0 1570.0  1    3.200    3.200  1   34.605   34.605  4
 1572.0 1572.0  1    3.194    3.194  1   34.605   34.605  4
 1574.0 1574.0  1    3.188    3.188  1   34.606   34.606  4
 1576.0 1576.0  1    3.183    3.183  1   34.608   34.608  4
 1578.0 1578.0  1    3.173    3.173  1   34.613   34.613  4
 1580.1 1580.1  1    3.159    3.159  1   34.613   34.613  4
 1582.0 1582.0  1    3.149    3.149  1   34.612   34.612  4
 1584.0 1584.0  1    3.139    3.139  1   34.615   34.615  4
 1586.0 1586.0  1    3.124    3.124  1   34.620   34.620  4
 1588.0 1588.0  1    3.108    3.108  1   34.619   34.619  4
 1590.0 1590.0  1    3.091    3.091  1   34.616   34.616  4
 1592.0 1592.0  1    3.085    3.085  1   34.611   34.611  4
 1594.0 1594.0  1    3.081    3.081  1   34.612   34.612  4
 1595.9 1595.9  1    3.076    3.076  1   34.611   34.611  4
 1598.0 1598.0  1    3.073    3.073  1   34.610   34.610  4
 1600.0 1600.0  1    3.071    3.071  1   34.611   34.611  4
 1602.0 1602.0  1    3.067    3.067  1   34.613   34.613  4
 1604.0 1604.0  1    3.061    3.061  1   34.614   34.614  4
 1605.9 1605.9  1    3.056    3.056  1   34.613   34.613  4
 1607.9 1607.9  1    3.052    3.052  1   34.616   34.616  4
 1610.0 1610.0  1    3.043    3.043  1   34.618   34.618  4
 1612.0 1612.0  1    3.037    3.037  1   34.618   34.618  4
 1614.0 1614.0  1    3.029    3.029  1   34.622   34.622  4
 1616.0 1616.0  1    3.013    3.013  1   34.628   34.628  4
 1618.0 1618.0  1    2.998    2.998  1   34.619   34.619  4
 1620.0 1620.0  1    2.994    2.994  1   34.619   34.619  4
 1622.0 1622.0  1    2.989    2.989  1   34.621   34.621  4
 1624.0 1624.0  1    2.981    2.981  1   34.621   34.621  4
 1626.0 1626.0  1    2.976    2.976  1   34.621   34.621  4
 1627.9 1627.9  1    2.970    2.970  1   34.622   34.622  4
 1629.9 1629.9  1    2.962    2.962  1   34.626   34.626  4
 1632.0 1632.0  1    2.950    2.950  1   34.627   34.627  4
 1634.0 1634.0  1    2.938    2.938  1   34.629   34.629  4
 1636.0 1636.0  1    2.926    2.926  1   34.626   34.626  4
 1638.0 1638.0  1    2.919    2.919  1   34.623   34.623  4
 1640.0 1640.0  1    2.915    2.915  1   34.622   34.622  4
 1642.0 1642.0  1    2.912    2.912  1   34.621   34.621  4
 1644.0 1644.0  1    2.911    2.911  1   34.621   34.621  4
 1646.0 1646.0  1    2.909    2.909  1   34.621   34.621  4
 1648.0 1648.0  1    2.908    2.908  1   34.621   34.621  4
 1650.0 1650.0  1    2.907    2.907  1   34.621   34.621  4
 1652.0 1652.0  1    2.905    2.905  1   34.622   34.622  4
 1654.0 1654.0  1    2.903    2.903  1   34.624   34.624  4
 1656.0 1656.0  1    2.898    2.898  1   34.627   34.627  4
 1658.0 1658.0  1    2.890    2.890  1   34.629   34.629  4
 1660.0 1660.0  1    2.879    2.879  1   34.632   34.632  4
 1662.0 1662.0  1    2.868    2.868  1   34.630   34.630  4
 1664.0 1664.0  1    2.860    2.860  1   34.632   34.632  4
 1666.0 1666.0  1    2.848    2.848  1   34.630   34.630  4
 1668.0 1668.0  1    2.843    2.843  1   34.625   34.625  4
 1670.0 1670.0  1    2.843    2.843  1   34.625   34.625  4
 1672.0 1672.0  1    2.841    2.841  1   34.626   34.626  4
 1673.9 1673.9  1    2.839    2.839  1   34.627   34.627  4
 1676.0 1676.0  1    2.835    2.835  1   34.630   34.630  4
 1678.0 1678.0  1    2.827    2.827  1   34.634   34.634  4
 1680.0 1680.0  1    2.817    2.817  1   34.634   34.634  4
 1682.0 1682.0  1    2.807    2.807  1   34.634   34.634  4
 1684.0 1684.0  1    2.798    2.798  1   34.631   34.631  4
 1686.0 1686.0  1    2.794    2.794  1   34.629   34.629  4
 1688.0 1688.0  1    2.792    2.792  1   34.629   34.629  4
 1690.0 1690.0  1    2.790    2.790  1   34.629   34.629  4
 1692.1 1692.1  1    2.787    2.787  1   34.631   34.631  4
 1694.0 1694.0  1    2.783    2.783  1   34.631   34.631  4
 1696.0 1696.0  1    2.779    2.779  1   34.633   34.633  4
 1697.9 1697.9  1    2.773    2.773  1   34.634   34.634  4
 1700.0 1700.0  1    2.767    2.767  1   34.635   34.635  4
 1702.0 1702.0  1    2.760    2.760  1   34.639   34.639  4
 1704.0 1704.0  1    2.746    2.746  1   34.649   34.649  4
 1706.0 1706.0  1    2.723    2.723  1   34.646   34.646  4
 1708.0 1708.0  1    2.712    2.712  1   34.637   34.637  4
 1710.0 1710.0  1    2.707    2.707  1   34.637   34.637  4
 1712.0 1712.0  1    2.701    2.701  1   34.639   34.639  4
 1714.0 1714.0  1    2.693    2.693  1   34.639   34.639  4
 1716.0 1716.0  1    2.688    2.688  1   34.636   34.636  4
 1718.0 1718.0  1    2.686    2.686  1   34.635   34.635  4
 1720.0 1720.0  1    2.685    2.685  1   34.635   34.635  4
 1722.0 1722.0  1    2.684    2.684  1   34.635   34.635  4
 1724.0 1724.0  1    2.682    2.682  1   34.637   34.637  4
 1726.0 1726.0  1    2.678    2.678  1   34.639   34.639  4
 1728.0 1728.0  1    2.673    2.673  1   34.642   34.642  4
 1730.0 1730.0  1    2.665    2.665  1   34.637   34.637  4
 1732.0 1732.0  1    2.664    2.664  1   34.636   34.636  4
 1734.0 1734.0  1    2.662    2.662  1   34.638   34.638  4
 1736.0 1736.0  1    2.659    2.659  1   34.642   34.642  4
 1738.0 1738.0  1    2.652    2.652  1   34.641   34.641  4
 1740.0 1740.0  1    2.647    2.647  1   34.642   34.642  4
 1742.0 1742.0  1    2.641    2.641  1   34.643   34.643  4
 1744.0 1744.0  1    2.634    2.634  1   34.645   34.645  4
 1746.0 1746.0  1    2.623    2.623  1   34.651   34.651  4
 1748.0 1748.0  1    2.608    2.608  1   34.650   34.650  4
 1750.0 1750.0  1    2.597    2.597  1   34.645   34.645  4
 1752.0 1752.0  1    2.593    2.593  1   34.642   34.642  4
 1754.0 1754.0  1    2.590    2.590  1   34.642   34.642  4
 1756.0 1756.0  1    2.589    2.589  1   34.642   34.642  4
 1758.0 1758.0  1    2.587    2.587  1   34.642   34.642  4
 1760.0 1760.0  1    2.585    2.585  1   34.644   34.644  4
 1762.0 1762.0  1    2.581    2.581  1   34.643   34.643  4
 1764.0 1764.0  1    2.580    2.580  1   34.642   34.642  4
 1766.0 1766.0  1    2.579    2.579  1   34.642   34.642  4
 1768.0 1768.0  1    2.578    2.578  1   34.642   34.642  4
 1770.0 1770.0  1    2.576    2.576  1   34.643   34.643  4
 1772.0 1772.0  1    2.574    2.574  1   34.644   34.644  4
 1774.0 1774.0  1    2.572    2.572  1   34.644   34.644  4
 1776.0 1776.0  1    2.570    2.570  1   34.642   34.642  4
 1778.0 1778.0  1    2.569    2.569  1   34.643   34.643  4
 1780.0 1780.0  1    2.568    2.568  1   34.644   34.644  4
 1782.0 1782.0  1    2.566    2.566  1   34.644   34.644  4
 1784.0 1784.0  1    2.563    2.563  1   34.646   34.646  4
 1786.0 1786.0  1    2.559    2.559  1   34.647   34.647  4
 1788.0 1788.0  1    2.551    2.551  1   34.650   34.650  4
 1790.0 1790.0  1    2.542    2.542  1   34.653   34.653  4
 1792.1 1792.1  1    2.530    2.530  1   34.649   34.649  4
 1794.0 1794.0  1    2.526    2.526  1   34.647   34.647  4
 1796.0 1796.0  1    2.523    2.523  1   34.646   34.646  4
 1798.0 1798.0  1    2.521    2.521  1   34.646   34.646  4
 1800.0 1800.0  1    2.520    2.520  1   34.646   34.646  4
 1802.0 1802.0  1    2.517    2.517  1   34.647   34.647  4
 1804.0 1804.0  1    2.512    2.512  1   34.648   34.648  4
 1806.0 1806.0  1    2.509    2.509  1   34.646   34.646  4
 1808.0 1808.0  1    2.507    2.507  1   34.647   34.647  4
 1810.0 1810.0  1    2.503    2.503  1   34.650   34.650  4
 1812.0 1812.0  1    2.495    2.495  1   34.651   34.651  4
 1814.0 1814.0  1    2.489    2.489  1   34.648   34.648  4
 1816.0 1816.0  1    2.487    2.487  1   34.648   34.648  4
 1818.0 1818.0  1    2.485    2.485  1   34.648   34.648  4
 1820.0 1820.0  1    2.483    2.483  1   34.648   34.648  4
 1822.0 1822.0  1    2.481    2.481  1   34.649   34.649  4
 1824.0 1824.0  1    2.478    2.478  1   34.649   34.649  4
 1826.0 1826.0  1    2.476    2.476  1   34.650   34.650  4
 1828.0 1828.0  1    2.472    2.472  1   34.652   34.652  4
 1830.0 1830.0  1    2.466    2.466  1   34.651   34.651  4
 1832.0 1832.0  1    2.463    2.463  1   34.650   34.650  4
 1834.0 1834.0  1    2.460    2.460  1   34.651   34.651  4
 1836.0 1836.0  1    2.458    2.458  1   34.649   34.649  4
 1838.0 1838.0  1    2.457    2.457  1   34.649   34.649  4
 1840.0 1840.0  1    2.456    2.456  1   34.650   34.650  4
 1842.0 1842.0  1    2.455    2.455  1   34.650   34.650  4
 1844.0 1844.0  1    2.453    2.453  1   34.651   34.651  4
 1846.0 1846.0  1    2.451    2.451  1   34.651   34.651  4
 1848.0 1848.0  1    2.448    2.448  1   34.652   34.652  4
 1850.0 1850.0  1    2.444    2.444  1   34.653   34.653  4
 1852.0 1852.0  1    2.440    2.440  1   34.653   34.653  4
 1854.0 1854.0  1    2.436    2.436  1   34.652   34.652  4
 1856.0 1856.0  1    2.433    2.433  1   34.652   34.652  4
 1858.0 1858.0  1    2.431    2.431  1   34.652   34.652  4
 1860.0 1860.0  1    2.428    2.428  1   34.653   34.653  4
 1862.0 1862.0  1    2.425    2.425  1   34.653   34.653  4
 1864.0 1864.0  1    2.422    2.422  1   34.653   34.653  4
 1866.0 1866.0  1    2.419    2.419  1   34.654   34.654  4
 1868.0 1868.0  1    2.415    2.415  1   34.656   34.656  4
 1870.0 1870.0  1    2.408    2.408  1   34.657   34.657  4
 1872.0 1872.0  1    2.398    2.398  1   34.662   34.662  4
 1874.0 1874.0  1    2.389    2.389  1   34.657   34.657  4
 1876.0 1876.0  1    2.384    2.384  1   34.657   34.657  4
 1878.0 1878.0  1    2.379    2.379  1   34.659   34.659  4
 1880.0 1880.0  1    2.372    2.372  1   34.659   34.659  4
 1882.0 1882.0  1    2.366    2.366  1   34.661   34.661  4
 1884.0 1884.0  1    2.356    2.356  1   34.663   34.663  4
 1886.0 1886.0  1    2.347    2.347  1   34.661   34.661  4
 1888.0 1888.0  1    2.341    2.341  1   34.661   34.661  4
 1890.0 1890.0  1    2.336    2.336  1   34.661   34.661  4
 1892.0 1892.0  1    2.331    2.331  1   34.662   34.662  4
 1894.0 1894.0  1    2.326    2.326  1   34.663   34.663  4
 1896.0 1896.0  1    2.320    2.320  1   34.663   34.663  4
 1898.0 1898.0  1    2.314    2.314  1   34.663   34.663  4
 1900.0 1900.0  1    2.310    2.310  1   34.662   34.662  4
 1902.0 1902.0  1    2.308    2.308  1   34.661   34.661  4
 1904.0 1904.0  1    2.306    2.306  1   34.661   34.661  4
 1906.0 1906.0  1    2.304    2.304  1   34.663   34.663  4
 1908.0 1908.0  1    2.300    2.300  1   34.662   34.662  4
 1910.0 1910.0  1    2.299    2.299  1   34.662   34.662  4
 1912.0 1912.0  1    2.298    2.298  1   34.663   34.663  4
 1914.0 1914.0  1    2.294    2.294  1   34.664   34.664  4
 1916.0 1916.0  1    2.287    2.287  1   34.669   34.669  4
 1918.0 1918.0  1    2.277    2.277  1   34.667   34.667  4
 1920.0 1920.0  1    2.270    2.270  1   34.668   34.668  4
 1922.0 1922.0  1    2.261    2.261  1   34.671   34.671  4
 1924.0 1924.0  1    2.251    2.251  1   34.668   34.668  4
 1926.0 1926.0  1    2.246    2.246  1   34.666   34.666  4
 1928.0 1928.0  1    2.244    2.244  1   34.667   34.667  4
 1930.0 1930.0  1    2.241    2.241  1   34.667   34.667  4
 1932.0 1932.0  1    2.238    2.238  1   34.668   34.668  4
 1934.0 1934.0  1    2.232    2.232  1   34.669   34.669  4
 1936.0 1936.0  1    2.228    2.228  1   34.668   34.668  4
 1938.0 1938.0  1    2.225    2.225  1   34.668   34.668  4
 1940.0 1940.0  1    2.222    2.222  1   34.669   34.669  4
 1942.0 1942.0  1    2.218    2.218  1   34.670   34.670  4
 1944.0 1944.0  1    2.214    2.214  1   34.669   34.669  4
 1946.0 1946.0  1    2.210    2.210  1   34.670   34.670  4
 1948.0 1948.0  1    2.206    2.206  1   34.670   34.670  4
 1950.0 1950.0  1    2.202    2.202  1   34.670   34.670  4
 1952.0 1952.0  1    2.200    2.200  1   34.669   34.669  4
 1954.0 1954.0  1    2.198    2.198  1   34.669   34.669  4
 1956.0 1956.0  1    2.196    2.196  1   34.670   34.670  4
 1958.0 1958.0  1    2.194    2.194  1   34.670   34.670  4
 1960.0 1960.0  1    2.191    2.191  1   34.672   34.672  4
 1962.0 1962.0  1    2.186    2.186  1   34.673   34.673  4
 1964.0 1964.0  1    2.179    2.179  1   34.675   34.675  4
 1966.0 1966.0  1    2.169    2.169  1   34.680   34.680  4
 1968.0 1968.0  1    2.152    2.152  1   34.681   34.681  4
 1970.0 1970.0  1    2.141    2.141  1   34.678   34.678  4
 1972.0 1972.0  1    2.134    2.134  1   34.677   34.677  4
 1974.0 1974.0  1    2.127    2.127  1   34.678   34.678  4
 1976.0 1976.0  1    2.121    2.121  1   34.677   34.677  4
 1978.0 1978.0  1    2.117    2.117  1   34.677   34.677  4
 1980.0 1980.0  1    2.113    2.113  1   34.676   34.676  4
 1982.0 1982.0  1    2.111    2.111  1   34.676   34.676  4
 1984.0 1984.0  1    2.109    2.109  1   34.676   34.676  4
 1986.0 1986.0  1    2.107    2.107  1   34.675   34.675  4
 1988.0 1988.0  1    2.106    2.106  1   34.675   34.675  4
 1990.0 1990.0  1    2.106    2.106  1   34.675   34.675  4
 1992.0 1992.0  1    2.105    2.105  1   34.675   34.675  4
 1994.0 1994.0  1    2.104    2.104  1   34.675   34.675  4
 1996.0 1996.0  1    2.103    2.103  1   34.676   34.676  4
 1998.0 1998.0  1    2.101    2.101  1   34.676   34.676  4
 2000.0 2000.0  1    2.099    2.099  1   34.677   34.677  4
 2001.2 2001.2  1    2.097    2.097  1   34.678   34.678  4
