*SoftWare Version 3.0  2018/12/27

*HEADER
     PLATFORM NUMBER       :5902338
     CYCLE NUMBER          :236
     DATE CREATION         :20191214080044
     DATE UPDATE           :20191214080044
     PROJECT NAME          :Argo
     PI NAME               :DEAN ROEMMICH
     INSTRUMENT TYPE       :SOLO_II
     FLOAT SERIAL NO       :8190
     FIRMWARE VERSION      :V01.50; SBE602 20Sep13
     WMO INSTRUMENT TYPE   :853
     TRANSMISSION SYSTEM   :IRIDIUM
     POSITIONING SYSTEM    :GPS
     SAMPLE DIRECTION      :A(A=Ascend; D=Descend)
     DATA MODE             :R(R=Real Time; D=Delayed Mode; A=Real Time Adjusted)
     JULIAN DAY            :25539.3500 (days since 1950-01-01 00:00:00 UTC)
     DATE                  :2019-12-04
     QC FLAG FOR DATE      :1
*LOCATION
     LATITUDE              :-57.179 
     LONGITUDE             :-73.515 
     QC FLAG FOR LOCATION  :1
*FILE
     COLUMN 1              :Pressure (dbar)                             F7.1
     COLUMN 2              :Corrected Pressure (dbar)                   F7.1
     COLUMN 3              :Quality on Pressure                         I3
     COLUMN 4              :Temperature (degree_Celsius)                F9.3
     COLUMN 5              :Corrected Temperature (degree_Celsius)      F9.3
     COLUMN 6              :Quality on Temperature                      I3
     COLUMN 7              :Salinity (PSU)                              F9.3
     COLUMN 8              :Corrected Salinity (PSU)                    F9.3
     COLUMN 9              :Quality on Salinity                         I3
==========================================================================
    1.0    1.0  1    6.513    6.513  1   33.932   33.932  1
    2.0    2.0  1    6.514    6.514  1   33.932   33.932  1
    3.0    3.0  1    6.514    6.514  1   33.932   33.932  1
    4.0    4.0  1    6.514    6.514  1   33.932   33.932  1
    5.0    5.0  1    6.514    6.514  1   33.932   33.932  1
    6.0    6.0  1    6.513    6.513  1   33.932   33.932  1
    6.9    6.9  1    6.513    6.513  1   33.932   33.932  1
    7.9    7.9  1    6.513    6.513  1   33.932   33.932  1
    9.0    9.0  1    6.513    6.513  1   33.933   33.933  1
   10.0   10.0  1    6.513    6.513  1   33.933   33.933  1
   10.7   10.7  1    6.514    6.514  1   33.933   33.933  1
   12.0   12.0  1    6.514    6.514  1   33.933   33.933  1
   14.0   14.0  1    6.514    6.514  1   33.933   33.933  1
   16.0   16.0  1    6.514    6.514  1   33.933   33.933  1
   18.0   18.0  1    6.514    6.514  1   33.933   33.933  1
   20.0   20.0  1    6.514    6.514  1   33.933   33.933  1
   22.0   22.0  1    6.515    6.515  1   33.932   33.932  1
   24.0   24.0  1    6.514    6.514  1   33.932   33.932  1
   26.0   26.0  1    6.514    6.514  1   33.932   33.932  1
   28.0   28.0  1    6.504    6.504  1   33.933   33.933  1
   30.0   30.0  1    6.486    6.486  1   33.935   33.935  1
   32.0   32.0  1    6.502    6.502  1   33.934   33.934  1
   34.0   34.0  1    6.518    6.518  1   33.931   33.931  1
   36.0   36.0  1    6.512    6.512  1   33.931   33.931  1
   38.0   38.0  1    6.486    6.486  1   33.932   33.932  1
   40.0   40.0  1    6.434    6.434  1   33.935   33.935  1
   42.0   42.0  1    6.414    6.414  1   33.933   33.933  1
   43.9   43.9  1    6.266    6.266  1   33.944   33.944  1
   46.0   46.0  1    6.170    6.170  1   33.951   33.951  1
   48.0   48.0  1    6.136    6.136  1   33.953   33.953  1
   50.0   50.0  1    6.132    6.132  1   33.953   33.953  1
   52.0   52.0  1    6.130    6.130  1   33.953   33.953  1
   54.0   54.0  1    6.130    6.130  1   33.953   33.953  1
   56.0   56.0  1    6.126    6.126  1   33.953   33.953  1
   58.0   58.0  1    6.122    6.122  1   33.953   33.953  1
   60.0   60.0  1    6.112    6.112  1   33.953   33.953  1
   62.0   62.0  1    6.100    6.100  1   33.952   33.952  1
   64.0   64.0  1    6.052    6.052  1   33.957   33.957  1
   66.0   66.0  1    5.938    5.938  1   33.973   33.973  1
   68.0   68.0  1    5.762    5.762  1   34.000   34.000  1
   70.0   70.0  1    5.684    5.684  1   34.015   34.015  1
   72.0   72.0  1    5.640    5.640  1   34.024   34.024  1
   74.0   74.0  1    5.556    5.556  1   34.034   34.034  1
   76.0   76.0  1    5.538    5.538  1   34.039   34.039  1
   78.0   78.0  1    5.480    5.480  1   34.036   34.036  1
   80.0   80.0  1    5.464    5.464  1   34.039   34.039  1
   82.0   82.0  1    5.436    5.436  1   34.043   34.043  1
   84.0   84.0  1    5.418    5.418  1   34.043   34.043  1
   86.0   86.0  1    5.428    5.428  1   34.049   34.049  1
   88.0   88.0  1    5.440    5.440  1   34.058   34.058  1
   90.0   90.0  1    5.438    5.438  1   34.062   34.062  1
   92.0   92.0  1    5.419    5.419  1   34.063   34.063  1
   94.0   94.0  1    5.379    5.379  1   34.065   34.065  1
   96.0   96.0  1    5.353    5.353  1   34.067   34.067  1
   98.0   98.0  1    5.325    5.325  1   34.069   34.069  1
  100.0  100.0  1    5.314    5.314  1   34.069   34.069  1
  101.9  101.9  1    5.300    5.300  1   34.071   34.071  1
  104.0  104.0  1    5.286    5.286  1   34.073   34.073  1
  106.0  106.0  1    5.280    5.280  1   34.074   34.074  1
  108.0  108.0  1    5.265    5.265  1   34.077   34.077  1
  110.0  110.0  1    5.267    5.267  1   34.080   34.080  1
  112.0  112.0  1    5.272    5.272  1   34.084   34.084  1
  114.0  114.0  1    5.270    5.270  1   34.086   34.086  1
  116.0  116.0  1    5.252    5.252  1   34.089   34.089  1
  118.0  118.0  1    5.245    5.245  1   34.092   34.092  1
  120.0  120.0  1    5.237    5.237  1   34.094   34.094  1
  122.0  122.0  1    5.235    5.235  1   34.095   34.095  1
  124.0  124.0  1    5.235    5.235  1   34.096   34.096  1
  126.0  126.0  1    5.233    5.233  1   34.096   34.096  1
  128.0  128.0  1    5.218    5.218  1   34.097   34.097  1
  130.0  130.0  1    5.204    5.204  1   34.098   34.098  1
  132.0  132.0  1    5.202    5.202  1   34.098   34.098  1
  134.0  134.0  1    5.200    5.200  1   34.098   34.098  1
  136.0  136.0  1    5.199    5.199  1   34.098   34.098  1
  138.0  138.0  1    5.197    5.197  1   34.099   34.099  1
  140.0  140.0  1    5.195    5.195  1   34.100   34.100  1
  142.0  142.0  1    5.194    5.194  1   34.101   34.101  1
  144.0  144.0  1    5.194    5.194  1   34.103   34.103  1
  146.0  146.0  1    5.178    5.178  1   34.103   34.103  1
  148.0  148.0  1    5.161    5.161  1   34.104   34.104  1
  150.0  150.0  1    5.162    5.162  1   34.105   34.105  1
  152.0  152.0  1    5.167    5.167  1   34.107   34.107  1
  154.0  154.0  1    5.168    5.168  1   34.108   34.108  1
  156.0  156.0  1    5.167    5.167  1   34.109   34.109  1
  158.0  158.0  1    5.167    5.167  1   34.109   34.109  1
  160.0  160.0  1    5.166    5.166  1   34.110   34.110  1
  162.0  162.0  1    5.164    5.164  1   34.112   34.112  1
  164.0  164.0  1    5.162    5.162  1   34.114   34.114  1
  166.0  166.0  1    5.163    5.163  1   34.115   34.115  1
  168.0  168.0  1    5.162    5.162  1   34.116   34.116  1
  170.0  170.0  1    5.155    5.155  1   34.117   34.117  1
  172.0  172.0  1    5.157    5.157  1   34.117   34.117  1
  174.0  174.0  1    5.158    5.158  1   34.117   34.117  1
  176.0  176.0  1    5.152    5.152  1   34.117   34.117  1
  178.0  178.0  1    5.144    5.144  1   34.118   34.118  1
  180.0  180.0  1    5.139    5.139  1   34.119   34.119  1
  182.0  182.0  1    5.141    5.141  1   34.120   34.120  1
  183.9  183.9  1    5.147    5.147  1   34.121   34.121  1
  185.9  185.9  1    5.147    5.147  1   34.122   34.122  1
  187.9  187.9  1    5.144    5.144  1   34.122   34.122  1
  189.9  189.9  1    5.138    5.138  1   34.123   34.123  1
  191.9  191.9  1    5.135    5.135  1   34.124   34.124  1
  193.9  193.9  1    5.134    5.134  1   34.124   34.124  1
  196.0  196.0  1    5.135    5.135  1   34.124   34.124  1
  198.1  198.1  1    5.132    5.132  1   34.125   34.125  1
  200.1  200.1  1    5.133    5.133  1   34.125   34.125  1
  202.0  202.0  1    5.135    5.135  1   34.126   34.126  1
  204.0  204.0  1    5.134    5.134  1   34.128   34.128  1
  206.0  206.0  1    5.123    5.123  1   34.127   34.127  1
  208.0  208.0  1    5.127    5.127  1   34.129   34.129  1
  210.0  210.0  1    5.136    5.136  1   34.132   34.132  1
  212.0  212.0  1    5.127    5.127  1   34.132   34.132  1
  214.0  214.0  1    5.108    5.108  1   34.130   34.130  1
  216.0  216.0  1    5.121    5.121  1   34.131   34.131  1
  218.0  218.0  1    5.124    5.124  1   34.132   34.132  1
  220.0  220.0  1    5.103    5.103  1   34.130   34.130  1
  222.0  222.0  1    5.092    5.092  1   34.129   34.129  1
  224.0  224.0  1    5.090    5.090  1   34.130   34.130  1
  226.0  226.0  1    5.099    5.099  1   34.132   34.132  1
  228.0  228.0  1    5.104    5.104  1   34.134   34.134  1
  230.0  230.0  1    5.106    5.106  1   34.135   34.135  1
  231.9  231.9  1    5.105    5.105  1   34.135   34.135  1
  234.0  234.0  1    5.104    5.104  1   34.136   34.136  1
  236.0  236.0  1    5.107    5.107  1   34.138   34.138  1
  238.0  238.0  1    5.122    5.122  1   34.141   34.141  1
  240.0  240.0  1    5.126    5.126  1   34.143   34.143  1
  242.0  242.0  1    5.126    5.126  1   34.143   34.143  1
  244.0  244.0  1    5.126    5.126  1   34.144   34.144  1
  246.0  246.0  1    5.128    5.128  1   34.145   34.145  1
  248.0  248.0  1    5.129    5.129  1   34.146   34.146  1
  250.0  250.0  1    5.132    5.132  1   34.146   34.146  1
  252.0  252.0  1    5.132    5.132  1   34.146   34.146  1
  254.0  254.0  1    5.129    5.129  1   34.146   34.146  1
  256.0  256.0  1    5.129    5.129  1   34.147   34.147  1
  258.0  258.0  1    5.136    5.136  1   34.149   34.149  1
  260.0  260.0  1    5.139    5.139  1   34.150   34.150  1
  262.0  262.0  1    5.140    5.140  1   34.150   34.150  1
  264.0  264.0  1    5.142    5.142  1   34.151   34.151  1
  266.0  266.0  1    5.145    5.145  1   34.152   34.152  1
  268.0  268.0  1    5.143    5.143  1   34.153   34.153  1
  270.0  270.0  1    5.141    5.141  1   34.154   34.154  1
  272.0  272.0  1    5.139    5.139  1   34.154   34.154  1
  274.0  274.0  1    5.137    5.137  1   34.154   34.154  1
  276.0  276.0  1    5.139    5.139  1   34.155   34.155  1
  278.0  278.0  1    5.137    5.137  1   34.156   34.156  1
  280.0  280.0  1    5.133    5.133  1   34.157   34.157  1
  282.0  282.0  1    5.132    5.132  1   34.157   34.157  1
  284.0  284.0  1    5.132    5.132  1   34.157   34.157  1
  286.0  286.0  1    5.132    5.132  1   34.158   34.158  1
  288.0  288.0  1    5.133    5.133  1   34.160   34.160  1
  290.0  290.0  1    5.134    5.134  1   34.160   34.160  1
  292.0  292.0  1    5.138    5.138  1   34.162   34.162  1
  294.0  294.0  1    5.139    5.139  1   34.163   34.163  1
  296.0  296.0  1    5.141    5.141  1   34.164   34.164  1
  298.0  298.0  1    5.142    5.142  1   34.164   34.164  1
  300.0  300.0  1    5.143    5.143  1   34.165   34.165  1
  302.0  302.0  1    5.143    5.143  1   34.165   34.165  1
  304.0  304.0  1    5.144    5.144  1   34.166   34.166  1
  306.0  306.0  1    5.145    5.145  1   34.166   34.166  1
  308.0  308.0  1    5.145    5.145  1   34.167   34.167  1
  310.0  310.0  1    5.145    5.145  1   34.167   34.167  1
  312.0  312.0  1    5.144    5.144  1   34.167   34.167  1
  314.0  314.0  1    5.143    5.143  1   34.167   34.167  1
  316.0  316.0  1    5.142    5.142  1   34.168   34.168  1
  318.0  318.0  1    5.141    5.141  1   34.168   34.168  1
  320.0  320.0  1    5.141    5.141  1   34.168   34.168  1
  322.0  322.0  1    5.140    5.140  1   34.168   34.168  1
  324.0  324.0  1    5.134    5.134  1   34.168   34.168  1
  326.0  326.0  1    5.124    5.124  1   34.167   34.167  1
  328.0  328.0  1    5.119    5.119  1   34.167   34.167  1
  330.0  330.0  1    5.113    5.113  1   34.167   34.167  1
  332.0  332.0  1    5.109    5.109  1   34.167   34.167  1
  334.0  334.0  1    5.105    5.105  1   34.167   34.167  1
  336.0  336.0  1    5.100    5.100  1   34.167   34.167  1
  338.0  338.0  1    5.096    5.096  1   34.167   34.167  1
  340.0  340.0  1    5.090    5.090  1   34.168   34.168  1
  342.0  342.0  1    5.090    5.090  1   34.168   34.168  1
  344.0  344.0  1    5.090    5.090  1   34.169   34.169  1
  346.0  346.0  1    5.089    5.089  1   34.169   34.169  1
  348.1  348.1  1    5.087    5.087  1   34.169   34.169  1
  350.0  350.0  1    5.084    5.084  1   34.168   34.168  1
  352.0  352.0  1    5.082    5.082  1   34.168   34.168  1
  354.0  354.0  1    5.077    5.077  1   34.168   34.168  1
  356.0  356.0  1    5.080    5.080  1   34.169   34.169  1
  358.0  358.0  1    5.082    5.082  1   34.169   34.169  1
  360.0  360.0  1    5.083    5.083  1   34.170   34.170  1
  362.0  362.0  1    5.080    5.080  1   34.170   34.170  1
  364.0  364.0  1    5.075    5.075  1   34.170   34.170  1
  366.0  366.0  1    5.071    5.071  1   34.170   34.170  1
  368.0  368.0  1    5.070    5.070  1   34.171   34.171  1
  370.0  370.0  1    5.068    5.068  1   34.171   34.171  1
  372.0  372.0  1    5.065    5.065  1   34.171   34.171  1
  374.0  374.0  1    5.062    5.062  1   34.171   34.171  1
  376.0  376.0  1    5.060    5.060  1   34.172   34.172  1
  378.0  378.0  1    5.056    5.056  1   34.171   34.171  1
  380.0  380.0  1    5.052    5.052  1   34.171   34.171  1
  382.0  382.0  1    5.048    5.048  1   34.171   34.171  1
  384.0  384.0  1    5.043    5.043  1   34.171   34.171  1
  386.0  386.0  1    5.042    5.042  1   34.171   34.171  1
  388.0  388.0  1    5.040    5.040  1   34.170   34.170  1
  390.0  390.0  1    5.036    5.036  1   34.170   34.170  1
  392.0  392.0  1    5.034    5.034  1   34.171   34.171  1
  394.0  394.0  1    5.032    5.032  1   34.170   34.170  1
  396.0  396.0  1    5.025    5.025  1   34.170   34.170  1
  398.0  398.0  1    5.018    5.018  1   34.170   34.170  1
  400.0  400.0  1    5.015    5.015  1   34.170   34.170  1
  402.0  402.0  1    5.012    5.012  1   34.170   34.170  1
  404.0  404.0  1    5.007    5.007  1   34.170   34.170  1
  406.0  406.0  1    5.004    5.004  1   34.170   34.170  1
  408.0  408.0  1    5.000    5.000  1   34.170   34.170  1
  410.0  410.0  1    4.997    4.997  1   34.170   34.170  1
  412.0  412.0  1    4.995    4.995  1   34.170   34.170  1
  414.0  414.0  1    4.990    4.990  1   34.170   34.170  1
  416.0  416.0  1    4.988    4.988  1   34.170   34.170  1
  418.0  418.0  1    4.985    4.985  1   34.170   34.170  1
  420.0  420.0  1    4.979    4.979  1   34.170   34.170  1
  422.0  422.0  1    4.977    4.977  1   34.169   34.169  1
  424.0  424.0  1    4.973    4.973  1   34.169   34.169  1
  426.0  426.0  1    4.963    4.963  1   34.169   34.169  1
  428.0  428.0  1    4.958    4.958  1   34.169   34.169  1
  430.0  430.0  1    4.957    4.957  1   34.169   34.169  1
  432.0  432.0  1    4.956    4.956  1   34.169   34.169  1
  434.0  434.0  1    4.956    4.956  1   34.169   34.169  1
  436.0  436.0  1    4.954    4.954  1   34.169   34.169  1
  438.0  438.0  1    4.944    4.944  1   34.169   34.169  1
  440.0  440.0  1    4.943    4.943  1   34.169   34.169  1
  442.0  442.0  1    4.941    4.941  1   34.169   34.169  1
  444.0  444.0  1    4.938    4.938  1   34.169   34.169  1
  446.0  446.0  1    4.933    4.933  1   34.169   34.169  1
  448.0  448.0  1    4.927    4.927  1   34.168   34.168  1
  450.0  450.0  1    4.922    4.922  1   34.168   34.168  1
  452.0  452.0  1    4.921    4.921  1   34.168   34.168  1
  454.0  454.0  1    4.919    4.919  1   34.168   34.168  1
  456.0  456.0  1    4.912    4.912  1   34.168   34.168  1
  458.0  458.0  1    4.906    4.906  1   34.168   34.168  1
  460.0  460.0  1    4.903    4.903  1   34.168   34.168  1
  462.0  462.0  1    4.896    4.896  1   34.168   34.168  1
  464.0  464.0  1    4.892    4.892  1   34.167   34.167  1
  466.0  466.0  1    4.890    4.890  1   34.167   34.167  1
  468.0  468.0  1    4.889    4.889  1   34.167   34.167  1
  470.0  470.0  1    4.880    4.880  1   34.167   34.167  1
  472.0  472.0  1    4.876    4.876  1   34.167   34.167  1
  474.0  474.0  1    4.873    4.873  1   34.167   34.167  1
  476.0  476.0  1    4.870    4.870  1   34.167   34.167  1
  478.0  478.0  1    4.869    4.869  1   34.167   34.167  1
  480.0  480.0  1    4.867    4.867  1   34.167   34.167  1
  482.0  482.0  1    4.861    4.861  1   34.167   34.167  1
  484.0  484.0  1    4.859    4.859  1   34.167   34.167  1
  486.0  486.0  1    4.857    4.857  1   34.167   34.167  1
  488.0  488.0  1    4.851    4.851  1   34.167   34.167  1
  490.0  490.0  1    4.845    4.845  1   34.167   34.167  1
  492.0  492.0  1    4.844    4.844  1   34.167   34.167  1
  494.0  494.0  1    4.841    4.841  1   34.167   34.167  1
  496.0  496.0  1    4.834    4.834  1   34.167   34.167  1
  498.0  498.0  1    4.829    4.829  1   34.167   34.167  1
  500.0  500.0  1    4.825    4.825  1   34.167   34.167  1
  502.0  502.0  1    4.820    4.820  1   34.167   34.167  1
  504.0  504.0  1    4.812    4.812  1   34.167   34.167  1
  506.0  506.0  1    4.806    4.806  1   34.167   34.167  1
  508.0  508.0  1    4.799    4.799  1   34.166   34.166  1
  510.0  510.0  1    4.797    4.797  1   34.166   34.166  1
  512.0  512.0  1    4.796    4.796  1   34.166   34.166  1
  514.0  514.0  1    4.796    4.796  1   34.167   34.167  1
  516.0  516.0  1    4.797    4.797  1   34.167   34.167  1
  518.0  518.0  1    4.790    4.790  1   34.167   34.167  1
  520.0  520.0  1    4.785    4.785  1   34.167   34.167  1
  522.0  522.0  1    4.780    4.780  1   34.167   34.167  1
  524.0  524.0  1    4.772    4.772  1   34.166   34.166  1
  526.0  526.0  1    4.768    4.768  1   34.166   34.166  1
  528.0  528.0  1    4.765    4.765  1   34.166   34.166  1
  530.0  530.0  1    4.758    4.758  1   34.167   34.167  1
  532.0  532.0  1    4.753    4.753  1   34.167   34.167  1
  534.0  534.0  1    4.752    4.752  1   34.167   34.167  1
  536.0  536.0  1    4.749    4.749  1   34.167   34.167  1
  538.0  538.0  1    4.745    4.745  1   34.167   34.167  1
  540.0  540.0  1    4.741    4.741  1   34.167   34.167  1
  542.0  542.0  1    4.733    4.733  1   34.168   34.168  1
  544.0  544.0  1    4.727    4.727  1   34.168   34.168  1
  546.0  546.0  1    4.720    4.720  1   34.168   34.168  1
  548.0  548.0  1    4.718    4.718  1   34.168   34.168  1
  550.0  550.0  1    4.716    4.716  1   34.168   34.168  1
  552.0  552.0  1    4.714    4.714  1   34.168   34.168  1
  554.0  554.0  1    4.714    4.714  1   34.168   34.168  1
  556.0  556.0  1    4.714    4.714  1   34.168   34.168  1
  558.0  558.0  1    4.708    4.708  1   34.168   34.168  1
  560.0  560.0  1    4.702    4.702  1   34.168   34.168  1
  562.0  562.0  1    4.695    4.695  1   34.168   34.168  1
  564.0  564.0  1    4.690    4.690  1   34.168   34.168  1
  566.0  566.0  1    4.672    4.672  1   34.169   34.169  1
  568.0  568.0  1    4.662    4.662  1   34.169   34.169  1
  570.0  570.0  1    4.657    4.657  1   34.169   34.169  1
  572.0  572.0  1    4.658    4.658  1   34.169   34.169  1
  574.0  574.0  1    4.658    4.658  1   34.169   34.169  1
  576.0  576.0  1    4.657    4.657  1   34.169   34.169  1
  578.0  578.0  1    4.655    4.655  1   34.169   34.169  1
  580.0  580.0  1    4.649    4.649  1   34.169   34.169  1
  582.0  582.0  1    4.642    4.642  1   34.169   34.169  1
  584.0  584.0  1    4.634    4.634  1   34.169   34.169  1
  586.0  586.0  1    4.629    4.629  1   34.169   34.169  1
  588.0  588.0  1    4.625    4.625  1   34.169   34.169  1
  590.0  590.0  1    4.621    4.621  1   34.169   34.169  1
  592.0  592.0  1    4.610    4.610  1   34.170   34.170  1
  594.0  594.0  1    4.601    4.601  1   34.170   34.170  1
  596.0  596.0  1    4.593    4.593  1   34.171   34.171  1
  598.0  598.0  1    4.585    4.585  1   34.171   34.171  1
  600.0  600.0  1    4.579    4.579  1   34.171   34.171  1
  602.0  602.0  1    4.570    4.570  1   34.171   34.171  1
  604.0  604.0  1    4.560    4.560  1   34.170   34.170  1
  606.0  606.0  1    4.553    4.553  1   34.170   34.170  1
  608.0  608.0  1    4.549    4.549  1   34.169   34.169  1
  610.0  610.0  1    4.540    4.540  1   34.170   34.170  1
  612.0  612.0  1    4.533    4.533  1   34.171   34.171  1
  614.0  614.0  1    4.529    4.529  1   34.173   34.173  1
  616.0  616.0  1    4.527    4.527  1   34.173   34.173  1
  618.0  618.0  1    4.524    4.524  1   34.173   34.173  1
  620.0  620.0  1    4.521    4.521  1   34.174   34.174  1
  622.0  622.0  1    4.512    4.512  1   34.174   34.174  1
  624.0  624.0  1    4.506    4.506  1   34.175   34.175  1
  626.0  626.0  1    4.503    4.503  1   34.175   34.175  1
  628.0  628.0  1    4.502    4.502  1   34.176   34.176  1
  630.0  630.0  1    4.498    4.498  1   34.176   34.176  1
  632.0  632.0  1    4.495    4.495  1   34.176   34.176  1
  634.0  634.0  1    4.483    4.483  1   34.178   34.178  1
  636.0  636.0  1    4.478    4.478  1   34.179   34.179  1
  638.0  638.0  1    4.475    4.475  1   34.179   34.179  1
  640.0  640.0  1    4.470    4.470  1   34.179   34.179  1
  642.0  642.0  1    4.463    4.463  1   34.179   34.179  1
  644.0  644.0  1    4.460    4.460  1   34.181   34.181  1
  646.0  646.0  1    4.461    4.461  1   34.182   34.182  1
  648.0  648.0  1    4.460    4.460  1   34.182   34.182  1
  650.0  650.0  1    4.449    4.449  1   34.182   34.182  1
  652.0  652.0  1    4.426    4.426  1   34.182   34.182  1
  654.0  654.0  1    4.412    4.412  1   34.182   34.182  1
  656.0  656.0  1    4.408    4.408  1   34.182   34.182  1
  658.0  658.0  1    4.407    4.407  1   34.182   34.182  1
  660.0  660.0  1    4.408    4.408  1   34.182   34.182  1
  662.0  662.0  1    4.408    4.408  1   34.182   34.182  1
  664.0  664.0  1    4.407    4.407  1   34.183   34.183  1
  666.0  666.0  1    4.407    4.407  1   34.183   34.183  1
  668.0  668.0  1    4.405    4.405  1   34.183   34.183  1
  670.0  670.0  1    4.404    4.404  1   34.183   34.183  1
  672.0  672.0  1    4.387    4.387  1   34.183   34.183  1
  674.0  674.0  1    4.359    4.359  1   34.184   34.184  1
  676.0  676.0  1    4.339    4.339  1   34.184   34.184  1
  678.0  678.0  1    4.331    4.331  1   34.185   34.185  1
  680.0  680.0  1    4.325    4.325  1   34.185   34.185  1
  682.0  682.0  1    4.313    4.313  1   34.186   34.186  1
  684.0  684.0  1    4.307    4.307  1   34.186   34.186  1
  686.0  686.0  1    4.306    4.306  1   34.186   34.186  1
  688.0  688.0  1    4.289    4.289  1   34.187   34.187  1
  690.0  690.0  1    4.275    4.275  1   34.189   34.189  1
  692.0  692.0  1    4.268    4.268  1   34.189   34.189  1
  694.0  694.0  1    4.263    4.263  1   34.190   34.190  1
  696.0  696.0  1    4.256    4.256  1   34.190   34.190  1
  698.0  698.0  1    4.250    4.250  1   34.191   34.191  1
  700.0  700.0  1    4.243    4.243  1   34.192   34.192  1
  702.0  702.0  1    4.236    4.236  1   34.192   34.192  1
  704.0  704.0  1    4.231    4.231  1   34.193   34.193  1
  706.0  706.0  1    4.225    4.225  1   34.193   34.193  1
  708.0  708.0  1    4.217    4.217  1   34.194   34.194  1
  710.0  710.0  1    4.210    4.210  1   34.195   34.195  1
  712.0  712.0  1    4.206    4.206  1   34.196   34.196  1
  714.0  714.0  1    4.199    4.199  1   34.196   34.196  1
  716.0  716.0  1    4.195    4.195  1   34.197   34.197  1
  718.0  718.0  1    4.190    4.190  1   34.197   34.197  1
  720.0  720.0  1    4.183    4.183  1   34.198   34.198  1
  722.0  722.0  1    4.169    4.169  1   34.200   34.200  1
  724.0  724.0  1    4.160    4.160  1   34.202   34.202  1
  726.1  726.1  1    4.155    4.155  1   34.203   34.203  1
  728.0  728.0  1    4.153    4.153  1   34.205   34.205  1
  730.0  730.0  1    4.156    4.156  1   34.207   34.207  1
  732.0  732.0  1    4.169    4.169  1   34.211   34.211  1
  734.0  734.0  1    4.161    4.161  1   34.213   34.213  1
  736.0  736.0  1    4.157    4.157  1   34.216   34.216  1
  738.0  738.0  1    4.152    4.152  1   34.217   34.217  1
  740.0  740.0  1    4.147    4.147  1   34.217   34.217  1
  742.0  742.0  1    4.144    4.144  1   34.218   34.218  1
  744.0  744.0  1    4.135    4.135  1   34.218   34.218  1
  746.0  746.0  1    4.128    4.128  1   34.218   34.218  1
  748.0  748.0  1    4.123    4.123  1   34.218   34.218  1
  750.0  750.0  1    4.124    4.124  1   34.219   34.219  1
  752.0  752.0  1    4.121    4.121  1   34.219   34.219  1
  754.0  754.0  1    4.119    4.119  1   34.219   34.219  1
  756.0  756.0  1    4.117    4.117  1   34.220   34.220  1
  758.0  758.0  1    4.111    4.111  1   34.221   34.221  1
  760.0  760.0  1    4.100    4.100  1   34.221   34.221  1
  762.0  762.0  1    4.085    4.085  1   34.220   34.220  1
  764.0  764.0  1    4.055    4.055  1   34.220   34.220  1
  766.0  766.0  1    4.040    4.040  1   34.220   34.220  1
  768.0  768.0  1    4.024    4.024  1   34.221   34.221  1
  770.0  770.0  1    4.011    4.011  1   34.222   34.222  1
  772.0  772.0  1    4.003    4.003  1   34.224   34.224  1
  774.0  774.0  1    4.000    4.000  1   34.224   34.224  1
  776.0  776.0  1    3.997    3.997  1   34.224   34.224  1
  778.0  778.0  1    3.990    3.990  1   34.226   34.226  1
  779.9  779.9  1    3.983    3.983  1   34.227   34.227  1
  782.0  782.0  1    3.979    3.979  1   34.228   34.228  1
  784.0  784.0  1    3.973    3.973  1   34.229   34.229  1
  786.0  786.0  1    3.968    3.968  1   34.230   34.230  1
  788.0  788.0  1    3.962    3.962  1   34.231   34.231  1
  790.0  790.0  1    3.958    3.958  1   34.232   34.232  1
  792.0  792.0  1    3.957    3.957  1   34.232   34.232  1
  794.0  794.0  1    3.949    3.949  1   34.233   34.233  1
  796.0  796.0  1    3.946    3.946  1   34.234   34.234  1
  798.0  798.0  1    3.944    3.944  1   34.234   34.234  1
  800.0  800.0  1    3.941    3.941  1   34.235   34.235  1
  802.0  802.0  1    3.933    3.933  1   34.236   34.236  1
  804.0  804.0  1    3.926    3.926  1   34.238   34.238  1
  806.0  806.0  1    3.925    3.925  1   34.238   34.238  1
  808.0  808.0  1    3.924    3.924  1   34.239   34.239  1
  810.0  810.0  1    3.922    3.922  1   34.239   34.239  1
  812.0  812.0  1    3.918    3.918  1   34.240   34.240  1
  814.0  814.0  1    3.911    3.911  1   34.240   34.240  1
  816.0  816.0  1    3.894    3.894  1   34.242   34.242  1
  818.0  818.0  1    3.883    3.883  1   34.242   34.242  1
  819.9  819.9  1    3.873    3.873  1   34.243   34.243  1
  822.0  822.0  1    3.869    3.869  1   34.244   34.244  1
  824.0  824.0  1    3.870    3.870  1   34.246   34.246  1
  826.0  826.0  1    3.869    3.869  1   34.246   34.246  1
  828.0  828.0  1    3.868    3.868  1   34.246   34.246  1
  830.0  830.0  1    3.865    3.865  1   34.246   34.246  1
  832.0  832.0  1    3.863    3.863  1   34.247   34.247  1
  834.0  834.0  1    3.858    3.858  1   34.248   34.248  1
  836.0  836.0  1    3.852    3.852  1   34.250   34.250  1
  838.0  838.0  1    3.850    3.850  1   34.253   34.253  1
  840.0  840.0  1    3.851    3.851  1   34.254   34.254  1
  842.0  842.0  1    3.852    3.852  1   34.255   34.255  1
  844.0  844.0  1    3.852    3.852  1   34.256   34.256  1
  846.0  846.0  1    3.853    3.853  1   34.257   34.257  1
  848.0  848.0  1    3.853    3.853  1   34.258   34.258  1
  850.0  850.0  1    3.852    3.852  1   34.261   34.261  1
  852.0  852.0  1    3.852    3.852  1   34.263   34.263  1
  854.0  854.0  1    3.851    3.851  1   34.265   34.265  1
  856.0  856.0  1    3.849    3.849  1   34.266   34.266  1
  858.0  858.0  1    3.844    3.844  1   34.266   34.266  1
  860.0  860.0  1    3.835    3.835  1   34.268   34.268  1
  862.0  862.0  1    3.835    3.835  1   34.268   34.268  1
  864.0  864.0  1    3.833    3.833  1   34.269   34.269  1
  866.0  866.0  1    3.832    3.832  1   34.269   34.269  1
  868.0  868.0  1    3.833    3.833  1   34.269   34.269  1
  870.0  870.0  1    3.832    3.832  1   34.269   34.269  1
  872.0  872.0  1    3.831    3.831  1   34.269   34.269  1
  874.0  874.0  1    3.826    3.826  1   34.270   34.270  1
  876.0  876.0  1    3.822    3.822  1   34.270   34.270  1
  878.0  878.0  1    3.814    3.814  1   34.270   34.270  1
  880.0  880.0  1    3.793    3.793  1   34.272   34.272  1
  882.0  882.0  1    3.776    3.776  1   34.271   34.271  1
  884.0  884.0  1    3.769    3.769  1   34.270   34.270  1
  886.0  886.0  1    3.759    3.759  1   34.272   34.272  1
  888.0  888.0  1    3.745    3.745  1   34.274   34.274  1
  890.0  890.0  1    3.733    3.733  1   34.274   34.274  1
  892.0  892.0  1    3.716    3.716  1   34.275   34.275  1
  894.0  894.0  1    3.704    3.704  1   34.276   34.276  1
  896.0  896.0  1    3.693    3.693  1   34.276   34.276  1
  898.0  898.0  1    3.681    3.681  1   34.277   34.277  1
  900.0  900.0  1    3.666    3.666  1   34.280   34.280  1
  902.0  902.0  1    3.654    3.654  1   34.283   34.283  1
  904.0  904.0  1    3.651    3.651  1   34.283   34.283  1
  906.0  906.0  1    3.650    3.650  1   34.283   34.283  1
  908.0  908.0  1    3.649    3.649  1   34.283   34.283  1
  910.0  910.0  1    3.646    3.646  1   34.284   34.284  1
  912.0  912.0  1    3.642    3.642  1   34.285   34.285  1
  914.0  914.0  1    3.638    3.638  1   34.286   34.286  1
  916.0  916.0  1    3.635    3.635  1   34.287   34.287  1
  918.1  918.1  1    3.633    3.633  1   34.287   34.287  1
  920.0  920.0  1    3.632    3.632  1   34.287   34.287  1
  922.0  922.0  1    3.631    3.631  1   34.287   34.287  1
  924.0  924.0  1    3.623    3.623  1   34.288   34.288  1
  926.0  926.0  1    3.615    3.615  1   34.288   34.288  1
  928.0  928.0  1    3.611    3.611  1   34.289   34.289  1
  930.0  930.0  1    3.604    3.604  1   34.289   34.289  1
  932.0  932.0  1    3.599    3.599  1   34.289   34.289  1
  934.0  934.0  1    3.588    3.588  1   34.290   34.290  1
  936.0  936.0  1    3.580    3.580  1   34.292   34.292  1
  938.0  938.0  1    3.571    3.571  1   34.296   34.296  1
  940.0  940.0  1    3.563    3.563  1   34.297   34.297  1
  942.0  942.0  1    3.557    3.557  1   34.298   34.298  1
  944.0  944.0  1    3.555    3.555  1   34.298   34.298  1
  946.0  946.0  1    3.550    3.550  1   34.299   34.299  1
  948.0  948.0  1    3.543    3.543  1   34.301   34.301  1
  950.0  950.0  1    3.538    3.538  1   34.302   34.302  1
  952.0  952.0  1    3.530    3.530  1   34.303   34.303  1
  954.0  954.0  1    3.527    3.527  1   34.304   34.304  1
  956.0  956.0  1    3.525    3.525  1   34.304   34.304  1
  958.0  958.0  1    3.521    3.521  1   34.305   34.305  1
  960.0  960.0  1    3.513    3.513  1   34.306   34.306  1
  962.0  962.0  1    3.506    3.506  1   34.307   34.307  1
  964.0  964.0  1    3.497    3.497  1   34.309   34.309  1
  966.0  966.0  1    3.488    3.488  1   34.310   34.310  1
  968.0  968.0  1    3.472    3.472  1   34.312   34.312  1
  970.0  970.0  1    3.468    3.468  1   34.312   34.312  1
  972.0  972.0  1    3.467    3.467  1   34.313   34.313  1
  974.0  974.0  1    3.460    3.460  1   34.314   34.314  1
  976.0  976.0  1    3.449    3.449  1   34.316   34.316  1
  978.0  978.0  1    3.446    3.446  1   34.317   34.317  1
  980.0  980.0  1    3.442    3.442  1   34.319   34.319  1
  982.0  982.0  1    3.441    3.441  1   34.320   34.320  1
  984.0  984.0  1    3.437    3.437  1   34.322   34.322  1
  986.0  986.0  1    3.433    3.433  1   34.323   34.323  1
  988.0  988.0  1    3.429    3.429  1   34.324   34.324  1
  990.0  990.0  1    3.423    3.423  1   34.325   34.325  1
  992.0  992.0  1    3.416    3.416  1   34.326   34.326  1
  994.0  994.0  1    3.407    3.407  1   34.328   34.328  1
  996.0  996.0  1    3.403    3.403  1   34.329   34.329  1
  998.0  998.0  1    3.399    3.399  1   34.329   34.329  1
 1000.0 1000.0  1    3.391    3.391  1   34.330   34.330  1
 1002.0 1002.0  1    3.384    3.384  1   34.332   34.332  1
 1004.0 1004.0  1    3.375    3.375  1   34.333   34.333  1
 1006.0 1006.0  1    3.366    3.366  1   34.335   34.335  1
 1008.0 1008.0  1    3.362    3.362  1   34.335   34.335  1
 1010.0 1010.0  1    3.354    3.354  1   34.337   34.337  1
 1012.0 1012.0  1    3.345    3.345  1   34.338   34.338  1
 1014.0 1014.0  1    3.343    3.343  1   34.338   34.338  1
 1016.0 1016.0  1    3.335    3.335  1   34.339   34.339  1
 1018.0 1018.0  1    3.332    3.332  1   34.341   34.341  1
 1020.0 1020.0  1    3.328    3.328  1   34.342   34.342  1
 1022.0 1022.0  1    3.326    3.326  1   34.342   34.342  1
 1024.0 1024.0  1    3.321    3.321  1   34.344   34.344  1
 1026.0 1026.0  1    3.318    3.318  1   34.344   34.344  1
 1028.0 1028.0  1    3.314    3.314  1   34.345   34.345  1
 1030.0 1030.0  1    3.307    3.307  1   34.347   34.347  1
 1032.0 1032.0  1    3.306    3.306  1   34.347   34.347  1
 1034.2 1034.2  1    3.304    3.304  1   34.347   34.347  1
 1035.9 1035.9  1    3.302    3.302  1   34.348   34.348  1
 1037.7 1037.7  1    3.298    3.298  1   34.348   34.348  1
