*SoftWare Version 3.0  2018/12/27

*HEADER
     PLATFORM NUMBER       :5903389
     CYCLE NUMBER          :315
     DATE CREATION         :20191218190741
     DATE UPDATE           :20191218190741
     PROJECT NAME          :US ARGO PROJECT
     PI NAME               :STEPHEN RISER
     INSTRUMENT TYPE       :APEX
     FLOAT SERIAL NO       :5143
     FIRMWARE VERSION      :032110
     WMO INSTRUMENT TYPE   :846
     TRANSMISSION SYSTEM   :ARGOS
     POSITIONING SYSTEM    :ARGOS
     SAMPLE DIRECTION      :A(A=Ascend; D=Descend)
     DATA MODE             :A(R=Real Time; D=Delayed Mode; A=Real Time Adjusted)
     JULIAN DAY            :25553.2065 (days since 1950-01-01 00:00:00 UTC)
     DATE                  :2019-12-18
     QC FLAG FOR DATE      :1
*LOCATION
     LATITUDE              :56.323  
     LONGITUDE             :-30.272 
     QC FLAG FOR LOCATION  :1
*FILE
     COLUMN 1              :Pressure (dbar)                             F7.1
     COLUMN 2              :Corrected Pressure (dbar)                   F7.1
     COLUMN 3              :Quality on Pressure                         I3
     COLUMN 4              :Temperature (degree_Celsius)                F9.3
     COLUMN 5              :Corrected Temperature (degree_Celsius)      F9.3
     COLUMN 6              :Quality on Temperature                      I3
     COLUMN 7              :Salinity (PSU)                              F9.3
     COLUMN 8              :Corrected Salinity (PSU)                    F9.3
     COLUMN 9              :Quality on Salinity                         I3
==========================================================================
    6.0    6.4  1    8.117    8.117  1   34.973   34.973  1
   10.0   10.4  1    8.121    8.121  1   34.972   34.972  1
   20.3   20.7  1    8.121    8.121  1   34.973   34.973  1
   30.8   31.2  1    8.122    8.122  1   34.973   34.973  1
   40.4   40.8  1    8.124    8.124  1   34.973   34.973  1
   49.8   50.2  1    8.127    8.127  1   34.972   34.972  1
   59.7   60.1  1    8.129    8.129  1   34.973   34.973  1
   70.2   70.6  1    8.126    8.126  1   34.972   34.972  1
   80.2   80.6  1    8.128    8.128  1   34.973   34.973  1
   90.1   90.5  1    8.129    8.129  1   34.973   34.973  1
   99.7  100.1  1    8.127    8.127  1   34.973   34.973  1
  109.5  109.9  1    8.117    8.117  1   34.972   34.972  1
  119.0  119.4  1    8.132    8.132  1   34.972   34.972  1
  129.3  129.7  1    8.132    8.132  1   34.972   34.972  1
  140.1  140.5  1    8.120    8.120  1   34.970   34.970  1
  150.1  150.5  1    8.118    8.118  1   34.970   34.970  1
  157.9  158.3  1    8.105    8.105  1   34.968   34.968  1
  170.1  170.5  1    7.669    7.669  1   34.936   34.936  1
  180.1  180.5  1    7.305    7.305  1   34.899   34.899  1
  190.5  190.9  1    7.258    7.258  1   34.903   34.903  1
  200.0  200.4  1    7.274    7.274  1   34.916   34.916  1
  210.2  210.6  1    7.211    7.211  1   34.912   34.912  1
  220.0  220.4  1    7.118    7.118  1   34.906   34.906  1
  230.3  230.7  1    7.080    7.080  1   34.907   34.907  1
  240.5  240.9  1    6.883    6.883  1   34.893   34.893  1
  249.8  250.2  1    6.591    6.591  1   34.862   34.862  1
  259.9  260.3  1    6.382    6.382  1   34.845   34.845  1
  270.4  270.8  1    6.271    6.271  1   34.840   34.840  1
  280.1  280.5  1    6.342    6.342  1   34.870   34.870  1
  290.1  290.5  1    6.254    6.254  1   34.874   34.874  1
  300.0  300.4  1    6.428    6.428  1   34.924   34.924  1
  310.2  310.6  1    6.346    6.346  1   34.928   34.928  1
  317.7  318.1  1    6.362    6.362  1   34.939   34.939  1
  330.5  330.9  1    6.554    6.554  1   34.983   34.983  1
  340.5  340.9  1    6.554    6.554  1   34.990   34.990  1
  350.1  350.5  1    6.463    6.463  1   34.989   34.989  1
  360.5  360.9  1    6.293    6.293  1   34.971   34.971  1
  380.0  380.4  1    5.906    5.906  1   34.923   34.923  1
  399.9  400.3  1    5.859    5.859  1   34.946   34.946  1
  450.2  450.6  1    5.575    5.575  1   34.982   34.982  1
  499.8  500.2  1    5.192    5.192  1   34.966   34.966  1
  550.0  550.4  1    4.942    4.942  1   34.966   34.966  1
  600.4  600.8  1    4.751    4.751  1   34.960   34.960  1
  649.9  650.3  1    4.666    4.666  1   34.959   34.959  1
  699.9  700.3  1    4.521    4.521  1   34.952   34.952  1
  750.5  750.9  1    4.428    4.428  1   34.948   34.948  1
  800.5  800.9  1    4.278    4.278  1   34.938   34.938  1
  849.8  850.2  1    4.195    4.195  1   34.937   34.937  1
  900.2  900.6  1    4.111    4.111  1   34.931   34.931  1
  950.5  950.9  1    4.037    4.037  1   34.924   34.924  1
 1000.3 1000.7  1    3.967    3.967  1   34.920   34.920  1
 1050.4 1050.8  1    3.917    3.917  1   34.919   34.919  1
 1100.1 1100.5  1    3.859    3.859  1   34.916   34.916  1
 1150.4 1150.8  1    3.822    3.822  1   34.914   34.914  1
 1199.9 1200.3  1    3.772    3.772  1   34.912   34.912  1
 1249.9 1250.3  1    3.723    3.723  1   34.910   34.910  1
 1300.0 1300.4  1    3.697    3.697  1   34.910   34.910  1
 1350.4 1350.8  1    3.675    3.675  1   34.910   34.910  1
 1400.4 1400.8  1    3.654    3.654  1   34.911   34.911  1
 1450.2 1450.6  1    3.642    3.642  1   34.912   34.912  1
 1499.7 1500.1  1    3.637    3.637  1   34.914   34.914  1
 1550.4 1550.8  1    3.635    3.635  1   34.919   34.919  1
 1600.0 1600.4  1    3.634    3.634  1   34.923   34.923  1
 1649.7 1650.1  1    3.621    3.621  1   34.927   34.927  1
 1699.4 1699.8  1    3.597    3.597  1   34.932   34.932  1
 1749.4 1749.8  1    3.574    3.574  1   34.938   34.938  1
 1800.4 1800.8  1    3.548    3.548  1   34.940   34.940  1
 1850.6 1851.0  1    3.535    3.535  1   34.946   34.946  1
