*SoftWare Version 3.0  2018/12/27

*HEADER
     PLATFORM NUMBER       :5904193
     CYCLE NUMBER          :251
     DATE CREATION         :20191228200033
     DATE UPDATE           :20191228200033
     PROJECT NAME          :US ARGO PROJECT
     PI NAME               :DEAN ROEMMICH
     INSTRUMENT TYPE       :SOLO
     FLOAT SERIAL NO       :3064
     FIRMWARE VERSION      :V00.50; SBE601 08Dec12
     WMO INSTRUMENT TYPE   :851
     TRANSMISSION SYSTEM   :IRIDIUM
     POSITIONING SYSTEM    :GPS
     SAMPLE DIRECTION      :A(A=Ascend; D=Descend)
     DATA MODE             :R(R=Real Time; D=Delayed Mode; A=Real Time Adjusted)
     JULIAN DAY            :25553.5939 (days since 1950-01-01 00:00:00 UTC)
     DATE                  :2019-12-18
     QC FLAG FOR DATE      :1
*LOCATION
     LATITUDE              :-57.017 
     LONGITUDE             :-65.829 
     QC FLAG FOR LOCATION  :1
*FILE
     COLUMN 1              :Pressure (dbar)                             F7.1
     COLUMN 2              :Corrected Pressure (dbar)                   F7.1
     COLUMN 3              :Quality on Pressure                         I3
     COLUMN 4              :Temperature (degree_Celsius)                F9.3
     COLUMN 5              :Corrected Temperature (degree_Celsius)      F9.3
     COLUMN 6              :Quality on Temperature                      I3
     COLUMN 7              :Salinity (PSU)                              F9.3
     COLUMN 8              :Corrected Salinity (PSU)                    F9.3
     COLUMN 9              :Quality on Salinity                         I3
==========================================================================
    2.2    2.2  1    5.793    5.793  1   34.081   34.081  1
    3.0    3.0  1    5.774    5.774  1   34.082   34.082  1
    4.0    4.0  1    5.755    5.755  1   34.083   34.083  1
    5.0    5.0  1    5.746    5.746  1   34.083   34.083  1
    6.0    6.0  1    5.744    5.744  1   34.083   34.083  1
    7.0    7.0  1    5.741    5.741  1   34.083   34.083  1
    8.0    8.0  1    5.738    5.738  1   34.084   34.084  1
    9.0    9.0  1    5.732    5.732  1   34.084   34.084  1
   10.0   10.0  1    5.728    5.728  1   34.084   34.084  1
   10.8   10.8  1    5.726    5.726  1   34.084   34.084  1
   12.0   12.0  1    5.723    5.723  1   34.084   34.084  1
   14.0   14.0  1    5.715    5.715  1   34.085   34.085  1
   16.0   16.0  1    5.713    5.713  1   34.085   34.085  1
   18.0   18.0  1    5.707    5.707  1   34.085   34.085  1
   20.0   20.0  1    5.705    5.705  1   34.085   34.085  1
   22.0   22.0  1    5.703    5.703  1   34.085   34.085  1
   24.0   24.0  1    5.699    5.699  1   34.085   34.085  1
   26.0   26.0  1    5.698    5.698  1   34.085   34.085  1
   28.0   28.0  1    5.697    5.697  1   34.085   34.085  1
   30.0   30.0  1    5.693    5.693  1   34.085   34.085  1
   32.0   32.0  1    5.691    5.691  1   34.085   34.085  1
   34.0   34.0  1    5.683    5.683  1   34.085   34.085  1
   36.0   36.0  1    5.670    5.670  1   34.086   34.086  1
   38.0   38.0  1    5.654    5.654  1   34.088   34.088  1
   40.0   40.0  1    5.632    5.632  1   34.090   34.090  1
   42.0   42.0  1    5.619    5.619  1   34.091   34.091  1
   44.0   44.0  1    5.608    5.608  1   34.092   34.092  1
   46.0   46.0  1    5.598    5.598  1   34.093   34.093  1
   48.0   48.0  1    5.588    5.588  1   34.094   34.094  1
   50.0   50.0  1    5.578    5.578  1   34.094   34.094  1
   52.0   52.0  1    5.553    5.553  1   34.096   34.096  1
   54.0   54.0  1    5.524    5.524  1   34.097   34.097  1
   56.0   56.0  1    5.489    5.489  1   34.099   34.099  1
   58.0   58.0  1    5.463    5.463  1   34.101   34.101  1
   60.0   60.0  1    5.438    5.438  1   34.101   34.101  1
   62.0   62.0  1    5.416    5.416  1   34.102   34.102  1
   64.0   64.0  1    5.356    5.356  1   34.104   34.104  1
   66.0   66.0  1    5.266    5.266  1   34.108   34.108  1
   68.0   68.0  1    5.197    5.197  1   34.110   34.110  1
   70.0   70.0  1    5.072    5.072  1   34.116   34.116  1
   72.0   72.0  1    4.961    4.961  1   34.121   34.121  1
   74.0   74.0  1    4.953    4.953  1   34.121   34.121  1
   76.0   76.0  1    4.944    4.944  1   34.122   34.122  1
   78.0   78.0  1    4.916    4.916  1   34.123   34.123  1
   80.0   80.0  1    4.906    4.906  1   34.123   34.123  1
   82.0   82.0  1    4.895    4.895  1   34.123   34.123  1
   84.0   84.0  1    4.888    4.888  1   34.124   34.124  1
   86.0   86.0  1    4.880    4.880  1   34.124   34.124  1
   88.0   88.0  1    4.876    4.876  1   34.125   34.125  1
   90.0   90.0  1    4.874    4.874  1   34.125   34.125  1
   92.0   92.0  1    4.873    4.873  1   34.126   34.126  1
   94.0   94.0  1    4.878    4.878  1   34.128   34.128  1
   96.0   96.0  1    4.887    4.887  1   34.130   34.130  1
   98.0   98.0  1    4.898    4.898  1   34.133   34.133  1
  100.0  100.0  1    4.902    4.902  1   34.134   34.134  1
  102.0  102.0  1    4.906    4.906  1   34.135   34.135  1
  104.0  104.0  1    4.911    4.911  1   34.137   34.137  1
  106.0  106.0  1    4.917    4.917  1   34.138   34.138  1
  108.0  108.0  1    4.921    4.921  1   34.139   34.139  1
  110.0  110.0  1    4.922    4.922  1   34.140   34.140  1
  112.0  112.0  1    4.925    4.925  1   34.140   34.140  1
  114.0  114.0  1    4.929    4.929  1   34.142   34.142  1
  116.0  116.0  1    4.933    4.933  1   34.143   34.143  1
  118.0  118.0  1    4.949    4.949  1   34.147   34.147  1
  120.0  120.0  1    4.960    4.960  1   34.150   34.150  1
  122.0  122.0  1    4.963    4.963  1   34.152   34.152  1
  124.0  124.0  1    4.963    4.963  1   34.152   34.152  1
  126.0  126.0  1    4.963    4.963  1   34.152   34.152  1
  128.0  128.0  1    4.963    4.963  1   34.152   34.152  1
  130.0  130.0  1    4.963    4.963  1   34.152   34.152  1
  132.0  132.0  1    4.963    4.963  1   34.153   34.153  1
  134.0  134.0  1    4.962    4.962  1   34.153   34.153  1
  136.0  136.0  1    4.961    4.961  1   34.153   34.153  1
  138.0  138.0  1    4.961    4.961  1   34.153   34.153  1
  140.0  140.0  1    4.960    4.960  1   34.153   34.153  1
  142.0  142.0  1    4.959    4.959  1   34.153   34.153  1
  144.0  144.0  1    4.959    4.959  1   34.153   34.153  1
  146.0  146.0  1    4.958    4.958  1   34.153   34.153  1
  148.0  148.0  1    4.957    4.957  1   34.153   34.153  1
  150.0  150.0  1    4.955    4.955  1   34.153   34.153  1
  152.0  152.0  1    4.953    4.953  1   34.153   34.153  1
  154.0  154.0  1    4.947    4.947  1   34.152   34.152  1
  156.0  156.0  1    4.941    4.941  1   34.152   34.152  1
  158.0  158.0  1    4.928    4.928  1   34.151   34.151  1
  160.0  160.0  1    4.919    4.919  1   34.151   34.151  1
  162.0  162.0  1    4.915    4.915  1   34.151   34.151  1
  164.0  164.0  1    4.914    4.914  1   34.151   34.151  1
  166.0  166.0  1    4.906    4.906  1   34.150   34.150  1
  168.0  168.0  1    4.893    4.893  1   34.149   34.149  1
  170.0  170.0  1    4.877    4.877  1   34.147   34.147  1
  172.0  172.0  1    4.856    4.856  1   34.144   34.144  1
  174.0  174.0  1    4.839    4.839  1   34.142   34.142  1
  176.0  176.0  1    4.823    4.823  1   34.141   34.141  1
  178.0  178.0  1    4.817    4.817  1   34.140   34.140  1
  180.0  180.0  1    4.814    4.814  1   34.139   34.139  1
  182.0  182.0  1    4.812    4.812  1   34.139   34.139  1
  184.0  184.0  1    4.814    4.814  1   34.140   34.140  1
  186.0  186.0  1    4.819    4.819  1   34.141   34.141  1
  188.0  188.0  1    4.823    4.823  1   34.142   34.142  1
  190.0  190.0  1    4.823    4.823  1   34.143   34.143  1
  192.0  192.0  1    4.820    4.820  1   34.143   34.143  1
  194.0  194.0  1    4.828    4.828  1   34.145   34.145  1
  196.0  196.0  1    4.837    4.837  1   34.148   34.148  1
  198.0  198.0  1    4.836    4.836  1   34.148   34.148  1
  200.0  200.0  1    4.834    4.834  1   34.148   34.148  1
  202.0  202.0  1    4.835    4.835  1   34.148   34.148  1
  204.0  204.0  1    4.837    4.837  1   34.149   34.149  1
  206.0  206.0  1    4.834    4.834  1   34.149   34.149  1
  208.0  208.0  1    4.836    4.836  1   34.149   34.149  1
  210.0  210.0  1    4.837    4.837  1   34.150   34.150  1
  212.0  212.0  1    4.841    4.841  1   34.152   34.152  1
  214.0  214.0  1    4.843    4.843  1   34.152   34.152  1
  216.0  216.0  1    4.841    4.841  1   34.152   34.152  1
  218.0  218.0  1    4.837    4.837  1   34.152   34.152  1
  220.0  220.0  1    4.842    4.842  1   34.153   34.153  1
  222.0  222.0  1    4.835    4.835  1   34.152   34.152  1
  224.0  224.0  1    4.829    4.829  1   34.151   34.151  1
  226.0  226.0  1    4.820    4.820  1   34.150   34.150  1
  228.0  228.0  1    4.814    4.814  1   34.150   34.150  1
  230.0  230.0  1    4.800    4.800  1   34.149   34.149  1
  232.0  232.0  1    4.797    4.797  1   34.148   34.148  1
  234.0  234.0  1    4.789    4.789  1   34.148   34.148  1
  236.0  236.0  1    4.767    4.767  1   34.146   34.146  1
  238.0  238.0  1    4.761    4.761  1   34.145   34.145  1
  240.0  240.0  1    4.761    4.761  1   34.146   34.146  1
  242.0  242.0  1    4.764    4.764  1   34.147   34.147  1
  244.0  244.0  1    4.759    4.759  1   34.147   34.147  1
  246.0  246.0  1    4.743    4.743  1   34.146   34.146  1
  248.0  248.0  1    4.738    4.738  1   34.146   34.146  1
  250.0  250.0  1    4.740    4.740  1   34.147   34.147  1
  252.0  252.0  1    4.753    4.753  1   34.149   34.149  1
  254.0  254.0  1    4.762    4.762  1   34.151   34.151  1
  256.0  256.0  1    4.756    4.756  1   34.151   34.151  1
  258.0  258.0  1    4.743    4.743  1   34.149   34.149  1
  260.0  260.0  1    4.728    4.728  1   34.148   34.148  1
  262.0  262.0  1    4.723    4.723  1   34.147   34.147  1
  264.0  264.0  1    4.715    4.715  1   34.147   34.147  1
  266.0  266.0  1    4.712    4.712  1   34.147   34.147  1
  268.0  268.0  1    4.704    4.704  1   34.147   34.147  1
  270.0  270.0  1    4.699    4.699  1   34.147   34.147  1
  272.0  272.0  1    4.698    4.698  1   34.147   34.147  1
  274.0  274.0  1    4.697    4.697  1   34.147   34.147  1
  276.0  276.0  1    4.695    4.695  1   34.147   34.147  1
  278.0  278.0  1    4.693    4.693  1   34.147   34.147  1
  280.0  280.0  1    4.691    4.691  1   34.147   34.147  1
  282.0  282.0  1    4.688    4.688  1   34.147   34.147  1
  284.0  284.0  1    4.686    4.686  1   34.147   34.147  1
  286.0  286.0  1    4.679    4.679  1   34.147   34.147  1
  288.0  288.0  1    4.674    4.674  1   34.147   34.147  1
  290.0  290.0  1    4.670    4.670  1   34.147   34.147  1
  292.0  292.0  1    4.666    4.666  1   34.147   34.147  1
  294.0  294.0  1    4.663    4.663  1   34.147   34.147  1
  296.0  296.0  1    4.660    4.660  1   34.147   34.147  1
  298.0  298.0  1    4.661    4.661  1   34.148   34.148  1
  300.0  300.0  1    4.661    4.661  1   34.148   34.148  1
  302.0  302.0  1    4.661    4.661  1   34.148   34.148  1
  304.0  304.0  1    4.647    4.647  1   34.147   34.147  1
  306.0  306.0  1    4.646    4.646  1   34.148   34.148  1
  308.0  308.0  1    4.646    4.646  1   34.148   34.148  1
  310.0  310.0  1    4.643    4.643  1   34.148   34.148  1
  312.0  312.0  1    4.644    4.644  1   34.148   34.148  1
  314.0  314.0  1    4.649    4.649  1   34.149   34.149  1
  316.0  316.0  1    4.647    4.647  1   34.150   34.150  1
  318.0  318.0  1    4.647    4.647  1   34.150   34.150  1
  320.0  320.0  1    4.644    4.644  1   34.149   34.149  1
  322.0  322.0  1    4.640    4.640  1   34.149   34.149  1
  324.1  324.1  1    4.626    4.626  1   34.148   34.148  1
  326.0  326.0  1    4.622    4.622  1   34.148   34.148  1
  328.0  328.0  1    4.623    4.623  1   34.149   34.149  1
  330.0  330.0  1    4.621    4.621  1   34.150   34.150  1
  332.0  332.0  1    4.621    4.621  1   34.149   34.149  1
  334.0  334.0  1    4.604    4.604  1   34.149   34.149  1
  336.0  336.0  1    4.589    4.589  1   34.150   34.150  1
  338.0  338.0  1    4.586    4.586  1   34.150   34.150  1
  340.0  340.0  1    4.586    4.586  1   34.150   34.150  1
  342.0  342.0  1    4.586    4.586  1   34.150   34.150  1
  344.0  344.0  1    4.587    4.587  1   34.151   34.151  1
  346.0  346.0  1    4.589    4.589  1   34.152   34.152  1
  348.0  348.0  1    4.591    4.591  1   34.153   34.153  1
  350.0  350.0  1    4.592    4.592  1   34.154   34.154  1
  352.0  352.0  1    4.592    4.592  1   34.156   34.156  1
  354.0  354.0  1    4.593    4.593  1   34.156   34.156  1
  356.0  356.0  1    4.592    4.592  1   34.156   34.156  1
  358.0  358.0  1    4.587    4.587  1   34.157   34.157  1
  360.0  360.0  1    4.586    4.586  1   34.157   34.157  1
  362.0  362.0  1    4.585    4.585  1   34.157   34.157  1
  364.0  364.0  1    4.584    4.584  1   34.157   34.157  1
  366.0  366.0  1    4.583    4.583  1   34.156   34.156  1
  368.0  368.0  1    4.580    4.580  1   34.156   34.156  1
  370.0  370.0  1    4.578    4.578  1   34.156   34.156  1
  372.0  372.0  1    4.575    4.575  1   34.156   34.156  1
  374.0  374.0  1    4.570    4.570  1   34.156   34.156  1
  376.0  376.0  1    4.568    4.568  1   34.156   34.156  1
  378.0  378.0  1    4.563    4.563  1   34.156   34.156  1
  380.1  380.1  1    4.558    4.558  1   34.155   34.155  1
  382.0  382.0  1    4.554    4.554  1   34.155   34.155  1
  384.0  384.0  1    4.550    4.550  1   34.154   34.154  1
  386.0  386.0  1    4.548    4.548  1   34.154   34.154  1
  388.0  388.0  1    4.537    4.537  1   34.153   34.153  1
  390.0  390.0  1    4.521    4.521  1   34.152   34.152  1
  392.0  392.0  1    4.500    4.500  1   34.151   34.151  1
  394.1  394.1  1    4.491    4.491  1   34.149   34.149  1
  396.0  396.0  1    4.481    4.481  1   34.148   34.148  1
  398.0  398.0  1    4.473    4.473  1   34.146   34.146  1
  400.0  400.0  1    4.430    4.430  1   34.145   34.145  1
  402.0  402.0  1    4.402    4.402  1   34.143   34.143  1
  404.0  404.0  1    4.391    4.391  1   34.143   34.143  1
  406.1  406.1  1    4.379    4.379  1   34.143   34.143  1
  408.0  408.0  1    4.360    4.360  1   34.142   34.142  1
  410.0  410.0  1    4.360    4.360  1   34.142   34.142  1
  412.0  412.0  1    4.359    4.359  1   34.142   34.142  1
  414.0  414.0  1    4.352    4.352  1   34.140   34.140  1
  416.0  416.0  1    4.342    4.342  1   34.139   34.139  1
  418.0  418.0  1    4.334    4.334  1   34.139   34.139  1
  420.0  420.0  1    4.325    4.325  1   34.139   34.139  1
  422.0  422.0  1    4.321    4.321  1   34.139   34.139  1
  424.0  424.0  1    4.317    4.317  1   34.139   34.139  1
  426.0  426.0  1    4.313    4.313  1   34.139   34.139  1
  428.0  428.0  1    4.305    4.305  1   34.139   34.139  1
  430.0  430.0  1    4.305    4.305  1   34.139   34.139  1
  432.0  432.0  1    4.305    4.305  1   34.139   34.139  1
  434.0  434.0  1    4.302    4.302  1   34.140   34.140  1
  436.0  436.0  1    4.301    4.301  1   34.140   34.140  1
  438.1  438.1  1    4.301    4.301  1   34.140   34.140  1
  440.1  440.1  1    4.303    4.303  1   34.140   34.140  1
  442.1  442.1  1    4.304    4.304  1   34.140   34.140  1
  444.0  444.0  1    4.301    4.301  1   34.140   34.140  1
  446.0  446.0  1    4.299    4.299  1   34.140   34.140  1
  448.0  448.0  1    4.298    4.298  1   34.140   34.140  1
  450.0  450.0  1    4.298    4.298  1   34.140   34.140  1
  452.0  452.0  1    4.298    4.298  1   34.140   34.140  1
  454.0  454.0  1    4.296    4.296  1   34.139   34.139  1
  456.0  456.0  1    4.294    4.294  1   34.139   34.139  1
  458.0  458.0  1    4.293    4.293  1   34.139   34.139  1
  460.0  460.0  1    4.277    4.277  1   34.139   34.139  1
  462.0  462.0  1    4.270    4.270  1   34.140   34.140  1
  464.0  464.0  1    4.269    4.269  1   34.142   34.142  1
  466.0  466.0  1    4.269    4.269  1   34.141   34.141  1
  468.0  468.0  1    4.269    4.269  1   34.142   34.142  1
  470.0  470.0  1    4.270    4.270  1   34.144   34.144  1
  472.0  472.0  1    4.269    4.269  1   34.145   34.145  1
  474.0  474.0  1    4.270    4.270  1   34.144   34.144  1
  476.0  476.0  1    4.263    4.263  1   34.146   34.146  1
  478.0  478.0  1    4.255    4.255  1   34.146   34.146  1
  480.0  480.0  1    4.245    4.245  1   34.145   34.145  1
  482.0  482.0  1    4.235    4.235  1   34.146   34.146  1
  484.0  484.0  1    4.231    4.231  1   34.147   34.147  1
  486.0  486.0  1    4.239    4.239  1   34.149   34.149  1
  488.0  488.0  1    4.244    4.244  1   34.150   34.150  1
  490.0  490.0  1    4.247    4.247  1   34.151   34.151  1
  492.0  492.0  1    4.247    4.247  1   34.151   34.151  1
  494.0  494.0  1    4.248    4.248  1   34.152   34.152  1
  496.0  496.0  1    4.246    4.246  1   34.153   34.153  1
  498.0  498.0  1    4.245    4.245  1   34.154   34.154  1
  500.0  500.0  1    4.243    4.243  1   34.155   34.155  1
  502.0  502.0  1    4.234    4.234  1   34.157   34.157  1
  504.0  504.0  1    4.230    4.230  1   34.159   34.159  1
  506.0  506.0  1    4.233    4.233  1   34.159   34.159  1
  508.0  508.0  1    4.235    4.235  1   34.160   34.160  1
  510.0  510.0  1    4.230    4.230  1   34.161   34.161  1
  512.0  512.0  1    4.230    4.230  1   34.160   34.160  1
  514.0  514.0  1    4.223    4.223  1   34.160   34.160  1
  516.0  516.0  1    4.214    4.214  1   34.160   34.160  1
  518.0  518.0  1    4.205    4.205  1   34.160   34.160  1
  520.0  520.0  1    4.195    4.195  1   34.160   34.160  1
  522.0  522.0  1    4.192    4.192  1   34.161   34.161  1
  524.0  524.0  1    4.184    4.184  1   34.163   34.163  1
  526.0  526.0  1    4.179    4.179  1   34.164   34.164  1
  528.0  528.0  1    4.179    4.179  1   34.164   34.164  1
  530.0  530.0  1    4.178    4.178  1   34.164   34.164  1
  532.0  532.0  1    4.178    4.178  1   34.165   34.165  1
  534.0  534.0  1    4.178    4.178  1   34.165   34.165  1
  536.0  536.0  1    4.179    4.179  1   34.164   34.164  1
  538.0  538.0  1    4.178    4.178  1   34.165   34.165  1
  540.0  540.0  1    4.177    4.177  1   34.165   34.165  1
  542.0  542.0  1    4.178    4.178  1   34.165   34.165  1
  544.0  544.0  1    4.177    4.177  1   34.164   34.164  1
  546.0  546.0  1    4.176    4.176  1   34.164   34.164  1
  548.0  548.0  1    4.164    4.164  1   34.164   34.164  1
  550.0  550.0  1    4.155    4.155  1   34.164   34.164  1
  552.0  552.0  1    4.154    4.154  1   34.163   34.163  1
  554.0  554.0  1    4.144    4.144  1   34.163   34.163  1
  556.0  556.0  1    4.133    4.133  1   34.162   34.162  1
  558.0  558.0  1    4.121    4.121  1   34.161   34.161  1
  560.0  560.0  1    4.118    4.118  1   34.160   34.160  1
  562.0  562.0  1    4.113    4.113  1   34.157   34.157  1
  564.0  564.0  1    4.013    4.013  1   34.152   34.152  1
  566.0  566.0  1    3.983    3.983  1   34.149   34.149  1
  568.0  568.0  1    3.952    3.952  1   34.146   34.146  1
  570.0  570.0  1    3.917    3.917  1   34.143   34.143  1
  572.0  572.0  1    3.893    3.893  1   34.141   34.141  1
  574.0  574.0  1    3.880    3.880  1   34.140   34.140  1
  576.0  576.0  1    3.867    3.867  1   34.138   34.138  1
  578.0  578.0  1    3.828    3.828  1   34.136   34.136  1
  580.0  580.0  1    3.816    3.816  1   34.134   34.134  1
  582.0  582.0  1    3.772    3.772  1   34.132   34.132  1
  584.0  584.0  1    3.695    3.695  1   34.129   34.129  1
  586.0  586.0  1    3.630    3.630  1   34.124   34.124  1
  588.0  588.0  1    3.529    3.529  1   34.117   34.117  1
  590.0  590.0  1    3.488    3.488  1   34.113   34.113  1
  592.0  592.0  1    3.460    3.460  1   34.111   34.111  1
  594.0  594.0  1    3.384    3.384  1   34.107   34.107  1
  596.0  596.0  1    3.364    3.364  1   34.118   34.118  1
  598.0  598.0  1    3.584    3.584  1   34.158   34.158  1
  600.0  600.0  1    3.740    3.740  1   34.187   34.187  1
  602.0  602.0  1    3.762    3.762  1   34.195   34.195  1
  604.1  604.1  1    3.756    3.756  1   34.204   34.204  1
  606.0  606.0  1    3.752    3.752  1   34.208   34.208  1
  608.0  608.0  1    3.756    3.756  1   34.211   34.211  1
  610.0  610.0  1    3.756    3.756  1   34.213   34.213  1
  612.0  612.0  1    3.756    3.756  1   34.215   34.215  1
  614.0  614.0  1    3.756    3.756  1   34.216   34.216  1
  616.0  616.0  1    3.752    3.752  1   34.217   34.217  1
  618.0  618.0  1    3.752    3.752  1   34.218   34.218  1
  620.0  620.0  1    3.750    3.750  1   34.219   34.219  1
  622.0  622.0  1    3.746    3.746  1   34.219   34.219  1
  624.0  624.0  1    3.734    3.734  1   34.220   34.220  1
  626.0  626.0  1    3.672    3.672  1   34.223   34.223  1
  628.0  628.0  1    3.580    3.580  1   34.215   34.215  1
  630.0  630.0  1    3.526    3.526  1   34.209   34.209  1
  632.0  632.0  1    3.434    3.434  1   34.200   34.200  1
  634.0  634.0  1    3.380    3.380  1   34.195   34.195  1
  636.0  636.0  1    3.340    3.340  1   34.193   34.193  1
  638.0  638.0  1    3.268    3.268  1   34.186   34.186  1
  640.0  640.0  1    3.224    3.224  1   34.181   34.181  1
  642.0  642.0  1    3.228    3.228  1   34.181   34.181  1
  644.0  644.0  1    3.172    3.172  1   34.176   34.176  1
  646.0  646.0  1    3.188    3.188  1   34.177   34.177  1
  648.0  648.0  1    3.154    3.154  1   34.173   34.173  1
  650.0  650.0  1    3.146    3.146  1   34.172   34.172  1
  652.0  652.0  1    3.166    3.166  1   34.173   34.173  1
  654.0  654.0  1    3.126    3.126  1   34.169   34.169  1
  656.0  656.0  1    3.114    3.114  1   34.168   34.168  1
  658.0  658.0  1    3.104    3.104  1   34.166   34.166  1
  660.0  660.0  1    3.079    3.079  1   34.164   34.164  1
  662.0  662.0  1    3.074    3.074  1   34.163   34.163  1
  664.0  664.0  1    3.070    3.070  1   34.164   34.164  1
  666.0  666.0  1    3.077    3.077  1   34.166   34.166  1
  668.0  668.0  1    3.093    3.093  1   34.169   34.169  1
  670.0  670.0  1    3.105    3.105  1   34.170   34.170  1
  672.0  672.0  1    3.101    3.101  1   34.169   34.169  1
  674.0  674.0  1    3.090    3.090  1   34.168   34.168  1
  676.0  676.0  1    3.093    3.093  1   34.168   34.168  1
  678.0  678.0  1    3.087    3.087  1   34.165   34.165  1
  680.0  680.0  1    2.970    2.970  1   34.155   34.155  1
  682.0  682.0  1    2.932    2.932  1   34.150   34.150  1
  684.0  684.0  1    2.919    2.919  1   34.150   34.150  1
  686.0  686.0  1    2.938    2.938  1   34.151   34.151  1
  688.0  688.0  1    2.893    2.893  1   34.148   34.148  1
  690.0  690.0  1    2.895    2.895  1   34.147   34.147  1
  692.0  692.0  1    2.886    2.886  1   34.146   34.146  1
  694.0  694.0  1    2.879    2.879  1   34.146   34.146  1
  696.0  696.0  1    2.879    2.879  1   34.145   34.145  1
  698.0  698.0  1    2.879    2.879  1   34.145   34.145  1
  700.0  700.0  1    2.866    2.866  1   34.144   34.144  1
  702.0  702.0  1    2.859    2.859  1   34.143   34.143  1
  704.0  704.0  1    2.849    2.849  1   34.142   34.142  1
  706.0  706.0  1    2.844    2.844  1   34.142   34.142  1
  708.0  708.0  1    2.852    2.852  1   34.142   34.142  1
  710.0  710.0  1    2.849    2.849  1   34.142   34.142  1
  712.0  712.0  1    2.857    2.857  1   34.141   34.141  1
  714.0  714.0  1    2.835    2.835  1   34.138   34.138  1
  716.0  716.0  1    2.762    2.762  1   34.132   34.132  1
  718.0  718.0  1    2.757    2.757  1   34.131   34.131  1
  720.0  720.0  1    2.759    2.759  1   34.131   34.131  1
  722.0  722.0  1    2.760    2.760  1   34.131   34.131  1
  724.0  724.0  1    2.750    2.750  1   34.131   34.131  1
  726.0  726.0  1    2.745    2.745  1   34.134   34.134  1
  728.0  728.0  1    2.752    2.752  1   34.136   34.136  1
  730.0  730.0  1    2.764    2.764  1   34.138   34.138  1
  732.0  732.0  1    2.776    2.776  1   34.141   34.141  1
  734.0  734.0  1    2.797    2.797  1   34.144   34.144  1
  736.0  736.0  1    2.810    2.810  1   34.146   34.146  1
  738.0  738.0  1    2.823    2.823  1   34.149   34.149  1
  740.0  740.0  1    2.821    2.821  1   34.149   34.149  1
  742.0  742.0  1    2.829    2.829  1   34.150   34.150  1
  744.0  744.0  1    2.847    2.847  1   34.153   34.153  1
  746.0  746.0  1    2.847    2.847  1   34.153   34.153  1
  748.0  748.0  1    2.844    2.844  1   34.153   34.153  1
  750.0  750.0  1    2.840    2.840  1   34.154   34.154  1
  752.0  752.0  1    2.826    2.826  1   34.155   34.155  1
  754.0  754.0  1    2.825    2.825  1   34.155   34.155  1
  756.0  756.0  1    2.825    2.825  1   34.156   34.156  1
  758.0  758.0  1    2.821    2.821  1   34.157   34.157  1
  760.0  760.0  1    2.825    2.825  1   34.161   34.161  1
  762.0  762.0  1    2.844    2.844  1   34.166   34.166  1
  764.0  764.0  1    2.871    2.871  1   34.173   34.173  1
  766.0  766.0  1    2.873    2.873  1   34.174   34.174  1
  768.0  768.0  1    2.887    2.887  1   34.177   34.177  1
  770.0  770.0  1    2.894    2.894  1   34.180   34.180  1
  772.0  772.0  1    2.920    2.920  1   34.187   34.187  1
  774.0  774.0  1    2.969    2.969  1   34.199   34.199  1
  776.0  776.0  1    2.992    2.992  1   34.203   34.203  1
  778.0  778.0  1    3.008    3.008  1   34.206   34.206  1
  780.0  780.0  1    3.065    3.065  1   34.216   34.216  1
  782.0  782.0  1    3.081    3.081  1   34.219   34.219  1
  784.0  784.0  1    3.093    3.093  1   34.221   34.221  1
  786.0  786.0  1    3.121    3.121  1   34.226   34.226  1
  788.0  788.0  1    3.162    3.162  1   34.233   34.233  1
  790.0  790.0  1    3.171    3.171  1   34.238   34.238  1
  792.0  792.0  1    3.174    3.174  1   34.242   34.242  1
  794.0  794.0  1    3.179    3.179  1   34.245   34.245  1
  796.0  796.0  1    3.175    3.175  1   34.246   34.246  1
  798.0  798.0  1    3.156    3.156  1   34.248   34.248  1
  800.0  800.0  1    3.135    3.135  1   34.252   34.252  1
  802.0  802.0  1    3.145    3.145  1   34.256   34.256  1
  804.0  804.0  1    3.155    3.155  1   34.260   34.260  1
  806.0  806.0  1    3.157    3.157  1   34.263   34.263  1
  808.0  808.0  1    3.152    3.152  1   34.264   34.264  1
  810.0  810.0  1    3.149    3.149  1   34.265   34.265  1
  812.0  812.0  1    3.149    3.149  1   34.264   34.264  1
  814.0  814.0  1    3.157    3.157  1   34.267   34.267  1
  816.0  816.0  1    3.162    3.162  1   34.269   34.269  1
  818.0  818.0  1    3.165    3.165  1   34.273   34.273  1
  820.0  820.0  1    3.154    3.154  1   34.276   34.276  1
  822.0  822.0  1    3.145    3.145  1   34.278   34.278  1
  824.0  824.0  1    3.142    3.142  1   34.279   34.279  1
  826.0  826.0  1    3.138    3.138  1   34.281   34.281  1
  828.0  828.0  1    3.134    3.134  1   34.282   34.282  1
  830.0  830.0  1    3.134    3.134  1   34.283   34.283  1
  832.0  832.0  1    3.135    3.135  1   34.284   34.284  1
  834.0  834.0  1    3.137    3.137  1   34.285   34.285  1
  836.0  836.0  1    3.144    3.144  1   34.288   34.288  1
  838.0  838.0  1    3.146    3.146  1   34.290   34.290  1
  840.0  840.0  1    3.146    3.146  1   34.292   34.292  1
  842.0  842.0  1    3.142    3.142  1   34.296   34.296  1
  844.0  844.0  1    3.135    3.135  1   34.302   34.302  1
  846.0  846.0  1    3.132    3.132  1   34.306   34.306  1
  848.0  848.0  1    3.129    3.129  1   34.310   34.310  1
  850.0  850.0  1    3.125    3.125  1   34.313   34.313  1
  852.0  852.0  1    3.117    3.117  1   34.320   34.320  1
  854.0  854.0  1    3.113    3.113  1   34.322   34.322  1
  856.0  856.0  1    3.104    3.104  1   34.324   34.324  1
  858.0  858.0  1    3.099    3.099  1   34.326   34.326  1
  860.0  860.0  1    3.093    3.093  1   34.329   34.329  1
  862.0  862.0  1    3.092    3.092  1   34.330   34.330  1
  864.0  864.0  1    3.092    3.092  1   34.331   34.331  1
  866.0  866.0  1    3.091    3.091  1   34.332   34.332  1
  868.0  868.0  1    3.092    3.092  1   34.332   34.332  1
  870.0  870.0  1    3.092    3.092  1   34.332   34.332  1
  872.0  872.0  1    3.091    3.091  1   34.333   34.333  1
  874.0  874.0  1    3.090    3.090  1   34.334   34.334  1
  876.0  876.0  1    3.089    3.089  1   34.334   34.334  1
  878.0  878.0  1    3.087    3.087  1   34.335   34.335  1
  880.0  880.0  1    3.087    3.087  1   34.335   34.335  1
  882.0  882.0  1    3.086    3.086  1   34.336   34.336  1
  884.0  884.0  1    3.086    3.086  1   34.336   34.336  1
  886.0  886.0  1    3.084    3.084  1   34.339   34.339  1
  888.0  888.0  1    3.080    3.080  1   34.345   34.345  1
  890.0  890.0  1    3.075    3.075  1   34.348   34.348  1
  892.0  892.0  1    3.072    3.072  1   34.350   34.350  1
  894.0  894.0  1    3.070    3.070  1   34.351   34.351  1
  896.0  896.0  1    3.068    3.068  1   34.351   34.351  1
  898.0  898.0  1    3.066    3.066  1   34.352   34.352  1
  900.0  900.0  1    3.065    3.065  1   34.352   34.352  1
  902.0  902.0  1    3.064    3.064  1   34.353   34.353  1
  904.0  904.0  1    3.063    3.063  1   34.354   34.354  1
  906.0  906.0  1    3.062    3.062  1   34.354   34.354  1
  908.0  908.0  1    3.061    3.061  1   34.355   34.355  1
  910.0  910.0  1    3.061    3.061  1   34.355   34.355  1
  912.0  912.0  1    3.059    3.059  1   34.357   34.357  1
  914.0  914.0  1    3.058    3.058  1   34.358   34.358  1
  916.0  916.0  1    3.058    3.058  1   34.358   34.358  1
  918.0  918.0  1    3.057    3.057  1   34.359   34.359  1
  920.0  920.0  1    3.057    3.057  1   34.359   34.359  1
  922.0  922.0  1    3.057    3.057  1   34.360   34.360  1
  924.0  924.0  1    3.057    3.057  1   34.360   34.360  1
  926.0  926.0  1    3.057    3.057  1   34.360   34.360  1
  928.0  928.0  1    3.056    3.056  1   34.361   34.361  1
  930.0  930.0  1    3.053    3.053  1   34.364   34.364  1
  932.0  932.0  1    3.052    3.052  1   34.366   34.366  1
  934.0  934.0  1    3.051    3.051  1   34.366   34.366  1
  936.0  936.0  1    3.050    3.050  1   34.368   34.368  1
  938.0  938.0  1    3.049    3.049  1   34.368   34.368  1
  940.0  940.0  1    3.049    3.049  1   34.369   34.369  1
  942.0  942.0  1    3.048    3.048  1   34.369   34.369  1
  944.0  944.0  1    3.047    3.047  1   34.369   34.369  1
  946.0  946.0  1    3.045    3.045  1   34.371   34.371  1
  948.0  948.0  1    3.043    3.043  1   34.372   34.372  1
  950.0  950.0  1    3.041    3.041  1   34.373   34.373  1
  952.0  952.0  1    3.040    3.040  1   34.374   34.374  1
  954.0  954.0  1    3.037    3.037  1   34.376   34.376  1
  956.0  956.0  1    3.034    3.034  1   34.377   34.377  1
  958.0  958.0  1    3.034    3.034  1   34.377   34.377  1
  960.0  960.0  1    3.033    3.033  1   34.378   34.378  1
  962.0  962.0  1    3.031    3.031  1   34.379   34.379  1
  964.0  964.0  1    3.030    3.030  1   34.379   34.379  1
  966.0  966.0  1    3.030    3.030  1   34.379   34.379  1
  968.0  968.0  1    3.028    3.028  1   34.380   34.380  1
  970.0  970.0  1    3.027    3.027  1   34.380   34.380  1
  972.0  972.0  1    3.023    3.023  1   34.382   34.382  1
  974.0  974.0  1    3.019    3.019  1   34.383   34.383  1
  976.0  976.0  1    3.020    3.020  1   34.383   34.383  1
  978.0  978.0  1    3.019    3.019  1   34.384   34.384  1
  980.0  980.0  1    3.016    3.016  1   34.384   34.384  1
  981.9  981.9  1    3.010    3.010  1   34.386   34.386  1
  984.0  984.0  1    3.003    3.003  1   34.389   34.389  1
  986.0  986.0  1    2.999    2.999  1   34.390   34.390  1
  988.0  988.0  1    2.995    2.995  1   34.392   34.392  1
  990.0  990.0  1    2.993    2.993  1   34.392   34.392  1
  992.0  992.0  1    2.992    2.992  1   34.393   34.393  1
  994.0  994.0  1    2.989    2.989  1   34.394   34.394  1
  996.0  996.0  1    2.986    2.986  1   34.394   34.394  1
  998.0  998.0  1    2.984    2.984  1   34.395   34.395  1
 1000.0 1000.0  1    2.979    2.979  1   34.396   34.396  1
 1002.0 1002.0  1    2.976    2.976  1   34.396   34.396  1
 1004.0 1004.0  1    2.975    2.975  1   34.396   34.396  1
 1006.0 1006.0  1    2.972    2.972  1   34.397   34.397  1
 1008.0 1008.0  1    2.967    2.967  1   34.398   34.398  1
 1010.0 1010.0  1    2.963    2.963  1   34.399   34.399  1
 1012.0 1012.0  1    2.953    2.953  1   34.401   34.401  1
 1014.0 1014.0  1    2.947    2.947  1   34.403   34.403  1
 1016.0 1016.0  1    2.945    2.945  1   34.403   34.403  1
 1018.0 1018.0  1    2.944    2.944  1   34.404   34.404  1
 1020.0 1020.0  1    2.944    2.944  1   34.404   34.404  1
 1022.0 1022.0  1    2.943    2.943  1   34.404   34.404  1
 1024.0 1024.0  1    2.941    2.941  1   34.404   34.404  1
 1026.0 1026.0  1    2.941    2.941  1   34.404   34.404  1
 1028.0 1028.0  1    2.940    2.940  1   34.405   34.405  1
 1030.0 1030.0  1    2.940    2.940  1   34.405   34.405  1
 1032.0 1032.0  1    2.939    2.939  1   34.406   34.406  1
 1034.0 1034.0  1    2.936    2.936  1   34.407   34.407  1
 1036.0 1036.0  1    2.937    2.937  1   34.407   34.407  1
 1038.0 1038.0  1    2.936    2.936  1   34.407   34.407  1
 1040.0 1040.0  1    2.933    2.933  1   34.408   34.408  1
 1042.0 1042.0  1    2.930    2.930  1   34.409   34.409  1
 1044.0 1044.0  1    2.926    2.926  1   34.410   34.410  1
 1046.0 1046.0  1    2.923    2.923  1   34.411   34.411  1
 1048.0 1048.0  1    2.921    2.921  1   34.411   34.411  1
 1050.0 1050.0  1    2.919    2.919  1   34.411   34.411  1
 1052.0 1052.0  1    2.917    2.917  1   34.412   34.412  1
 1054.0 1054.0  1    2.917    2.917  1   34.412   34.412  1
 1056.0 1056.0  1    2.915    2.915  1   34.412   34.412  1
 1058.0 1058.0  1    2.913    2.913  1   34.413   34.413  1
 1060.0 1060.0  1    2.910    2.910  1   34.414   34.414  1
 1061.9 1061.9  1    2.905    2.905  1   34.414   34.414  1
 1064.0 1064.0  1    2.890    2.890  1   34.418   34.418  1
 1066.0 1066.0  1    2.879    2.879  1   34.421   34.421  1
 1068.0 1068.0  1    2.865    2.865  1   34.424   34.424  1
 1070.0 1070.0  1    2.851    2.851  1   34.429   34.429  1
 1072.0 1072.0  1    2.847    2.847  1   34.430   34.430  1
 1074.0 1074.0  1    2.845    2.845  1   34.430   34.430  1
 1076.0 1076.0  1    2.840    2.840  1   34.432   34.432  1
 1078.0 1078.0  1    2.823    2.823  1   34.437   34.437  1
 1080.0 1080.0  1    2.809    2.809  1   34.439   34.439  1
 1082.0 1082.0  1    2.804    2.804  1   34.440   34.440  1
 1084.0 1084.0  1    2.798    2.798  1   34.440   34.440  1
 1086.0 1086.0  1    2.795    2.795  1   34.441   34.441  1
 1088.0 1088.0  1    2.792    2.792  1   34.441   34.441  1
 1090.0 1090.0  1    2.790    2.790  1   34.441   34.441  1
 1092.0 1092.0  1    2.787    2.787  1   34.442   34.442  1
 1094.0 1094.0  1    2.786    2.786  1   34.442   34.442  1
 1096.0 1096.0  1    2.781    2.781  1   34.443   34.443  1
 1098.0 1098.0  1    2.777    2.777  1   34.443   34.443  1
 1100.0 1100.0  1    2.775    2.775  1   34.443   34.443  1
 1102.0 1102.0  1    2.769    2.769  1   34.444   34.444  1
 1104.0 1104.0  1    2.766    2.766  1   34.444   34.444  1
 1106.0 1106.0  1    2.762    2.762  1   34.445   34.445  1
 1108.0 1108.0  1    2.756    2.756  1   34.445   34.445  1
 1110.0 1110.0  1    2.751    2.751  1   34.446   34.446  1
 1112.0 1112.0  1    2.749    2.749  1   34.446   34.446  1
 1114.0 1114.0  1    2.745    2.745  1   34.447   34.447  1
 1116.0 1116.0  1    2.740    2.740  1   34.448   34.448  1
 1118.0 1118.0  1    2.738    2.738  1   34.448   34.448  1
 1120.0 1120.0  1    2.737    2.737  1   34.448   34.448  1
 1122.0 1122.0  1    2.732    2.732  1   34.449   34.449  1
 1124.0 1124.0  1    2.726    2.726  1   34.450   34.450  1
 1126.0 1126.0  1    2.724    2.724  1   34.450   34.450  1
 1128.0 1128.0  1    2.724    2.724  1   34.450   34.450  1
 1130.0 1130.0  1    2.722    2.722  1   34.450   34.450  1
 1132.0 1132.0  1    2.719    2.719  1   34.451   34.451  1
 1134.0 1134.0  1    2.720    2.720  1   34.450   34.450  1
 1136.0 1136.0  1    2.720    2.720  1   34.450   34.450  1
 1138.0 1138.0  1    2.720    2.720  1   34.450   34.450  1
 1140.0 1140.0  1    2.718    2.718  1   34.451   34.451  1
 1142.0 1142.0  1    2.718    2.718  1   34.451   34.451  1
 1144.0 1144.0  1    2.714    2.714  1   34.452   34.452  1
 1146.0 1146.0  1    2.712    2.712  1   34.452   34.452  1
 1148.0 1148.0  1    2.708    2.708  1   34.453   34.453  1
 1150.0 1150.0  1    2.707    2.707  1   34.453   34.453  1
 1152.0 1152.0  1    2.707    2.707  1   34.453   34.453  1
 1154.0 1154.0  1    2.707    2.707  1   34.453   34.453  1
 1156.0 1156.0  1    2.705    2.705  1   34.454   34.454  1
 1158.0 1158.0  1    2.703    2.703  1   34.454   34.454  1
 1160.0 1160.0  1    2.702    2.702  1   34.455   34.455  1
 1162.0 1162.0  1    2.700    2.700  1   34.455   34.455  1
 1164.0 1164.0  1    2.698    2.698  1   34.456   34.456  1
 1166.0 1166.0  1    2.696    2.696  1   34.456   34.456  1
 1168.0 1168.0  1    2.695    2.695  1   34.456   34.456  1
 1170.0 1170.0  1    2.690    2.690  1   34.457   34.457  1
 1172.0 1172.0  1    2.676    2.676  1   34.462   34.462  1
 1174.0 1174.0  1    2.669    2.669  1   34.464   34.464  1
 1176.0 1176.0  1    2.664    2.664  1   34.466   34.466  1
 1178.0 1178.0  1    2.662    2.662  1   34.467   34.467  1
 1180.0 1180.0  1    2.660    2.660  1   34.468   34.468  1
 1182.0 1182.0  1    2.659    2.659  1   34.468   34.468  1
 1184.0 1184.0  1    2.656    2.656  1   34.470   34.470  1
 1186.0 1186.0  1    2.654    2.654  1   34.471   34.471  1
 1188.0 1188.0  1    2.652    2.652  1   34.473   34.473  1
 1190.0 1190.0  1    2.651    2.651  1   34.474   34.474  1
 1192.0 1192.0  1    2.650    2.650  1   34.474   34.474  1
 1194.0 1194.0  1    2.650    2.650  1   34.474   34.474  1
 1196.0 1196.0  1    2.650    2.650  1   34.475   34.475  1
 1198.0 1198.0  1    2.649    2.649  1   34.476   34.476  1
 1200.0 1200.0  1    2.648    2.648  1   34.476   34.476  1
 1202.0 1202.0  1    2.647    2.647  1   34.477   34.477  1
 1204.0 1204.0  1    2.647    2.647  1   34.477   34.477  1
 1206.0 1206.0  1    2.645    2.645  1   34.479   34.479  1
 1208.0 1208.0  1    2.644    2.644  1   34.479   34.479  1
 1210.0 1210.0  1    2.644    2.644  1   34.479   34.479  1
 1212.0 1212.0  1    2.643    2.643  1   34.481   34.481  1
 1214.0 1214.0  1    2.643    2.643  1   34.481   34.481  1
 1216.0 1216.0  1    2.642    2.642  1   34.482   34.482  1
 1218.0 1218.0  1    2.641    2.641  1   34.483   34.483  1
 1220.0 1220.0  1    2.641    2.641  1   34.483   34.483  1
 1222.0 1222.0  1    2.641    2.641  1   34.484   34.484  1
 1224.0 1224.0  1    2.641    2.641  1   34.484   34.484  1
 1226.0 1226.0  1    2.641    2.641  1   34.484   34.484  1
 1228.0 1228.0  1    2.641    2.641  1   34.484   34.484  1
 1230.0 1230.0  1    2.640    2.640  1   34.485   34.485  1
 1232.0 1232.0  1    2.639    2.639  1   34.486   34.486  1
 1234.0 1234.0  1    2.639    2.639  1   34.486   34.486  1
 1236.0 1236.0  1    2.638    2.638  1   34.490   34.490  1
 1238.0 1238.0  1    2.636    2.636  1   34.495   34.495  1
 1240.0 1240.0  1    2.634    2.634  1   34.498   34.498  1
 1242.0 1242.0  1    2.632    2.632  1   34.501   34.501  1
 1244.0 1244.0  1    2.626    2.626  1   34.504   34.504  1
 1246.0 1246.0  1    2.621    2.621  1   34.506   34.506  1
 1248.0 1248.0  1    2.620    2.620  1   34.506   34.506  1
 1250.0 1250.0  1    2.618    2.618  1   34.508   34.508  1
 1252.0 1252.0  1    2.618    2.618  1   34.508   34.508  1
 1254.0 1254.0  1    2.614    2.614  1   34.510   34.510  1
 1256.0 1256.0  1    2.610    2.610  1   34.511   34.511  1
 1258.0 1258.0  1    2.610    2.610  1   34.512   34.512  1
 1260.0 1260.0  1    2.607    2.607  1   34.514   34.514  1
 1262.0 1262.0  1    2.607    2.607  1   34.515   34.515  1
 1264.0 1264.0  1    2.606    2.606  1   34.515   34.515  1
 1266.0 1266.0  1    2.604    2.604  1   34.516   34.516  1
 1268.0 1268.0  1    2.603    2.603  1   34.517   34.517  1
 1270.0 1270.0  1    2.603    2.603  1   34.518   34.518  1
 1272.0 1272.0  1    2.603    2.603  1   34.519   34.519  1
 1274.0 1274.0  1    2.603    2.603  1   34.519   34.519  1
 1276.0 1276.0  1    2.603    2.603  1   34.519   34.519  1
 1278.0 1278.0  1    2.602    2.602  1   34.519   34.519  1
 1280.0 1280.0  1    2.599    2.599  1   34.521   34.521  1
 1282.0 1282.0  1    2.594    2.594  1   34.524   34.524  1
 1284.0 1284.0  1    2.586    2.586  1   34.528   34.528  1
 1286.0 1286.0  1    2.584    2.584  1   34.529   34.529  1
 1288.0 1288.0  1    2.583    2.583  1   34.530   34.530  1
 1290.0 1290.0  1    2.579    2.579  1   34.531   34.531  1
 1292.0 1292.0  1    2.578    2.578  1   34.531   34.531  1
 1294.0 1294.0  1    2.575    2.575  1   34.532   34.532  1
 1296.0 1296.0  1    2.571    2.571  1   34.533   34.533  1
 1298.0 1298.0  1    2.570    2.570  1   34.533   34.533  1
 1300.0 1300.0  1    2.569    2.569  1   34.533   34.533  1
 1302.0 1302.0  1    2.567    2.567  1   34.534   34.534  1
 1304.0 1304.0  1    2.565    2.565  1   34.535   34.535  1
 1306.0 1306.0  1    2.565    2.565  1   34.535   34.535  1
 1308.0 1308.0  1    2.565    2.565  1   34.535   34.535  1
 1310.0 1310.0  1    2.564    2.564  1   34.536   34.536  1
 1312.0 1312.0  1    2.562    2.562  1   34.537   34.537  1
 1314.0 1314.0  1    2.562    2.562  1   34.537   34.537  1
 1316.0 1316.0  1    2.561    2.561  1   34.537   34.537  1
 1318.0 1318.0  1    2.560    2.560  1   34.538   34.538  1
 1320.0 1320.0  1    2.557    2.557  1   34.540   34.540  1
 1322.0 1322.0  1    2.556    2.556  1   34.540   34.540  1
 1324.0 1324.0  1    2.554    2.554  1   34.541   34.541  1
 1326.0 1326.0  1    2.554    2.554  1   34.541   34.541  1
 1328.0 1328.0  1    2.554    2.554  1   34.542   34.542  1
 1330.0 1330.0  1    2.553    2.553  1   34.542   34.542  1
 1332.0 1332.0  1    2.553    2.553  1   34.542   34.542  1
 1334.0 1334.0  1    2.552    2.552  1   34.543   34.543  1
 1336.0 1336.0  1    2.551    2.551  1   34.543   34.543  1
 1338.0 1338.0  1    2.545    2.545  1   34.545   34.545  1
 1340.0 1340.0  1    2.543    2.543  1   34.546   34.546  1
 1342.0 1342.0  1    2.540    2.540  1   34.547   34.547  1
 1344.0 1344.0  1    2.534    2.534  1   34.550   34.550  1
 1346.0 1346.0  1    2.530    2.530  1   34.553   34.553  1
 1348.0 1348.0  1    2.528    2.528  1   34.554   34.554  1
 1350.0 1350.0  1    2.526    2.526  1   34.556   34.556  1
 1352.0 1352.0  1    2.522    2.522  1   34.558   34.558  1
 1354.0 1354.0  1    2.520    2.520  1   34.559   34.559  1
 1356.0 1356.0  1    2.520    2.520  1   34.560   34.560  1
 1358.0 1358.0  1    2.519    2.519  1   34.560   34.560  1
 1360.0 1360.0  1    2.518    2.518  1   34.561   34.561  1
 1362.0 1362.0  1    2.517    2.517  1   34.562   34.562  1
 1364.0 1364.0  1    2.516    2.516  1   34.564   34.564  1
 1366.0 1366.0  1    2.512    2.512  1   34.566   34.566  1
 1368.0 1368.0  1    2.508    2.508  1   34.567   34.567  1
 1370.0 1370.0  1    2.506    2.506  1   34.568   34.568  1
 1372.0 1372.0  1    2.505    2.505  1   34.568   34.568  1
 1374.0 1374.0  1    2.504    2.504  1   34.569   34.569  1
 1376.0 1376.0  1    2.503    2.503  1   34.569   34.569  1
 1378.0 1378.0  1    2.500    2.500  1   34.570   34.570  1
 1380.0 1380.0  1    2.499    2.499  1   34.571   34.571  1
 1382.0 1382.0  1    2.498    2.498  1   34.572   34.572  1
 1384.0 1384.0  1    2.496    2.496  1   34.573   34.573  1
 1386.0 1386.0  1    2.494    2.494  1   34.574   34.574  1
 1388.0 1388.0  1    2.491    2.491  1   34.575   34.575  1
 1390.0 1390.0  1    2.490    2.490  1   34.576   34.576  1
 1392.0 1392.0  1    2.490    2.490  1   34.576   34.576  1
 1394.0 1394.0  1    2.489    2.489  1   34.577   34.577  1
 1396.0 1396.0  1    2.487    2.487  1   34.578   34.578  1
 1398.0 1398.0  1    2.485    2.485  1   34.579   34.579  1
 1400.0 1400.0  1    2.484    2.484  1   34.580   34.580  1
 1402.0 1402.0  1    2.484    2.484  1   34.580   34.580  1
 1404.0 1404.0  1    2.484    2.484  1   34.580   34.580  1
 1406.0 1406.0  1    2.485    2.485  1   34.580   34.580  1
 1408.0 1408.0  1    2.485    2.485  1   34.580   34.580  1
 1410.0 1410.0  1    2.485    2.485  1   34.580   34.580  1
 1412.0 1412.0  1    2.485    2.485  1   34.580   34.580  1
 1414.0 1414.0  1    2.485    2.485  1   34.580   34.580  1
 1416.0 1416.0  1    2.485    2.485  1   34.580   34.580  1
 1418.0 1418.0  1    2.485    2.485  1   34.580   34.580  1
 1420.0 1420.0  1    2.484    2.484  1   34.580   34.580  1
 1422.0 1422.0  1    2.484    2.484  1   34.580   34.580  1
 1424.0 1424.0  1    2.482    2.482  1   34.582   34.582  1
 1426.0 1426.0  1    2.481    2.481  1   34.582   34.582  1
 1428.0 1428.0  1    2.477    2.477  1   34.585   34.585  1
 1430.0 1430.0  1    2.474    2.474  1   34.586   34.586  1
 1432.0 1432.0  1    2.473    2.473  1   34.587   34.587  1
 1434.0 1434.0  1    2.470    2.470  1   34.589   34.589  1
 1436.0 1436.0  1    2.467    2.467  1   34.591   34.591  1
 1438.0 1438.0  1    2.465    2.465  1   34.591   34.591  1
 1440.0 1440.0  1    2.465    2.465  1   34.592   34.592  1
 1442.0 1442.0  1    2.465    2.465  1   34.592   34.592  1
 1444.0 1444.0  1    2.465    2.465  1   34.592   34.592  1
 1446.0 1446.0  1    2.465    2.465  1   34.592   34.592  1
 1448.0 1448.0  1    2.464    2.464  1   34.593   34.593  1
 1450.0 1450.0  1    2.462    2.462  1   34.593   34.593  1
 1452.0 1452.0  1    2.461    2.461  1   34.594   34.594  1
 1454.0 1454.0  1    2.460    2.460  1   34.594   34.594  1
 1456.0 1456.0  1    2.460    2.460  1   34.595   34.595  1
 1458.0 1458.0  1    2.456    2.456  1   34.596   34.596  1
 1460.0 1460.0  1    2.454    2.454  1   34.598   34.598  1
 1462.0 1462.0  1    2.454    2.454  1   34.598   34.598  1
 1464.0 1464.0  1    2.454    2.454  1   34.598   34.598  1
 1466.0 1466.0  1    2.454    2.454  1   34.598   34.598  1
 1468.0 1468.0  1    2.454    2.454  1   34.598   34.598  1
 1470.0 1470.0  1    2.454    2.454  1   34.598   34.598  1
 1472.0 1472.0  1    2.454    2.454  1   34.598   34.598  1
 1474.0 1474.0  1    2.452    2.452  1   34.599   34.599  1
 1476.0 1476.0  1    2.451    2.451  1   34.599   34.599  1
 1478.0 1478.0  1    2.450    2.450  1   34.600   34.600  1
 1480.0 1480.0  1    2.448    2.448  1   34.600   34.600  1
 1482.0 1482.0  1    2.437    2.437  1   34.605   34.605  1
 1484.0 1484.0  1    2.433    2.433  1   34.607   34.607  1
 1486.0 1486.0  1    2.433    2.433  1   34.607   34.607  1
 1488.0 1488.0  1    2.433    2.433  1   34.606   34.606  1
 1490.0 1490.0  1    2.430    2.430  1   34.606   34.606  1
 1492.0 1492.0  1    2.430    2.430  1   34.606   34.606  1
 1494.0 1494.0  1    2.430    2.430  1   34.605   34.605  1
 1496.0 1496.0  1    2.429    2.429  1   34.609   34.609  1
 1498.0 1498.0  1    2.429    2.429  1   34.610   34.610  1
 1500.0 1500.0  1    2.428    2.428  1   34.611   34.611  1
 1502.0 1502.0  1    2.428    2.428  1   34.611   34.611  1
 1504.0 1504.0  1    2.427    2.427  1   34.611   34.611  1
 1506.0 1506.0  1    2.426    2.426  1   34.612   34.612  1
 1508.0 1508.0  1    2.425    2.425  1   34.612   34.612  1
 1510.0 1510.0  1    2.425    2.425  1   34.612   34.612  1
 1512.0 1512.0  1    2.423    2.423  1   34.613   34.613  1
 1514.0 1514.0  1    2.422    2.422  1   34.614   34.614  1
 1516.0 1516.0  1    2.418    2.418  1   34.615   34.615  1
 1518.0 1518.0  1    2.417    2.417  1   34.616   34.616  1
 1520.0 1520.0  1    2.415    2.415  1   34.617   34.617  1
 1522.0 1522.0  1    2.415    2.415  1   34.617   34.617  1
 1524.0 1524.0  1    2.415    2.415  1   34.617   34.617  1
 1526.0 1526.0  1    2.409    2.409  1   34.620   34.620  1
 1528.0 1528.0  1    2.404    2.404  1   34.622   34.622  1
 1530.0 1530.0  1    2.403    2.403  1   34.622   34.622  1
 1532.0 1532.0  1    2.400    2.400  1   34.624   34.624  1
 1534.0 1534.0  1    2.398    2.398  1   34.625   34.625  1
 1536.0 1536.0  1    2.396    2.396  1   34.626   34.626  1
 1538.0 1538.0  1    2.392    2.392  1   34.627   34.627  1
 1540.0 1540.0  1    2.392    2.392  1   34.627   34.627  1
 1542.0 1542.0  1    2.391    2.391  1   34.627   34.627  1
 1544.0 1544.0  1    2.391    2.391  1   34.627   34.627  1
 1546.0 1546.0  1    2.389    2.389  1   34.628   34.628  1
 1548.0 1548.0  1    2.376    2.376  1   34.633   34.633  1
 1550.0 1550.0  1    2.372    2.372  1   34.634   34.634  1
 1552.0 1552.0  1    2.369    2.369  1   34.635   34.635  1
 1554.0 1554.0  1    2.367    2.367  1   34.636   34.636  1
 1556.0 1556.0  1    2.366    2.366  1   34.636   34.636  1
 1558.0 1558.0  1    2.365    2.365  1   34.637   34.637  1
 1560.0 1560.0  1    2.362    2.362  1   34.638   34.638  1
 1562.0 1562.0  1    2.363    2.363  1   34.638   34.638  1
 1564.0 1564.0  1    2.362    2.362  1   34.638   34.638  1
 1566.0 1566.0  1    2.362    2.362  1   34.638   34.638  1
 1568.0 1568.0  1    2.361    2.361  1   34.639   34.639  1
 1570.0 1570.0  1    2.361    2.361  1   34.639   34.639  1
 1572.0 1572.0  1    2.361    2.361  1   34.639   34.639  1
 1574.0 1574.0  1    2.361    2.361  1   34.639   34.639  1
 1576.0 1576.0  1    2.360    2.360  1   34.639   34.639  1
 1578.0 1578.0  1    2.359    2.359  1   34.640   34.640  1
 1580.0 1580.0  1    2.358    2.358  1   34.640   34.640  1
 1582.0 1582.0  1    2.358    2.358  1   34.640   34.640  1
 1584.0 1584.0  1    2.357    2.357  1   34.640   34.640  1
 1586.0 1586.0  1    2.357    2.357  1   34.640   34.640  1
 1588.0 1588.0  1    2.357    2.357  1   34.641   34.641  1
 1590.0 1590.0  1    2.356    2.356  1   34.641   34.641  1
 1592.0 1592.0  1    2.356    2.356  1   34.641   34.641  1
 1594.0 1594.0  1    2.356    2.356  1   34.641   34.641  1
 1596.0 1596.0  1    2.356    2.356  1   34.641   34.641  1
 1598.0 1598.0  1    2.356    2.356  1   34.641   34.641  1
 1600.0 1600.0  1    2.356    2.356  1   34.641   34.641  1
 1602.0 1602.0  1    2.356    2.356  1   34.641   34.641  1
 1604.0 1604.0  1    2.356    2.356  1   34.642   34.642  1
 1606.0 1606.0  1    2.356    2.356  1   34.642   34.642  1
 1608.0 1608.0  1    2.356    2.356  1   34.642   34.642  1
 1610.0 1610.0  1    2.356    2.356  1   34.642   34.642  1
 1612.0 1612.0  1    2.356    2.356  1   34.642   34.642  1
 1614.0 1614.0  1    2.356    2.356  1   34.642   34.642  1
 1616.0 1616.0  1    2.356    2.356  1   34.642   34.642  1
 1618.0 1618.0  1    2.356    2.356  1   34.642   34.642  1
 1620.0 1620.0  1    2.355    2.355  1   34.642   34.642  1
 1622.0 1622.0  1    2.355    2.355  1   34.642   34.642  1
 1624.0 1624.0  1    2.355    2.355  1   34.643   34.643  1
 1626.0 1626.0  1    2.355    2.355  1   34.643   34.643  1
 1628.0 1628.0  1    2.355    2.355  1   34.643   34.643  1
 1630.0 1630.0  1    2.354    2.354  1   34.643   34.643  1
 1632.0 1632.0  1    2.354    2.354  1   34.643   34.643  1
 1634.0 1634.0  1    2.353    2.353  1   34.643   34.643  1
 1636.0 1636.0  1    2.353    2.353  1   34.643   34.643  1
 1638.0 1638.0  1    2.351    2.351  1   34.644   34.644  1
 1640.0 1640.0  1    2.351    2.351  1   34.644   34.644  1
 1642.0 1642.0  1    2.349    2.349  1   34.645   34.645  1
 1644.0 1644.0  1    2.349    2.349  1   34.645   34.645  1
 1646.0 1646.0  1    2.349    2.349  1   34.645   34.645  1
 1648.0 1648.0  1    2.349    2.349  1   34.645   34.645  1
 1650.0 1650.0  1    2.349    2.349  1   34.645   34.645  1
 1652.0 1652.0  1    2.349    2.349  1   34.645   34.645  1
 1654.0 1654.0  1    2.349    2.349  1   34.645   34.645  1
 1656.0 1656.0  1    2.349    2.349  1   34.645   34.645  1
 1658.0 1658.0  1    2.349    2.349  1   34.645   34.645  1
 1660.0 1660.0  1    2.347    2.347  1   34.646   34.646  1
 1662.0 1662.0  1    2.346    2.346  1   34.646   34.646  1
 1664.0 1664.0  1    2.346    2.346  1   34.647   34.647  1
 1666.0 1666.0  1    2.345    2.345  1   34.647   34.647  1
 1668.0 1668.0  1    2.344    2.344  1   34.647   34.647  1
 1670.0 1670.0  1    2.343    2.343  1   34.647   34.647  1
 1672.0 1672.0  1    2.334    2.334  1   34.650   34.650  1
 1674.0 1674.0  1    2.332    2.332  1   34.651   34.651  1
 1676.0 1676.0  1    2.329    2.329  1   34.652   34.652  1
 1678.0 1678.0  1    2.327    2.327  1   34.653   34.653  1
 1680.0 1680.0  1    2.326    2.326  1   34.653   34.653  1
 1682.0 1682.0  1    2.326    2.326  1   34.653   34.653  1
 1684.0 1684.0  1    2.326    2.326  1   34.653   34.653  1
 1686.0 1686.0  1    2.325    2.325  1   34.654   34.654  1
 1688.0 1688.0  1    2.325    2.325  1   34.654   34.654  1
 1690.0 1690.0  1    2.323    2.323  1   34.654   34.654  1
 1692.0 1692.0  1    2.323    2.323  1   34.654   34.654  1
 1694.0 1694.0  1    2.323    2.323  1   34.654   34.654  1
 1696.0 1696.0  1    2.323    2.323  1   34.655   34.655  1
 1698.0 1698.0  1    2.323    2.323  1   34.655   34.655  1
 1700.0 1700.0  1    2.323    2.323  1   34.655   34.655  1
 1702.0 1702.0  1    2.322    2.322  1   34.655   34.655  1
 1704.0 1704.0  1    2.322    2.322  1   34.655   34.655  1
 1706.0 1706.0  1    2.321    2.321  1   34.656   34.656  1
 1708.0 1708.0  1    2.321    2.321  1   34.656   34.656  1
 1710.0 1710.0  1    2.320    2.320  1   34.656   34.656  1
 1712.0 1712.0  1    2.319    2.319  1   34.656   34.656  1
 1714.0 1714.0  1    2.318    2.318  1   34.657   34.657  1
 1716.0 1716.0  1    2.318    2.318  1   34.657   34.657  1
 1718.0 1718.0  1    2.319    2.319  1   34.656   34.656  1
 1720.0 1720.0  1    2.318    2.318  1   34.657   34.657  1
 1722.0 1722.0  1    2.316    2.316  1   34.657   34.657  1
 1724.0 1724.0  1    2.314    2.314  1   34.658   34.658  1
 1726.0 1726.0  1    2.310    2.310  1   34.659   34.659  1
 1728.0 1728.0  1    2.307    2.307  1   34.660   34.660  1
 1730.0 1730.0  1    2.304    2.304  1   34.661   34.661  1
 1732.0 1732.0  1    2.301    2.301  1   34.662   34.662  1
 1734.0 1734.0  1    2.297    2.297  1   34.664   34.664  1
 1736.0 1736.0  1    2.295    2.295  1   34.664   34.664  1
 1738.0 1738.0  1    2.295    2.295  1   34.664   34.664  1
 1740.0 1740.0  1    2.295    2.295  1   34.664   34.664  1
 1742.0 1742.0  1    2.296    2.296  1   34.664   34.664  1
 1744.0 1744.0  1    2.295    2.295  1   34.664   34.664  1
 1746.0 1746.0  1    2.295    2.295  1   34.664   34.664  1
 1748.0 1748.0  1    2.294    2.294  1   34.665   34.665  1
 1750.0 1750.0  1    2.291    2.291  1   34.665   34.665  1
 1752.0 1752.0  1    2.289    2.289  1   34.666   34.666  1
 1754.0 1754.0  1    2.289    2.289  1   34.666   34.666  1
 1756.0 1756.0  1    2.287    2.287  1   34.667   34.667  1
 1758.0 1758.0  1    2.286    2.286  1   34.667   34.667  1
 1760.0 1760.0  1    2.285    2.285  1   34.667   34.667  1
 1762.0 1762.0  1    2.285    2.285  1   34.668   34.668  1
 1764.0 1764.0  1    2.283    2.283  1   34.668   34.668  1
 1766.0 1766.0  1    2.282    2.282  1   34.669   34.669  1
 1768.0 1768.0  1    2.281    2.281  1   34.669   34.669  1
 1770.0 1770.0  1    2.279    2.279  1   34.669   34.669  1
 1772.0 1772.0  1    2.278    2.278  1   34.670   34.670  1
 1774.0 1774.0  1    2.277    2.277  1   34.670   34.670  1
 1776.0 1776.0  1    2.278    2.278  1   34.670   34.670  1
 1778.0 1778.0  1    2.277    2.277  1   34.670   34.670  1
 1780.0 1780.0  1    2.277    2.277  1   34.670   34.670  1
 1782.0 1782.0  1    2.277    2.277  1   34.670   34.670  1
 1784.0 1784.0  1    2.276    2.276  1   34.671   34.671  1
 1786.0 1786.0  1    2.274    2.274  1   34.671   34.671  1
 1788.0 1788.0  1    2.271    2.271  1   34.672   34.672  1
 1790.0 1790.0  1    2.259    2.259  1   34.675   34.675  1
 1792.0 1792.0  1    2.253    2.253  1   34.677   34.677  1
 1794.0 1794.0  1    2.252    2.252  1   34.677   34.677  1
 1796.0 1796.0  1    2.249    2.249  1   34.678   34.678  1
 1798.0 1798.0  1    2.246    2.246  1   34.679   34.679  1
 1800.0 1800.0  1    2.242    2.242  1   34.680   34.680  1
 1802.0 1802.0  1    2.238    2.238  1   34.681   34.681  1
 1804.0 1804.0  1    2.237    2.237  1   34.681   34.681  1
 1806.0 1806.0  1    2.237    2.237  1   34.681   34.681  1
 1808.0 1808.0  1    2.237    2.237  1   34.681   34.681  1
 1810.0 1810.0  1    2.237    2.237  1   34.682   34.682  1
 1812.0 1812.0  1    2.236    2.236  1   34.682   34.682  1
 1814.0 1814.0  1    2.236    2.236  1   34.682   34.682  1
 1816.0 1816.0  1    2.236    2.236  1   34.682   34.682  1
 1818.0 1818.0  1    2.235    2.235  1   34.682   34.682  1
 1820.0 1820.0  1    2.233    2.233  1   34.682   34.682  1
 1822.0 1822.0  1    2.229    2.229  1   34.683   34.683  1
 1824.0 1824.0  1    2.224    2.224  1   34.685   34.685  1
 1826.0 1826.0  1    2.223    2.223  1   34.685   34.685  1
 1828.0 1828.0  1    2.223    2.223  1   34.685   34.685  1
 1830.0 1830.0  1    2.219    2.219  1   34.686   34.686  1
 1832.0 1832.0  1    2.219    2.219  1   34.686   34.686  1
 1834.0 1834.0  1    2.221    2.221  1   34.686   34.686  1
 1836.0 1836.0  1    2.217    2.217  1   34.686   34.686  1
 1838.0 1838.0  1    2.212    2.212  1   34.688   34.688  1
 1840.0 1840.0  1    2.207    2.207  1   34.689   34.689  1
 1842.0 1842.0  1    2.206    2.206  1   34.689   34.689  1
 1844.0 1844.0  1    2.207    2.207  1   34.689   34.689  1
 1846.0 1846.0  1    2.207    2.207  1   34.689   34.689  1
 1848.0 1848.0  1    2.204    2.204  1   34.690   34.690  1
 1850.0 1850.0  1    2.204    2.204  1   34.689   34.689  1
 1852.0 1852.0  1    2.204    2.204  1   34.689   34.689  1
 1854.0 1854.0  1    2.203    2.203  1   34.690   34.690  1
 1856.0 1856.0  1    2.203    2.203  1   34.690   34.690  1
 1858.0 1858.0  1    2.203    2.203  1   34.690   34.690  1
 1860.0 1860.0  1    2.204    2.204  1   34.690   34.690  1
 1862.0 1862.0  1    2.204    2.204  1   34.690   34.690  1
 1864.0 1864.0  1    2.204    2.204  1   34.690   34.690  1
 1866.0 1866.0  1    2.203    2.203  1   34.690   34.690  1
 1868.0 1868.0  1    2.202    2.202  1   34.690   34.690  1
 1870.0 1870.0  1    2.202    2.202  1   34.690   34.690  1
 1872.0 1872.0  1    2.202    2.202  1   34.690   34.690  1
 1874.0 1874.0  1    2.201    2.201  1   34.690   34.690  1
 1876.0 1876.0  1    2.200    2.200  1   34.690   34.690  1
 1878.0 1878.0  1    2.200    2.200  1   34.690   34.690  1
 1880.0 1880.0  1    2.199    2.199  1   34.690   34.690  1
 1882.0 1882.0  1    2.199    2.199  1   34.691   34.691  1
 1884.0 1884.0  1    2.198    2.198  1   34.691   34.691  1
 1886.0 1886.0  1    2.199    2.199  1   34.691   34.691  1
 1888.0 1888.0  1    2.199    2.199  1   34.691   34.691  1
 1890.0 1890.0  1    2.199    2.199  1   34.691   34.691  1
 1892.0 1892.0  1    2.199    2.199  1   34.691   34.691  1
 1894.0 1894.0  1    2.199    2.199  1   34.691   34.691  1
 1896.0 1896.0  1    2.198    2.198  1   34.691   34.691  1
 1898.0 1898.0  1    2.197    2.197  1   34.691   34.691  1
 1900.0 1900.0  1    2.197    2.197  1   34.691   34.691  1
 1902.0 1902.0  1    2.196    2.196  1   34.691   34.691  1
 1904.0 1904.0  1    2.197    2.197  1   34.691   34.691  1
 1906.0 1906.0  1    2.196    2.196  1   34.692   34.692  1
 1908.0 1908.0  1    2.195    2.195  1   34.692   34.692  1
 1910.0 1910.0  1    2.195    2.195  1   34.692   34.692  1
 1912.0 1912.0  1    2.194    2.194  1   34.692   34.692  1
 1914.0 1914.0  1    2.192    2.192  1   34.692   34.692  1
 1916.0 1916.0  1    2.191    2.191  1   34.693   34.693  1
 1918.0 1918.0  1    2.192    2.192  1   34.692   34.692  1
 1920.0 1920.0  1    2.192    2.192  1   34.693   34.693  1
 1922.0 1922.0  1    2.189    2.189  1   34.693   34.693  1
 1924.0 1924.0  1    2.183    2.183  1   34.694   34.694  1
 1926.0 1926.0  1    2.178    2.178  1   34.695   34.695  1
 1928.0 1928.0  1    2.173    2.173  1   34.696   34.696  1
 1930.0 1930.0  1    2.173    2.173  1   34.696   34.696  1
 1932.0 1932.0  1    2.175    2.175  1   34.696   34.696  1
 1934.0 1934.0  1    2.171    2.171  1   34.696   34.696  1
 1936.0 1936.0  1    2.170    2.170  1   34.697   34.697  1
 1938.0 1938.0  1    2.169    2.169  1   34.697   34.697  1
 1940.0 1940.0  1    2.171    2.171  1   34.697   34.697  1
 1942.0 1942.0  1    2.171    2.171  1   34.697   34.697  1
 1944.0 1944.0  1    2.166    2.166  1   34.698   34.698  1
 1946.0 1946.0  1    2.165    2.165  1   34.698   34.698  1
 1948.0 1948.0  1    2.166    2.166  1   34.698   34.698  1
 1950.0 1950.0  1    2.166    2.166  1   34.698   34.698  1
 1952.0 1952.0  1    2.166    2.166  1   34.698   34.698  1
 1954.0 1954.0  1    2.161    2.161  1   34.698   34.698  1
 1956.0 1956.0  1    2.159    2.159  1   34.699   34.699  1
 1958.0 1958.0  1    2.158    2.158  1   34.699   34.699  1
 1960.0 1960.0  1    2.155    2.155  1   34.699   34.699  1
 1962.0 1962.0  1    2.153    2.153  1   34.700   34.700  1
 1964.0 1964.0  1    2.151    2.151  1   34.700   34.700  1
 1966.0 1966.0  1    2.151    2.151  1   34.700   34.700  1
 1968.0 1968.0  1    2.150    2.150  1   34.700   34.700  1
 1970.0 1970.0  1    2.149    2.149  1   34.701   34.701  1
 1972.0 1972.0  1    2.149    2.149  1   34.701   34.701  1
 1974.0 1974.0  1    2.148    2.148  1   34.701   34.701  1
 1976.0 1976.0  1    2.149    2.149  1   34.701   34.701  1
 1978.0 1978.0  1    2.148    2.148  1   34.701   34.701  1
 1980.0 1980.0  1    2.147    2.147  1   34.701   34.701  1
 1982.0 1982.0  1    2.146    2.146  1   34.702   34.702  1
 1984.0 1984.0  1    2.145    2.145  1   34.702   34.702  1
 1986.0 1986.0  1    2.144    2.144  1   34.702   34.702  1
 1988.0 1988.0  1    2.142    2.142  1   34.703   34.703  1
 1990.0 1990.0  1    2.141    2.141  1   34.703   34.703  1
 1992.0 1992.0  1    2.141    2.141  1   34.703   34.703  1
 1994.0 1994.0  1    2.139    2.139  1   34.703   34.703  1
 1996.0 1996.0  1    2.137    2.137  1   34.703   34.703  1
 1998.0 1998.0  1    2.137    2.137  1   34.703   34.703  1
 2000.0 2000.0  1    2.132    2.132  1   34.704   34.704  1
 2002.3 2002.3  1    2.131    2.131  1   34.705   34.705  1
