*SoftWare Version 3.0  2018/12/27

*HEADER
     PLATFORM NUMBER       :5904348
     CYCLE NUMBER          :267
     DATE CREATION         :20191225200046
     DATE UPDATE           :20191225200046
     PROJECT NAME          :US ARGO PROJECT
     PI NAME               :DEAN ROEMMICH
     INSTRUMENT TYPE       :SOLO_II
     FLOAT SERIAL NO       :8153
     FIRMWARE VERSION      :V01.50; SBE602 17May13
     WMO INSTRUMENT TYPE   :853
     TRANSMISSION SYSTEM   :IRIDIUM
     POSITIONING SYSTEM    :GPS
     SAMPLE DIRECTION      :A(A=Ascend; D=Descend)
     DATA MODE             :A(R=Real Time; D=Delayed Mode; A=Real Time Adjusted)
     JULIAN DAY            :25560.6800 (days since 1950-01-01 00:00:00 UTC)
     DATE                  :2019-12-25
     QC FLAG FOR DATE      :1
*LOCATION
     LATITUDE              :-8.765  
     LONGITUDE             :-172.298
     QC FLAG FOR LOCATION  :1
*FILE
     COLUMN 1              :Pressure (dbar)                             F7.1
     COLUMN 2              :Corrected Pressure (dbar)                   F7.1
     COLUMN 3              :Quality on Pressure                         I3
     COLUMN 4              :Temperature (degree_Celsius)                F9.3
     COLUMN 5              :Corrected Temperature (degree_Celsius)      F9.3
     COLUMN 6              :Quality on Temperature                      I3
     COLUMN 7              :Salinity (PSU)                              F9.3
     COLUMN 8              :Corrected Salinity (PSU)                    F9.3
     COLUMN 9              :Quality on Salinity                         I3
==========================================================================
    1.1    1.1  1   29.825   29.825  1   35.248   35.238  1
    2.0    2.0  1   29.826   29.826  1   35.248   35.238  1
    3.0    3.0  1   29.840   29.840  1   35.248   35.238  1
    4.0    4.0  1   29.841   29.841  1   35.248   35.238  1
    5.0    5.0  1   29.842   29.842  1   35.248   35.238  1
    6.0    6.0  1   29.843   29.843  1   35.248   35.238  1
    6.9    6.9  1   29.843   29.843  1   35.248   35.238  1
    8.0    8.0  1   29.844   29.844  1   35.248   35.238  1
    9.0    9.0  1   29.843   29.843  1   35.248   35.238  1
   10.0   10.0  1   29.844   29.844  1   35.248   35.238  1
   10.7   10.7  1   29.845   29.845  1   35.248   35.238  1
   12.0   12.0  1   29.844   29.844  1   35.248   35.238  1
   14.0   14.0  1   29.845   29.845  1   35.248   35.238  1
   16.0   16.0  1   29.845   29.845  1   35.248   35.238  1
   18.0   18.0  1   29.845   29.845  1   35.248   35.238  1
   20.0   20.0  1   29.845   29.845  1   35.249   35.239  1
   22.0   22.0  1   29.845   29.845  1   35.249   35.239  1
   24.0   24.0  1   29.846   29.846  1   35.249   35.239  1
   26.0   26.0  1   29.847   29.847  1   35.249   35.239  1
   28.0   28.0  1   29.847   29.847  1   35.249   35.239  1
   30.0   30.0  1   29.847   29.847  1   35.249   35.239  1
   32.0   32.0  1   29.847   29.847  1   35.249   35.239  1
   34.0   34.0  1   29.846   29.846  1   35.250   35.240  1
   36.0   36.0  1   29.844   29.844  1   35.250   35.240  1
   38.0   38.0  1   29.840   29.840  1   35.252   35.242  1
   40.0   40.0  1   29.840   29.840  1   35.252   35.242  1
   42.0   42.0  1   29.839   29.839  1   35.253   35.243  1
   44.0   44.0  1   29.840   29.840  1   35.252   35.242  1
   46.0   46.0  1   29.842   29.842  1   35.252   35.242  1
   48.0   48.0  1   29.842   29.842  1   35.252   35.242  1
   50.0   50.0  1   29.842   29.842  1   35.252   35.242  1
   52.0   52.0  1   29.842   29.842  1   35.252   35.242  1
   54.0   54.0  1   29.839   29.839  1   35.254   35.244  1
   56.0   56.0  1   29.836   29.836  1   35.255   35.245  1
   58.0   58.0  1   29.837   29.837  1   35.255   35.245  1
   60.0   60.0  1   29.837   29.837  1   35.255   35.245  1
   62.0   62.0  1   29.841   29.841  1   35.254   35.244  1
   64.0   64.0  1   29.839   29.839  1   35.258   35.248  1
   66.0   66.0  1   29.837   29.837  1   35.259   35.249  1
   68.0   68.0  1   29.839   29.839  1   35.259   35.249  1
   70.0   70.0  1   29.841   29.841  1   35.258   35.248  1
   72.0   72.0  1   29.843   29.843  1   35.257   35.247  1
   74.0   74.0  1   29.859   29.859  1   35.274   35.264  1
   75.9   75.9  1   29.865   29.865  1   35.279   35.269  1
   78.0   78.0  1   29.860   29.860  1   35.279   35.269  1
   80.0   80.0  1   29.859   29.859  1   35.280   35.270  1
   82.0   82.0  1   29.864   29.864  1   35.284   35.274  1
   84.0   84.0  1   29.873   29.873  1   35.289   35.279  1
   86.0   86.0  1   29.906   29.906  1   35.311   35.301  1
   88.0   88.0  1   29.911   29.911  1   35.321   35.311  1
   90.0   90.0  1   29.915   29.915  1   35.328   35.318  1
   92.0   92.0  1   29.969   29.969  1   35.377   35.367  1
   94.0   94.0  1   30.002   30.002  1   35.408   35.398  1
   96.0   96.0  1   29.930   29.930  1   35.437   35.427  1
   98.0   98.0  1   29.873   29.873  1   35.455   35.445  1
  100.0  100.0  1   29.810   29.810  1   35.465   35.455  1
  102.0  102.0  1   29.624   29.624  1   35.508   35.498  1
  104.0  104.0  1   29.507   29.507  1   35.553   35.543  1
  106.0  106.0  1   29.450   29.450  1   35.582   35.572  1
  108.0  108.0  1   29.411   29.411  1   35.600   35.590  1
  110.0  110.0  1   29.363   29.363  1   35.619   35.609  1
  112.0  112.0  1   29.300   29.300  1   35.639   35.629  1
  114.0  114.0  1   29.168   29.168  1   35.681   35.671  1
  116.0  116.0  1   28.919   28.919  1   35.771   35.761  1
  118.1  118.1  1   28.799   28.799  1   35.811   35.801  1
  120.0  120.0  1   28.700   28.700  1   35.823   35.813  1
  122.0  122.0  1   28.607   28.607  1   35.832   35.822  1
  124.0  124.0  1   28.442   28.442  1   35.866   35.856  1
  126.0  126.0  1   28.367   28.367  1   35.880   35.870  1
  128.1  128.1  1   28.310   28.310  1   35.892   35.882  1
  130.0  130.0  1   28.256   28.256  1   35.902   35.892  1
  132.0  132.0  1   27.929   27.929  1   35.973   35.963  1
  134.0  134.0  1   27.698   27.698  1   36.020   36.010  1
  136.0  136.0  1   27.581   27.581  1   36.039   36.029  1
  138.0  138.0  1   27.464   27.464  1   36.055   36.045  1
  140.0  140.0  1   27.325   27.325  1   36.073   36.063  1
  142.0  142.0  1   27.107   27.107  1   36.098   36.088  1
  144.0  144.0  1   26.905   26.905  1   36.121   36.111  1
  146.0  146.0  1   26.863   26.863  1   36.125   36.115  1
  148.0  148.0  1   26.747   26.747  1   36.137   36.127  1
  150.0  150.0  1   26.579   26.579  1   36.155   36.145  1
  152.0  152.0  1   26.533   26.533  1   36.159   36.149  1
  154.0  154.0  1   26.445   26.445  1   36.166   36.156  1
  156.0  156.0  1   26.331   26.331  1   36.175   36.165  1
  158.0  158.0  1   26.303   26.303  1   36.173   36.163  1
  160.0  160.0  1   26.171   26.171  1   36.180   36.170  1
  162.0  162.0  1   25.971   25.971  1   36.193   36.183  1
  164.0  164.0  1   25.859   25.859  1   36.204   36.194  1
  166.0  166.0  1   25.711   25.711  1   36.216   36.206  1
  168.0  168.0  1   25.627   25.627  1   36.222   36.212  1
  170.0  170.0  1   25.527   25.527  1   36.230   36.220  1
  172.0  172.0  1   25.349   25.349  1   36.257   36.247  1
  174.0  174.0  1   25.273   25.273  1   36.272   36.262  1
  176.0  176.0  1   25.217   25.217  1   36.290   36.280  1
  178.0  178.0  1   25.169   25.169  1   36.299   36.289  1
  180.0  180.0  1   24.953   24.953  1   36.306   36.296  1
  182.0  182.0  1   24.791   24.791  1   36.319   36.309  1
  184.0  184.0  1   24.553   24.553  1   36.324   36.314  1
  186.0  186.0  1   24.395   24.395  1   36.314   36.304  1
  188.0  188.0  1   24.263   24.263  1   36.294   36.284  1
  190.0  190.0  1   23.890   23.890  1   36.264   36.254  1
  192.0  192.0  1   23.414   23.414  1   36.225   36.215  1
  194.0  194.0  1   23.014   23.014  1   36.184   36.174  1
  196.0  196.0  1   22.770   22.770  1   36.154   36.144  1
  198.0  198.0  1   22.590   22.590  1   36.132   36.122  1
  200.0  200.0  1   22.474   22.474  1   36.109   36.099  1
  202.0  202.0  1   22.270   22.270  1   36.075   36.065  1
  204.0  204.0  1   21.862   21.862  1   36.028   36.018  1
  206.0  206.0  1   21.510   21.510  1   35.984   35.974  1
  208.0  208.0  1   21.354   21.354  1   35.963   35.953  1
  210.0  210.0  1   21.242   21.242  1   35.946   35.936  1
  212.0  212.0  1   21.142   21.142  1   35.933   35.923  1
  214.0  214.0  1   21.002   21.002  1   35.915   35.905  1
  216.0  216.0  1   20.966   20.966  1   35.906   35.896  1
  218.0  218.0  1   20.850   20.850  1   35.884   35.874  1
  220.0  220.0  1   20.530   20.530  1   35.841   35.831  1
  222.0  222.0  1   20.130   20.130  1   35.789   35.779  1
  224.0  224.0  1   19.830   19.830  1   35.749   35.739  1
  226.0  226.0  1   19.406   19.406  1   35.696   35.686  1
  228.0  228.0  1   19.274   19.274  1   35.674   35.664  1
  230.0  230.0  1   19.038   19.038  1   35.643   35.633  1
  232.0  232.0  1   18.710   18.710  1   35.601   35.591  1
  234.0  234.0  1   18.490   18.490  1   35.574   35.564  1
  236.0  236.0  1   18.310   18.310  1   35.549   35.539  1
  238.0  238.0  1   18.222   18.222  1   35.538   35.528  1
  240.0  240.0  1   18.142   18.142  1   35.529   35.519  1
  242.0  242.0  1   18.062   18.062  1   35.518   35.508  1
  244.0  244.0  1   18.022   18.022  1   35.510   35.500  1
  246.0  246.0  1   17.918   17.918  1   35.495   35.485  1
  248.0  248.0  1   17.746   17.746  1   35.470   35.460  1
  250.0  250.0  1   17.350   17.350  1   35.431   35.421  1
  252.0  252.0  1   17.218   17.218  1   35.413   35.403  1
  254.0  254.0  1   17.102   17.102  1   35.398   35.388  1
  256.0  256.0  1   17.026   17.026  1   35.387   35.377  1
  258.0  258.0  1   16.874   16.874  1   35.369   35.359  1
  260.0  260.0  1   16.658   16.658  1   35.343   35.333  1
  262.0  262.0  1   16.434   16.434  1   35.320   35.310  1
  264.0  264.0  1   16.330   16.330  1   35.307   35.297  1
  266.0  266.0  1   16.306   16.306  1   35.304   35.294  1
  268.0  268.0  1   16.298   16.298  1   35.303   35.293  1
  270.0  270.0  1   16.286   16.286  1   35.299   35.289  1
  272.0  272.0  1   16.234   16.234  1   35.290   35.280  1
  274.0  274.0  1   15.958   15.958  1   35.261   35.251  1
  276.0  276.0  1   15.822   15.822  1   35.245   35.235  1
  278.0  278.0  1   15.666   15.666  1   35.227   35.217  1
  280.0  280.0  1   15.518   15.518  1   35.209   35.199  1
  282.0  282.0  1   15.374   15.374  1   35.193   35.183  1
  284.0  284.0  1   15.182   15.182  1   35.172   35.162  1
  286.0  286.0  1   14.834   14.834  1   35.139   35.129  1
  288.0  288.0  1   14.766   14.766  1   35.130   35.120  1
  290.0  290.0  1   14.687   14.687  1   35.123   35.113  1
  292.0  292.0  1   14.643   14.643  1   35.116   35.106  1
  294.0  294.0  1   14.579   14.579  1   35.107   35.097  1
  296.0  296.0  1   14.471   14.471  1   35.093   35.083  1
  298.0  298.0  1   14.343   14.343  1   35.078   35.068  1
  300.0  300.0  1   14.115   14.115  1   35.057   35.047  1
  302.0  302.0  1   14.003   14.003  1   35.044   35.034  1
  304.0  304.0  1   13.879   13.879  1   35.030   35.020  1
  306.0  306.0  1   13.715   13.715  1   35.017   35.007  1
  308.0  308.0  1   13.667   13.667  1   35.011   35.001  1
  310.0  310.0  1   13.591   13.591  1   35.003   34.993  1
  312.0  312.0  1   13.507   13.507  1   34.993   34.983  1
  314.0  314.0  1   13.347   13.347  1   34.977   34.967  1
  316.0  316.0  1   13.039   13.039  1   34.957   34.947  1
  318.0  318.0  1   12.903   12.903  1   34.945   34.935  1
  320.0  320.0  1   12.863   12.863  1   34.939   34.929  1
  322.0  322.0  1   12.763   12.763  1   34.927   34.917  1
  324.0  324.0  1   12.483   12.483  1   34.904   34.894  1
  326.0  326.0  1   12.083   12.083  1   34.878   34.868  1
  328.0  328.0  1   11.903   11.903  1   34.864   34.854  1
  330.0  330.0  1   11.771   11.771  1   34.854   34.844  1
  332.0  332.0  1   11.719   11.719  1   34.849   34.839  1
  334.0  334.0  1   11.567   11.567  1   34.840   34.830  1
  336.0  336.0  1   11.475   11.475  1   34.834   34.824  1
  338.0  338.0  1   11.415   11.415  1   34.830   34.820  1
  340.0  340.0  1   11.379   11.379  1   34.827   34.817  1
  342.0  342.0  1   11.350   11.350  1   34.824   34.814  1
  344.0  344.0  1   11.317   11.317  1   34.822   34.812  1
  346.0  346.0  1   11.292   11.292  1   34.819   34.809  1
  348.0  348.0  1   11.238   11.238  1   34.815   34.805  1
  350.0  350.0  1   11.147   11.147  1   34.809   34.799  1
  352.0  352.0  1   11.107   11.107  1   34.805   34.795  1
  354.1  354.1  1   11.038   11.038  1   34.800   34.790  1
  356.0  356.0  1   10.932   10.932  1   34.794   34.784  1
  358.0  358.0  1   10.852   10.852  1   34.788   34.778  1
  360.0  360.0  1   10.784   10.784  1   34.785   34.775  1
  362.0  362.0  1   10.740   10.740  1   34.781   34.771  1
  364.0  364.0  1   10.696   10.696  1   34.778   34.768  1
  366.0  366.0  1   10.652   10.652  1   34.776   34.766  1
  368.0  368.0  1   10.651   10.651  1   34.775   34.765  1
  370.0  370.0  1   10.642   10.642  1   34.774   34.764  1
  372.0  372.0  1   10.615   10.615  1   34.772   34.762  1
  374.0  374.0  1   10.577   10.577  1   34.769   34.759  1
  376.0  376.0  1   10.562   10.562  1   34.768   34.758  1
  378.1  378.1  1   10.549   10.549  1   34.767   34.757  1
  380.0  380.0  1   10.531   10.531  1   34.764   34.754  1
  382.0  382.0  1   10.492   10.492  1   34.761   34.751  1
  384.0  384.0  1   10.379   10.379  1   34.756   34.746  1
  386.0  386.0  1   10.326   10.326  1   34.753   34.743  1
  388.0  388.0  1   10.312   10.312  1   34.751   34.741  1
  390.0  390.0  1   10.304   10.304  1   34.749   34.739  1
  392.0  392.0  1   10.241   10.241  1   34.745   34.735  1
  394.0  394.0  1   10.150   10.150  1   34.738   34.728  1
  396.0  396.0  1   10.040   10.040  1   34.733   34.723  1
  398.0  398.0  1    9.933    9.933  1   34.727   34.717  1
  400.0  400.0  1    9.875    9.875  1   34.723   34.713  1
  402.0  402.0  1    9.831    9.831  1   34.721   34.711  1
  404.0  404.0  1    9.799    9.799  1   34.719   34.709  1
  406.0  406.0  1    9.771    9.771  1   34.717   34.707  1
  408.0  408.0  1    9.753    9.753  1   34.716   34.706  1
  410.0  410.0  1    9.742    9.742  1   34.715   34.705  1
  412.0  412.0  1    9.734    9.734  1   34.714   34.704  1
  414.0  414.0  1    9.727    9.727  1   34.713   34.703  1
  416.0  416.0  1    9.718    9.718  1   34.713   34.703  1
  418.0  418.0  1    9.705    9.705  1   34.711   34.701  1
  420.0  420.0  1    9.685    9.685  1   34.710   34.700  1
  422.0  422.0  1    9.648    9.648  1   34.707   34.697  1
  424.0  424.0  1    9.607    9.607  1   34.703   34.693  1
  426.0  426.0  1    9.537    9.537  1   34.700   34.690  1
  428.0  428.0  1    9.459    9.459  1   34.696   34.686  1
  430.0  430.0  1    9.398    9.398  1   34.692   34.682  1
  432.0  432.0  1    9.353    9.353  1   34.690   34.680  1
  434.0  434.0  1    9.320    9.320  1   34.688   34.678  1
  436.1  436.1  1    9.300    9.300  1   34.685   34.675  1
  438.1  438.1  1    9.246    9.246  1   34.683   34.673  1
  440.0  440.0  1    9.203    9.203  1   34.680   34.670  1
  442.0  442.0  1    9.175    9.175  1   34.678   34.668  1
  444.0  444.0  1    9.136    9.136  1   34.675   34.665  1
  446.0  446.0  1    9.080    9.080  1   34.672   34.662  1
  448.0  448.0  1    9.015    9.015  1   34.669   34.659  1
  450.0  450.0  1    8.968    8.968  1   34.666   34.656  1
  452.0  452.0  1    8.913    8.913  1   34.663   34.653  1
  454.1  454.1  1    8.880    8.880  1   34.661   34.651  1
  456.0  456.0  1    8.842    8.842  1   34.658   34.648  1
  458.0  458.0  1    8.806    8.806  1   34.656   34.646  1
  460.0  460.0  1    8.759    8.759  1   34.654   34.644  1
  462.0  462.0  1    8.744    8.744  1   34.653   34.643  1
  464.0  464.0  1    8.733    8.733  1   34.652   34.642  1
  466.0  466.0  1    8.722    8.722  1   34.650   34.640  1
  468.0  468.0  1    8.677    8.677  1   34.647   34.637  1
  470.0  470.0  1    8.590    8.590  1   34.643   34.633  1
  472.0  472.0  1    8.526    8.526  1   34.640   34.630  1
  474.0  474.0  1    8.501    8.501  1   34.638   34.628  1
  476.0  476.0  1    8.474    8.474  1   34.636   34.626  1
  478.0  478.0  1    8.445    8.445  1   34.634   34.624  1
  480.0  480.0  1    8.413    8.413  1   34.633   34.623  1
  482.0  482.0  1    8.396    8.396  1   34.631   34.621  1
  484.0  484.0  1    8.363    8.363  1   34.629   34.619  1
  486.0  486.0  1    8.337    8.337  1   34.627   34.617  1
  488.0  488.0  1    8.290    8.290  1   34.624   34.614  1
  490.0  490.0  1    8.246    8.246  1   34.622   34.612  1
  492.0  492.0  1    8.202    8.202  1   34.620   34.610  1
  494.0  494.0  1    8.162    8.162  1   34.617   34.607  1
  496.0  496.0  1    8.115    8.115  1   34.615   34.605  1
  498.0  498.0  1    8.068    8.068  1   34.613   34.603  1
  500.0  500.0  1    8.052    8.052  1   34.612   34.602  1
  502.0  502.0  1    8.022    8.022  1   34.610   34.600  1
  504.0  504.0  1    7.998    7.998  1   34.609   34.599  1
  505.9  505.9  1    7.944    7.944  1   34.607   34.597  1
  508.0  508.0  1    7.905    7.905  1   34.605   34.595  1
  510.0  510.0  1    7.892    7.892  1   34.604   34.594  1
  512.0  512.0  1    7.889    7.889  1   34.604   34.594  1
  514.0  514.0  1    7.875    7.875  1   34.603   34.593  1
  516.0  516.0  1    7.846    7.846  1   34.601   34.591  1
  518.0  518.0  1    7.816    7.816  1   34.599   34.589  1
  520.0  520.0  1    7.774    7.774  1   34.597   34.587  1
  522.0  522.0  1    7.763    7.763  1   34.596   34.586  1
  524.0  524.0  1    7.726    7.726  1   34.594   34.584  1
  526.0  526.0  1    7.680    7.680  1   34.592   34.582  1
  528.0  528.0  1    7.665    7.665  1   34.592   34.582  1
  530.0  530.0  1    7.657    7.657  1   34.591   34.581  1
  532.0  532.0  1    7.644    7.644  1   34.589   34.579  1
  534.0  534.0  1    7.595    7.595  1   34.588   34.578  1
  536.0  536.0  1    7.579    7.579  1   34.587   34.577  1
  538.0  538.0  1    7.573    7.573  1   34.587   34.577  1
  540.0  540.0  1    7.566    7.566  1   34.586   34.576  1
  542.0  542.0  1    7.556    7.556  1   34.586   34.576  1
  544.0  544.0  1    7.544    7.544  1   34.585   34.575  1
  546.0  546.0  1    7.533    7.533  1   34.584   34.574  1
  548.0  548.0  1    7.522    7.522  1   34.584   34.574  1
  550.0  550.0  1    7.517    7.517  1   34.583   34.573  1
  552.0  552.0  1    7.501    7.501  1   34.582   34.572  1
  554.0  554.0  1    7.484    7.484  1   34.582   34.572  1
  556.0  556.0  1    7.475    7.475  1   34.581   34.571  1
  558.0  558.0  1    7.466    7.466  1   34.581   34.571  1
  560.0  560.0  1    7.460    7.460  1   34.580   34.570  1
  562.0  562.0  1    7.445    7.445  1   34.579   34.569  1
  564.0  564.0  1    7.419    7.419  1   34.577   34.567  1
  566.0  566.0  1    7.407    7.407  1   34.576   34.566  1
  568.0  568.0  1    7.386    7.386  1   34.574   34.564  1
  570.0  570.0  1    7.346    7.346  1   34.573   34.563  1
  572.0  572.0  1    7.301    7.301  1   34.571   34.561  1
  574.0  574.0  1    7.293    7.293  1   34.570   34.560  1
  576.0  576.0  1    7.283    7.283  1   34.569   34.559  1
  578.0  578.0  1    7.271    7.271  1   34.568   34.558  1
  580.0  580.0  1    7.248    7.248  1   34.567   34.557  1
  582.0  582.0  1    7.211    7.211  1   34.565   34.555  1
  584.0  584.0  1    7.175    7.175  1   34.563   34.553  1
  586.0  586.0  1    7.145    7.145  1   34.562   34.552  1
  588.0  588.0  1    7.111    7.111  1   34.561   34.551  1
  590.0  590.0  1    7.085    7.085  1   34.560   34.550  1
  592.0  592.0  1    7.072    7.072  1   34.559   34.549  1
  594.0  594.0  1    7.062    7.062  1   34.559   34.549  1
  596.0  596.0  1    7.024    7.024  1   34.558   34.548  1
  598.0  598.0  1    6.996    6.996  1   34.557   34.547  1
  600.0  600.0  1    6.975    6.975  1   34.556   34.546  1
  602.0  602.0  1    6.967    6.967  1   34.555   34.545  1
  604.0  604.0  1    6.936    6.936  1   34.554   34.544  1
  606.0  606.0  1    6.904    6.904  1   34.553   34.543  1
  608.0  608.0  1    6.882    6.882  1   34.553   34.543  1
  610.0  610.0  1    6.869    6.869  1   34.552   34.542  1
  612.0  612.0  1    6.862    6.862  1   34.552   34.542  1
  614.0  614.0  1    6.858    6.858  1   34.551   34.541  1
  616.0  616.0  1    6.852    6.852  1   34.551   34.541  1
  618.0  618.0  1    6.846    6.846  1   34.551   34.541  1
  620.0  620.0  1    6.841    6.841  1   34.550   34.540  1
  622.0  622.0  1    6.835    6.835  1   34.549   34.539  1
  624.0  624.0  1    6.794    6.794  1   34.549   34.539  1
  626.0  626.0  1    6.772    6.772  1   34.548   34.538  1
  628.0  628.0  1    6.760    6.760  1   34.547   34.537  1
  630.0  630.0  1    6.748    6.748  1   34.547   34.537  1
  632.0  632.0  1    6.738    6.738  1   34.546   34.536  1
  634.0  634.0  1    6.723    6.723  1   34.546   34.536  1
  636.0  636.0  1    6.712    6.712  1   34.546   34.536  1
  638.0  638.0  1    6.701    6.701  1   34.545   34.535  1
  640.0  640.0  1    6.695    6.695  1   34.545   34.535  1
  642.0  642.0  1    6.687    6.687  1   34.545   34.535  1
  644.0  644.0  1    6.680    6.680  1   34.545   34.535  1
  646.1  646.1  1    6.669    6.669  1   34.544   34.534  1
  648.0  648.0  1    6.663    6.663  1   34.544   34.534  1
  650.0  650.0  1    6.652    6.652  1   34.543   34.533  1
  652.0  652.0  1    6.629    6.629  1   34.543   34.533  1
  654.0  654.0  1    6.608    6.608  1   34.543   34.533  1
  656.0  656.0  1    6.590    6.590  1   34.542   34.532  1
  658.0  658.0  1    6.589    6.589  1   34.542   34.532  1
  660.0  660.0  1    6.587    6.587  1   34.542   34.532  1
  662.0  662.0  1    6.584    6.584  1   34.542   34.532  1
  664.0  664.0  1    6.576    6.576  1   34.541   34.531  1
  666.0  666.0  1    6.569    6.569  1   34.541   34.531  1
  668.0  668.0  1    6.552    6.552  1   34.540   34.530  1
  670.0  670.0  1    6.535    6.535  1   34.540   34.530  1
  672.0  672.0  1    6.521    6.521  1   34.539   34.529  1
  674.0  674.0  1    6.491    6.491  1   34.539   34.529  1
  676.0  676.0  1    6.473    6.473  1   34.538   34.528  1
  678.0  678.0  1    6.465    6.465  1   34.538   34.528  1
  680.0  680.0  1    6.460    6.460  1   34.537   34.527  1
  682.0  682.0  1    6.444    6.444  1   34.537   34.527  1
  684.0  684.0  1    6.429    6.429  1   34.536   34.526  1
  686.0  686.0  1    6.420    6.420  1   34.535   34.525  1
  688.0  688.0  1    6.397    6.397  1   34.534   34.524  1
  690.0  690.0  1    6.365    6.365  1   34.534   34.524  1
  692.0  692.0  1    6.350    6.350  1   34.533   34.523  1
  694.0  694.0  1    6.312    6.312  1   34.532   34.522  1
  696.0  696.0  1    6.286    6.286  1   34.532   34.522  1
  698.0  698.0  1    6.281    6.281  1   34.531   34.521  1
  700.0  700.0  1    6.273    6.273  1   34.530   34.520  1
  702.0  702.0  1    6.247    6.247  1   34.530   34.520  1
  704.0  704.0  1    6.221    6.221  1   34.529   34.519  1
  706.0  706.0  1    6.209    6.209  1   34.528   34.518  1
  708.0  708.0  1    6.150    6.150  1   34.529   34.519  1
  710.0  710.0  1    6.121    6.121  1   34.528   34.518  1
  712.0  712.0  1    6.108    6.108  1   34.528   34.518  1
  714.0  714.0  1    6.104    6.104  1   34.528   34.518  1
  716.0  716.0  1    6.100    6.100  1   34.528   34.518  1
  718.0  718.0  1    6.098    6.098  1   34.527   34.517  1
  720.0  720.0  1    6.082    6.082  1   34.527   34.517  1
  722.0  722.0  1    6.062    6.062  1   34.527   34.517  1
  724.1  724.1  1    6.049    6.049  1   34.526   34.516  1
  726.0  726.0  1    6.031    6.031  1   34.526   34.516  1
  728.0  728.0  1    6.011    6.011  1   34.525   34.515  1
  730.0  730.0  1    5.997    5.997  1   34.525   34.515  1
  732.0  732.0  1    5.984    5.984  1   34.524   34.514  1
  734.0  734.0  1    5.967    5.967  1   34.525   34.515  1
  736.0  736.0  1    5.959    5.959  1   34.525   34.515  1
  738.0  738.0  1    5.959    5.959  1   34.525   34.515  1
  740.0  740.0  1    5.954    5.954  1   34.524   34.514  1
  742.0  742.0  1    5.951    5.951  1   34.524   34.514  1
  744.0  744.0  1    5.948    5.948  1   34.524   34.514  1
  746.0  746.0  1    5.933    5.933  1   34.524   34.514  1
  748.0  748.0  1    5.911    5.911  1   34.523   34.513  1
  750.0  750.0  1    5.899    5.899  1   34.523   34.513  1
  752.0  752.0  1    5.891    5.891  1   34.522   34.512  1
  754.0  754.0  1    5.880    5.880  1   34.522   34.512  1
  756.0  756.0  1    5.859    5.859  1   34.522   34.512  1
  758.0  758.0  1    5.847    5.847  1   34.522   34.512  1
  760.0  760.0  1    5.832    5.832  1   34.521   34.511  1
  762.0  762.0  1    5.818    5.818  1   34.521   34.511  1
  764.0  764.0  1    5.806    5.806  1   34.521   34.511  1
  766.0  766.0  1    5.795    5.795  1   34.521   34.511  1
  767.9  767.9  1    5.785    5.785  1   34.521   34.511  1
  770.0  770.0  1    5.773    5.773  1   34.521   34.511  1
  772.0  772.0  1    5.764    5.764  1   34.521   34.511  1
  774.0  774.0  1    5.760    5.760  1   34.520   34.510  1
  776.0  776.0  1    5.742    5.742  1   34.520   34.510  1
  778.0  778.0  1    5.726    5.726  1   34.520   34.510  1
  780.0  780.0  1    5.716    5.716  1   34.520   34.510  1
  782.0  782.0  1    5.716    5.716  1   34.520   34.510  1
  784.0  784.0  1    5.715    5.715  1   34.520   34.510  1
  786.0  786.0  1    5.699    5.699  1   34.520   34.510  1
  788.0  788.0  1    5.663    5.663  1   34.520   34.510  1
  790.0  790.0  1    5.648    5.648  1   34.520   34.510  1
  792.0  792.0  1    5.640    5.640  1   34.520   34.510  1
  794.0  794.0  1    5.633    5.633  1   34.520   34.510  1
  796.0  796.0  1    5.607    5.607  1   34.519   34.509  1
  798.0  798.0  1    5.572    5.572  1   34.520   34.510  1
  800.0  800.0  1    5.567    5.567  1   34.519   34.509  1
  802.0  802.0  1    5.565    5.565  1   34.519   34.509  1
  804.0  804.0  1    5.555    5.555  1   34.519   34.509  1
  806.0  806.0  1    5.541    5.541  1   34.519   34.509  1
  808.0  808.0  1    5.522    5.522  1   34.520   34.510  1
  810.0  810.0  1    5.515    5.515  1   34.520   34.510  1
  812.0  812.0  1    5.509    5.509  1   34.520   34.510  1
  814.0  814.0  1    5.499    5.499  1   34.520   34.510  1
  816.0  816.0  1    5.493    5.493  1   34.520   34.510  1
  818.0  818.0  1    5.477    5.477  1   34.521   34.511  1
  820.0  820.0  1    5.464    5.464  1   34.521   34.511  1
  821.9  821.9  1    5.459    5.459  1   34.521   34.511  1
  824.0  824.0  1    5.457    5.457  1   34.521   34.511  1
  826.0  826.0  1    5.457    5.457  1   34.521   34.511  1
  828.0  828.0  1    5.457    5.457  1   34.521   34.511  1
  830.0  830.0  1    5.453    5.453  1   34.520   34.510  1
  832.0  832.0  1    5.448    5.448  1   34.520   34.510  1
  834.0  834.0  1    5.428    5.428  1   34.521   34.511  1
  836.0  836.0  1    5.418    5.418  1   34.520   34.510  1
  838.0  838.0  1    5.395    5.395  1   34.521   34.511  1
  840.0  840.0  1    5.381    5.381  1   34.522   34.512  1
  842.0  842.0  1    5.367    5.367  1   34.522   34.512  1
  844.0  844.0  1    5.353    5.353  1   34.522   34.512  1
  846.0  846.0  1    5.329    5.329  1   34.522   34.512  1
  848.0  848.0  1    5.314    5.314  1   34.522   34.512  1
  850.0  850.0  1    5.312    5.312  1   34.522   34.512  1
  852.0  852.0  1    5.310    5.310  1   34.522   34.512  1
  854.0  854.0  1    5.307    5.307  1   34.521   34.511  1
  856.0  856.0  1    5.304    5.304  1   34.521   34.511  1
  858.0  858.0  1    5.294    5.294  1   34.521   34.511  1
  860.0  860.0  1    5.283    5.283  1   34.521   34.511  1
  862.0  862.0  1    5.279    5.279  1   34.521   34.511  1
  864.0  864.0  1    5.279    5.279  1   34.521   34.511  1
  866.0  866.0  1    5.280    5.280  1   34.521   34.511  1
  868.0  868.0  1    5.279    5.279  1   34.521   34.511  1
  870.0  870.0  1    5.282    5.282  1   34.521   34.511  1
  872.0  872.0  1    5.281    5.281  1   34.521   34.511  1
  874.0  874.0  1    5.277    5.277  1   34.521   34.511  1
  876.0  876.0  1    5.269    5.269  1   34.521   34.511  1
  878.0  878.0  1    5.251    5.251  1   34.521   34.511  1
  880.0  880.0  1    5.242    5.242  1   34.522   34.512  1
  882.0  882.0  1    5.239    5.239  1   34.523   34.513  1
  884.0  884.0  1    5.239    5.239  1   34.523   34.513  1
  886.0  886.0  1    5.237    5.237  1   34.523   34.513  1
  888.0  888.0  1    5.236    5.236  1   34.523   34.513  1
  890.0  890.0  1    5.238    5.238  1   34.523   34.513  1
  892.0  892.0  1    5.210    5.210  1   34.523   34.513  1
  894.0  894.0  1    5.174    5.174  1   34.523   34.513  1
  896.0  896.0  1    5.157    5.157  1   34.524   34.514  1
  898.0  898.0  1    5.153    5.153  1   34.524   34.514  1
  900.0  900.0  1    5.145    5.145  1   34.524   34.514  1
  902.0  902.0  1    5.134    5.134  1   34.523   34.513  1
  904.0  904.0  1    5.125    5.125  1   34.524   34.514  1
  906.0  906.0  1    5.122    5.122  1   34.524   34.514  1
  908.0  908.0  1    5.106    5.106  1   34.524   34.514  1
  910.0  910.0  1    5.085    5.085  1   34.525   34.515  1
  912.0  912.0  1    5.070    5.070  1   34.525   34.515  1
  914.0  914.0  1    5.045    5.045  1   34.525   34.515  1
  916.0  916.0  1    5.034    5.034  1   34.525   34.515  1
  918.0  918.0  1    5.020    5.020  1   34.525   34.515  1
  920.0  920.0  1    4.993    4.993  1   34.525   34.515  1
  922.0  922.0  1    4.967    4.967  1   34.526   34.516  1
  924.0  924.0  1    4.957    4.957  1   34.526   34.516  1
  926.0  926.0  1    4.942    4.942  1   34.526   34.516  1
  928.0  928.0  1    4.930    4.930  1   34.526   34.516  1
  930.0  930.0  1    4.913    4.913  1   34.526   34.516  1
  932.0  932.0  1    4.904    4.904  1   34.527   34.517  1
  934.0  934.0  1    4.903    4.903  1   34.527   34.517  1
  936.0  936.0  1    4.895    4.895  1   34.527   34.517  1
  938.0  938.0  1    4.889    4.889  1   34.527   34.517  1
  940.0  940.0  1    4.879    4.879  1   34.528   34.518  1
  942.0  942.0  1    4.856    4.856  1   34.529   34.519  1
  944.0  944.0  1    4.846    4.846  1   34.529   34.519  1
  946.0  946.0  1    4.835    4.835  1   34.530   34.520  1
  948.0  948.0  1    4.829    4.829  1   34.529   34.519  1
  950.0  950.0  1    4.811    4.811  1   34.528   34.518  1
  952.0  952.0  1    4.767    4.767  1   34.529   34.519  1
  954.0  954.0  1    4.743    4.743  1   34.530   34.520  1
  956.0  956.0  1    4.732    4.732  1   34.530   34.520  1
  958.0  958.0  1    4.710    4.710  1   34.531   34.521  1
  960.0  960.0  1    4.695    4.695  1   34.532   34.522  1
  962.0  962.0  1    4.691    4.691  1   34.532   34.522  1
  964.0  964.0  1    4.685    4.685  1   34.532   34.522  1
  966.0  966.0  1    4.678    4.678  1   34.532   34.522  1
  968.0  968.0  1    4.670    4.670  1   34.533   34.523  1
  970.0  970.0  1    4.666    4.666  1   34.532   34.522  1
  972.0  972.0  1    4.662    4.662  1   34.532   34.522  1
  974.0  974.0  1    4.657    4.657  1   34.532   34.522  1
  976.0  976.0  1    4.635    4.635  1   34.533   34.523  1
  978.0  978.0  1    4.625    4.625  1   34.533   34.523  1
  980.0  980.0  1    4.601    4.601  1   34.533   34.523  1
  982.0  982.0  1    4.583    4.583  1   34.534   34.524  1
  984.0  984.0  1    4.561    4.561  1   34.534   34.524  1
  986.0  986.0  1    4.523    4.523  1   34.535   34.525  1
  988.0  988.0  1    4.504    4.504  1   34.535   34.525  1
  990.0  990.0  1    4.498    4.498  1   34.535   34.525  1
  992.0  992.0  1    4.483    4.483  1   34.536   34.526  1
  994.0  994.0  1    4.476    4.476  1   34.536   34.526  1
  996.0  996.0  1    4.466    4.466  1   34.536   34.526  1
  998.0  998.0  1    4.452    4.452  1   34.537   34.527  1
 1000.0 1000.0  1    4.433    4.433  1   34.537   34.527  1
 1002.0 1002.0  1    4.425    4.425  1   34.538   34.528  1
 1004.0 1004.0  1    4.422    4.422  1   34.538   34.528  1
 1006.0 1006.0  1    4.420    4.420  1   34.538   34.528  1
 1008.0 1008.0  1    4.414    4.414  1   34.538   34.528  1
 1010.0 1010.0  1    4.404    4.404  1   34.538   34.528  1
 1012.0 1012.0  1    4.398    4.398  1   34.537   34.527  1
 1014.0 1014.0  1    4.373    4.373  1   34.539   34.529  1
 1016.0 1016.0  1    4.351    4.351  1   34.541   34.531  1
 1018.0 1018.0  1    4.342    4.342  1   34.542   34.532  1
 1020.0 1020.0  1    4.333    4.333  1   34.542   34.532  1
 1022.0 1022.0  1    4.328    4.328  1   34.542   34.532  1
 1024.0 1024.0  1    4.326    4.326  1   34.543   34.533  1
 1026.0 1026.0  1    4.323    4.323  1   34.543   34.533  1
 1028.0 1028.0  1    4.317    4.317  1   34.543   34.533  1
 1030.0 1030.0  1    4.314    4.314  1   34.543   34.533  1
 1032.0 1032.0  1    4.312    4.312  1   34.542   34.532  1
 1034.0 1034.0  1    4.309    4.309  1   34.542   34.532  1
 1036.0 1036.0  1    4.288    4.288  1   34.543   34.533  1
 1038.0 1038.0  1    4.280    4.280  1   34.543   34.533  1
 1040.0 1040.0  1    4.279    4.279  1   34.544   34.534  1
 1042.0 1042.0  1    4.278    4.278  1   34.544   34.534  1
 1044.0 1044.0  1    4.276    4.276  1   34.544   34.534  1
 1046.0 1046.0  1    4.272    4.272  1   34.544   34.534  1
 1048.0 1048.0  1    4.269    4.269  1   34.544   34.534  1
 1050.0 1050.0  1    4.266    4.266  1   34.544   34.534  1
 1052.0 1052.0  1    4.259    4.259  1   34.544   34.534  1
 1054.0 1054.0  1    4.251    4.251  1   34.544   34.534  1
 1056.0 1056.0  1    4.248    4.248  1   34.544   34.534  1
 1058.0 1058.0  1    4.243    4.243  1   34.545   34.535  1
 1060.0 1060.0  1    4.236    4.236  1   34.545   34.535  1
 1062.0 1062.0  1    4.230    4.230  1   34.545   34.535  1
 1064.0 1064.0  1    4.217    4.217  1   34.545   34.535  1
 1066.0 1066.0  1    4.206    4.206  1   34.545   34.535  1
 1068.0 1068.0  1    4.196    4.196  1   34.545   34.535  1
 1070.0 1070.0  1    4.187    4.187  1   34.545   34.535  1
 1072.0 1072.0  1    4.175    4.175  1   34.545   34.535  1
 1074.0 1074.0  1    4.167    4.167  1   34.546   34.536  1
 1076.0 1076.0  1    4.164    4.164  1   34.546   34.536  1
 1078.0 1078.0  1    4.161    4.161  1   34.546   34.536  1
 1080.0 1080.0  1    4.159    4.159  1   34.546   34.536  1
 1082.0 1082.0  1    4.155    4.155  1   34.547   34.537  1
 1084.0 1084.0  1    4.154    4.154  1   34.547   34.537  1
 1086.0 1086.0  1    4.153    4.153  1   34.547   34.537  1
 1088.0 1088.0  1    4.147    4.147  1   34.547   34.537  1
 1090.0 1090.0  1    4.143    4.143  1   34.547   34.537  1
 1092.0 1092.0  1    4.142    4.142  1   34.547   34.537  1
 1094.0 1094.0  1    4.140    4.140  1   34.547   34.537  1
 1096.0 1096.0  1    4.135    4.135  1   34.548   34.538  1
 1098.0 1098.0  1    4.132    4.132  1   34.548   34.538  1
 1100.0 1100.0  1    4.131    4.131  1   34.549   34.539  1
 1102.0 1102.0  1    4.131    4.131  1   34.549   34.539  1
 1104.0 1104.0  1    4.131    4.131  1   34.549   34.539  1
 1106.0 1106.0  1    4.131    4.131  1   34.549   34.539  1
 1108.0 1108.0  1    4.131    4.131  1   34.548   34.538  1
 1110.0 1110.0  1    4.131    4.131  1   34.548   34.538  1
 1112.0 1112.0  1    4.119    4.119  1   34.548   34.538  1
 1114.0 1114.0  1    4.095    4.095  1   34.549   34.539  1
 1116.0 1116.0  1    4.088    4.088  1   34.549   34.539  1
 1118.0 1118.0  1    4.086    4.086  1   34.549   34.539  1
 1120.0 1120.0  1    4.085    4.085  1   34.549   34.539  1
 1122.0 1122.0  1    4.083    4.083  1   34.549   34.539  1
 1124.0 1124.0  1    4.079    4.079  1   34.549   34.539  1
 1126.0 1126.0  1    4.077    4.077  1   34.550   34.540  1
 1128.0 1128.0  1    4.075    4.075  1   34.549   34.539  1
 1130.0 1130.0  1    4.073    4.073  1   34.550   34.540  1
 1132.0 1132.0  1    4.071    4.071  1   34.550   34.540  1
 1134.0 1134.0  1    4.069    4.069  1   34.550   34.540  1
 1136.0 1136.0  1    4.065    4.065  1   34.550   34.540  1
 1138.0 1138.0  1    4.060    4.060  1   34.550   34.540  1
 1140.0 1140.0  1    4.056    4.056  1   34.550   34.540  1
 1142.0 1142.0  1    4.050    4.050  1   34.550   34.540  1
 1144.0 1144.0  1    4.044    4.044  1   34.550   34.540  1
 1146.0 1146.0  1    4.027    4.027  1   34.551   34.541  1
 1148.0 1148.0  1    4.011    4.011  1   34.551   34.541  1
 1150.0 1150.0  1    3.984    3.984  1   34.552   34.542  1
 1152.0 1152.0  1    3.975    3.975  1   34.552   34.542  1
 1154.0 1154.0  1    3.969    3.969  1   34.553   34.543  1
 1156.0 1156.0  1    3.965    3.965  1   34.553   34.543  1
 1158.0 1158.0  1    3.960    3.960  1   34.553   34.543  1
 1160.0 1160.0  1    3.955    3.955  1   34.553   34.543  1
 1162.0 1162.0  1    3.949    3.949  1   34.553   34.543  1
 1164.0 1164.0  1    3.938    3.938  1   34.554   34.544  1
 1166.0 1166.0  1    3.928    3.928  1   34.554   34.544  1
 1168.0 1168.0  1    3.913    3.913  1   34.554   34.544  1
 1170.0 1170.0  1    3.883    3.883  1   34.555   34.545  1
 1172.0 1172.0  1    3.857    3.857  1   34.557   34.547  1
 1174.0 1174.0  1    3.850    3.850  1   34.557   34.547  1
 1176.0 1176.0  1    3.840    3.840  1   34.557   34.547  1
 1178.0 1178.0  1    3.828    3.828  1   34.558   34.548  1
 1180.0 1180.0  1    3.813    3.813  1   34.558   34.548  1
 1182.0 1182.0  1    3.797    3.797  1   34.558   34.548  1
 1184.0 1184.0  1    3.775    3.775  1   34.559   34.549  1
 1186.0 1186.0  1    3.751    3.751  1   34.561   34.551  1
 1188.0 1188.0  1    3.744    3.744  1   34.562   34.552  1
 1190.0 1190.0  1    3.736    3.736  1   34.562   34.552  1
 1192.0 1192.0  1    3.733    3.733  1   34.563   34.553  1
 1194.0 1194.0  1    3.734    3.734  1   34.563   34.553  1
 1196.0 1196.0  1    3.734    3.734  1   34.562   34.552  1
 1198.0 1198.0  1    3.734    3.734  1   34.562   34.552  1
 1200.0 1200.0  1    3.734    3.734  1   34.562   34.552  1
 1202.0 1202.0  1    3.735    3.735  1   34.562   34.552  1
 1204.0 1204.0  1    3.735    3.735  1   34.562   34.552  1
 1206.0 1206.0  1    3.734    3.734  1   34.562   34.552  1
 1208.0 1208.0  1    3.723    3.723  1   34.562   34.552  1
 1210.0 1210.0  1    3.700    3.700  1   34.563   34.553  1
 1212.0 1212.0  1    3.693    3.693  1   34.563   34.553  1
 1214.0 1214.0  1    3.693    3.693  1   34.563   34.553  1
 1216.0 1216.0  1    3.692    3.692  1   34.563   34.553  1
 1218.0 1218.0  1    3.692    3.692  1   34.562   34.552  1
 1220.0 1220.0  1    3.672    3.672  1   34.563   34.553  1
 1222.0 1222.0  1    3.666    3.666  1   34.563   34.553  1
 1224.0 1224.0  1    3.658    3.658  1   34.563   34.553  1
 1226.0 1226.0  1    3.649    3.649  1   34.564   34.554  1
 1228.0 1228.0  1    3.646    3.646  1   34.564   34.554  1
 1230.0 1230.0  1    3.638    3.638  1   34.564   34.554  1
 1232.0 1232.0  1    3.625    3.625  1   34.564   34.554  1
 1234.0 1234.0  1    3.619    3.619  1   34.564   34.554  1
 1236.0 1236.0  1    3.612    3.612  1   34.565   34.555  1
 1238.0 1238.0  1    3.602    3.602  1   34.565   34.555  1
 1240.0 1240.0  1    3.593    3.593  1   34.566   34.556  1
 1242.0 1242.0  1    3.587    3.587  1   34.567   34.557  1
 1244.0 1244.0  1    3.581    3.581  1   34.567   34.557  1
 1246.0 1246.0  1    3.578    3.578  1   34.567   34.557  1
 1248.0 1248.0  1    3.570    3.570  1   34.568   34.558  1
 1250.0 1250.0  1    3.563    3.563  1   34.568   34.558  1
 1252.0 1252.0  1    3.553    3.553  1   34.569   34.559  1
 1254.0 1254.0  1    3.548    3.548  1   34.569   34.559  1
 1256.0 1256.0  1    3.546    3.546  1   34.569   34.559  1
 1258.0 1258.0  1    3.541    3.541  1   34.569   34.559  1
 1260.0 1260.0  1    3.533    3.533  1   34.569   34.559  1
 1262.0 1262.0  1    3.521    3.521  1   34.570   34.560  1
 1264.0 1264.0  1    3.519    3.519  1   34.570   34.560  1
 1266.0 1266.0  1    3.517    3.517  1   34.570   34.560  1
 1268.0 1268.0  1    3.512    3.512  1   34.570   34.560  1
 1270.0 1270.0  1    3.505    3.505  1   34.570   34.560  1
 1272.0 1272.0  1    3.495    3.495  1   34.571   34.561  1
 1274.0 1274.0  1    3.487    3.487  1   34.572   34.562  1
 1276.0 1276.0  1    3.487    3.487  1   34.571   34.561  1
 1278.0 1278.0  1    3.487    3.487  1   34.571   34.561  1
 1280.0 1280.0  1    3.484    3.484  1   34.571   34.561  1
 1282.0 1282.0  1    3.475    3.475  1   34.572   34.562  1
 1284.0 1284.0  1    3.468    3.468  1   34.572   34.562  1
 1286.0 1286.0  1    3.466    3.466  1   34.572   34.562  1
 1288.0 1288.0  1    3.463    3.463  1   34.572   34.562  1
 1290.0 1290.0  1    3.457    3.457  1   34.572   34.562  1
 1292.0 1292.0  1    3.449    3.449  1   34.573   34.563  1
 1294.0 1294.0  1    3.445    3.445  1   34.573   34.563  1
 1296.0 1296.0  1    3.439    3.439  1   34.573   34.563  1
 1298.0 1298.0  1    3.434    3.434  1   34.574   34.564  1
 1300.0 1300.0  1    3.430    3.430  1   34.574   34.564  1
 1302.0 1302.0  1    3.426    3.426  1   34.574   34.564  1
 1304.0 1304.0  1    3.416    3.416  1   34.574   34.564  1
 1306.0 1306.0  1    3.410    3.410  1   34.575   34.565  1
 1308.0 1308.0  1    3.404    3.404  1   34.576   34.566  1
 1310.0 1310.0  1    3.401    3.401  1   34.576   34.566  1
 1312.0 1312.0  1    3.395    3.395  1   34.576   34.566  1
 1314.0 1314.0  1    3.385    3.385  1   34.577   34.567  1
 1316.0 1316.0  1    3.375    3.375  1   34.577   34.567  1
 1318.0 1318.0  1    3.373    3.373  1   34.577   34.567  1
 1320.0 1320.0  1    3.371    3.371  1   34.577   34.567  1
 1322.0 1322.0  1    3.368    3.368  1   34.578   34.568  1
 1324.0 1324.0  1    3.365    3.365  1   34.578   34.568  1
 1326.0 1326.0  1    3.364    3.364  1   34.578   34.568  1
 1328.0 1328.0  1    3.361    3.361  1   34.578   34.568  1
 1330.0 1330.0  1    3.358    3.358  1   34.578   34.568  1
 1332.0 1332.0  1    3.357    3.357  1   34.578   34.568  1
 1334.0 1334.0  1    3.353    3.353  1   34.578   34.568  1
 1336.0 1336.0  1    3.352    3.352  1   34.578   34.568  1
 1338.0 1338.0  1    3.348    3.348  1   34.578   34.568  1
 1340.0 1340.0  1    3.342    3.342  1   34.578   34.568  1
 1342.0 1342.0  1    3.333    3.333  1   34.579   34.569  1
 1344.0 1344.0  1    3.325    3.325  1   34.579   34.569  1
 1346.0 1346.0  1    3.318    3.318  1   34.579   34.569  1
 1348.0 1348.0  1    3.310    3.310  1   34.578   34.568  1
 1350.0 1350.0  1    3.292    3.292  1   34.579   34.569  1
 1352.0 1352.0  1    3.274    3.274  1   34.580   34.570  1
 1354.0 1354.0  1    3.260    3.260  1   34.581   34.571  1
 1356.0 1356.0  1    3.255    3.255  1   34.581   34.571  1
 1358.0 1358.0  1    3.254    3.254  1   34.581   34.571  1
 1360.0 1360.0  1    3.253    3.253  1   34.581   34.571  1
 1362.0 1362.0  1    3.252    3.252  1   34.581   34.571  1
 1364.0 1364.0  1    3.246    3.246  1   34.581   34.571  1
 1366.0 1366.0  1    3.237    3.237  1   34.581   34.571  1
 1368.0 1368.0  1    3.235    3.235  1   34.581   34.571  1
 1370.0 1370.0  1    3.225    3.225  1   34.582   34.572  1
 1372.0 1372.0  1    3.217    3.217  1   34.582   34.572  1
 1374.0 1374.0  1    3.209    3.209  1   34.583   34.573  1
 1376.0 1376.0  1    3.206    3.206  1   34.583   34.573  1
 1378.0 1378.0  1    3.203    3.203  1   34.583   34.573  1
 1380.0 1380.0  1    3.200    3.200  1   34.584   34.574  1
 1382.0 1382.0  1    3.197    3.197  1   34.584   34.574  1
 1384.0 1384.0  1    3.185    3.185  1   34.585   34.575  1
 1386.0 1386.0  1    3.180    3.180  1   34.585   34.575  1
 1388.0 1388.0  1    3.174    3.174  1   34.585   34.575  1
 1390.0 1390.0  1    3.160    3.160  1   34.586   34.576  1
 1392.0 1392.0  1    3.151    3.151  1   34.586   34.576  1
 1394.0 1394.0  1    3.145    3.145  1   34.587   34.577  1
 1396.0 1396.0  1    3.144    3.144  1   34.587   34.577  1
 1398.0 1398.0  1    3.141    3.141  1   34.587   34.577  1
 1400.0 1400.0  1    3.135    3.135  1   34.587   34.577  1
 1402.0 1402.0  1    3.132    3.132  1   34.587   34.577  1
 1404.0 1404.0  1    3.125    3.125  1   34.587   34.577  1
 1406.0 1406.0  1    3.113    3.113  1   34.588   34.578  1
 1408.0 1408.0  1    3.103    3.103  1   34.589   34.579  1
 1410.0 1410.0  1    3.096    3.096  1   34.590   34.580  1
 1412.0 1412.0  1    3.089    3.089  1   34.590   34.580  1
 1414.0 1414.0  1    3.088    3.088  1   34.590   34.580  1
 1416.0 1416.0  1    3.088    3.088  1   34.590   34.580  1
 1418.0 1418.0  1    3.084    3.084  1   34.590   34.580  1
 1420.0 1420.0  1    3.081    3.081  1   34.589   34.579  1
 1422.0 1422.0  1    3.071    3.071  1   34.590   34.580  1
 1424.0 1424.0  1    3.047    3.047  1   34.592   34.582  1
 1426.0 1426.0  1    3.046    3.046  1   34.592   34.582  1
 1428.0 1428.0  1    3.046    3.046  1   34.592   34.582  1
 1430.0 1430.0  1    3.044    3.044  1   34.592   34.582  1
 1432.0 1432.0  1    3.041    3.041  1   34.592   34.582  1
 1434.0 1434.0  1    3.039    3.039  1   34.592   34.582  1
 1436.0 1436.0  1    3.038    3.038  1   34.592   34.582  1
 1438.0 1438.0  1    3.036    3.036  1   34.592   34.582  1
 1440.0 1440.0  1    3.035    3.035  1   34.592   34.582  1
 1442.0 1442.0  1    3.034    3.034  1   34.592   34.582  1
 1444.0 1444.0  1    3.033    3.033  1   34.592   34.582  1
 1446.0 1446.0  1    3.030    3.030  1   34.592   34.582  1
 1448.0 1448.0  1    3.024    3.024  1   34.592   34.582  1
 1450.0 1450.0  1    3.023    3.023  1   34.592   34.582  1
 1452.0 1452.0  1    3.019    3.019  1   34.592   34.582  1
 1454.0 1454.0  1    3.008    3.008  1   34.593   34.583  1
 1456.0 1456.0  1    3.003    3.003  1   34.594   34.584  1
 1458.0 1458.0  1    2.995    2.995  1   34.594   34.584  1
 1460.0 1460.0  1    2.995    2.995  1   34.594   34.584  1
 1462.0 1462.0  1    2.993    2.993  1   34.594   34.584  1
 1464.0 1464.0  1    2.993    2.993  1   34.594   34.584  1
 1466.0 1466.0  1    2.993    2.993  1   34.594   34.584  1
 1468.1 1468.1  1    2.993    2.993  1   34.594   34.584  1
 1470.0 1470.0  1    2.992    2.992  1   34.594   34.584  1
 1472.0 1472.0  1    2.992    2.992  1   34.594   34.584  1
 1474.0 1474.0  1    2.991    2.991  1   34.594   34.584  1
 1476.0 1476.0  1    2.985    2.985  1   34.595   34.585  1
 1478.0 1478.0  1    2.981    2.981  1   34.595   34.585  1
 1480.0 1480.0  1    2.978    2.978  1   34.595   34.585  1
 1482.0 1482.0  1    2.973    2.973  1   34.595   34.585  1
 1484.0 1484.0  1    2.966    2.966  1   34.595   34.585  1
 1486.0 1486.0  1    2.956    2.956  1   34.596   34.586  1
 1488.0 1488.0  1    2.954    2.954  1   34.596   34.586  1
 1490.0 1490.0  1    2.950    2.950  1   34.597   34.587  1
 1492.0 1492.0  1    2.947    2.947  1   34.597   34.587  1
 1494.0 1494.0  1    2.943    2.943  1   34.597   34.587  1
 1496.0 1496.0  1    2.939    2.939  1   34.598   34.588  1
 1498.0 1498.0  1    2.936    2.936  1   34.598   34.588  1
 1500.0 1500.0  1    2.928    2.928  1   34.598   34.588  1
 1502.0 1502.0  1    2.928    2.928  1   34.598   34.588  1
 1504.0 1504.0  1    2.927    2.927  1   34.598   34.588  1
 1506.0 1506.0  1    2.926    2.926  1   34.598   34.588  1
 1508.0 1508.0  1    2.924    2.924  1   34.599   34.589  1
 1510.0 1510.0  1    2.924    2.924  1   34.599   34.589  1
 1512.0 1512.0  1    2.923    2.923  1   34.599   34.589  1
 1514.0 1514.0  1    2.921    2.921  1   34.599   34.589  1
 1516.0 1516.0  1    2.918    2.918  1   34.599   34.589  1
 1518.0 1518.0  1    2.916    2.916  1   34.599   34.589  1
 1520.0 1520.0  1    2.915    2.915  1   34.599   34.589  1
 1522.0 1522.0  1    2.913    2.913  1   34.599   34.589  1
 1524.0 1524.0  1    2.907    2.907  1   34.599   34.589  1
 1526.0 1526.0  1    2.905    2.905  1   34.600   34.590  1
 1528.0 1528.0  1    2.903    2.903  1   34.600   34.590  1
 1530.0 1530.0  1    2.903    2.903  1   34.600   34.590  1
 1532.0 1532.0  1    2.903    2.903  1   34.599   34.589  1
 1534.0 1534.0  1    2.901    2.901  1   34.599   34.589  1
 1536.0 1536.0  1    2.897    2.897  1   34.599   34.589  1
 1538.0 1538.0  1    2.895    2.895  1   34.599   34.589  1
 1540.0 1540.0  1    2.890    2.890  1   34.599   34.589  1
 1542.0 1542.0  1    2.887    2.887  1   34.599   34.589  1
 1544.0 1544.0  1    2.883    2.883  1   34.599   34.589  1
 1546.0 1546.0  1    2.881    2.881  1   34.599   34.589  1
 1548.0 1548.0  1    2.867    2.867  1   34.599   34.589  1
 1550.0 1550.0  1    2.850    2.850  1   34.601   34.591  1
 1552.0 1552.0  1    2.843    2.843  1   34.602   34.592  1
 1554.0 1554.0  1    2.842    2.842  1   34.602   34.592  1
 1556.0 1556.0  1    2.840    2.840  1   34.603   34.593  1
 1558.0 1558.0  1    2.835    2.835  1   34.603   34.593  1
 1560.0 1560.0  1    2.832    2.832  1   34.603   34.593  1
 1562.0 1562.0  1    2.830    2.830  1   34.603   34.593  1
 1564.0 1564.0  1    2.827    2.827  1   34.603   34.593  1
 1566.0 1566.0  1    2.824    2.824  1   34.604   34.594  1
 1568.0 1568.0  1    2.821    2.821  1   34.604   34.594  1
 1570.0 1570.0  1    2.818    2.818  1   34.604   34.594  1
 1572.0 1572.0  1    2.814    2.814  1   34.604   34.594  1
 1574.0 1574.0  1    2.812    2.812  1   34.604   34.594  1
 1576.0 1576.0  1    2.809    2.809  1   34.603   34.593  1
 1578.0 1578.0  1    2.798    2.798  1   34.604   34.594  1
 1580.0 1580.0  1    2.788    2.788  1   34.604   34.594  1
 1582.0 1582.0  1    2.778    2.778  1   34.605   34.595  1
 1584.0 1584.0  1    2.774    2.774  1   34.605   34.595  1
 1586.0 1586.0  1    2.759    2.759  1   34.606   34.596  1
 1588.0 1588.0  1    2.754    2.754  1   34.606   34.596  1
 1590.0 1590.0  1    2.752    2.752  1   34.606   34.596  1
 1592.0 1592.0  1    2.746    2.746  1   34.607   34.597  1
 1594.0 1594.0  1    2.743    2.743  1   34.607   34.597  1
 1596.0 1596.0  1    2.740    2.740  1   34.607   34.597  1
 1598.0 1598.0  1    2.735    2.735  1   34.607   34.597  1
 1600.0 1600.0  1    2.725    2.725  1   34.608   34.598  1
 1602.0 1602.0  1    2.723    2.723  1   34.609   34.599  1
 1604.0 1604.0  1    2.723    2.723  1   34.609   34.599  1
 1606.0 1606.0  1    2.723    2.723  1   34.609   34.599  1
 1608.0 1608.0  1    2.722    2.722  1   34.609   34.599  1
 1610.0 1610.0  1    2.720    2.720  1   34.609   34.599  1
 1612.0 1612.0  1    2.719    2.719  1   34.609   34.599  1
 1614.0 1614.0  1    2.712    2.712  1   34.609   34.599  1
 1616.0 1616.0  1    2.708    2.708  1   34.610   34.600  1
 1618.0 1618.0  1    2.706    2.706  1   34.610   34.600  1
 1620.0 1620.0  1    2.696    2.696  1   34.610   34.600  1
 1622.0 1622.0  1    2.691    2.691  1   34.611   34.601  1
 1624.0 1624.0  1    2.687    2.687  1   34.611   34.601  1
 1626.0 1626.0  1    2.685    2.685  1   34.611   34.601  1
 1628.0 1628.0  1    2.677    2.677  1   34.612   34.602  1
 1630.0 1630.0  1    2.672    2.672  1   34.612   34.602  1
 1632.0 1632.0  1    2.668    2.668  1   34.612   34.602  1
 1634.0 1634.0  1    2.663    2.663  1   34.612   34.602  1
 1636.0 1636.0  1    2.661    2.661  1   34.612   34.602  1
 1638.0 1638.0  1    2.662    2.662  1   34.612   34.602  1
 1640.0 1640.0  1    2.661    2.661  1   34.613   34.603  1
 1642.0 1642.0  1    2.653    2.653  1   34.613   34.603  1
 1644.0 1644.0  1    2.649    2.649  1   34.613   34.603  1
 1646.0 1646.0  1    2.647    2.647  1   34.613   34.603  1
 1648.0 1648.0  1    2.643    2.643  1   34.614   34.604  1
 1650.0 1650.0  1    2.642    2.642  1   34.614   34.604  1
 1652.0 1652.0  1    2.642    2.642  1   34.614   34.604  1
 1654.0 1654.0  1    2.641    2.641  1   34.614   34.604  1
 1656.0 1656.0  1    2.639    2.639  1   34.614   34.604  1
 1658.0 1658.0  1    2.632    2.632  1   34.615   34.605  1
 1660.0 1660.0  1    2.626    2.626  1   34.616   34.606  1
 1662.0 1662.0  1    2.623    2.623  1   34.616   34.606  1
 1664.0 1664.0  1    2.621    2.621  1   34.616   34.606  1
 1666.0 1666.0  1    2.620    2.620  1   34.616   34.606  1
 1668.0 1668.0  1    2.618    2.618  1   34.617   34.607  1
 1670.1 1670.1  1    2.618    2.618  1   34.617   34.607  1
 1672.0 1672.0  1    2.617    2.617  1   34.616   34.606  1
 1674.0 1674.0  1    2.616    2.616  1   34.617   34.607  1
 1676.0 1676.0  1    2.615    2.615  1   34.616   34.606  1
 1678.0 1678.0  1    2.612    2.612  1   34.617   34.607  1
 1680.0 1680.0  1    2.609    2.609  1   34.617   34.607  1
 1682.0 1682.0  1    2.604    2.604  1   34.617   34.607  1
 1684.1 1684.1  1    2.600    2.600  1   34.618   34.608  1
 1686.0 1686.0  1    2.599    2.599  1   34.618   34.608  1
 1688.0 1688.0  1    2.598    2.598  1   34.618   34.608  1
 1690.0 1690.0  1    2.593    2.593  1   34.618   34.608  1
 1692.0 1692.0  1    2.589    2.589  1   34.618   34.608  1
 1694.0 1694.0  1    2.587    2.587  1   34.619   34.609  1
 1696.0 1696.0  1    2.587    2.587  1   34.619   34.609  1
 1698.0 1698.0  1    2.585    2.585  1   34.619   34.609  1
 1700.0 1700.0  1    2.582    2.582  1   34.619   34.609  1
 1702.0 1702.0  1    2.581    2.581  1   34.619   34.609  1
 1704.0 1704.0  1    2.580    2.580  1   34.619   34.609  1
 1706.0 1706.0  1    2.579    2.579  1   34.619   34.609  1
 1708.0 1708.0  1    2.576    2.576  1   34.619   34.609  1
 1710.0 1710.0  1    2.575    2.575  1   34.619   34.609  1
 1712.0 1712.0  1    2.571    2.571  1   34.620   34.610  1
 1714.0 1714.0  1    2.570    2.570  1   34.620   34.610  1
 1716.0 1716.0  1    2.569    2.569  1   34.620   34.610  1
 1718.0 1718.0  1    2.568    2.568  1   34.620   34.610  1
 1720.0 1720.0  1    2.567    2.567  1   34.620   34.610  1
 1722.0 1722.0  1    2.565    2.565  1   34.619   34.609  1
 1724.0 1724.0  1    2.557    2.557  1   34.620   34.610  1
 1726.0 1726.0  1    2.542    2.542  1   34.621   34.611  1
 1728.0 1728.0  1    2.540    2.540  1   34.621   34.611  1
 1730.0 1730.0  1    2.540    2.540  1   34.622   34.612  1
 1732.0 1732.0  1    2.539    2.539  1   34.621   34.611  1
 1734.0 1734.0  1    2.534    2.534  1   34.622   34.612  1
 1736.0 1736.0  1    2.531    2.531  1   34.622   34.612  1
 1738.0 1738.0  1    2.528    2.528  1   34.622   34.612  1
 1740.0 1740.0  1    2.526    2.526  1   34.622   34.612  1
 1742.0 1742.0  1    2.526    2.526  1   34.622   34.612  1
 1744.0 1744.0  1    2.525    2.525  1   34.622   34.612  1
 1746.0 1746.0  1    2.523    2.523  1   34.622   34.612  1
 1748.0 1748.0  1    2.514    2.514  1   34.623   34.613  1
 1750.0 1750.0  1    2.509    2.509  1   34.623   34.613  1
 1752.0 1752.0  1    2.507    2.507  1   34.623   34.613  1
 1754.0 1754.0  1    2.505    2.505  1   34.624   34.614  1
 1756.0 1756.0  1    2.503    2.503  1   34.624   34.614  1
 1758.0 1758.0  1    2.503    2.503  1   34.624   34.614  1
 1760.0 1760.0  1    2.502    2.502  1   34.624   34.614  1
 1762.1 1762.1  1    2.502    2.502  1   34.624   34.614  1
 1764.0 1764.0  1    2.499    2.499  1   34.624   34.614  1
 1766.0 1766.0  1    2.497    2.497  1   34.624   34.614  1
 1768.0 1768.0  1    2.495    2.495  1   34.624   34.614  1
 1770.0 1770.0  1    2.494    2.494  1   34.624   34.614  1
 1772.0 1772.0  1    2.493    2.493  1   34.624   34.614  1
 1774.0 1774.0  1    2.490    2.490  1   34.625   34.615  1
 1776.0 1776.0  1    2.488    2.488  1   34.625   34.615  1
 1778.0 1778.0  1    2.486    2.486  1   34.625   34.615  1
 1780.0 1780.0  1    2.483    2.483  1   34.625   34.615  1
 1782.0 1782.0  1    2.481    2.481  1   34.625   34.615  1
 1784.0 1784.0  1    2.481    2.481  1   34.625   34.615  1
 1786.0 1786.0  1    2.478    2.478  1   34.625   34.615  1
 1788.0 1788.0  1    2.473    2.473  1   34.626   34.616  1
 1790.0 1790.0  1    2.470    2.470  1   34.626   34.616  1
 1792.0 1792.0  1    2.467    2.467  1   34.626   34.616  1
 1794.0 1794.0  1    2.463    2.463  1   34.626   34.616  1
 1796.0 1796.0  1    2.460    2.460  1   34.627   34.617  1
 1798.0 1798.0  1    2.457    2.457  1   34.627   34.617  1
 1800.0 1800.0  1    2.452    2.452  1   34.627   34.617  1
 1802.0 1802.0  1    2.446    2.446  1   34.627   34.617  1
 1804.0 1804.0  1    2.443    2.443  1   34.628   34.618  1
 1806.0 1806.0  1    2.441    2.441  1   34.628   34.618  1
 1808.0 1808.0  1    2.439    2.439  1   34.628   34.618  1
 1810.0 1810.0  1    2.438    2.438  1   34.628   34.618  1
 1812.0 1812.0  1    2.438    2.438  1   34.628   34.618  1
 1814.0 1814.0  1    2.438    2.438  1   34.628   34.618  1
 1816.0 1816.0  1    2.437    2.437  1   34.628   34.618  1
 1818.0 1818.0  1    2.433    2.433  1   34.628   34.618  1
 1820.0 1820.0  1    2.426    2.426  1   34.629   34.619  1
 1822.0 1822.0  1    2.421    2.421  1   34.629   34.619  1
 1824.0 1824.0  1    2.420    2.420  1   34.629   34.619  1
 1826.0 1826.0  1    2.420    2.420  1   34.629   34.619  1
 1828.0 1828.0  1    2.419    2.419  1   34.629   34.619  1
 1830.0 1830.0  1    2.416    2.416  1   34.629   34.619  1
 1832.0 1832.0  1    2.408    2.408  1   34.630   34.620  1
 1834.0 1834.0  1    2.406    2.406  1   34.630   34.620  1
 1836.0 1836.0  1    2.403    2.403  1   34.630   34.620  1
 1838.0 1838.0  1    2.402    2.402  1   34.630   34.620  1
 1840.0 1840.0  1    2.399    2.399  1   34.631   34.621  1
 1842.0 1842.0  1    2.396    2.396  1   34.631   34.621  1
 1844.0 1844.0  1    2.396    2.396  1   34.631   34.621  1
 1846.0 1846.0  1    2.395    2.395  1   34.631   34.621  1
 1848.0 1848.0  1    2.394    2.394  1   34.631   34.621  1
 1850.0 1850.0  1    2.393    2.393  1   34.631   34.621  1
 1852.0 1852.0  1    2.394    2.394  1   34.631   34.621  1
 1854.0 1854.0  1    2.393    2.393  1   34.631   34.621  1
 1856.0 1856.0  1    2.392    2.392  1   34.631   34.621  1
 1858.0 1858.0  1    2.392    2.392  1   34.631   34.621  1
 1860.0 1860.0  1    2.392    2.392  1   34.631   34.621  1
 1862.0 1862.0  1    2.391    2.391  1   34.631   34.621  1
 1864.0 1864.0  1    2.391    2.391  1   34.631   34.621  1
 1866.0 1866.0  1    2.389    2.389  1   34.631   34.621  1
 1868.0 1868.0  1    2.389    2.389  1   34.631   34.621  1
 1870.0 1870.0  1    2.389    2.389  1   34.631   34.621  1
 1872.0 1872.0  1    2.389    2.389  1   34.631   34.621  1
 1874.0 1874.0  1    2.388    2.388  1   34.631   34.621  1
 1876.0 1876.0  1    2.383    2.383  1   34.632   34.622  1
 1878.0 1878.0  1    2.380    2.380  1   34.632   34.622  1
 1880.0 1880.0  1    2.378    2.378  1   34.632   34.622  1
 1882.0 1882.0  1    2.377    2.377  1   34.632   34.622  1
 1884.0 1884.0  1    2.377    2.377  1   34.632   34.622  1
 1886.0 1886.0  1    2.377    2.377  1   34.632   34.622  1
 1888.0 1888.0  1    2.377    2.377  1   34.632   34.622  1
 1890.0 1890.0  1    2.375    2.375  1   34.632   34.622  1
 1892.0 1892.0  1    2.374    2.374  1   34.632   34.622  1
 1894.0 1894.0  1    2.373    2.373  1   34.632   34.622  1
 1896.0 1896.0  1    2.371    2.371  1   34.633   34.623  1
 1898.0 1898.0  1    2.370    2.370  1   34.633   34.623  1
 1900.0 1900.0  1    2.368    2.368  1   34.633   34.623  1
 1902.0 1902.0  1    2.368    2.368  1   34.633   34.623  1
 1903.5 1903.5  1    2.368    2.368  1   34.633   34.623  1
