*SoftWare Version 3.0  2018/12/27

*HEADER
     PLATFORM NUMBER       :5904460
     CYCLE NUMBER          :368
     DATE CREATION         :20191210160755
     DATE UPDATE           :20191210160755
     PROJECT NAME          :US ARGO PROJECT
     PI NAME               :STEPHEN RISER
     INSTRUMENT TYPE       :APEX
     FLOAT SERIAL NO       :6487
     FIRMWARE VERSION      :072314
     WMO INSTRUMENT TYPE   :846
     TRANSMISSION SYSTEM   :IRIDIUM
     POSITIONING SYSTEM    :GPS
     SAMPLE DIRECTION      :A(A=Ascend; D=Descend)
     DATA MODE             :A(R=Real Time; D=Delayed Mode; A=Real Time Adjusted)
     JULIAN DAY            :25545.2333 (days since 1950-01-01 00:00:00 UTC)
     DATE                  :2019-12-10
     QC FLAG FOR DATE      :1
*LOCATION
     LATITUDE              :18.070  
     LONGITUDE             :174.017 
     QC FLAG FOR LOCATION  :1
*FILE
     COLUMN 1              :Pressure (dbar)                             F7.1
     COLUMN 2              :Corrected Pressure (dbar)                   F7.1
     COLUMN 3              :Quality on Pressure                         I3
     COLUMN 4              :Temperature (degree_Celsius)                F9.3
     COLUMN 5              :Corrected Temperature (degree_Celsius)      F9.3
     COLUMN 6              :Quality on Temperature                      I3
     COLUMN 7              :Salinity (PSU)                              F9.3
     COLUMN 8              :Corrected Salinity (PSU)                    F9.3
     COLUMN 9              :Quality on Salinity                         I3
==========================================================================
    4.2    4.8  1   27.329   27.329  1   34.863   34.863  1
    5.9    6.6  1   27.331   27.331  1   34.862   34.862  1
    8.0    8.6  1   27.331   27.331  1   34.862   34.862  1
   10.0   10.6  1   27.330   27.330  1   34.862   34.862  1
   12.0   12.6  1   27.335   27.335  1   34.862   34.862  1
   14.0   14.6  1   27.336   27.336  1   34.862   34.862  1
   16.0   16.6  1   27.328   27.328  1   34.862   34.862  1
   18.0   18.6  1   27.326   27.326  1   34.861   34.861  1
   20.0   20.6  1   27.328   27.328  1   34.861   34.861  1
   22.0   22.6  1   27.325   27.325  1   34.861   34.861  1
   24.0   24.6  1   27.328   27.328  1   34.861   34.861  1
   26.0   26.6  1   27.326   27.326  1   34.861   34.861  1
   28.0   28.6  1   27.318   27.318  1   34.861   34.861  1
   30.0   30.6  1   27.324   27.324  1   34.861   34.861  1
   32.0   32.7  1   27.307   27.307  1   34.859   34.859  1
   34.0   34.7  1   27.294   27.294  1   34.860   34.860  1
   36.0   36.7  1   27.263   27.263  1   34.873   34.873  1
   38.0   38.7  1   27.162   27.162  1   34.916   34.916  1
   40.0   40.7  1   27.136   27.136  1   34.925   34.925  1
   42.0   42.7  1   27.111   27.111  1   34.929   34.929  1
   44.0   44.7  1   27.103   27.103  1   34.930   34.930  1
   46.0   46.7  1   27.095   27.095  1   34.931   34.931  1
   48.0   48.7  1   27.093   27.093  1   34.932   34.932  1
   50.0   50.7  1   27.089   27.089  1   34.937   34.937  1
   52.0   52.7  1   27.071   27.071  1   34.943   34.943  1
   54.0   54.7  1   27.053   27.053  1   34.950   34.950  1
   56.0   56.7  1   27.013   27.013  1   34.961   34.961  1
   58.0   58.7  1   26.984   26.984  1   34.968   34.968  1
   60.0   60.7  1   26.947   26.947  1   34.975   34.975  1
   62.0   62.7  1   26.857   26.857  1   34.999   34.999  1
   64.0   64.7  1   26.790   26.790  1   35.015   35.015  1
   66.0   66.7  1   26.771   26.771  1   35.015   35.015  1
   68.0   68.7  1   26.625   26.625  1   35.032   35.032  1
   69.9   70.6  1   26.474   26.474  1   35.044   35.044  1
   72.0   72.7  1   26.042   26.042  1   35.088   35.088  1
   74.0   74.7  1   25.524   25.524  1   35.141   35.141  1
   76.0   76.7  1   25.287   25.287  1   35.151   35.151  1
   78.0   78.7  1   25.139   25.139  1   35.145   35.145  1
   80.0   80.7  1   24.890   24.890  1   35.140   35.140  1
   82.0   82.7  1   24.698   24.698  1   35.140   35.140  1
   84.0   84.7  1   24.694   24.694  1   35.145   35.145  1
   86.0   86.7  1   24.627   24.627  1   35.164   35.164  1
   88.0   88.7  1   24.456   24.456  1   35.164   35.164  1
   90.0   90.7  1   24.300   24.300  1   35.155   35.155  1
   92.0   92.7  1   24.102   24.102  1   35.155   35.155  1
   94.0   94.7  1   23.938   23.938  1   35.147   35.147  1
   96.0   96.7  1   23.793   23.793  1   35.148   35.148  1
   98.0   98.7  1   23.722   23.722  1   35.147   35.147  1
  100.0  100.7  1   23.466   23.466  1   35.143   35.143  1
  102.0  102.7  1   23.258   23.258  1   35.141   35.141  1
  104.0  104.7  1   23.088   23.088  1   35.143   35.143  1
  106.0  106.7  1   22.968   22.968  1   35.144   35.144  1
  108.0  108.7  1   22.844   22.844  1   35.136   35.136  1
  110.0  110.7  1   22.573   22.573  1   35.123   35.123  1
  112.0  112.7  1   22.483   22.483  1   35.122   35.122  1
  114.0  114.7  1   22.447   22.447  1   35.120   35.120  1
  115.9  116.6  1   22.247   22.247  1   35.115   35.115  1
  118.0  118.7  1   21.865   21.865  1   35.110   35.110  1
  120.0  120.7  1   21.732   21.732  1   35.107   35.107  1
  122.0  122.7  1   21.712   21.712  1   35.104   35.104  1
  124.0  124.7  1   21.638   21.638  1   35.096   35.096  1
  126.0  126.7  1   21.469   21.469  1   35.090   35.090  1
  128.0  128.6  1   21.377   21.377  1   35.087   35.087  1
  130.0  130.6  1   21.360   21.360  1   35.087   35.087  1
  132.0  132.6  1   21.208   21.208  1   35.078   35.078  1
  134.0  134.6  1   20.993   20.993  1   35.060   35.060  1
  136.0  136.6  1   20.829   20.829  1   35.053   35.053  1
  138.0  138.6  1   20.746   20.746  1   35.048   35.048  1
  140.0  140.6  1   20.651   20.651  1   35.039   35.039  1
  142.0  142.6  1   20.423   20.423  1   35.024   35.024  1
  144.0  144.6  1   20.365   20.365  1   35.016   35.016  1
  146.0  146.6  1   20.075   20.075  1   34.992   34.992  1
  148.0  148.6  1   19.768   19.768  1   34.975   34.975  1
  150.0  150.6  1   19.546   19.546  1   34.956   34.956  1
  152.0  152.6  1   19.396   19.396  1   34.940   34.940  1
  154.0  154.6  1   19.173   19.173  1   34.922   34.922  1
  156.0  156.6  1   19.108   19.108  1   34.915   34.915  1
  158.0  158.6  1   19.052   19.052  1   34.909   34.909  1
  160.0  160.6  1   19.016   19.016  1   34.904   34.904  1
  162.0  162.6  1   18.913   18.913  1   34.896   34.896  1
  164.0  164.6  1   18.800   18.800  1   34.886   34.886  1
  166.0  166.6  1   18.756   18.756  1   34.881   34.881  1
  168.0  168.6  1   18.640   18.640  1   34.868   34.868  1
  170.0  170.6  1   18.491   18.491  1   34.852   34.852  1
  172.0  172.6  1   18.359   18.359  1   34.835   34.835  1
  174.0  174.6  1   18.163   18.163  1   34.816   34.816  1
  176.0  176.6  1   18.009   18.009  1   34.802   34.802  1
  178.0  178.6  1   17.778   17.778  1   34.787   34.787  1
  180.0  180.6  1   17.534   17.534  1   34.770   34.770  1
  182.0  182.6  1   17.448   17.448  1   34.764   34.764  1
  184.0  184.6  1   17.434   17.434  1   34.763   34.763  1
  186.0  186.6  1   17.401   17.401  1   34.760   34.760  1
  188.0  188.6  1   17.359   17.359  1   34.757   34.757  1
  190.0  190.6  1   17.335   17.335  1   34.754   34.754  1
  192.0  192.6  1   17.306   17.306  1   34.751   34.751  1
  194.0  194.6  1   17.227   17.227  1   34.744   34.744  1
  196.0  196.6  1   17.175   17.175  1   34.738   34.738  1
  198.0  198.6  1   17.131   17.131  1   34.734   34.734  1
  200.0  200.6  1   17.067   17.067  1   34.727   34.727  1
  202.0  202.6  1   17.024   17.024  1   34.720   34.720  1
  204.0  204.6  1   16.913   16.913  1   34.706   34.706  1
  206.0  206.6  1   16.757   16.757  1   34.691   34.691  1
  208.0  208.6  1   16.572   16.572  1   34.671   34.671  1
  210.0  210.6  1   16.402   16.402  1   34.656   34.656  1
  212.0  212.6  1   16.349   16.349  1   34.651   34.651  1
  214.0  214.6  1   16.319   16.319  1   34.648   34.648  1
  216.0  216.6  1   16.266   16.266  1   34.641   34.641  1
  218.0  218.6  1   16.108   16.108  1   34.621   34.621  1
  220.0  220.6  1   15.679   15.679  1   34.581   34.581  1
  222.0  222.6  1   15.486   15.486  1   34.563   34.563  1
  224.0  224.6  1   15.347   15.347  1   34.548   34.548  1
  226.0  226.6  1   15.132   15.132  1   34.530   34.530  1
  228.0  228.6  1   14.990   14.990  1   34.517   34.517  1
  230.0  230.6  1   14.892   14.892  1   34.507   34.507  1
  232.0  232.6  1   14.791   14.791  1   34.498   34.498  1
  234.0  234.6  1   14.710   14.710  1   34.492   34.492  1
  236.0  236.6  1   14.565   14.565  1   34.480   34.480  1
  238.0  238.6  1   14.489   14.489  1   34.474   34.474  1
  240.0  240.6  1   14.441   14.441  1   34.469   34.469  1
  242.0  242.6  1   14.402   14.402  1   34.464   34.464  1
  244.0  244.6  1   14.330   14.330  1   34.456   34.456  1
  246.0  246.6  1   14.231   14.231  1   34.444   34.444  1
  248.0  248.6  1   13.949   13.949  1   34.419   34.419  1
  250.0  250.6  1   13.773   13.773  1   34.399   34.399  1
  252.0  252.6  1   13.765   13.765  1   34.398   34.398  1
  254.0  254.6  1   13.754   13.754  1   34.396   34.396  1
  256.0  256.6  1   13.731   13.731  1   34.392   34.392  1
  258.0  258.6  1   13.638   13.638  1   34.382   34.382  1
  260.0  260.6  1   13.564   13.564  1   34.376   34.376  1
  262.0  262.6  1   13.530   13.530  1   34.373   34.373  1
  264.0  264.6  1   13.516   13.516  1   34.372   34.372  1
  266.0  266.6  1   13.509   13.509  1   34.370   34.370  1
  268.0  268.6  1   13.473   13.473  1   34.365   34.365  1
  270.0  270.6  1   13.366   13.366  1   34.357   34.357  1
  272.0  272.6  1   13.216   13.216  1   34.347   34.347  1
  274.0  274.6  1   13.073   13.073  1   34.336   34.336  1
  276.0  276.6  1   12.879   12.879  1   34.327   34.327  1
  278.0  278.6  1   12.712   12.712  1   34.319   34.319  1
  280.0  280.6  1   12.679   12.679  1   34.316   34.316  1
  282.0  282.6  1   12.666   12.666  1   34.315   34.315  1
  284.0  284.6  1   12.642   12.642  1   34.314   34.314  1
  286.0  286.6  1   12.601   12.601  1   34.312   34.312  1
  288.0  288.6  1   12.572   12.572  1   34.311   34.311  1
  290.0  290.6  1   12.552   12.552  1   34.310   34.310  1
  292.0  292.6  1   12.538   12.538  1   34.308   34.308  1
  294.0  294.6  1   12.515   12.515  1   34.307   34.307  1
  296.0  296.6  1   12.502   12.502  1   34.305   34.305  1
  298.0  298.6  1   12.462   12.462  1   34.302   34.302  1
  300.0  300.6  1   12.387   12.387  1   34.298   34.298  1
  302.0  302.6  1   12.277   12.277  1   34.292   34.292  1
  304.0  304.6  1   12.159   12.159  1   34.284   34.284  1
  306.0  306.6  1   11.933   11.933  1   34.277   34.277  1
  308.0  308.6  1   11.776   11.776  1   34.270   34.270  1
  310.0  310.6  1   11.707   11.707  1   34.267   34.267  1
  312.0  312.6  1   11.642   11.642  1   34.263   34.263  1
  314.0  314.6  1   11.533   11.533  1   34.259   34.259  1
  316.0  316.6  1   11.449   11.449  1   34.256   34.256  1
  318.0  318.6  1   11.367   11.367  1   34.253   34.253  1
  320.0  320.6  1   11.343   11.343  1   34.250   34.250  1
  322.0  322.6  1   11.242   11.242  1   34.245   34.245  1
  324.0  324.6  1   11.012   11.012  1   34.239   34.239  1
  326.0  326.6  1   10.938   10.938  1   34.235   34.235  1
  328.0  328.6  1   10.890   10.890  1   34.232   34.232  1
  330.0  330.6  1   10.802   10.802  1   34.227   34.227  1
  332.0  332.6  1   10.653   10.653  1   34.221   34.221  1
  334.0  334.6  1   10.551   10.551  1   34.219   34.219  1
  336.0  336.6  1   10.462   10.462  1   34.218   34.218  1
  338.0  338.6  1   10.394   10.394  1   34.216   34.216  1
  340.0  340.6  1   10.308   10.308  1   34.213   34.213  1
  342.0  342.6  1   10.100   10.100  1   34.210   34.210  1
  344.0  344.6  1    9.994    9.994  1   34.207   34.207  1
  346.0  346.6  1    9.891    9.891  1   34.206   34.206  1
  348.0  348.6  1    9.819    9.819  1   34.204   34.204  1
  350.0  350.6  1    9.775    9.775  1   34.202   34.202  1
  352.0  352.6  1    9.747    9.747  1   34.199   34.199  1
  354.0  354.6  1    9.608    9.608  1   34.195   34.195  1
  356.0  356.6  1    9.545    9.545  1   34.191   34.191  1
  358.0  358.6  1    9.519    9.519  1   34.189   34.189  1
  360.0  360.6  1    9.470    9.470  1   34.186   34.186  1
  362.0  362.6  1    9.437    9.437  1   34.186   34.186  1
  364.0  364.6  1    9.394    9.394  1   34.186   34.186  1
  366.0  366.6  1    9.365    9.365  1   34.185   34.185  1
  368.0  368.6  1    9.300    9.300  1   34.183   34.183  1
  370.0  370.6  1    9.247    9.247  1   34.182   34.182  1
  372.0  372.6  1    9.233    9.233  1   34.180   34.180  1
  374.0  374.6  1    9.098    9.098  1   34.178   34.178  1
  376.0  376.6  1    9.015    9.015  1   34.174   34.174  1
  378.0  378.6  1    8.925    8.925  1   34.169   34.169  1
  380.0  380.6  1    8.895    8.895  1   34.170   34.170  1
  382.0  382.6  1    8.839    8.839  1   34.171   34.171  1
  384.0  384.6  1    8.721    8.721  1   34.170   34.170  1
  386.0  386.6  1    8.707    8.707  1   34.169   34.169  1
  387.9  388.5  1    8.691    8.691  1   34.167   34.167  1
  390.0  390.6  1    8.630    8.630  1   34.164   34.164  1
  392.0  392.6  1    8.547    8.547  1   34.161   34.161  1
  394.0  394.6  1    8.500    8.500  1   34.160   34.160  1
  396.0  396.6  1    8.487    8.487  1   34.160   34.160  1
  398.0  398.6  1    8.471    8.471  1   34.160   34.160  1
  400.0  400.6  1    8.471    8.471  1   34.160   34.160  1
  402.0  402.6  1    8.466    8.466  1   34.160   34.160  1
  404.0  404.6  1    8.461    8.461  1   34.162   34.162  1
  406.0  406.6  1    8.428    8.428  1   34.164   34.164  1
  408.0  408.6  1    8.343    8.343  1   34.157   34.157  1
  410.0  410.6  1    8.229    8.229  1   34.147   34.147  1
  412.0  412.6  1    8.081    8.081  1   34.141   34.141  1
  414.0  414.6  1    8.003    8.003  1   34.141   34.141  1
  416.0  416.6  1    7.966    7.966  1   34.140   34.140  1
  418.0  418.6  1    7.919    7.919  1   34.141   34.141  1
  420.0  420.6  1    7.862    7.862  1   34.140   34.140  1
  422.0  422.6  1    7.804    7.804  1   34.138   34.138  1
  424.0  424.6  1    7.763    7.763  1   34.140   34.140  1
  426.0  426.6  1    7.695    7.695  1   34.137   34.137  1
  428.0  428.6  1    7.662    7.662  1   34.134   34.134  1
  430.0  430.6  1    7.633    7.633  1   34.133   34.133  1
  432.0  432.6  1    7.588    7.588  1   34.131   34.131  1
  434.0  434.6  1    7.535    7.535  1   34.129   34.129  1
  436.0  436.6  1    7.513    7.513  1   34.128   34.128  1
  438.0  438.6  1    7.499    7.499  1   34.127   34.127  1
  440.0  440.6  1    7.466    7.466  1   34.126   34.126  1
  442.0  442.6  1    7.412    7.412  1   34.127   34.127  1
  444.0  444.6  1    7.327    7.327  1   34.131   34.131  1
  446.0  446.6  1    7.255    7.255  1   34.135   34.135  1
  448.0  448.6  1    7.244    7.244  1   34.136   34.136  1
  450.0  450.6  1    7.235    7.235  1   34.136   34.136  1
  452.0  452.6  1    7.215    7.215  1   34.138   34.138  1
  454.0  454.6  1    7.196    7.196  1   34.140   34.140  1
  456.0  456.6  1    7.159    7.159  1   34.141   34.141  1
  458.0  458.6  1    7.157    7.157  1   34.141   34.141  1
  460.0  460.6  1    7.123    7.123  1   34.140   34.140  1
  462.0  462.6  1    7.086    7.086  1   34.143   34.143  1
  464.0  464.6  1    7.060    7.060  1   34.146   34.146  1
  466.0  466.6  1    7.050    7.050  1   34.145   34.145  1
  468.0  468.6  1    6.978    6.978  1   34.150   34.150  1
  470.0  470.6  1    6.925    6.925  1   34.157   34.157  1
  472.0  472.6  1    6.914    6.914  1   34.159   34.159  1
  474.0  474.6  1    6.903    6.903  1   34.160   34.160  1
  476.0  476.6  1    6.883    6.883  1   34.165   34.165  1
  478.0  478.6  1    6.872    6.872  1   34.166   34.166  1
  480.0  480.6  1    6.865    6.865  1   34.167   34.167  1
  482.0  482.6  1    6.843    6.843  1   34.167   34.167  1
  484.0  484.6  1    6.779    6.779  1   34.168   34.168  1
  486.0  486.6  1    6.690    6.690  1   34.167   34.167  1
  488.0  488.6  1    6.567    6.567  1   34.168   34.168  1
  490.0  490.6  1    6.540    6.540  1   34.167   34.167  1
  492.0  492.6  1    6.527    6.527  1   34.167   34.167  1
  494.0  494.6  1    6.490    6.490  1   34.167   34.167  1
  496.0  496.6  1    6.445    6.445  1   34.170   34.170  1
  498.0  498.6  1    6.394    6.394  1   34.177   34.177  1
  500.0  500.6  1    6.380    6.380  1   34.189   34.189  1
  502.0  502.6  1    6.375    6.375  1   34.192   34.192  1
  504.0  504.6  1    6.373    6.373  1   34.196   34.196  1
  506.0  506.6  1    6.357    6.357  1   34.199   34.199  1
  508.0  508.6  1    6.326    6.326  1   34.207   34.207  1
  510.0  510.6  1    6.308    6.308  1   34.211   34.211  1
  512.1  512.8  1    6.296    6.296  1   34.213   34.213  1
  514.0  514.7  1    6.294    6.294  1   34.214   34.214  1
  516.0  516.7  1    6.283    6.283  1   34.216   34.216  1
  518.0  518.7  1    6.267    6.267  1   34.222   34.222  1
  520.0  520.7  1    6.261    6.261  1   34.230   34.230  1
  522.0  522.7  1    6.246    6.246  1   34.234   34.234  1
  524.0  524.7  1    6.266    6.266  1   34.243   34.243  1
  526.0  526.7  1    6.306    6.306  1   34.257   34.257  1
  528.0  528.7  1    6.285    6.285  1   34.259   34.259  1
  530.0  530.7  1    6.243    6.243  1   34.258   34.258  1
  532.0  532.7  1    6.234    6.234  1   34.263   34.263  1
  534.0  534.7  1    6.247    6.247  1   34.275   34.275  1
  536.0  536.7  1    6.285    6.285  1   34.292   34.292  1
  538.0  538.7  1    6.282    6.282  1   34.299   34.299  1
  540.0  540.7  1    6.275    6.275  1   34.301   34.301  1
  542.0  542.7  1    6.256    6.256  1   34.302   34.302  1
  544.0  544.7  1    6.255    6.255  1   34.304   34.304  1
  546.0  546.7  1    6.246    6.246  1   34.304   34.304  1
  548.0  548.7  1    6.225    6.225  1   34.307   34.307  1
  550.0  550.7  1    6.217    6.217  1   34.313   34.313  1
  552.0  552.7  1    6.208    6.208  1   34.314   34.314  1
  554.0  554.7  1    6.204    6.204  1   34.315   34.315  1
  556.0  556.7  1    6.196    6.196  1   34.317   34.317  1
  558.0  558.7  1    6.179    6.179  1   34.319   34.319  1
  560.0  560.7  1    6.173    6.173  1   34.319   34.319  1
  562.0  562.7  1    6.168    6.168  1   34.319   34.319  1
  564.0  564.7  1    6.158    6.158  1   34.319   34.319  1
  566.0  566.7  1    6.131    6.131  1   34.322   34.322  1
  568.0  568.7  1    6.121    6.121  1   34.323   34.323  1
  570.0  570.7  1    6.088    6.088  1   34.329   34.329  1
  572.0  572.7  1    6.080    6.080  1   34.332   34.332  1
  574.0  574.7  1    6.078    6.078  1   34.334   34.334  1
  576.0  576.7  1    6.077    6.077  1   34.335   34.335  1
  578.0  578.7  1    6.065    6.065  1   34.338   34.338  1
  580.0  580.7  1    6.048    6.048  1   34.342   34.342  1
  582.0  582.7  1    6.046    6.046  1   34.348   34.348  1
  584.0  584.7  1    6.046    6.046  1   34.350   34.350  1
  586.0  586.7  1    6.046    6.046  1   34.350   34.350  1
  588.0  588.7  1    6.044    6.044  1   34.351   34.351  1
  590.0  590.7  1    6.031    6.031  1   34.354   34.354  1
  592.0  592.7  1    6.013    6.013  1   34.357   34.357  1
  594.0  594.7  1    5.982    5.982  1   34.364   34.364  1
  596.0  596.7  1    5.973    5.973  1   34.367   34.367  1
  598.0  598.7  1    5.967    5.967  1   34.368   34.368  1
  600.0  600.7  1    5.963    5.963  1   34.368   34.368  1
  602.0  602.7  1    5.953    5.953  1   34.370   34.370  1
  604.0  604.7  1    5.939    5.939  1   34.373   34.373  1
  606.0  606.7  1    5.918    5.918  1   34.376   34.376  1
  608.0  608.7  1    5.914    5.914  1   34.377   34.377  1
  610.0  610.7  1    5.913    5.913  1   34.377   34.377  1
  612.0  612.7  1    5.908    5.908  1   34.379   34.379  1
  614.0  614.7  1    5.900    5.900  1   34.382   34.382  1
  616.0  616.7  1    5.880    5.880  1   34.385   34.385  1
  618.0  618.7  1    5.863    5.863  1   34.387   34.387  1
  620.0  620.7  1    5.839    5.839  1   34.391   34.391  1
  622.0  622.7  1    5.835    5.835  1   34.392   34.392  1
  624.0  624.7  1    5.834    5.834  1   34.392   34.392  1
  626.0  626.7  1    5.832    5.832  1   34.393   34.393  1
  628.0  628.7  1    5.823    5.823  1   34.396   34.396  1
  630.0  630.7  1    5.821    5.821  1   34.398   34.398  1
  632.0  632.7  1    5.807    5.807  1   34.398   34.398  1
  634.0  634.7  1    5.802    5.802  1   34.399   34.399  1
  636.0  636.7  1    5.796    5.796  1   34.399   34.399  1
  638.0  638.7  1    5.774    5.774  1   34.399   34.399  1
  640.0  640.7  1    5.768    5.768  1   34.399   34.399  1
  642.0  642.7  1    5.766    5.766  1   34.399   34.399  1
  644.0  644.7  1    5.763    5.763  1   34.400   34.400  1
  646.0  646.7  1    5.759    5.759  1   34.401   34.401  1
  648.0  648.7  1    5.757    5.757  1   34.408   34.408  1
  650.0  650.7  1    5.747    5.747  1   34.414   34.414  1
  652.0  652.7  1    5.731    5.731  1   34.415   34.415  1
  654.0  654.7  1    5.730    5.730  1   34.416   34.416  1
  656.0  656.7  1    5.724    5.724  1   34.417   34.417  1
  658.0  658.7  1    5.718    5.718  1   34.417   34.417  1
  660.0  660.7  1    5.711    5.711  1   34.418   34.418  1
  662.0  662.7  1    5.709    5.709  1   34.418   34.418  1
  664.0  664.7  1    5.697    5.697  1   34.419   34.419  1
  666.0  666.7  1    5.666    5.666  1   34.418   34.418  1
  668.0  668.7  1    5.657    5.657  1   34.418   34.418  1
  670.0  670.7  1    5.658    5.658  1   34.419   34.419  1
  672.0  672.7  1    5.657    5.657  1   34.420   34.420  1
  674.0  674.7  1    5.636    5.636  1   34.422   34.422  1
  676.0  676.7  1    5.625    5.625  1   34.423   34.423  1
  678.0  678.7  1    5.611    5.611  1   34.425   34.425  1
  680.0  680.7  1    5.596    5.596  1   34.427   34.427  1
  682.0  682.7  1    5.581    5.581  1   34.429   34.429  1
  684.0  684.7  1    5.567    5.567  1   34.431   34.431  1
  686.0  686.7  1    5.560    5.560  1   34.432   34.432  1
  688.0  688.7  1    5.550    5.550  1   34.433   34.433  1
  690.0  690.7  1    5.531    5.531  1   34.436   34.436  1
  692.0  692.7  1    5.529    5.529  1   34.437   34.437  1
  694.0  694.7  1    5.528    5.528  1   34.437   34.437  1
  696.0  696.7  1    5.524    5.524  1   34.437   34.437  1
  698.0  698.7  1    5.515    5.515  1   34.438   34.438  1
  700.0  700.7  1    5.502    5.502  1   34.439   34.439  1
  702.0  702.7  1    5.482    5.482  1   34.442   34.442  1
  704.0  704.7  1    5.472    5.472  1   34.443   34.443  1
  706.0  706.7  1    5.457    5.457  1   34.446   34.446  1
  708.0  708.7  1    5.442    5.442  1   34.448   34.448  1
  710.0  710.7  1    5.435    5.435  1   34.449   34.449  1
  712.0  712.7  1    5.431    5.431  1   34.449   34.449  1
  714.0  714.7  1    5.427    5.427  1   34.449   34.449  1
  716.0  716.7  1    5.422    5.422  1   34.450   34.450  1
  718.0  718.7  1    5.407    5.407  1   34.451   34.451  1
  720.0  720.7  1    5.401    5.401  1   34.451   34.451  1
  722.0  722.7  1    5.386    5.386  1   34.453   34.453  1
  724.0  724.7  1    5.364    5.364  1   34.456   34.456  1
  726.0  726.7  1    5.360    5.360  1   34.457   34.457  1
  728.0  728.7  1    5.355    5.355  1   34.457   34.457  1
  730.0  730.7  1    5.355    5.355  1   34.457   34.457  1
  732.0  732.7  1    5.355    5.355  1   34.457   34.457  1
  734.0  734.7  1    5.354    5.354  1   34.458   34.458  1
  736.0  736.7  1    5.352    5.352  1   34.458   34.458  1
  738.0  738.7  1    5.346    5.346  1   34.458   34.458  1
  740.0  740.7  1    5.328    5.328  1   34.460   34.460  1
  742.0  742.7  1    5.311    5.311  1   34.462   34.462  1
  744.0  744.7  1    5.307    5.307  1   34.462   34.462  1
  746.0  746.7  1    5.302    5.302  1   34.463   34.463  1
  748.0  748.7  1    5.296    5.296  1   34.463   34.463  1
  750.0  750.7  1    5.284    5.284  1   34.464   34.464  1
  752.0  752.7  1    5.275    5.275  1   34.465   34.465  1
  754.0  754.7  1    5.267    5.267  1   34.466   34.466  1
  756.0  756.7  1    5.257    5.257  1   34.467   34.467  1
  758.0  758.7  1    5.238    5.238  1   34.469   34.469  1
  760.0  760.7  1    5.232    5.232  1   34.470   34.470  1
  762.0  762.7  1    5.229    5.229  1   34.470   34.470  1
  764.0  764.7  1    5.221    5.221  1   34.471   34.471  1
  766.0  766.7  1    5.215    5.215  1   34.472   34.472  1
  768.0  768.7  1    5.206    5.206  1   34.473   34.473  1
  770.0  770.7  1    5.197    5.197  1   34.473   34.473  1
  772.0  772.7  1    5.185    5.185  1   34.474   34.474  1
  774.0  774.7  1    5.173    5.173  1   34.475   34.475  1
  776.0  776.7  1    5.158    5.158  1   34.477   34.477  1
  778.0  778.7  1    5.152    5.152  1   34.478   34.478  1
  780.0  780.7  1    5.147    5.147  1   34.478   34.478  1
  782.0  782.7  1    5.138    5.138  1   34.480   34.480  1
  784.0  784.7  1    5.133    5.133  1   34.480   34.480  1
  786.0  786.7  1    5.128    5.128  1   34.481   34.481  1
  788.0  788.7  1    5.120    5.120  1   34.481   34.481  1
  790.0  790.7  1    5.105    5.105  1   34.481   34.481  1
  792.0  792.7  1    5.093    5.093  1   34.483   34.483  1
  794.0  794.7  1    5.080    5.080  1   34.486   34.486  1
  796.0  796.7  1    5.074    5.074  1   34.488   34.488  1
  798.0  798.7  1    5.071    5.071  1   34.489   34.489  1
  800.0  800.7  1    5.067    5.067  1   34.490   34.490  1
  802.0  802.7  1    5.064    5.064  1   34.490   34.490  1
  804.0  804.7  1    5.063    5.063  1   34.490   34.490  1
  806.0  806.7  1    5.063    5.063  1   34.490   34.490  1
  808.0  808.7  1    5.061    5.061  1   34.490   34.490  1
  810.0  810.7  1    5.053    5.053  1   34.490   34.490  1
  812.0  812.7  1    5.042    5.042  1   34.490   34.490  1
  814.0  814.7  1    5.037    5.037  1   34.491   34.491  1
  816.0  816.7  1    5.035    5.035  1   34.491   34.491  1
  818.0  818.7  1    5.031    5.031  1   34.491   34.491  1
  820.0  820.7  1    5.027    5.027  1   34.491   34.491  1
  822.0  822.7  1    5.027    5.027  1   34.491   34.491  1
  824.0  824.7  1    5.017    5.017  1   34.491   34.491  1
  826.0  826.7  1    4.987    4.987  1   34.494   34.494  1
  828.0  828.7  1    4.977    4.977  1   34.494   34.494  1
  830.0  830.7  1    4.971    4.971  1   34.495   34.495  1
  832.0  832.7  1    4.957    4.957  1   34.495   34.495  1
  834.0  834.7  1    4.944    4.944  1   34.496   34.496  1
  836.0  836.7  1    4.931    4.931  1   34.496   34.496  1
  838.0  838.7  1    4.923    4.923  1   34.496   34.496  1
  840.0  840.7  1    4.921    4.921  1   34.497   34.497  1
  842.0  842.7  1    4.917    4.917  1   34.497   34.497  1
  844.0  844.7  1    4.909    4.909  1   34.498   34.498  1
  846.0  846.7  1    4.891    4.891  1   34.499   34.499  1
  848.0  848.7  1    4.882    4.882  1   34.500   34.500  1
  850.0  850.7  1    4.871    4.871  1   34.500   34.500  1
  852.0  852.7  1    4.844    4.844  1   34.502   34.502  1
  854.0  854.7  1    4.836    4.836  1   34.502   34.502  1
  856.0  856.7  1    4.824    4.824  1   34.503   34.503  1
  858.0  858.7  1    4.813    4.813  1   34.503   34.503  1
  860.0  860.7  1    4.802    4.802  1   34.504   34.504  1
  862.0  862.7  1    4.801    4.801  1   34.504   34.504  1
  864.0  864.7  1    4.800    4.800  1   34.504   34.504  1
  866.0  866.7  1    4.797    4.797  1   34.504   34.504  1
  868.0  868.7  1    4.786    4.786  1   34.505   34.505  1
  870.0  870.7  1    4.778    4.778  1   34.505   34.505  1
  872.0  872.7  1    4.772    4.772  1   34.506   34.506  1
  874.0  874.7  1    4.769    4.769  1   34.506   34.506  1
  876.0  876.7  1    4.766    4.766  1   34.506   34.506  1
  878.0  878.7  1    4.752    4.752  1   34.507   34.507  1
  880.0  880.7  1    4.744    4.744  1   34.508   34.508  1
  882.0  882.7  1    4.732    4.732  1   34.508   34.508  1
  884.0  884.7  1    4.722    4.722  1   34.508   34.508  1
  886.0  886.7  1    4.708    4.708  1   34.509   34.509  1
  888.0  888.7  1    4.694    4.694  1   34.510   34.510  1
  890.0  890.7  1    4.687    4.687  1   34.511   34.511  1
  892.0  892.7  1    4.684    4.684  1   34.511   34.511  1
  894.0  894.7  1    4.678    4.678  1   34.511   34.511  1
  896.0  896.7  1    4.673    4.673  1   34.512   34.512  1
  898.0  898.7  1    4.663    4.663  1   34.513   34.513  1
  900.0  900.7  1    4.654    4.654  1   34.514   34.514  1
  902.0  902.7  1    4.645    4.645  1   34.514   34.514  1
  904.0  904.7  1    4.635    4.635  1   34.515   34.515  1
  906.0  906.7  1    4.630    4.630  1   34.515   34.515  1
  908.0  908.7  1    4.622    4.622  1   34.515   34.515  1
  910.0  910.7  1    4.615    4.615  1   34.515   34.515  1
  912.0  912.7  1    4.608    4.608  1   34.516   34.516  1
  914.0  914.7  1    4.601    4.601  1   34.516   34.516  1
  916.0  916.7  1    4.598    4.598  1   34.516   34.516  1
  918.0  918.7  1    4.590    4.590  1   34.516   34.516  1
  920.0  920.7  1    4.585    4.585  1   34.516   34.516  1
  922.1  922.8  1    4.577    4.577  1   34.517   34.517  1
  924.0  924.7  1    4.573    4.573  1   34.517   34.517  1
  926.0  926.7  1    4.569    4.569  1   34.517   34.517  1
  928.0  928.7  1    4.558    4.558  1   34.517   34.517  1
  930.0  930.7  1    4.541    4.541  1   34.519   34.519  1
  932.0  932.7  1    4.535    4.535  1   34.519   34.519  1
  934.0  934.7  1    4.529    4.529  1   34.519   34.519  1
  936.0  936.7  1    4.523    4.523  1   34.519   34.519  1
  938.0  938.7  1    4.512    4.512  1   34.519   34.519  1
  940.0  940.7  1    4.498    4.498  1   34.519   34.519  1
  942.0  942.7  1    4.482    4.482  1   34.520   34.520  1
  944.0  944.7  1    4.472    4.472  1   34.520   34.520  1
  946.0  946.7  1    4.467    4.467  1   34.521   34.521  1
  948.0  948.7  1    4.461    4.461  1   34.522   34.522  1
  950.0  950.7  1    4.455    4.455  1   34.522   34.522  1
  952.0  952.7  1    4.453    4.453  1   34.522   34.522  1
  954.0  954.7  1    4.452    4.452  1   34.522   34.522  1
  956.0  956.7  1    4.444    4.444  1   34.523   34.523  1
  958.0  958.7  1    4.440    4.440  1   34.523   34.523  1
  960.0  960.7  1    4.432    4.432  1   34.523   34.523  1
  962.0  962.7  1    4.424    4.424  1   34.524   34.524  1
  964.0  964.7  1    4.415    4.415  1   34.524   34.524  1
  966.0  966.7  1    4.413    4.413  1   34.524   34.524  1
  968.0  968.7  1    4.410    4.410  1   34.524   34.524  1
  970.0  970.7  1    4.398    4.398  1   34.524   34.524  1
  972.0  972.7  1    4.373    4.373  1   34.525   34.525  1
  974.0  974.7  1    4.366    4.366  1   34.525   34.525  1
  976.0  976.7  1    4.359    4.359  1   34.525   34.525  1
  978.0  978.7  1    4.353    4.353  1   34.526   34.526  1
  979.3  980.0  1    4.349    4.349  1   34.527   34.527  1
  998.1  998.8  1    4.290    4.290  1   34.528   34.528  1
 1047.9 1048.6  1    4.108    4.108  1   34.537   34.537  1
 1097.7 1098.3  1    3.991    3.991  1   34.544   34.544  1
 1148.3 1149.0  1    3.830    3.830  1   34.548   34.548  1
 1198.2 1198.8  1    3.676    3.676  1   34.553   34.553  1
 1247.6 1248.2  1    3.514    3.514  1   34.558   34.558  1
 1295.8 1296.5  1    3.349    3.349  1   34.562   34.562  1
 1348.2 1348.8  1    3.265    3.265  1   34.565   34.565  1
 1398.0 1398.7  1    3.174    3.174  1   34.570   34.570  1
 1448.2 1448.8  1    3.056    3.056  1   34.574   34.574  1
 1498.2 1498.8  1    2.916    2.916  1   34.579   34.579  1
 1547.3 1548.0  1    2.792    2.792  1   34.586   34.586  1
 1598.1 1598.8  1    2.695    2.695  1   34.591   34.591  1
 1648.4 1649.1  1    2.627    2.627  1   34.594   34.594  1
 1697.3 1698.0  1    2.536    2.536  1   34.600   34.600  1
 1747.8 1748.5  1    2.443    2.443  1   34.606   34.606  1
