*SoftWare Version 3.0  2018/12/27

*HEADER
     PLATFORM NUMBER       :5904286
     CYCLE NUMBER          :200
     DATE CREATION         :20191225110024
     DATE UPDATE           :20191225110024
     PROJECT NAME          :US ARGO PROJECT
     PI NAME               :GREGORY C. JOHNSON
     INSTRUMENT TYPE       :NAVIS_A
     FLOAT SERIAL NO       :0311
     FIRMWARE VERSION      :082713
     WMO INSTRUMENT TYPE   :863
     TRANSMISSION SYSTEM   :IRIDIUM
     POSITIONING SYSTEM    :GPS
     SAMPLE DIRECTION      :A(A=Ascend; D=Descend)
     DATA MODE             :A(R=Real Time; D=Delayed Mode; A=Real Time Adjusted)
     JULIAN DAY            :25560.4397 (days since 1950-01-01 00:00:00 UTC)
     DATE                  :2019-12-25
     QC FLAG FOR DATE      :1
*LOCATION
     LATITUDE              :1.719   
     LONGITUDE             :-164.628
     QC FLAG FOR LOCATION  :1
*FILE
     COLUMN 1              :Pressure (dbar)                             F7.1
     COLUMN 2              :Corrected Pressure (dbar)                   F7.1
     COLUMN 3              :Quality on Pressure                         I3
     COLUMN 4              :Temperature (degree_Celsius)                F9.3
     COLUMN 5              :Corrected Temperature (degree_Celsius)      F9.3
     COLUMN 6              :Quality on Temperature                      I3
     COLUMN 7              :Salinity (PSU)                              F9.3
     COLUMN 8              :Corrected Salinity (PSU)                    F9.3
     COLUMN 9              :Quality on Salinity                         I3
==========================================================================
    4.1    4.0  1   28.303   28.303  1   34.962   34.962  1
    6.0    5.9  1   28.302   28.302  1   34.963   34.963  1
    8.0    7.9  1   28.301   28.301  1   34.963   34.963  1
   10.0    9.9  1   28.298   28.298  1   34.963   34.963  1
   12.0   11.9  1   28.300   28.300  1   34.963   34.963  1
   14.0   13.9  1   28.300   28.300  1   34.963   34.963  1
   16.0   15.9  1   28.300   28.300  1   34.963   34.963  1
   18.0   17.9  1   28.306   28.306  1   34.963   34.963  1
   20.0   19.9  1   28.308   28.308  1   34.963   34.963  1
   22.0   21.9  1   28.308   28.308  1   34.963   34.963  1
   24.0   23.9  1   28.306   28.306  1   34.963   34.963  1
   26.1   26.0  1   28.301   28.301  1   34.963   34.963  1
   28.0   27.9  1   28.299   28.299  1   34.963   34.963  1
   30.0   29.9  1   28.288   28.288  1   34.966   34.966  1
   32.0   31.9  1   28.283   28.283  1   34.967   34.967  1
   34.0   33.9  1   28.280   28.280  1   34.967   34.967  1
   36.0   35.9  1   28.276   28.276  1   34.968   34.968  1
   38.0   37.9  1   28.272   28.272  1   34.968   34.968  1
   40.0   39.9  1   28.265   28.265  1   34.970   34.970  1
   42.0   41.9  1   28.247   28.247  1   34.972   34.972  1
   44.0   43.9  1   28.234   28.234  1   34.973   34.973  1
   46.1   46.0  1   28.224   28.224  1   34.973   34.973  1
   48.0   47.9  1   28.220   28.220  1   34.973   34.973  1
   50.0   49.9  1   28.210   28.210  1   34.973   34.973  1
   52.0   51.9  1   28.197   28.197  1   34.975   34.975  1
   54.0   53.9  1   28.155   28.155  1   34.985   34.985  1
   56.0   55.9  1   28.123   28.123  1   35.004   35.004  1
   58.0   57.9  1   28.115   28.115  1   35.017   35.017  1
   60.0   59.9  1   28.104   28.104  1   35.036   35.036  1
   62.0   61.9  1   28.090   28.090  1   35.053   35.053  1
   64.0   63.9  1   28.079   28.079  1   35.069   35.069  1
   66.0   65.9  1   28.069   28.069  1   35.081   35.081  1
   68.0   67.9  1   28.056   28.056  1   35.083   35.083  1
   70.0   69.9  1   28.050   28.050  1   35.090   35.090  1
   72.0   71.9  1   28.000   28.000  1   35.086   35.086  1
   74.0   73.9  1   27.960   27.960  1   35.079   35.079  1
   76.0   75.9  1   27.941   27.941  1   35.081   35.081  1
   78.0   77.9  1   27.919   27.919  1   35.077   35.077  1
   80.0   79.9  1   27.901   27.901  1   35.072   35.072  1
   82.0   81.9  1   27.836   27.836  1   35.056   35.056  1
   84.0   83.9  1   27.772   27.772  1   35.038   35.038  1
   86.0   85.9  1   27.677   27.677  1   35.026   35.026  1
   88.0   87.9  1   27.631   27.631  1   35.030   35.030  1
   90.1   90.0  1   27.616   27.616  1   35.028   35.028  1
   92.0   91.9  1   27.480   27.480  1   35.015   35.015  1
   94.0   93.9  1   27.311   27.311  1   35.014   35.014  1
   96.0   95.9  1   27.269   27.269  1   35.024   35.024  1
   98.0   97.9  1   27.224   27.224  1   35.031   35.031  1
  100.0   99.9  1   27.196   27.196  1   35.034   35.034  1
  102.0  101.9  1   27.158   27.158  1   35.033   35.033  1
  104.0  103.9  1   27.130   27.130  1   35.030   35.030  1
  106.1  106.0  1   27.107   27.107  1   35.027   35.027  1
  108.0  107.9  1   27.027   27.027  1   35.018   35.018  1
  110.0  109.9  1   26.910   26.910  1   35.008   35.008  1
  112.0  111.9  1   26.732   26.732  1   34.999   34.999  1
  114.0  113.9  1   26.607   26.607  1   34.990   34.990  1
  116.0  115.9  1   26.469   26.469  1   34.976   34.976  1
  118.0  117.9  1   26.141   26.141  1   34.963   34.963  1
  120.0  119.9  1   25.875   25.875  1   34.951   34.951  1
  122.0  121.9  1   25.559   25.559  1   34.941   34.941  1
  124.0  123.9  1   25.450   25.450  1   34.934   34.934  1
  126.1  126.0  1   25.080   25.080  1   34.931   34.931  1
  128.0  127.9  1   24.754   24.754  1   34.926   34.926  1
  130.0  129.9  1   24.538   24.538  1   34.918   34.918  1
  132.0  131.9  1   24.307   24.307  1   34.912   34.912  1
  134.1  134.0  1   24.180   24.180  1   34.907   34.907  1
  135.9  135.8  1   23.483   23.483  1   34.859   34.859  1
  138.3  138.2  1   21.772   21.772  1   34.813   34.813  1
  139.8  139.7  1   21.248   21.248  1   34.796   34.796  1
  141.9  141.8  1   20.164   20.164  1   34.769   34.769  1
  144.0  143.9  1   19.132   19.132  1   34.764   34.764  1
  146.0  145.9  1   18.198   18.198  1   34.761   34.761  1
  148.0  147.9  1   17.899   17.899  1   34.790   34.790  1
  150.0  149.9  1   17.750   17.750  1   34.801   34.801  1
  152.0  151.9  1   17.543   17.543  1   34.800   34.800  1
  154.0  153.9  1   17.300   17.300  1   34.796   34.796  1
  156.0  155.9  1   17.054   17.054  1   34.792   34.792  1
  158.0  157.9  1   16.925   16.925  1   34.789   34.789  1
  160.0  159.9  1   16.826   16.826  1   34.785   34.785  1
  162.0  161.9  1   16.788   16.788  1   34.783   34.783  1
  164.0  163.9  1   16.781   16.781  1   34.781   34.781  1
  166.0  165.9  1   16.761   16.761  1   34.777   34.777  1
  168.0  167.9  1   16.445   16.445  1   34.774   34.774  1
  170.0  169.9  1   16.157   16.157  1   34.772   34.772  1
  172.0  171.9  1   16.019   16.019  1   34.766   34.766  1
  174.0  173.9  1   15.954   15.954  1   34.762   34.762  1
  176.0  175.9  1   15.912   15.912  1   34.756   34.756  1
  178.0  177.9  1   15.818   15.818  1   34.746   34.746  1
  180.0  179.9  1   15.600   15.600  1   34.732   34.732  1
  182.0  181.9  1   15.358   15.358  1   34.718   34.718  1
  184.0  183.9  1   15.047   15.047  1   34.708   34.708  1
  186.0  185.9  1   14.754   14.754  1   34.719   34.719  1
  188.0  187.9  1   14.577   14.577  1   34.716   34.716  1
  190.0  189.9  1   14.408   14.408  1   34.713   34.713  1
  192.0  191.9  1   14.262   14.262  1   34.715   34.715  1
  194.0  193.9  1   13.668   13.668  1   34.739   34.739  1
  196.0  195.9  1   13.212   13.212  1   34.764   34.764  1
  198.0  197.9  1   12.859   12.859  1   34.759   34.759  1
  200.0  199.9  1   12.763   12.763  1   34.754   34.754  1
  202.0  201.9  1   12.696   12.696  1   34.749   34.749  1
  204.0  203.9  1   12.564   12.564  1   34.743   34.743  1
  206.0  205.9  1   12.409   12.409  1   34.732   34.732  1
  208.0  207.9  1   12.267   12.267  1   34.721   34.721  1
  210.0  209.9  1   12.162   12.162  1   34.713   34.713  1
  212.0  211.9  1   11.989   11.989  1   34.699   34.699  1
  214.0  213.9  1   11.755   11.755  1   34.678   34.678  1
  216.0  215.9  1   11.652   11.652  1   34.676   34.676  1
  218.0  217.9  1   11.648   11.648  1   34.693   34.693  1
  220.0  219.9  1   11.712   11.712  1   34.732   34.732  1
  222.0  221.9  1   11.746   11.746  1   34.758   34.758  1
  224.0  223.9  1   11.761   11.761  1   34.775   34.775  1
  226.0  225.9  1   11.764   11.764  1   34.794   34.794  1
  228.0  227.9  1   11.742   11.742  1   34.797   34.797  1
  230.0  229.9  1   11.737   11.737  1   34.802   34.802  1
  232.0  231.9  1   11.736   11.736  1   34.803   34.803  1
  234.0  233.9  1   11.728   11.728  1   34.804   34.804  1
  236.0  235.9  1   11.713   11.713  1   34.813   34.813  1
  238.0  237.9  1   11.703   11.703  1   34.816   34.816  1
  240.0  239.9  1   11.701   11.701  1   34.819   34.819  1
  242.1  242.0  1   11.695   11.695  1   34.820   34.820  1
  244.0  243.9  1   11.679   11.679  1   34.818   34.818  1
  246.0  245.9  1   11.665   11.665  1   34.817   34.817  1
  248.0  247.9  1   11.651   11.651  1   34.817   34.817  1
  250.0  249.9  1   11.645   11.645  1   34.818   34.818  1
  252.0  251.9  1   11.640   11.640  1   34.818   34.818  1
  254.0  253.9  1   11.631   11.631  1   34.817   34.817  1
  256.0  255.9  1   11.624   11.624  1   34.816   34.816  1
  258.0  257.9  1   11.607   11.607  1   34.814   34.814  1
  260.0  259.9  1   11.578   11.578  1   34.809   34.809  1
  262.0  261.9  1   11.523   11.523  1   34.803   34.803  1
  264.0  263.9  1   11.453   11.453  1   34.794   34.794  1
  266.0  265.9  1   11.413   11.413  1   34.788   34.788  1
  268.0  267.9  1   11.366   11.366  1   34.784   34.784  1
  270.0  269.9  1   11.358   11.358  1   34.784   34.784  1
  272.0  271.9  1   11.350   11.350  1   34.785   34.785  1
  274.0  273.9  1   11.345   11.345  1   34.790   34.790  1
  276.0  275.9  1   11.325   11.325  1   34.789   34.789  1
  278.0  277.9  1   11.312   11.312  1   34.789   34.789  1
  280.0  279.9  1   11.288   11.288  1   34.791   34.791  1
  281.9  281.8  1   11.280   11.280  1   34.792   34.792  1
  284.0  283.9  1   11.272   11.272  1   34.794   34.794  1
  286.0  285.9  1   11.246   11.246  1   34.793   34.793  1
  288.0  287.9  1   11.225   11.225  1   34.791   34.791  1
  290.0  289.9  1   11.219   11.219  1   34.793   34.793  1
  292.0  291.9  1   11.203   11.203  1   34.794   34.794  1
  294.0  293.9  1   11.187   11.187  1   34.793   34.793  1
  296.0  295.9  1   11.180   11.180  1   34.792   34.792  1
  298.0  297.9  1   11.172   11.172  1   34.791   34.791  1
  300.0  299.9  1   11.166   11.166  1   34.789   34.789  1
  302.0  301.9  1   11.152   11.152  1   34.787   34.787  1
  304.0  303.9  1   11.124   11.124  1   34.783   34.783  1
  306.0  305.9  1   11.100   11.100  1   34.780   34.780  1
  308.0  307.9  1   11.090   11.090  1   34.779   34.779  1
  310.0  309.9  1   11.054   11.054  1   34.778   34.778  1
  312.0  311.9  1   11.023   11.023  1   34.775   34.775  1
  314.0  313.9  1   10.996   10.996  1   34.771   34.771  1
  316.0  315.9  1   10.899   10.899  1   34.763   34.763  1
  318.0  317.9  1   10.879   10.879  1   34.760   34.760  1
  320.0  319.9  1   10.870   10.870  1   34.759   34.759  1
  322.0  321.9  1   10.845   10.845  1   34.755   34.755  1
  324.0  323.9  1   10.793   10.793  1   34.750   34.750  1
  326.0  325.9  1   10.723   10.723  1   34.744   34.744  1
  328.0  327.9  1   10.680   10.680  1   34.740   34.740  1
  330.0  329.9  1   10.655   10.655  1   34.739   34.739  1
  332.0  331.9  1   10.640   10.640  1   34.738   34.738  1
  334.0  333.9  1   10.612   10.612  1   34.736   34.736  1
  336.0  335.9  1   10.578   10.578  1   34.733   34.733  1
  338.0  337.9  1   10.576   10.576  1   34.733   34.733  1
  340.0  339.9  1   10.606   10.606  1   34.744   34.744  1
  342.1  342.0  1   10.633   10.633  1   34.755   34.755  1
  344.0  343.9  1   10.633   10.633  1   34.756   34.756  1
  346.0  345.9  1   10.636   10.636  1   34.757   34.757  1
  348.0  347.9  1   10.638   10.638  1   34.758   34.758  1
  350.0  349.9  1   10.637   10.637  1   34.759   34.759  1
  352.0  351.9  1   10.634   10.634  1   34.758   34.758  1
  354.0  353.9  1   10.632   10.632  1   34.759   34.759  1
  356.0  355.9  1   10.632   10.632  1   34.758   34.758  1
  358.0  357.9  1   10.628   10.628  1   34.757   34.757  1
  360.0  359.9  1   10.590   10.590  1   34.755   34.755  1
  362.0  361.9  1   10.569   10.569  1   34.753   34.753  1
  364.0  363.9  1   10.565   10.565  1   34.752   34.752  1
  366.0  365.9  1   10.559   10.559  1   34.752   34.752  1
  368.0  367.9  1   10.538   10.538  1   34.751   34.751  1
  370.0  369.9  1   10.510   10.510  1   34.750   34.750  1
  372.0  371.9  1   10.488   10.488  1   34.748   34.748  1
  374.0  373.9  1   10.473   10.473  1   34.748   34.748  1
  376.0  375.9  1   10.464   10.464  1   34.747   34.747  1
  378.0  377.9  1   10.454   10.454  1   34.746   34.746  1
  380.0  379.9  1   10.443   10.443  1   34.745   34.745  1
  382.0  381.9  1   10.426   10.426  1   34.743   34.743  1
  384.0  383.9  1   10.410   10.410  1   34.742   34.742  1
  386.0  385.9  1   10.384   10.384  1   34.740   34.740  1
  388.0  387.9  1   10.373   10.373  1   34.738   34.738  1
  390.0  389.9  1   10.370   10.370  1   34.738   34.738  1
  392.0  391.9  1   10.366   10.366  1   34.738   34.738  1
  394.0  393.9  1   10.356   10.356  1   34.737   34.737  1
  396.0  395.9  1   10.346   10.346  1   34.737   34.737  1
  398.0  397.9  1   10.330   10.330  1   34.735   34.735  1
  400.0  399.9  1   10.297   10.297  1   34.733   34.733  1
  402.0  401.9  1   10.252   10.252  1   34.730   34.730  1
  404.0  403.9  1   10.234   10.234  1   34.729   34.729  1
  406.0  405.9  1   10.217   10.217  1   34.728   34.728  1
  408.0  407.9  1   10.203   10.203  1   34.727   34.727  1
  410.0  409.9  1   10.182   10.182  1   34.725   34.725  1
  412.0  411.9  1   10.167   10.167  1   34.723   34.723  1
  414.0  413.9  1   10.130   10.130  1   34.721   34.721  1
  416.0  415.9  1   10.067   10.067  1   34.717   34.717  1
  418.0  417.9  1   10.057   10.057  1   34.716   34.716  1
  420.0  419.9  1   10.056   10.056  1   34.716   34.716  1
  422.0  421.9  1   10.052   10.052  1   34.715   34.715  1
  424.0  423.9  1   10.027   10.027  1   34.713   34.713  1
  426.0  425.9  1    9.981    9.981  1   34.710   34.710  1
  428.0  427.9  1    9.959    9.959  1   34.709   34.709  1
  430.0  429.9  1    9.940    9.940  1   34.707   34.707  1
  432.0  431.9  1    9.906    9.906  1   34.705   34.705  1
  434.0  433.9  1    9.880    9.880  1   34.703   34.703  1
  436.0  435.9  1    9.852    9.852  1   34.701   34.701  1
  438.0  437.9  1    9.819    9.819  1   34.700   34.700  1
  440.0  439.9  1    9.795    9.795  1   34.698   34.698  1
  442.0  441.9  1    9.769    9.769  1   34.696   34.696  1
  444.0  443.9  1    9.746    9.746  1   34.694   34.694  1
  446.0  445.9  1    9.711    9.711  1   34.692   34.692  1
  448.0  447.9  1    9.684    9.684  1   34.691   34.691  1
  450.0  449.9  1    9.671    9.671  1   34.690   34.690  1
  452.0  451.9  1    9.663    9.663  1   34.690   34.690  1
  454.0  453.9  1    9.656    9.656  1   34.689   34.689  1
  456.0  455.9  1    9.633    9.633  1   34.687   34.687  1
  458.0  457.9  1    9.587    9.587  1   34.685   34.685  1
  460.0  459.9  1    9.558    9.558  1   34.683   34.683  1
  462.0  461.9  1    9.534    9.534  1   34.682   34.682  1
  464.0  463.9  1    9.526    9.526  1   34.681   34.681  1
  466.0  465.9  1    9.520    9.520  1   34.681   34.681  1
  468.0  467.9  1    9.515    9.515  1   34.680   34.680  1
  470.0  469.9  1    9.505    9.505  1   34.679   34.679  1
  472.0  471.9  1    9.481    9.481  1   34.677   34.677  1
  474.0  473.9  1    9.428    9.428  1   34.675   34.675  1
  476.0  475.9  1    9.393    9.393  1   34.673   34.673  1
  478.0  477.9  1    9.363    9.363  1   34.671   34.671  1
  480.0  479.9  1    9.306    9.306  1   34.669   34.669  1
  482.0  481.9  1    9.229    9.229  1   34.667   34.667  1
  484.0  483.9  1    9.213    9.213  1   34.667   34.667  1
  486.0  485.9  1    9.211    9.211  1   34.667   34.667  1
  488.0  487.9  1    9.207    9.207  1   34.667   34.667  1
  490.0  489.9  1    9.196    9.196  1   34.666   34.666  1
  492.0  491.9  1    9.162    9.162  1   34.664   34.664  1
  494.0  493.9  1    9.121    9.121  1   34.663   34.663  1
  496.0  495.9  1    9.067    9.067  1   34.661   34.661  1
  498.0  497.9  1    9.016    9.016  1   34.658   34.658  1
  500.0  499.9  1    8.974    8.974  1   34.655   34.655  1
  502.0  501.9  1    8.865    8.865  1   34.650   34.650  1
  504.0  503.9  1    8.793    8.793  1   34.647   34.647  1
  506.0  505.9  1    8.714    8.714  1   34.643   34.643  1
  508.0  507.9  1    8.616    8.616  1   34.638   34.638  1
  510.0  509.9  1    8.561    8.561  1   34.636   34.636  1
  512.0  511.9  1    8.472    8.472  1   34.633   34.633  1
  514.0  513.9  1    8.430    8.430  1   34.631   34.631  1
  516.0  515.9  1    8.406    8.406  1   34.630   34.630  1
  518.0  517.9  1    8.389    8.389  1   34.629   34.629  1
  520.0  519.9  1    8.369    8.369  1   34.627   34.627  1
  522.0  521.9  1    8.296    8.296  1   34.624   34.624  1
  524.0  523.9  1    8.232    8.232  1   34.622   34.622  1
  526.0  525.9  1    8.214    8.214  1   34.620   34.620  1
  528.0  527.9  1    8.174    8.174  1   34.618   34.618  1
  530.0  529.9  1    8.123    8.123  1   34.616   34.616  1
  532.0  531.9  1    8.050    8.050  1   34.614   34.614  1
  534.0  533.9  1    7.985    7.985  1   34.612   34.612  1
  536.0  535.9  1    7.917    7.917  1   34.610   34.610  1
  538.0  537.9  1    7.867    7.867  1   34.608   34.608  1
  540.0  539.9  1    7.834    7.834  1   34.607   34.607  1
  542.0  541.9  1    7.804    7.804  1   34.607   34.607  1
  544.0  543.9  1    7.789    7.789  1   34.606   34.606  1
  546.0  545.9  1    7.767    7.767  1   34.605   34.605  1
  548.0  547.9  1    7.756    7.756  1   34.605   34.605  1
  550.0  549.9  1    7.750    7.750  1   34.605   34.605  1
  552.0  551.9  1    7.746    7.746  1   34.604   34.604  1
  554.0  553.9  1    7.739    7.739  1   34.603   34.603  1
  556.0  555.9  1    7.726    7.726  1   34.602   34.602  1
  558.0  557.9  1    7.695    7.695  1   34.599   34.599  1
  560.0  559.9  1    7.610    7.610  1   34.595   34.595  1
  562.0  561.9  1    7.554    7.554  1   34.592   34.592  1
  564.0  563.9  1    7.515    7.515  1   34.591   34.591  1
  566.0  565.9  1    7.480    7.480  1   34.588   34.588  1
  568.0  567.9  1    7.390    7.390  1   34.584   34.584  1
  570.0  569.9  1    7.328    7.328  1   34.582   34.582  1
  572.0  571.9  1    7.260    7.260  1   34.582   34.582  1
  574.0  573.9  1    7.240    7.240  1   34.581   34.581  1
  576.0  575.9  1    7.219    7.219  1   34.580   34.580  1
  578.0  577.9  1    7.204    7.204  1   34.580   34.580  1
  580.0  579.9  1    7.196    7.196  1   34.580   34.580  1
  582.0  581.9  1    7.182    7.182  1   34.579   34.579  1
  584.0  583.9  1    7.164    7.164  1   34.579   34.579  1
  586.0  585.9  1    7.140    7.140  1   34.578   34.578  1
  588.0  587.9  1    7.124    7.124  1   34.578   34.578  1
  590.0  589.9  1    7.106    7.106  1   34.577   34.577  1
  592.0  591.9  1    7.077    7.077  1   34.576   34.576  1
  594.0  593.9  1    7.040    7.040  1   34.575   34.575  1
  596.0  595.9  1    7.014    7.014  1   34.575   34.575  1
  598.0  597.9  1    7.002    7.002  1   34.574   34.574  1
  600.0  599.9  1    6.988    6.988  1   34.573   34.573  1
  602.0  601.9  1    6.957    6.957  1   34.571   34.571  1
  604.0  603.9  1    6.897    6.897  1   34.570   34.570  1
  606.0  605.9  1    6.837    6.837  1   34.569   34.569  1
  608.0  607.9  1    6.821    6.821  1   34.568   34.568  1
  610.0  609.9  1    6.808    6.808  1   34.568   34.568  1
  612.0  611.9  1    6.793    6.793  1   34.567   34.567  1
  614.0  613.9  1    6.766    6.766  1   34.566   34.566  1
  616.0  615.9  1    6.746    6.746  1   34.566   34.566  1
  618.0  617.9  1    6.723    6.723  1   34.565   34.565  1
  620.0  619.9  1    6.695    6.695  1   34.564   34.564  1
  622.0  621.9  1    6.657    6.657  1   34.564   34.564  1
  624.0  623.9  1    6.624    6.624  1   34.564   34.564  1
  626.0  625.9  1    6.617    6.617  1   34.563   34.563  1
  628.0  627.9  1    6.598    6.598  1   34.563   34.563  1
  630.0  629.9  1    6.578    6.578  1   34.562   34.562  1
  632.0  631.9  1    6.568    6.568  1   34.561   34.561  1
  634.0  633.9  1    6.544    6.544  1   34.561   34.561  1
  636.0  635.9  1    6.502    6.502  1   34.560   34.560  1
  638.0  637.9  1    6.448    6.448  1   34.559   34.559  1
  640.0  639.9  1    6.414    6.414  1   34.558   34.558  1
  642.0  641.9  1    6.403    6.403  1   34.558   34.558  1
  644.0  643.9  1    6.389    6.389  1   34.557   34.557  1
  646.0  645.9  1    6.374    6.374  1   34.557   34.557  1
  648.0  647.9  1    6.349    6.349  1   34.556   34.556  1
  650.0  649.9  1    6.316    6.316  1   34.556   34.556  1
  652.0  651.9  1    6.297    6.297  1   34.555   34.555  1
  654.0  653.9  1    6.269    6.269  1   34.555   34.555  1
  656.0  655.9  1    6.250    6.250  1   34.555   34.555  1
  658.0  657.9  1    6.221    6.221  1   34.555   34.555  1
  660.0  659.9  1    6.196    6.196  1   34.555   34.555  1
  662.0  661.9  1    6.192    6.192  1   34.555   34.555  1
  664.0  663.9  1    6.190    6.190  1   34.554   34.554  1
  666.0  665.9  1    6.178    6.178  1   34.554   34.554  1
  668.0  667.9  1    6.164    6.164  1   34.554   34.554  1
  670.0  669.9  1    6.155    6.155  1   34.555   34.555  1
  672.0  671.9  1    6.154    6.154  1   34.555   34.555  1
  674.0  673.9  1    6.149    6.149  1   34.554   34.554  1
  676.0  675.9  1    6.139    6.139  1   34.554   34.554  1
  678.0  677.9  1    6.133    6.133  1   34.554   34.554  1
  680.0  679.9  1    6.120    6.120  1   34.553   34.553  1
  682.0  681.9  1    6.111    6.111  1   34.553   34.553  1
  684.0  683.9  1    6.105    6.105  1   34.553   34.553  1
  686.0  685.9  1    6.102    6.102  1   34.552   34.552  1
  688.0  687.9  1    6.082    6.082  1   34.553   34.553  1
  690.0  689.9  1    6.065    6.065  1   34.553   34.553  1
  692.0  691.9  1    6.047    6.047  1   34.553   34.553  1
  694.0  693.9  1    6.034    6.034  1   34.553   34.553  1
  696.0  695.9  1    6.019    6.019  1   34.553   34.553  1
  698.0  697.9  1    6.011    6.011  1   34.552   34.552  1
  700.0  699.9  1    5.986    5.986  1   34.552   34.552  1
  702.0  701.9  1    5.964    5.964  1   34.551   34.551  1
  704.0  703.9  1    5.940    5.940  1   34.551   34.551  1
  706.0  705.9  1    5.916    5.916  1   34.551   34.551  1
  708.0  707.9  1    5.892    5.892  1   34.550   34.550  1
  710.0  709.9  1    5.867    5.867  1   34.550   34.550  1
  712.0  711.9  1    5.848    5.848  1   34.550   34.550  1
  714.0  713.9  1    5.830    5.830  1   34.550   34.550  1
  716.0  715.9  1    5.816    5.816  1   34.550   34.550  1
  718.0  717.9  1    5.792    5.792  1   34.550   34.550  1
  720.0  719.9  1    5.780    5.780  1   34.550   34.550  1
  722.0  721.9  1    5.773    5.773  1   34.550   34.550  1
  724.0  723.9  1    5.754    5.754  1   34.550   34.550  1
  726.0  725.9  1    5.736    5.736  1   34.549   34.549  1
  728.0  727.9  1    5.714    5.714  1   34.549   34.549  1
  730.0  729.9  1    5.680    5.680  1   34.549   34.549  1
  732.0  731.9  1    5.659    5.659  1   34.549   34.549  1
  734.0  733.9  1    5.645    5.645  1   34.549   34.549  1
  736.0  735.9  1    5.637    5.637  1   34.549   34.549  1
  738.0  737.9  1    5.626    5.626  1   34.550   34.550  1
  740.0  739.9  1    5.616    5.616  1   34.550   34.550  1
  742.0  741.9  1    5.605    5.605  1   34.549   34.549  1
  744.0  743.9  1    5.589    5.589  1   34.550   34.550  1
  746.0  745.9  1    5.576    5.576  1   34.549   34.549  1
  748.0  747.9  1    5.561    5.561  1   34.550   34.550  1
  750.0  749.9  1    5.545    5.545  1   34.550   34.550  1
  752.0  751.9  1    5.542    5.542  1   34.550   34.550  1
  754.0  753.9  1    5.538    5.538  1   34.549   34.549  1
  756.0  755.9  1    5.530    5.530  1   34.549   34.549  1
  758.0  757.9  1    5.523    5.523  1   34.549   34.549  1
  760.0  759.9  1    5.516    5.516  1   34.549   34.549  1
  762.0  761.9  1    5.500    5.500  1   34.549   34.549  1
  764.0  763.9  1    5.475    5.475  1   34.548   34.548  1
  766.0  765.9  1    5.461    5.461  1   34.548   34.548  1
  768.0  767.9  1    5.441    5.441  1   34.548   34.548  1
  770.0  769.9  1    5.421    5.421  1   34.548   34.548  1
  772.0  771.9  1    5.400    5.400  1   34.548   34.548  1
  774.0  773.9  1    5.389    5.389  1   34.548   34.548  1
  776.0  775.9  1    5.382    5.382  1   34.548   34.548  1
  778.0  777.9  1    5.372    5.372  1   34.548   34.548  1
  780.0  779.9  1    5.360    5.360  1   34.549   34.549  1
  782.0  781.9  1    5.353    5.353  1   34.549   34.549  1
  784.0  783.9  1    5.352    5.352  1   34.549   34.549  1
  786.0  785.9  1    5.345    5.345  1   34.549   34.549  1
  788.0  787.9  1    5.342    5.342  1   34.549   34.549  1
  790.0  789.9  1    5.336    5.336  1   34.549   34.549  1
  792.0  791.9  1    5.332    5.332  1   34.549   34.549  1
  794.0  793.9  1    5.322    5.322  1   34.549   34.549  1
  796.0  795.9  1    5.304    5.304  1   34.550   34.550  1
  798.0  797.9  1    5.294    5.294  1   34.550   34.550  1
  800.0  799.9  1    5.287    5.287  1   34.550   34.550  1
  802.0  801.9  1    5.272    5.272  1   34.551   34.551  1
  804.0  803.9  1    5.266    5.266  1   34.550   34.550  1
  806.0  805.9  1    5.256    5.256  1   34.550   34.550  1
  808.0  807.9  1    5.239    5.239  1   34.550   34.550  1
  810.0  809.9  1    5.220    5.220  1   34.550   34.550  1
  812.0  811.9  1    5.188    5.188  1   34.551   34.551  1
  814.0  813.9  1    5.173    5.173  1   34.551   34.551  1
  816.0  815.9  1    5.159    5.159  1   34.551   34.551  1
  818.0  817.9  1    5.145    5.145  1   34.552   34.552  1
  820.0  819.9  1    5.131    5.131  1   34.552   34.552  1
  822.0  821.9  1    5.114    5.114  1   34.552   34.552  1
  824.0  823.9  1    5.090    5.090  1   34.553   34.553  1
  826.0  825.9  1    5.083    5.083  1   34.553   34.553  1
  828.0  827.9  1    5.080    5.080  1   34.553   34.553  1
  830.0  829.9  1    5.076    5.076  1   34.553   34.553  1
  832.0  831.9  1    5.068    5.068  1   34.553   34.553  1
  834.0  833.9  1    5.058    5.058  1   34.553   34.553  1
  836.0  835.9  1    5.055    5.055  1   34.553   34.553  1
  838.0  837.9  1    5.047    5.047  1   34.553   34.553  1
  840.0  839.9  1    5.034    5.034  1   34.553   34.553  1
  842.0  841.9  1    5.019    5.019  1   34.553   34.553  1
  844.0  843.9  1    5.007    5.007  1   34.554   34.554  1
  846.0  845.9  1    4.998    4.998  1   34.554   34.554  1
  848.0  847.9  1    4.992    4.992  1   34.554   34.554  1
  850.0  849.9  1    4.985    4.985  1   34.554   34.554  1
  852.0  851.9  1    4.983    4.983  1   34.554   34.554  1
  854.0  853.9  1    4.974    4.974  1   34.554   34.554  1
  856.0  855.9  1    4.955    4.955  1   34.554   34.554  1
  858.0  857.9  1    4.937    4.937  1   34.555   34.555  1
  860.0  859.9  1    4.925    4.925  1   34.555   34.555  1
  862.0  861.9  1    4.896    4.896  1   34.556   34.556  1
  864.0  863.9  1    4.890    4.890  1   34.556   34.556  1
  866.0  865.9  1    4.888    4.888  1   34.556   34.556  1
  868.0  867.9  1    4.886    4.886  1   34.556   34.556  1
  870.0  869.9  1    4.885    4.885  1   34.556   34.556  1
  872.0  871.9  1    4.884    4.884  1   34.556   34.556  1
  874.0  873.9  1    4.883    4.883  1   34.556   34.556  1
  876.0  875.9  1    4.882    4.882  1   34.556   34.556  1
  878.0  877.9  1    4.881    4.881  1   34.556   34.556  1
  880.0  879.9  1    4.879    4.879  1   34.556   34.556  1
  882.0  881.9  1    4.878    4.878  1   34.556   34.556  1
  884.0  883.9  1    4.875    4.875  1   34.556   34.556  1
  886.0  885.9  1    4.867    4.867  1   34.555   34.555  1
  888.0  887.9  1    4.854    4.854  1   34.555   34.555  1
  890.0  889.9  1    4.825    4.825  1   34.556   34.556  1
  892.0  891.9  1    4.806    4.806  1   34.556   34.556  1
  894.0  893.9  1    4.789    4.789  1   34.557   34.557  1
  896.0  895.9  1    4.768    4.768  1   34.557   34.557  1
  898.0  897.9  1    4.763    4.763  1   34.557   34.557  1
  900.0  899.9  1    4.758    4.758  1   34.557   34.557  1
  902.0  901.9  1    4.730    4.730  1   34.558   34.558  1
  904.0  903.9  1    4.725    4.725  1   34.559   34.559  1
  906.0  905.9  1    4.724    4.724  1   34.559   34.559  1
  908.0  907.9  1    4.717    4.717  1   34.559   34.559  1
  910.0  909.9  1    4.706    4.706  1   34.559   34.559  1
  912.0  911.9  1    4.701    4.701  1   34.560   34.560  1
  914.0  913.9  1    4.697    4.697  1   34.560   34.560  1
  916.0  915.9  1    4.688    4.688  1   34.560   34.560  1
  918.0  917.9  1    4.684    4.684  1   34.561   34.561  1
  920.0  919.9  1    4.684    4.684  1   34.560   34.560  1
  922.0  921.9  1    4.684    4.684  1   34.560   34.560  1
  924.0  923.9  1    4.682    4.682  1   34.560   34.560  1
  926.0  925.9  1    4.678    4.678  1   34.561   34.561  1
  928.0  927.9  1    4.672    4.672  1   34.561   34.561  1
  930.0  929.9  1    4.668    4.668  1   34.561   34.561  1
  932.0  931.9  1    4.666    4.666  1   34.561   34.561  1
  934.0  933.9  1    4.664    4.664  1   34.561   34.561  1
  936.0  935.9  1    4.662    4.662  1   34.561   34.561  1
  938.0  937.9  1    4.660    4.660  1   34.561   34.561  1
  940.0  939.9  1    4.657    4.657  1   34.561   34.561  1
  942.0  941.9  1    4.651    4.651  1   34.561   34.561  1
  944.0  943.9  1    4.650    4.650  1   34.561   34.561  1
  946.0  945.9  1    4.650    4.650  1   34.561   34.561  1
  948.0  947.9  1    4.650    4.650  1   34.561   34.561  1
  950.0  949.9  1    4.648    4.648  1   34.561   34.561  1
  952.0  951.9  1    4.645    4.645  1   34.561   34.561  1
  954.0  953.9  1    4.640    4.640  1   34.561   34.561  1
  956.0  955.9  1    4.636    4.636  1   34.561   34.561  1
  958.0  957.9  1    4.632    4.632  1   34.561   34.561  1
  960.0  959.9  1    4.623    4.623  1   34.561   34.561  1
  962.0  961.9  1    4.616    4.616  1   34.561   34.561  1
  964.0  963.9  1    4.610    4.610  1   34.561   34.561  1
  966.0  965.9  1    4.603    4.603  1   34.561   34.561  1
  968.0  967.9  1    4.596    4.596  1   34.561   34.561  1
  970.0  969.9  1    4.592    4.592  1   34.561   34.561  1
  972.0  971.9  1    4.587    4.587  1   34.561   34.561  1
  974.0  973.9  1    4.584    4.584  1   34.561   34.561  1
  976.0  975.9  1    4.580    4.580  1   34.561   34.561  1
  978.0  977.9  1    4.573    4.573  1   34.562   34.562  1
  980.0  979.9  1    4.569    4.569  1   34.562   34.562  1
  982.0  981.9  1    4.566    4.566  1   34.562   34.562  1
  984.0  983.9  1    4.563    4.563  1   34.562   34.562  1
  986.0  985.9  1    4.562    4.562  1   34.562   34.562  1
  988.0  987.9  1    4.558    4.558  1   34.562   34.562  1
  990.0  989.9  1    4.553    4.553  1   34.563   34.563  1
  992.0  991.9  1    4.552    4.552  1   34.563   34.563  1
  994.0  993.9  1    4.552    4.552  1   34.563   34.563  1
  996.0  995.9  1    4.552    4.552  1   34.563   34.563  1
  998.0  997.9  1    4.551    4.551  1   34.563   34.563  1
 1000.0  999.9  1    4.550    4.550  1   34.563   34.563  1
 1002.0 1001.9  1    4.547    4.547  1   34.563   34.563  1
 1004.0 1003.9  1    4.542    4.542  1   34.563   34.563  1
 1006.0 1005.9  1    4.538    4.538  1   34.563   34.563  1
 1008.0 1007.9  1    4.537    4.537  1   34.563   34.563  1
 1010.0 1009.9  1    4.537    4.537  1   34.563   34.563  1
 1012.0 1011.9  1    4.536    4.536  1   34.563   34.563  1
 1014.0 1013.9  1    4.535    4.535  1   34.563   34.563  1
 1016.0 1015.9  1    4.532    4.532  1   34.563   34.563  1
 1018.0 1017.9  1    4.530    4.530  1   34.563   34.563  1
 1020.0 1019.9  1    4.528    4.528  1   34.563   34.563  1
 1022.0 1021.9  1    4.526    4.526  1   34.563   34.563  1
 1024.0 1023.9  1    4.520    4.520  1   34.563   34.563  1
 1026.0 1025.9  1    4.506    4.506  1   34.564   34.564  1
 1028.0 1027.9  1    4.496    4.496  1   34.564   34.564  1
 1030.0 1029.9  1    4.488    4.488  1   34.564   34.564  1
 1032.0 1031.9  1    4.482    4.482  1   34.564   34.564  1
 1034.0 1033.9  1    4.477    4.477  1   34.564   34.564  1
 1036.0 1035.9  1    4.469    4.469  1   34.564   34.564  1
 1038.0 1037.9  1    4.462    4.462  1   34.564   34.564  1
 1040.0 1039.9  1    4.458    4.458  1   34.564   34.564  1
 1042.0 1041.9  1    4.454    4.454  1   34.564   34.564  1
 1044.0 1043.9  1    4.450    4.450  1   34.564   34.564  1
 1046.0 1045.9  1    4.444    4.444  1   34.564   34.564  1
 1048.0 1047.9  1    4.436    4.436  1   34.564   34.564  1
 1050.0 1049.9  1    4.421    4.421  1   34.564   34.564  1
 1052.0 1051.9  1    4.390    4.390  1   34.565   34.565  1
 1054.0 1053.9  1    4.372    4.372  1   34.566   34.566  1
 1056.0 1055.9  1    4.367    4.367  1   34.566   34.566  1
 1058.0 1057.9  1    4.366    4.366  1   34.566   34.566  1
 1060.0 1059.9  1    4.364    4.364  1   34.566   34.566  1
 1062.0 1061.9  1    4.362    4.362  1   34.566   34.566  1
 1064.0 1063.9  1    4.357    4.357  1   34.566   34.566  1
 1066.0 1065.9  1    4.342    4.342  1   34.566   34.566  1
 1068.0 1067.9  1    4.331    4.331  1   34.566   34.566  1
 1070.0 1069.9  1    4.325    4.325  1   34.567   34.567  1
 1072.0 1071.9  1    4.323    4.323  1   34.566   34.566  1
 1074.0 1073.9  1    4.314    4.314  1   34.567   34.567  1
 1076.0 1075.9  1    4.306    4.306  1   34.567   34.567  1
 1078.0 1077.9  1    4.287    4.287  1   34.568   34.568  1
 1080.0 1079.9  1    4.276    4.276  1   34.568   34.568  1
 1082.0 1081.9  1    4.274    4.274  1   34.568   34.568  1
 1084.0 1083.9  1    4.272    4.272  1   34.568   34.568  1
 1086.0 1085.9  1    4.268    4.268  1   34.568   34.568  1
 1088.0 1087.9  1    4.264    4.264  1   34.568   34.568  1
 1090.0 1089.9  1    4.256    4.256  1   34.568   34.568  1
 1092.0 1091.9  1    4.247    4.247  1   34.569   34.569  1
 1094.0 1093.9  1    4.240    4.240  1   34.569   34.569  1
 1096.0 1095.9  1    4.234    4.234  1   34.569   34.569  1
 1098.0 1097.9  1    4.225    4.225  1   34.569   34.569  1
 1100.0 1099.9  1    4.211    4.211  1   34.570   34.570  1
 1102.0 1101.9  1    4.208    4.208  1   34.570   34.570  1
 1104.0 1103.9  1    4.208    4.208  1   34.570   34.570  1
 1106.0 1105.9  1    4.208    4.208  1   34.570   34.570  1
 1108.0 1107.9  1    4.207    4.207  1   34.570   34.570  1
 1110.0 1109.9  1    4.206    4.206  1   34.570   34.570  1
 1112.0 1111.9  1    4.206    4.206  1   34.570   34.570  1
 1114.0 1113.9  1    4.204    4.204  1   34.570   34.570  1
 1116.0 1115.9  1    4.200    4.200  1   34.570   34.570  1
 1118.0 1117.9  1    4.192    4.192  1   34.570   34.570  1
 1120.0 1119.9  1    4.188    4.188  1   34.570   34.570  1
 1122.0 1121.9  1    4.186    4.186  1   34.570   34.570  1
 1124.0 1123.9  1    4.184    4.184  1   34.571   34.571  1
 1126.0 1125.9  1    4.183    4.183  1   34.570   34.570  1
 1128.0 1127.9  1    4.182    4.182  1   34.570   34.570  1
 1130.0 1129.9  1    4.178    4.178  1   34.570   34.570  1
 1132.0 1131.9  1    4.157    4.157  1   34.571   34.571  1
 1134.0 1133.9  1    4.144    4.144  1   34.571   34.571  1
 1136.0 1135.9  1    4.127    4.127  1   34.572   34.572  1
 1138.0 1137.9  1    4.117    4.117  1   34.572   34.572  1
 1140.0 1139.9  1    4.112    4.112  1   34.572   34.572  1
 1142.0 1141.9  1    4.110    4.110  1   34.572   34.572  1
 1144.0 1143.9  1    4.094    4.094  1   34.573   34.573  1
 1146.0 1145.9  1    4.084    4.084  1   34.573   34.573  1
 1148.0 1147.9  1    4.079    4.079  1   34.574   34.574  1
 1150.0 1149.9  1    4.075    4.075  1   34.573   34.573  1
 1152.0 1151.9  1    4.067    4.067  1   34.574   34.574  1
 1154.0 1153.9  1    4.060    4.060  1   34.574   34.574  1
 1156.0 1155.9  1    4.055    4.055  1   34.574   34.574  1
 1158.0 1157.9  1    4.052    4.052  1   34.574   34.574  1
 1160.0 1159.9  1    4.050    4.050  1   34.574   34.574  1
 1162.0 1161.9  1    4.049    4.049  1   34.574   34.574  1
 1164.0 1163.9  1    4.049    4.049  1   34.574   34.574  1
 1166.0 1165.9  1    4.048    4.048  1   34.574   34.574  1
 1168.0 1167.9  1    4.048    4.048  1   34.574   34.574  1
 1170.0 1169.9  1    4.044    4.044  1   34.574   34.574  1
 1172.0 1171.9  1    4.038    4.038  1   34.575   34.575  1
 1174.0 1173.9  1    4.026    4.026  1   34.575   34.575  1
 1176.0 1175.9  1    4.015    4.015  1   34.576   34.576  1
 1178.0 1177.9  1    4.011    4.011  1   34.576   34.576  1
 1180.0 1179.9  1    4.009    4.009  1   34.576   34.576  1
 1182.0 1181.9  1    4.007    4.007  1   34.576   34.576  1
 1184.0 1183.9  1    4.002    4.002  1   34.576   34.576  1
 1186.0 1185.9  1    3.995    3.995  1   34.576   34.576  1
 1188.0 1187.9  1    3.990    3.990  1   34.576   34.576  1
 1190.0 1189.9  1    3.982    3.982  1   34.576   34.576  1
 1192.0 1191.9  1    3.972    3.972  1   34.577   34.577  1
 1194.0 1193.9  1    3.961    3.961  1   34.577   34.577  1
 1196.0 1195.9  1    3.950    3.950  1   34.577   34.577  1
 1198.0 1197.9  1    3.939    3.939  1   34.577   34.577  1
 1200.0 1199.9  1    3.929    3.929  1   34.578   34.578  1
 1202.0 1201.9  1    3.919    3.919  1   34.578   34.578  1
 1204.0 1203.9  1    3.905    3.905  1   34.579   34.579  1
 1206.0 1205.9  1    3.903    3.903  1   34.579   34.579  1
 1208.0 1207.9  1    3.900    3.900  1   34.579   34.579  1
 1210.0 1209.9  1    3.898    3.898  1   34.579   34.579  1
 1212.0 1211.9  1    3.898    3.898  1   34.579   34.579  1
 1214.0 1213.9  1    3.883    3.883  1   34.579   34.579  1
 1216.0 1215.9  1    3.859    3.859  1   34.580   34.580  1
 1218.0 1217.9  1    3.851    3.851  1   34.580   34.580  1
 1220.0 1219.9  1    3.841    3.841  1   34.581   34.581  1
 1222.0 1221.9  1    3.837    3.837  1   34.581   34.581  1
 1224.0 1223.9  1    3.835    3.835  1   34.581   34.581  1
 1226.0 1225.9  1    3.826    3.826  1   34.581   34.581  1
 1228.0 1227.9  1    3.810    3.810  1   34.582   34.582  1
 1230.0 1229.9  1    3.803    3.803  1   34.582   34.582  1
 1232.0 1231.9  1    3.796    3.796  1   34.582   34.582  1
 1234.0 1233.9  1    3.788    3.788  1   34.582   34.582  1
 1236.0 1235.9  1    3.767    3.767  1   34.583   34.583  1
 1238.0 1237.9  1    3.756    3.756  1   34.584   34.584  1
 1240.0 1239.9  1    3.745    3.745  1   34.584   34.584  1
 1242.0 1241.9  1    3.730    3.730  1   34.585   34.585  1
 1244.0 1243.9  1    3.721    3.721  1   34.585   34.585  1
 1246.0 1245.9  1    3.717    3.717  1   34.585   34.585  1
 1248.0 1247.9  1    3.708    3.708  1   34.586   34.586  1
 1250.0 1249.9  1    3.697    3.697  1   34.586   34.586  1
 1252.0 1251.9  1    3.688    3.688  1   34.586   34.586  1
 1254.0 1253.9  1    3.673    3.673  1   34.587   34.587  1
 1256.0 1255.9  1    3.670    3.670  1   34.587   34.587  1
 1258.0 1257.9  1    3.666    3.666  1   34.587   34.587  1
 1260.0 1259.9  1    3.656    3.656  1   34.587   34.587  1
 1262.0 1261.9  1    3.651    3.651  1   34.587   34.587  1
 1264.0 1263.9  1    3.637    3.637  1   34.588   34.588  1
 1266.0 1265.9  1    3.626    3.626  1   34.588   34.588  1
 1268.0 1267.9  1    3.624    3.624  1   34.588   34.588  1
 1270.0 1269.9  1    3.620    3.620  1   34.588   34.588  1
 1272.0 1271.9  1    3.614    3.614  1   34.589   34.589  1
 1274.0 1273.9  1    3.611    3.611  1   34.589   34.589  1
 1276.0 1275.9  1    3.609    3.609  1   34.589   34.589  1
 1278.0 1277.9  1    3.607    3.607  1   34.589   34.589  1
 1280.0 1279.9  1    3.604    3.604  1   34.589   34.589  1
 1282.0 1281.9  1    3.603    3.603  1   34.589   34.589  1
 1284.0 1283.9  1    3.602    3.602  1   34.589   34.589  1
 1286.0 1285.9  1    3.602    3.602  1   34.589   34.589  1
 1288.0 1287.9  1    3.600    3.600  1   34.589   34.589  1
 1290.0 1289.9  1    3.600    3.600  1   34.589   34.589  1
 1292.0 1291.9  1    3.600    3.600  1   34.589   34.589  1
 1294.0 1293.9  1    3.599    3.599  1   34.589   34.589  1
 1296.0 1295.9  1    3.596    3.596  1   34.589   34.589  1
 1298.0 1297.9  1    3.592    3.592  1   34.590   34.590  1
 1300.0 1299.9  1    3.590    3.590  1   34.590   34.590  1
 1302.0 1301.9  1    3.588    3.588  1   34.589   34.589  1
 1304.0 1303.9  1    3.582    3.582  1   34.590   34.590  1
 1306.0 1305.9  1    3.573    3.573  1   34.590   34.590  1
 1308.0 1307.9  1    3.567    3.567  1   34.590   34.590  1
 1310.0 1309.9  1    3.565    3.565  1   34.591   34.591  1
 1312.0 1311.9  1    3.563    3.563  1   34.591   34.591  1
 1314.0 1313.9  1    3.562    3.562  1   34.591   34.591  1
 1316.0 1315.9  1    3.560    3.560  1   34.591   34.591  1
 1318.0 1317.9  1    3.560    3.560  1   34.591   34.591  1
 1320.0 1319.9  1    3.558    3.558  1   34.591   34.591  1
 1322.0 1321.9  1    3.555    3.555  1   34.591   34.591  1
 1324.0 1323.9  1    3.552    3.552  1   34.591   34.591  1
 1326.0 1325.9  1    3.549    3.549  1   34.591   34.591  1
 1328.0 1327.9  1    3.546    3.546  1   34.591   34.591  1
 1330.0 1329.9  1    3.541    3.541  1   34.592   34.592  1
 1332.0 1331.9  1    3.539    3.539  1   34.592   34.592  1
 1334.0 1333.9  1    3.536    3.536  1   34.592   34.592  1
 1336.0 1335.9  1    3.534    3.534  1   34.592   34.592  1
 1338.0 1337.9  1    3.531    3.531  1   34.592   34.592  1
 1340.0 1339.9  1    3.530    3.530  1   34.592   34.592  1
 1342.0 1341.9  1    3.529    3.529  1   34.592   34.592  1
 1344.0 1343.9  1    3.522    3.522  1   34.592   34.592  1
 1346.0 1345.9  1    3.516    3.516  1   34.592   34.592  1
 1348.0 1347.9  1    3.511    3.511  1   34.593   34.593  1
 1350.0 1349.9  1    3.508    3.508  1   34.593   34.593  1
 1352.0 1351.9  1    3.504    3.504  1   34.593   34.593  1
 1354.0 1353.9  1    3.496    3.496  1   34.593   34.593  1
 1356.0 1355.9  1    3.484    3.484  1   34.594   34.594  1
 1358.0 1357.9  1    3.478    3.478  1   34.594   34.594  1
 1360.0 1359.9  1    3.472    3.472  1   34.594   34.594  1
 1362.0 1361.9  1    3.469    3.469  1   34.594   34.594  1
 1364.0 1363.9  1    3.468    3.468  1   34.594   34.594  1
 1366.0 1365.9  1    3.467    3.467  1   34.595   34.595  1
 1368.0 1367.9  1    3.461    3.461  1   34.595   34.595  1
 1370.0 1369.9  1    3.456    3.456  1   34.595   34.595  1
 1372.0 1371.9  1    3.453    3.453  1   34.595   34.595  1
 1374.0 1373.9  1    3.452    3.452  1   34.595   34.595  1
 1376.0 1375.9  1    3.450    3.450  1   34.595   34.595  1
 1378.0 1377.9  1    3.447    3.447  1   34.595   34.595  1
 1380.0 1379.9  1    3.442    3.442  1   34.595   34.595  1
 1382.0 1381.9  1    3.439    3.439  1   34.596   34.596  1
 1384.0 1383.9  1    3.437    3.437  1   34.596   34.596  1
 1386.0 1385.9  1    3.436    3.436  1   34.596   34.596  1
 1388.0 1387.9  1    3.435    3.435  1   34.596   34.596  1
 1390.0 1389.9  1    3.433    3.433  1   34.596   34.596  1
 1392.0 1391.9  1    3.430    3.430  1   34.596   34.596  1
 1394.0 1393.9  1    3.428    3.428  1   34.596   34.596  1
 1396.0 1395.9  1    3.427    3.427  1   34.596   34.596  1
 1398.0 1397.9  1    3.420    3.420  1   34.596   34.596  1
 1400.0 1399.9  1    3.408    3.408  1   34.597   34.597  1
 1402.0 1401.9  1    3.396    3.396  1   34.597   34.597  1
 1404.0 1403.9  1    3.391    3.391  1   34.597   34.597  1
 1406.0 1405.9  1    3.387    3.387  1   34.598   34.598  1
 1408.0 1407.9  1    3.384    3.384  1   34.598   34.598  1
 1410.0 1409.9  1    3.384    3.384  1   34.598   34.598  1
 1412.0 1411.9  1    3.383    3.383  1   34.598   34.598  1
 1414.0 1413.9  1    3.382    3.382  1   34.598   34.598  1
 1416.0 1415.9  1    3.381    3.381  1   34.597   34.597  1
 1418.0 1417.9  1    3.369    3.369  1   34.598   34.598  1
 1420.0 1419.9  1    3.358    3.358  1   34.599   34.599  1
 1422.0 1421.9  1    3.352    3.352  1   34.599   34.599  1
 1424.0 1423.9  1    3.351    3.351  1   34.599   34.599  1
 1426.0 1425.9  1    3.349    3.349  1   34.599   34.599  1
 1428.0 1427.9  1    3.346    3.346  1   34.599   34.599  1
 1430.0 1429.9  1    3.341    3.341  1   34.599   34.599  1
 1432.0 1431.9  1    3.327    3.327  1   34.600   34.600  1
 1434.0 1433.9  1    3.319    3.319  1   34.601   34.601  1
 1436.0 1435.9  1    3.303    3.303  1   34.601   34.601  1
 1438.0 1437.9  1    3.293    3.293  1   34.602   34.602  1
 1440.0 1439.9  1    3.291    3.291  1   34.602   34.602  1
 1442.0 1441.9  1    3.278    3.278  1   34.602   34.602  1
 1444.0 1443.9  1    3.267    3.267  1   34.603   34.603  1
 1446.0 1445.9  1    3.260    3.260  1   34.603   34.603  1
 1448.0 1447.9  1    3.256    3.256  1   34.604   34.604  1
 1450.0 1449.9  1    3.252    3.252  1   34.604   34.604  1
 1452.0 1451.9  1    3.248    3.248  1   34.604   34.604  1
 1454.0 1453.9  1    3.247    3.247  1   34.604   34.604  1
 1456.0 1455.9  1    3.245    3.245  1   34.604   34.604  1
 1458.0 1457.9  1    3.245    3.245  1   34.604   34.604  1
 1460.0 1459.9  1    3.245    3.245  1   34.604   34.604  1
 1462.0 1461.9  1    3.241    3.241  1   34.604   34.604  1
 1464.0 1463.9  1    3.230    3.230  1   34.605   34.605  1
 1466.0 1465.9  1    3.222    3.222  1   34.605   34.605  1
 1468.0 1467.9  1    3.215    3.215  1   34.605   34.605  1
 1470.0 1469.9  1    3.200    3.200  1   34.606   34.606  1
 1472.0 1471.9  1    3.193    3.193  1   34.606   34.606  1
 1474.0 1473.9  1    3.178    3.178  1   34.607   34.607  1
 1476.0 1475.9  1    3.172    3.172  1   34.607   34.607  1
 1478.0 1477.9  1    3.163    3.163  1   34.608   34.608  1
 1480.0 1479.9  1    3.154    3.154  1   34.608   34.608  1
 1482.0 1481.9  1    3.142    3.142  1   34.608   34.608  1
 1484.0 1483.9  1    3.133    3.133  1   34.609   34.609  1
 1486.0 1485.9  1    3.127    3.127  1   34.609   34.609  1
 1488.0 1487.9  1    3.124    3.124  1   34.609   34.609  1
 1490.0 1489.9  1    3.119    3.119  1   34.609   34.609  1
 1492.0 1491.9  1    3.110    3.110  1   34.609   34.609  1
 1494.0 1493.9  1    3.091    3.091  1   34.610   34.610  1
 1496.0 1495.9  1    3.080    3.080  1   34.610   34.610  1
 1498.0 1497.9  1    3.069    3.069  1   34.611   34.611  1
 1500.0 1499.9  1    3.055    3.055  1   34.611   34.611  1
 1502.0 1501.9  1    3.043    3.043  1   34.612   34.612  1
 1504.0 1503.9  1    3.027    3.027  1   34.612   34.612  1
 1506.0 1505.9  1    3.009    3.009  1   34.613   34.613  1
 1508.0 1507.9  1    3.002    3.002  1   34.613   34.613  1
 1510.0 1509.9  1    2.995    2.995  1   34.614   34.614  1
 1512.0 1511.9  1    2.993    2.993  1   34.613   34.613  1
 1514.0 1513.9  1    2.989    2.989  1   34.613   34.613  1
 1516.0 1515.9  1    2.984    2.984  1   34.613   34.613  1
 1518.0 1517.9  1    2.972    2.972  1   34.614   34.614  1
 1520.0 1519.9  1    2.968    2.968  1   34.614   34.614  1
 1522.0 1521.9  1    2.962    2.962  1   34.614   34.614  1
 1524.0 1523.9  1    2.953    2.953  1   34.614   34.614  1
 1526.0 1525.9  1    2.948    2.948  1   34.614   34.614  1
 1528.0 1527.9  1    2.939    2.939  1   34.614   34.614  1
 1530.0 1529.9  1    2.933    2.933  1   34.614   34.614  1
 1532.0 1531.9  1    2.932    2.932  1   34.614   34.614  1
 1534.0 1533.9  1    2.926    2.926  1   34.615   34.615  1
 1536.0 1535.9  1    2.918    2.918  1   34.616   34.616  1
 1538.0 1537.9  1    2.912    2.912  1   34.616   34.616  1
 1540.0 1539.9  1    2.909    2.909  1   34.616   34.616  1
 1542.0 1541.9  1    2.907    2.907  1   34.616   34.616  1
 1544.0 1543.9  1    2.905    2.905  1   34.617   34.617  1
 1546.0 1545.9  1    2.905    2.905  1   34.617   34.617  1
 1548.0 1547.9  1    2.902    2.902  1   34.617   34.617  1
 1550.0 1549.9  1    2.899    2.899  1   34.618   34.618  1
 1552.0 1551.9  1    2.896    2.896  1   34.618   34.618  1
 1554.0 1553.9  1    2.894    2.894  1   34.618   34.618  1
 1556.0 1555.9  1    2.892    2.892  1   34.618   34.618  1
 1558.0 1557.9  1    2.885    2.885  1   34.619   34.619  1
 1560.0 1559.9  1    2.878    2.878  1   34.619   34.619  1
 1562.0 1561.9  1    2.873    2.873  1   34.619   34.619  1
 1564.0 1563.9  1    2.871    2.871  1   34.620   34.620  1
 1566.0 1565.9  1    2.869    2.869  1   34.620   34.620  1
 1568.0 1567.9  1    2.867    2.867  1   34.620   34.620  1
 1570.0 1569.9  1    2.866    2.866  1   34.620   34.620  1
 1572.0 1571.9  1    2.866    2.866  1   34.620   34.620  1
 1574.0 1573.9  1    2.866    2.866  1   34.620   34.620  1
 1576.0 1575.9  1    2.866    2.866  1   34.620   34.620  1
 1578.0 1577.9  1    2.866    2.866  1   34.620   34.620  1
 1580.0 1579.9  1    2.865    2.865  1   34.620   34.620  1
 1582.0 1581.9  1    2.865    2.865  1   34.620   34.620  1
 1584.0 1583.9  1    2.864    2.864  1   34.620   34.620  1
 1586.0 1585.9  1    2.864    2.864  1   34.620   34.620  1
 1588.0 1587.9  1    2.860    2.860  1   34.621   34.621  1
 1590.0 1589.9  1    2.852    2.852  1   34.621   34.621  1
 1592.0 1591.9  1    2.847    2.847  1   34.621   34.621  1
 1594.0 1593.9  1    2.844    2.844  1   34.621   34.621  1
 1596.0 1595.9  1    2.841    2.841  1   34.622   34.622  1
 1598.0 1597.9  1    2.837    2.837  1   34.622   34.622  1
 1600.0 1599.9  1    2.835    2.835  1   34.622   34.622  1
 1602.0 1601.9  1    2.827    2.827  1   34.622   34.622  1
 1604.0 1603.9  1    2.821    2.821  1   34.622   34.622  1
 1606.0 1605.9  1    2.819    2.819  1   34.622   34.622  1
 1608.0 1607.9  1    2.817    2.817  1   34.623   34.623  1
 1610.0 1609.9  1    2.814    2.814  1   34.623   34.623  1
 1612.0 1611.9  1    2.813    2.813  1   34.623   34.623  1
 1614.0 1613.9  1    2.811    2.811  1   34.623   34.623  1
 1616.0 1615.9  1    2.810    2.810  1   34.623   34.623  1
 1618.0 1617.9  1    2.807    2.807  1   34.623   34.623  1
 1620.0 1619.9  1    2.804    2.804  1   34.623   34.623  1
 1622.0 1621.9  1    2.801    2.801  1   34.623   34.623  1
 1624.0 1623.9  1    2.799    2.799  1   34.623   34.623  1
 1626.0 1625.9  1    2.797    2.797  1   34.623   34.623  1
 1628.0 1627.9  1    2.794    2.794  1   34.623   34.623  1
 1630.0 1629.9  1    2.793    2.793  1   34.623   34.623  1
 1632.0 1631.9  1    2.789    2.789  1   34.624   34.624  1
 1634.0 1633.9  1    2.786    2.786  1   34.624   34.624  1
 1636.0 1635.9  1    2.782    2.782  1   34.624   34.624  1
 1638.0 1637.9  1    2.781    2.781  1   34.624   34.624  1
 1640.0 1639.9  1    2.777    2.777  1   34.624   34.624  1
 1642.0 1641.9  1    2.774    2.774  1   34.624   34.624  1
 1644.0 1643.9  1    2.772    2.772  1   34.625   34.625  1
 1646.0 1645.9  1    2.770    2.770  1   34.625   34.625  1
 1648.0 1647.9  1    2.766    2.766  1   34.625   34.625  1
 1650.0 1649.9  1    2.762    2.762  1   34.625   34.625  1
 1652.0 1651.9  1    2.757    2.757  1   34.626   34.626  1
 1654.0 1653.9  1    2.752    2.752  1   34.626   34.626  1
 1656.0 1655.9  1    2.751    2.751  1   34.626   34.626  1
 1658.0 1657.9  1    2.747    2.747  1   34.626   34.626  1
 1660.0 1659.9  1    2.743    2.743  1   34.626   34.626  1
 1662.0 1661.9  1    2.740    2.740  1   34.626   34.626  1
 1664.0 1663.9  1    2.736    2.736  1   34.627   34.627  1
 1666.0 1665.9  1    2.735    2.735  1   34.627   34.627  1
 1668.0 1667.9  1    2.734    2.734  1   34.627   34.627  1
 1670.0 1669.9  1    2.734    2.734  1   34.627   34.627  1
 1672.0 1671.9  1    2.732    2.732  1   34.627   34.627  1
 1674.0 1673.9  1    2.731    2.731  1   34.627   34.627  1
 1676.0 1675.9  1    2.729    2.729  1   34.627   34.627  1
 1678.0 1677.9  1    2.725    2.725  1   34.627   34.627  1
 1680.0 1679.9  1    2.722    2.722  1   34.627   34.627  1
 1682.0 1681.9  1    2.719    2.719  1   34.628   34.628  1
 1684.0 1683.9  1    2.719    2.719  1   34.628   34.628  1
 1686.0 1685.9  1    2.718    2.718  1   34.628   34.628  1
 1688.0 1687.9  1    2.716    2.716  1   34.628   34.628  1
 1690.0 1689.9  1    2.714    2.714  1   34.628   34.628  1
 1692.0 1691.9  1    2.710    2.710  1   34.628   34.628  1
 1694.0 1693.9  1    2.706    2.706  1   34.628   34.628  1
 1696.0 1695.9  1    2.703    2.703  1   34.628   34.628  1
 1698.0 1697.9  1    2.695    2.695  1   34.628   34.628  1
 1700.0 1699.9  1    2.690    2.690  1   34.628   34.628  1
 1702.0 1701.9  1    2.688    2.688  1   34.628   34.628  1
 1704.0 1703.9  1    2.686    2.686  1   34.627   34.627  1
 1706.0 1705.9  1    2.684    2.684  1   34.627   34.627  1
 1708.0 1707.9  1    2.684    2.684  1   34.627   34.627  1
 1710.0 1709.9  1    2.679    2.679  1   34.627   34.627  1
 1712.0 1711.9  1    2.676    2.676  1   34.627   34.627  1
 1714.0 1713.9  1    2.666    2.666  1   34.628   34.628  1
 1716.0 1715.9  1    2.657    2.657  1   34.629   34.629  1
 1718.0 1717.9  1    2.658    2.658  1   34.629   34.629  1
 1720.0 1719.9  1    2.657    2.657  1   34.629   34.629  1
 1722.0 1721.9  1    2.657    2.657  1   34.629   34.629  1
 1724.0 1723.9  1    2.657    2.657  1   34.629   34.629  1
 1726.0 1725.9  1    2.656    2.656  1   34.630   34.630  1
 1728.0 1727.9  1    2.651    2.651  1   34.630   34.630  1
 1730.0 1729.9  1    2.647    2.647  1   34.630   34.630  1
 1732.0 1731.9  1    2.641    2.641  1   34.630   34.630  1
 1734.0 1733.9  1    2.636    2.636  1   34.630   34.630  1
 1736.0 1735.9  1    2.632    2.632  1   34.630   34.630  1
 1738.0 1737.9  1    2.625    2.625  1   34.631   34.631  1
 1740.0 1739.9  1    2.623    2.623  1   34.631   34.631  1
 1742.0 1741.9  1    2.623    2.623  1   34.631   34.631  1
 1744.0 1743.9  1    2.623    2.623  1   34.631   34.631  1
 1746.0 1745.9  1    2.622    2.622  1   34.631   34.631  1
 1748.0 1747.9  1    2.618    2.618  1   34.632   34.632  1
 1750.0 1749.9  1    2.614    2.614  1   34.632   34.632  1
 1752.0 1751.9  1    2.611    2.611  1   34.632   34.632  1
 1754.0 1753.9  1    2.608    2.608  1   34.632   34.632  1
 1756.0 1755.9  1    2.607    2.607  1   34.632   34.632  1
 1758.0 1757.9  1    2.605    2.605  1   34.632   34.632  1
 1760.0 1759.9  1    2.603    2.603  1   34.633   34.633  1
 1762.0 1761.9  1    2.600    2.600  1   34.633   34.633  1
 1764.0 1763.9  1    2.596    2.596  1   34.633   34.633  1
 1766.0 1765.9  1    2.591    2.591  1   34.634   34.634  1
 1768.0 1767.9  1    2.587    2.587  1   34.634   34.634  1
 1770.0 1769.9  1    2.586    2.586  1   34.634   34.634  1
 1772.0 1771.9  1    2.584    2.584  1   34.634   34.634  1
 1774.0 1773.9  1    2.579    2.579  1   34.634   34.634  1
 1776.0 1775.9  1    2.575    2.575  1   34.634   34.634  1
 1778.0 1777.9  1    2.574    2.574  1   34.634   34.634  1
 1780.0 1779.9  1    2.573    2.573  1   34.634   34.634  1
 1782.0 1781.9  1    2.571    2.571  1   34.634   34.634  1
 1784.0 1783.9  1    2.568    2.568  1   34.634   34.634  1
 1786.0 1785.9  1    2.560    2.560  1   34.633   34.633  1
 1788.0 1787.9  1    2.543    2.543  1   34.633   34.633  1
 1790.0 1789.9  1    2.537    2.537  1   34.634   34.634  1
 1792.0 1791.9  1    2.537    2.537  1   34.634   34.634  1
 1794.0 1793.9  1    2.534    2.534  1   34.635   34.635  1
 1796.0 1795.9  1    2.529    2.529  1   34.635   34.635  1
 1798.0 1797.9  1    2.527    2.527  1   34.634   34.634  1
 1800.0 1799.9  1    2.517    2.517  1   34.634   34.634  1
 1802.0 1801.9  1    2.512    2.512  1   34.634   34.634  1
 1804.0 1803.9  1    2.510    2.510  1   34.634   34.634  1
 1806.0 1805.9  1    2.508    2.508  1   34.634   34.634  1
 1808.0 1807.9  1    2.505    2.505  1   34.634   34.634  1
 1810.0 1809.9  1    2.503    2.503  1   34.634   34.634  1
 1812.0 1811.9  1    2.501    2.501  1   34.634   34.634  1
 1814.0 1813.9  1    2.497    2.497  1   34.634   34.634  1
 1816.0 1815.9  1    2.496    2.496  1   34.635   34.635  1
 1818.0 1817.9  1    2.494    2.494  1   34.635   34.635  1
 1820.0 1819.9  1    2.492    2.492  1   34.635   34.635  1
 1822.0 1821.9  1    2.491    2.491  1   34.635   34.635  1
 1824.0 1823.9  1    2.489    2.489  1   34.635   34.635  1
 1826.0 1825.9  1    2.487    2.487  1   34.635   34.635  1
 1828.0 1827.9  1    2.486    2.486  1   34.635   34.635  1
 1830.0 1829.9  1    2.484    2.484  1   34.635   34.635  1
 1832.0 1831.9  1    2.483    2.483  1   34.635   34.635  1
 1834.0 1833.9  1    2.481    2.481  1   34.635   34.635  1
 1836.0 1835.9  1    2.477    2.477  1   34.635   34.635  1
 1838.0 1837.9  1    2.475    2.475  1   34.635   34.635  1
 1840.0 1839.9  1    2.474    2.474  1   34.635   34.635  1
 1842.0 1841.9  1    2.472    2.472  1   34.635   34.635  1
 1844.0 1843.9  1    2.470    2.470  1   34.636   34.636  1
 1846.0 1845.9  1    2.470    2.470  1   34.636   34.636  1
 1848.0 1847.9  1    2.469    2.469  1   34.636   34.636  1
 1850.0 1849.9  1    2.468    2.468  1   34.636   34.636  1
 1852.0 1851.9  1    2.467    2.467  1   34.636   34.636  1
 1854.0 1853.9  1    2.466    2.466  1   34.636   34.636  1
 1856.0 1855.9  1    2.464    2.464  1   34.636   34.636  1
 1858.0 1857.9  1    2.452    2.452  1   34.637   34.637  1
 1860.0 1859.9  1    2.446    2.446  1   34.637   34.637  1
 1862.0 1861.9  1    2.439    2.439  1   34.637   34.637  1
 1863.9 1863.8  1    2.436    2.436  1   34.637   34.637  1
 1866.0 1865.9  1    2.434    2.434  1   34.637   34.637  1
 1868.0 1867.9  1    2.433    2.433  1   34.637   34.637  1
 1870.0 1869.9  1    2.430    2.430  1   34.638   34.638  1
 1872.0 1871.9  1    2.428    2.428  1   34.638   34.638  1
 1874.0 1873.9  1    2.423    2.423  1   34.638   34.638  1
 1876.0 1875.9  1    2.416    2.416  1   34.639   34.639  1
 1878.0 1877.9  1    2.414    2.414  1   34.639   34.639  1
 1880.0 1879.9  1    2.412    2.412  1   34.639   34.639  1
 1882.0 1881.9  1    2.403    2.403  1   34.639   34.639  1
 1884.0 1883.9  1    2.390    2.390  1   34.639   34.639  1
 1886.0 1885.9  1    2.382    2.382  1   34.640   34.640  1
 1888.0 1887.9  1    2.378    2.378  1   34.640   34.640  1
 1890.0 1889.9  1    2.375    2.375  1   34.640   34.640  1
 1892.0 1891.9  1    2.373    2.373  1   34.640   34.640  1
 1894.0 1893.9  1    2.372    2.372  1   34.640   34.640  1
 1896.0 1895.9  1    2.371    2.371  1   34.640   34.640  1
 1898.0 1897.9  1    2.370    2.370  1   34.640   34.640  1
 1900.0 1899.9  1    2.369    2.369  1   34.640   34.640  1
 1902.0 1901.9  1    2.368    2.368  1   34.640   34.640  1
 1904.0 1903.9  1    2.367    2.367  1   34.640   34.640  1
 1906.0 1905.9  1    2.367    2.367  1   34.640   34.640  1
 1908.0 1907.9  1    2.366    2.366  1   34.640   34.640  1
 1910.0 1909.9  1    2.365    2.365  1   34.640   34.640  1
 1912.0 1911.9  1    2.363    2.363  1   34.640   34.640  1
 1914.0 1913.9  1    2.357    2.357  1   34.641   34.641  1
 1916.0 1915.9  1    2.353    2.353  1   34.641   34.641  1
 1918.0 1917.9  1    2.351    2.351  1   34.641   34.641  1
 1920.0 1919.9  1    2.349    2.349  1   34.641   34.641  1
 1922.0 1921.9  1    2.346    2.346  1   34.641   34.641  1
 1924.0 1923.9  1    2.342    2.342  1   34.641   34.641  1
 1926.0 1925.9  1    2.340    2.340  1   34.641   34.641  1
 1928.0 1927.9  1    2.340    2.340  1   34.641   34.641  1
 1930.0 1929.9  1    2.338    2.338  1   34.641   34.641  1
 1932.0 1931.9  1    2.335    2.335  1   34.641   34.641  1
 1934.0 1933.9  1    2.331    2.331  1   34.642   34.642  1
 1936.0 1935.9  1    2.330    2.330  1   34.642   34.642  1
 1938.0 1937.9  1    2.328    2.328  1   34.642   34.642  1
 1940.0 1939.9  1    2.328    2.328  1   34.642   34.642  1
 1942.0 1941.9  1    2.321    2.321  1   34.642   34.642  1
 1944.0 1943.9  1    2.315    2.315  1   34.643   34.643  1
 1946.0 1945.9  1    2.314    2.314  1   34.643   34.643  1
 1948.0 1947.9  1    2.313    2.313  1   34.643   34.643  1
 1950.0 1949.9  1    2.309    2.309  1   34.643   34.643  1
 1952.0 1951.9  1    2.307    2.307  1   34.643   34.643  1
 1954.0 1953.9  1    2.307    2.307  1   34.643   34.643  1
 1956.0 1955.9  1    2.307    2.307  1   34.644   34.644  1
 1958.0 1957.9  1    2.307    2.307  1   34.644   34.644  1
 1960.0 1959.9  1    2.306    2.306  1   34.644   34.644  1
 1962.0 1961.9  1    2.304    2.304  1   34.644   34.644  1
 1964.0 1963.9  1    2.302    2.302  1   34.644   34.644  1
 1966.0 1965.9  1    2.298    2.298  1   34.644   34.644  1
 1968.0 1967.9  1    2.293    2.293  1   34.644   34.644  1
 1970.0 1969.9  1    2.290    2.290  1   34.645   34.645  1
 1972.0 1971.9  1    2.287    2.287  1   34.645   34.645  1
 1974.0 1973.9  1    2.285    2.285  1   34.645   34.645  1
 1976.0 1975.9  1    2.284    2.284  1   34.645   34.645  1
 1978.0 1977.9  1    2.283    2.283  1   34.645   34.645  1
 1980.0 1979.9  1    2.282    2.282  1   34.645   34.645  1
 1982.0 1981.9  1    2.281    2.281  1   34.645   34.645  1
 1984.0 1983.9  1    2.280    2.280  1   34.645   34.645  1
 1986.0 1985.9  1    2.280    2.280  1   34.645   34.645  1
 1988.0 1987.9  1    2.280    2.280  1   34.645   34.645  1
 1990.0 1989.9  1    2.277    2.277  1   34.645   34.645  1
 1992.0 1991.9  1    2.274    2.274  1   34.646   34.646  1
 1994.0 1993.9  1    2.274    2.274  1   34.646   34.646  1
 1996.0 1995.9  1    2.274    2.274  1   34.646   34.646  1
 1998.0 1997.9  1    2.273    2.273  1   34.646   34.646  1
 2000.0 1999.9  1    2.273    2.273  1   34.646   34.646  1
 2002.0 2001.9  1    2.272    2.272  1   34.646   34.646  1
 2004.0 2003.9  1    2.271    2.271  1   34.646   34.646  1
 2006.0 2005.9  1    2.270    2.270  1   34.646   34.646  1
 2008.0 2007.9  1    2.268    2.268  1   34.646   34.646  1
 2010.0 2009.9  1    2.264    2.264  1   34.646   34.646  1
 2012.0 2011.9  1    2.261    2.261  1   34.645   34.645  1
 2014.0 2013.9  1    2.259    2.259  1   34.645   34.645  1
 2016.1 2016.0  1    2.256    2.256  1   34.645   34.645  1
 2018.0 2017.9  1    2.256    2.256  1   34.646   34.646  1
 2020.0 2019.9  1    2.254    2.254  1   34.646   34.646  1
 2022.0 2021.9  1    2.252    2.252  1   34.646   34.646  1
 2024.1 2024.0  1    2.249    2.249  1   34.646   34.646  1
 2025.2 2025.1  1    2.247    2.247  1   34.646   34.646  1
