*SoftWare Version 3.0  2018/12/27

*HEADER
     PLATFORM NUMBER       :5904244
     CYCLE NUMBER          :242
     DATE CREATION         :20191230015950
     DATE UPDATE           :20191230044824
     PROJECT NAME          :Argo Australia
     PI NAME               :Susan Wijffels
     INSTRUMENT TYPE       :APEX
     FLOAT SERIAL NO       :6552
     FIRMWARE VERSION      :90911
     WMO INSTRUMENT TYPE   :846
     TRANSMISSION SYSTEM   :IRIDIUM
     POSITIONING SYSTEM    :GPS
     SAMPLE DIRECTION      :A(A=Ascend; D=Descend)
     DATA MODE             :A(R=Real Time; D=Delayed Mode; A=Real Time Adjusted)
     JULIAN DAY            :25565.0832 (days since 1950-01-01 00:00:00 UTC)
     DATE                  :2019-12-30
     QC FLAG FOR DATE      :1
*LOCATION
     LATITUDE              :-20.583 
     LONGITUDE             :111.667 
     QC FLAG FOR LOCATION  :1
*FILE
     COLUMN 1              :Pressure (dbar)                             F7.1
     COLUMN 2              :Corrected Pressure (dbar)                   F7.1
     COLUMN 3              :Quality on Pressure                         I3
     COLUMN 4              :Temperature (degree_Celsius)                F9.3
     COLUMN 5              :Corrected Temperature (degree_Celsius)      F9.3
     COLUMN 6              :Quality on Temperature                      I3
     COLUMN 7              :Salinity (PSU)                              F9.3
     COLUMN 8              :Corrected Salinity (PSU)                    F9.3
     COLUMN 9              :Quality on Salinity                         I3
==========================================================================
    3.0    2.9  1   26.786   26.786  1   35.129   35.129  1
    3.9    3.8  1   26.789   26.789  1   35.128   35.128  1
    6.0    5.9  1   26.787   26.787  1   35.128   35.128  1
    8.0    7.9  1   26.785   26.785  1   35.128   35.128  1
   10.0    9.9  1   26.781   26.781  1   35.128   35.128  1
   12.0   11.9  1   26.748   26.748  1   35.129   35.129  1
   14.0   13.9  1   26.694   26.694  1   35.128   35.128  1
   16.0   15.9  1   26.436   26.436  1   35.135   35.135  1
   18.0   17.9  1   25.970   25.970  1   35.151   35.151  1
   20.0   19.9  1   25.879   25.879  1   35.151   35.151  1
   22.0   21.9  1   25.868   25.868  1   35.155   35.155  1
   24.0   23.9  1   25.858   25.858  1   35.158   35.158  1
   26.0   25.9  1   25.851   25.851  1   35.157   35.157  1
   28.0   27.9  1   25.810   25.810  1   35.161   35.161  1
   30.0   29.9  1   25.761   25.761  1   35.159   35.159  1
   32.0   31.9  1   25.727   25.727  1   35.158   35.158  1
   34.0   33.9  1   25.646   25.646  1   35.147   35.147  1
   36.0   35.9  1   25.589   25.589  1   35.145   35.145  1
   38.0   37.9  1   25.507   25.507  1   35.141   35.141  1
   40.0   39.9  1   25.516   25.516  1   35.151   35.151  1
   41.9   41.8  1   25.231   25.231  1   35.099   35.099  1
   44.0   43.9  1   24.321   24.321  1   35.027   35.027  1
   46.0   45.9  1   23.853   23.853  1   35.026   35.026  1
   48.0   47.9  1   23.536   23.536  1   35.036   35.036  1
   50.0   49.9  1   23.191   23.191  1   35.074   35.074  1
   52.0   51.9  1   23.051   23.051  1   35.107   35.107  1
   54.0   53.9  1   23.055   23.055  1   35.165   35.165  1
   56.0   55.9  1   23.007   23.007  1   35.184   35.184  1
   58.0   57.9  1   22.945   22.945  1   35.174   35.174  1
   60.0   59.9  1   22.811   22.811  1   35.155   35.155  1
   62.0   61.9  1   22.736   22.736  1   35.173   35.173  1
   64.0   63.9  1   22.656   22.656  1   35.197   35.197  1
   66.0   65.9  1   22.646   22.646  1   35.199   35.199  1
   68.0   67.9  1   22.573   22.573  1   35.214   35.214  1
   70.0   69.9  1   22.389   22.389  1   35.229   35.229  1
   72.0   71.9  1   22.243   22.243  1   35.217   35.217  1
   74.0   73.9  1   22.191   22.191  1   35.229   35.229  1
   76.0   75.9  1   22.099   22.099  1   35.225   35.225  1
   78.0   77.9  1   21.829   21.829  1   35.209   35.209  1
   80.0   79.9  1   21.788   21.788  1   35.204   35.204  1
   82.0   81.9  1   21.744   21.744  1   35.200   35.200  1
   84.0   83.9  1   21.658   21.658  1   35.201   35.201  1
   86.1   86.0  1   21.526   21.526  1   35.216   35.216  1
   88.0   87.9  1   21.495   21.495  1   35.253   35.253  1
   90.0   89.9  1   21.415   21.415  1   35.363   35.363  1
   92.0   91.9  1   21.352   21.352  1   35.395   35.395  1
   94.0   93.9  1   21.257   21.257  1   35.455   35.455  1
   96.0   95.9  1   21.212   21.212  1   35.471   35.471  1
   98.0   97.9  1   21.119   21.119  1   35.498   35.498  1
  100.0   99.9  1   21.064   21.064  1   35.508   35.508  1
  102.0  101.9  1   21.035   21.035  1   35.513   35.513  1
  104.0  103.9  1   20.983   20.983  1   35.520   35.520  1
  106.0  105.9  1   20.962   20.962  1   35.523   35.523  1
  108.0  107.9  1   20.938   20.938  1   35.526   35.526  1
  110.0  109.9  1   20.912   20.912  1   35.529   35.529  1
  112.0  111.9  1   20.874   20.874  1   35.532   35.532  1
  114.0  113.9  1   20.814   20.814  1   35.536   35.536  1
  116.0  115.9  1   20.692   20.692  1   35.550   35.550  1
  118.0  117.9  1   20.656   20.656  1   35.554   35.554  1
  120.0  119.9  1   20.653   20.653  1   35.556   35.556  1
  122.0  121.9  1   20.643   20.643  1   35.557   35.557  1
  124.0  123.9  1   20.629   20.629  1   35.557   35.557  1
  126.0  125.9  1   20.526   20.526  1   35.551   35.551  1
  128.0  127.9  1   20.442   20.442  1   35.545   35.545  1
  130.0  129.9  1   20.348   20.348  1   35.536   35.536  1
  132.0  131.9  1   20.292   20.292  1   35.531   35.531  1
  134.0  133.9  1   20.279   20.279  1   35.528   35.528  1
  136.0  135.9  1   20.255   20.255  1   35.528   35.528  1
  138.0  137.9  1   20.120   20.120  1   35.516   35.516  1
  140.0  139.9  1   19.994   19.994  1   35.509   35.509  1
  142.0  141.9  1   20.039   20.039  1   35.551   35.551  1
  144.0  143.9  1   20.100   20.100  1   35.604   35.604  1
  146.0  145.9  1   20.061   20.061  1   35.606   35.606  1
  148.0  147.9  1   20.023   20.023  1   35.609   35.609  1
  150.0  149.9  1   19.930   19.930  1   35.616   35.616  1
  152.0  151.9  1   19.850   19.850  1   35.626   35.626  1
  154.0  153.9  1   19.778   19.778  1   35.638   35.638  1
  156.1  156.0  1   19.649   19.649  1   35.653   35.653  1
  158.0  157.9  1   19.589   19.589  1   35.668   35.668  1
  160.0  159.9  1   19.522   19.522  1   35.677   35.677  1
  162.0  161.9  1   19.456   19.456  1   35.684   35.684  1
  164.0  163.9  1   19.431   19.431  1   35.690   35.690  1
  166.0  165.9  1   19.382   19.382  1   35.700   35.700  1
  168.0  167.9  1   19.312   19.312  1   35.709   35.709  1
  170.0  169.9  1   19.238   19.238  1   35.712   35.712  1
  172.0  171.9  1   19.221   19.221  1   35.710   35.710  1
  174.0  173.9  1   19.145   19.145  1   35.705   35.705  1
  176.0  175.9  1   19.075   19.075  1   35.695   35.695  1
  178.0  177.9  1   19.003   19.003  1   35.686   35.686  1
  180.0  179.9  1   18.964   18.964  1   35.680   35.680  1
  182.0  181.9  1   18.867   18.867  1   35.678   35.678  1
  184.0  183.9  1   18.793   18.793  1   35.671   35.671  1
  186.0  185.9  1   18.733   18.733  1   35.682   35.682  1
  188.0  187.9  1   18.604   18.604  1   35.671   35.671  1
  190.0  189.9  1   18.586   18.586  1   35.688   35.688  1
  192.0  191.9  1   18.599   18.599  1   35.703   35.703  1
  194.0  193.9  1   18.605   18.605  1   35.710   35.710  1
  196.0  195.9  1   18.495   18.495  1   35.710   35.710  1
  198.0  197.9  1   18.402   18.402  1   35.709   35.709  1
  200.0  199.9  1   18.373   18.373  1   35.725   35.725  1
  202.0  201.9  1   18.403   18.403  1   35.771   35.771  1
  204.0  203.9  1   18.396   18.396  1   35.789   35.789  1
  206.0  205.9  1   18.381   18.381  1   35.795   35.795  1
  208.0  207.9  1   18.375   18.375  1   35.799   35.799  1
  210.0  209.9  1   18.371   18.371  1   35.801   35.801  1
  212.0  211.9  1   18.284   18.284  1   35.800   35.800  1
  214.0  213.9  1   18.156   18.156  1   35.793   35.793  1
  216.0  215.9  1   18.073   18.073  1   35.782   35.782  1
  218.0  217.9  1   17.907   17.907  1   35.761   35.761  1
  220.0  219.9  1   17.761   17.761  1   35.746   35.746  1
  222.0  221.9  1   17.686   17.686  1   35.740   35.740  1
  224.0  223.9  1   17.610   17.610  1   35.735   35.735  1
  226.0  225.9  1   17.513   17.513  1   35.726   35.726  1
  228.0  227.9  1   17.454   17.454  1   35.722   35.722  1
  230.0  229.9  1   17.405   17.405  1   35.718   35.718  1
  232.0  231.9  1   17.326   17.326  1   35.713   35.713  1
  234.0  233.9  1   17.159   17.159  1   35.708   35.708  1
  236.0  235.9  1   16.889   16.889  1   35.698   35.698  1
  238.0  237.9  1   16.778   16.778  1   35.688   35.688  1
  240.0  239.9  1   16.665   16.665  1   35.679   35.679  1
  242.0  241.9  1   16.523   16.523  1   35.667   35.667  1
  243.9  243.8  1   16.316   16.316  1   35.646   35.646  1
  245.9  245.8  1   16.291   16.291  1   35.644   35.644  1
  248.0  247.9  1   16.233   16.233  1   35.638   35.638  1
  250.1  250.0  1   16.040   16.040  1   35.623   35.623  1
  252.0  251.9  1   15.943   15.943  1   35.613   35.613  1
  254.0  253.9  1   15.910   15.910  1   35.609   35.609  1
  256.0  255.9  1   15.801   15.801  1   35.598   35.598  1
  258.0  257.9  1   15.739   15.739  1   35.588   35.588  1
  260.0  259.9  1   15.698   15.698  1   35.579   35.579  1
  261.9  261.8  1   15.642   15.642  1   35.572   35.572  1
  264.0  263.9  1   15.629   15.629  1   35.576   35.576  1
  266.0  265.9  1   15.619   15.619  1   35.575   35.575  1
  268.0  267.9  1   15.611   15.611  1   35.571   35.571  1
  270.1  270.0  1   15.537   15.537  1   35.558   35.558  1
  272.0  271.9  1   15.331   15.331  1   35.520   35.520  1
  274.0  273.9  1   15.224   15.224  1   35.507   35.507  1
  276.0  275.9  1   15.107   15.107  1   35.497   35.497  1
  278.0  277.9  1   15.012   15.012  1   35.481   35.481  1
  280.0  279.9  1   14.947   14.947  1   35.469   35.469  1
  282.0  281.9  1   14.856   14.856  1   35.459   35.459  1
  284.0  283.9  1   14.784   14.784  1   35.447   35.447  1
  286.0  285.9  1   14.683   14.683  1   35.429   35.429  1
  288.0  287.9  1   14.547   14.547  1   35.411   35.411  1
  290.0  289.9  1   14.540   14.540  1   35.411   35.411  1
  292.0  291.9  1   14.551   14.551  1   35.418   35.418  1
  294.0  293.9  1   14.549   14.549  1   35.424   35.424  1
  296.0  295.9  1   14.558   14.558  1   35.430   35.430  1
  298.0  297.9  1   14.562   14.562  1   35.433   35.433  1
  300.0  299.9  1   14.511   14.511  1   35.431   35.431  1
  302.0  301.9  1   14.462   14.462  1   35.426   35.426  1
  304.0  303.9  1   14.388   14.388  1   35.414   35.414  1
  306.0  305.9  1   14.254   14.254  1   35.402   35.402  1
  308.0  307.9  1   14.180   14.180  1   35.394   35.394  1
  310.0  309.9  1   14.132   14.132  1   35.387   35.387  1
  312.0  311.9  1   14.057   14.057  1   35.377   35.377  1
  314.0  313.9  1   13.982   13.982  1   35.366   35.366  1
  316.0  315.9  1   13.846   13.846  1   35.347   35.347  1
  318.0  317.9  1   13.731   13.731  1   35.332   35.332  1
  320.0  319.9  1   13.661   13.661  1   35.320   35.320  1
  322.0  321.9  1   13.529   13.529  1   35.302   35.302  1
  324.0  323.9  1   13.326   13.326  1   35.272   35.272  1
  326.0  325.9  1   13.093   13.093  1   35.240   35.240  1
  328.0  327.9  1   12.989   12.989  1   35.224   35.224  1
  330.0  329.9  1   12.884   12.884  1   35.209   35.209  1
  332.0  331.9  1   12.818   12.818  1   35.199   35.199  1
  334.0  333.9  1   12.753   12.753  1   35.188   35.188  1
  336.0  335.9  1   12.648   12.648  1   35.174   35.174  1
  338.0  337.9  1   12.585   12.585  1   35.164   35.164  1
  340.0  339.9  1   12.529   12.529  1   35.155   35.155  1
  342.0  341.9  1   12.455   12.455  1   35.143   35.143  1
  344.0  343.9  1   12.328   12.328  1   35.126   35.126  1
  346.0  345.9  1   12.231   12.231  1   35.113   35.113  1
  348.0  347.9  1   12.174   12.174  1   35.104   35.104  1
  350.0  349.9  1   12.147   12.147  1   35.099   35.099  1
  352.0  351.9  1   12.097   12.097  1   35.091   35.091  1
  354.0  353.9  1   11.986   11.986  1   35.076   35.076  1
  356.0  355.9  1   11.953   11.953  1   35.071   35.071  1
  358.0  357.9  1   11.917   11.917  1   35.065   35.065  1
  360.0  359.9  1   11.871   11.871  1   35.057   35.057  1
  362.0  361.9  1   11.810   11.810  1   35.048   35.048  1
  364.0  363.9  1   11.748   11.748  1   35.038   35.038  1
  366.0  365.9  1   11.650   11.650  1   35.024   35.024  1
  368.0  367.9  1   11.586   11.586  1   35.014   35.014  1
  370.0  369.9  1   11.546   11.546  1   35.008   35.008  1
  372.0  371.9  1   11.506   11.506  1   35.000   35.000  1
  374.0  373.9  1   11.398   11.398  1   34.986   34.986  1
  376.0  375.9  1   11.315   11.315  1   34.973   34.973  1
  378.0  377.9  1   11.248   11.248  1   34.964   34.964  1
  380.0  379.9  1   11.182   11.182  1   34.955   34.955  1
  382.0  381.9  1   11.139   11.139  1   34.949   34.949  1
  384.0  383.9  1   11.124   11.124  1   34.946   34.946  1
  386.0  385.9  1   11.102   11.102  1   34.942   34.942  1
  388.0  387.9  1   11.053   11.053  1   34.934   34.934  1
  390.0  389.9  1   10.996   10.996  1   34.925   34.925  1
  392.0  391.9  1   10.859   10.859  1   34.908   34.908  1
  394.0  393.9  1   10.852   10.852  1   34.906   34.906  1
  396.0  395.9  1   10.847   10.847  1   34.906   34.906  1
  398.0  397.9  1   10.841   10.841  1   34.904   34.904  1
  400.0  399.9  1   10.833   10.833  1   34.903   34.903  1
  402.0  401.9  1   10.821   10.821  1   34.901   34.901  1
  404.0  403.9  1   10.794   10.794  1   34.897   34.897  1
  406.0  405.9  1   10.764   10.764  1   34.892   34.892  1
  408.0  407.9  1   10.750   10.750  1   34.890   34.890  1
  410.0  409.9  1   10.731   10.731  1   34.887   34.887  1
  412.0  411.9  1   10.715   10.715  1   34.885   34.885  1
  414.0  413.9  1   10.691   10.691  1   34.881   34.881  1
  416.0  415.9  1   10.679   10.679  1   34.879   34.879  1
  418.0  417.9  1   10.655   10.655  1   34.875   34.875  1
  420.0  419.9  1   10.633   10.633  1   34.872   34.872  1
  422.0  421.9  1   10.624   10.624  1   34.870   34.870  1
  424.0  423.9  1   10.563   10.563  1   34.861   34.861  1
  426.0  425.9  1   10.519   10.519  1   34.855   34.855  1
  428.0  427.9  1   10.494   10.494  1   34.851   34.851  1
  430.0  429.9  1   10.454   10.454  1   34.844   34.844  1
  432.0  431.9  1   10.413   10.413  1   34.837   34.837  1
  434.0  433.9  1   10.334   10.334  1   34.827   34.827  1
  436.0  435.9  1   10.300   10.300  1   34.822   34.822  1
  438.0  437.9  1   10.289   10.289  1   34.820   34.820  1
  440.0  439.9  1   10.264   10.264  1   34.816   34.816  1
  442.0  441.9  1   10.237   10.237  1   34.812   34.812  1
  444.0  443.9  1   10.213   10.213  1   34.807   34.807  1
  446.0  445.9  1   10.182   10.182  1   34.803   34.803  1
  448.0  447.9  1   10.155   10.155  1   34.799   34.799  1
  450.0  449.9  1   10.124   10.124  1   34.794   34.794  1
  452.0  451.9  1   10.091   10.091  1   34.789   34.789  1
  454.0  453.9  1   10.083   10.083  1   34.788   34.788  1
  456.0  455.9  1   10.078   10.078  1   34.787   34.787  1
  458.0  457.9  1   10.067   10.067  1   34.785   34.785  1
  460.0  459.9  1   10.036   10.036  1   34.781   34.781  1
  462.0  461.9  1   10.016   10.016  1   34.778   34.778  1
  464.0  463.9  1   10.005   10.005  1   34.776   34.776  1
  466.0  465.9  1   10.002   10.002  1   34.775   34.775  1
  468.0  467.9  1    9.976    9.976  1   34.771   34.771  1
  470.0  469.9  1    9.959    9.959  1   34.769   34.769  1
  472.0  471.9  1    9.931    9.931  1   34.765   34.765  1
  474.0  473.9  1    9.912    9.912  1   34.762   34.762  1
  476.0  475.9  1    9.896    9.896  1   34.760   34.760  1
  478.0  477.9  1    9.885    9.885  1   34.758   34.758  1
  480.0  479.9  1    9.880    9.880  1   34.758   34.758  1
  482.0  481.9  1    9.872    9.872  1   34.756   34.756  1
  484.0  483.9  1    9.868    9.868  1   34.755   34.755  1
  486.0  485.9  1    9.858    9.858  1   34.753   34.753  1
  488.0  487.9  1    9.842    9.842  1   34.751   34.751  1
  490.0  489.9  1    9.792    9.792  1   34.744   34.744  1
  492.0  491.9  1    9.771    9.771  1   34.741   34.741  1
  494.0  493.9  1    9.742    9.742  1   34.738   34.738  1
  496.0  495.9  1    9.736    9.736  1   34.737   34.737  1
  498.0  497.9  1    9.732    9.732  1   34.736   34.736  1
  500.0  499.9  1    9.728    9.728  1   34.735   34.735  1
  502.0  501.9  1    9.727    9.727  1   34.735   34.735  1
  504.0  503.9  1    9.724    9.724  1   34.734   34.734  1
  506.0  505.9  1    9.688    9.688  1   34.730   34.730  1
  508.0  507.9  1    9.670    9.670  1   34.726   34.726  1
  510.0  509.9  1    9.640    9.640  1   34.722   34.722  1
  512.0  511.9  1    9.615    9.615  1   34.718   34.718  1
  514.0  513.9  1    9.541    9.541  1   34.709   34.709  1
  516.0  515.9  1    9.508    9.508  1   34.704   34.704  1
  518.0  517.9  1    9.475    9.475  1   34.700   34.700  1
  520.0  519.9  1    9.463    9.463  1   34.698   34.698  1
  522.0  521.9  1    9.451    9.451  1   34.697   34.697  1
  524.0  523.9  1    9.440    9.440  1   34.695   34.695  1
  526.0  525.9  1    9.418    9.418  1   34.693   34.693  1
  528.0  527.9  1    9.388    9.388  1   34.689   34.689  1
  530.0  529.9  1    9.363    9.363  1   34.686   34.686  1
  532.0  531.9  1    9.357    9.357  1   34.685   34.685  1
  534.0  533.9  1    9.347    9.347  1   34.684   34.684  1
  536.0  535.9  1    9.342    9.342  1   34.683   34.683  1
  538.0  537.9  1    9.337    9.337  1   34.683   34.683  1
  540.0  539.9  1    9.333    9.333  1   34.682   34.682  1
  542.0  541.9  1    9.327    9.327  1   34.681   34.681  1
  544.0  543.9  1    9.313    9.313  1   34.679   34.679  1
  546.0  545.9  1    9.275    9.275  1   34.675   34.675  1
  548.0  547.9  1    9.262    9.262  1   34.673   34.673  1
  550.0  549.9  1    9.251    9.251  1   34.672   34.672  1
  552.0  551.9  1    9.233    9.233  1   34.670   34.670  1
  554.0  553.9  1    9.216    9.216  1   34.667   34.667  1
  556.0  555.9  1    9.193    9.193  1   34.665   34.665  1
  558.0  557.9  1    9.170    9.170  1   34.662   34.662  1
  560.0  559.9  1    9.152    9.152  1   34.660   34.660  1
  562.0  561.9  1    9.127    9.127  1   34.658   34.658  1
  564.0  563.9  1    9.113    9.113  1   34.656   34.656  1
  566.0  565.9  1    9.102    9.102  1   34.655   34.655  1
  568.0  567.9  1    9.083    9.083  1   34.653   34.653  1
  570.0  569.9  1    9.063    9.063  1   34.650   34.650  1
  572.0  571.9  1    9.043    9.043  1   34.648   34.648  1
  574.0  573.9  1    9.021    9.021  1   34.646   34.646  1
  576.0  575.9  1    8.985    8.985  1   34.642   34.642  1
  578.0  577.9  1    8.963    8.963  1   34.639   34.639  1
  580.0  579.9  1    8.909    8.909  1   34.635   34.635  1
  582.0  581.9  1    8.895    8.895  1   34.633   34.633  1
  584.0  583.9  1    8.869    8.869  1   34.630   34.630  1
  586.0  585.9  1    8.833    8.833  1   34.626   34.626  1
  588.0  587.9  1    8.776    8.776  1   34.622   34.622  1
  590.0  589.9  1    8.743    8.743  1   34.619   34.619  1
  592.0  591.9  1    8.722    8.722  1   34.617   34.617  1
  594.0  593.9  1    8.707    8.707  1   34.615   34.615  1
  596.0  595.9  1    8.671    8.671  1   34.611   34.611  1
  598.0  597.9  1    8.581    8.581  1   34.605   34.605  1
  600.0  599.9  1    8.526    8.526  1   34.601   34.601  1
  602.0  601.9  1    8.509    8.509  1   34.600   34.600  1
  604.0  603.9  1    8.504    8.504  1   34.599   34.599  1
  606.0  605.9  1    8.487    8.487  1   34.597   34.597  1
  608.0  607.9  1    8.454    8.454  1   34.594   34.594  1
  610.0  609.9  1    8.412    8.412  1   34.591   34.591  1
  612.0  611.9  1    8.373    8.373  1   34.588   34.588  1
  614.0  613.9  1    8.330    8.330  1   34.584   34.584  1
  616.0  615.9  1    8.306    8.306  1   34.581   34.581  1
  618.0  617.9  1    8.252    8.252  1   34.577   34.577  1
  620.0  619.9  1    8.114    8.114  1   34.569   34.569  1
  622.0  621.9  1    8.055    8.055  1   34.566   34.566  1
  624.0  623.9  1    8.031    8.031  1   34.563   34.563  1
  626.0  625.9  1    7.936    7.936  1   34.560   34.560  1
  628.0  627.9  1    7.905    7.905  1   34.557   34.557  1
  630.0  629.9  1    7.859    7.859  1   34.555   34.555  1
  632.0  631.9  1    7.781    7.781  1   34.553   34.553  1
  634.0  633.9  1    7.727    7.727  1   34.551   34.551  1
  636.0  635.9  1    7.720    7.720  1   34.551   34.551  1
  638.0  637.9  1    7.711    7.711  1   34.550   34.550  1
  640.0  639.9  1    7.678    7.678  1   34.550   34.550  1
  642.0  641.9  1    7.674    7.674  1   34.549   34.549  1
  644.0  643.9  1    7.636    7.636  1   34.547   34.547  1
  646.0  645.9  1    7.554    7.554  1   34.545   34.545  1
  648.0  647.9  1    7.462    7.462  1   34.544   34.544  1
  650.0  649.9  1    7.314    7.314  1   34.539   34.539  1
  652.0  651.9  1    7.250    7.250  1   34.537   34.537  1
  654.0  653.9  1    7.191    7.191  1   34.535   34.535  1
  656.0  655.9  1    7.139    7.139  1   34.533   34.533  1
  658.0  657.9  1    7.107    7.107  1   34.531   34.531  1
  660.0  659.9  1    7.035    7.035  1   34.531   34.531  1
  662.0  661.9  1    6.987    6.987  1   34.533   34.533  1
  664.0  663.9  1    6.961    6.961  1   34.534   34.534  1
  666.0  665.9  1    6.948    6.948  1   34.535   34.535  1
  668.0  667.9  1    6.939    6.939  1   34.535   34.535  1
  670.0  669.9  1    6.927    6.927  1   34.535   34.535  1
  672.0  671.9  1    6.921    6.921  1   34.535   34.535  1
  674.0  673.9  1    6.911    6.911  1   34.534   34.534  1
  676.0  675.9  1    6.869    6.869  1   34.533   34.533  1
  678.0  677.9  1    6.821    6.821  1   34.532   34.532  1
  680.0  679.9  1    6.802    6.802  1   34.533   34.533  1
  682.0  681.9  1    6.789    6.789  1   34.533   34.533  1
  684.0  683.9  1    6.769    6.769  1   34.535   34.535  1
  686.0  685.9  1    6.735    6.735  1   34.539   34.539  1
  688.0  687.9  1    6.731    6.731  1   34.539   34.539  1
  690.0  689.9  1    6.727    6.727  1   34.539   34.539  1
  692.0  691.9  1    6.726    6.726  1   34.539   34.539  1
  694.0  693.9  1    6.723    6.723  1   34.539   34.539  1
  696.0  695.9  1    6.716    6.716  1   34.539   34.539  1
  698.0  697.9  1    6.693    6.693  1   34.539   34.539  1
  700.0  699.9  1    6.655    6.655  1   34.541   34.541  1
  702.0  701.9  1    6.640    6.640  1   34.541   34.541  1
  704.0  703.9  1    6.624    6.624  1   34.541   34.541  1
  706.0  705.9  1    6.570    6.570  1   34.544   34.544  1
  708.0  707.9  1    6.557    6.557  1   34.545   34.545  1
  710.0  709.9  1    6.551    6.551  1   34.545   34.545  1
  712.0  711.9  1    6.508    6.508  1   34.547   34.547  1
  714.0  713.9  1    6.497    6.497  1   34.547   34.547  1
  716.0  715.9  1    6.482    6.482  1   34.549   34.549  1
  718.0  717.9  1    6.470    6.470  1   34.549   34.549  1
  720.0  719.9  1    6.454    6.454  1   34.551   34.551  1
  722.0  721.9  1    6.444    6.444  1   34.552   34.552  1
  724.0  723.9  1    6.420    6.420  1   34.553   34.553  1
  726.0  725.9  1    6.370    6.370  1   34.550   34.550  1
  728.0  727.9  1    6.349    6.349  1   34.550   34.550  1
  730.0  729.9  1    6.336    6.336  1   34.549   34.549  1
  732.0  731.9  1    6.311    6.311  1   34.549   34.549  1
  734.0  733.9  1    6.292    6.292  1   34.549   34.549  1
  736.0  735.9  1    6.283    6.283  1   34.549   34.549  1
  738.0  737.9  1    6.274    6.274  1   34.549   34.549  1
  740.0  739.9  1    6.268    6.268  1   34.549   34.549  1
  742.0  741.9  1    6.259    6.259  1   34.548   34.548  1
  744.0  743.9  1    6.210    6.210  1   34.549   34.549  1
  746.0  745.9  1    6.180    6.180  1   34.551   34.551  1
  748.0  747.9  1    6.177    6.177  1   34.551   34.551  1
  750.0  749.9  1    6.169    6.169  1   34.553   34.553  1
  752.0  751.9  1    6.164    6.164  1   34.554   34.554  1
  754.0  753.9  1    6.160    6.160  1   34.554   34.554  1
  756.0  755.9  1    6.147    6.147  1   34.556   34.556  1
  758.0  757.9  1    6.131    6.131  1   34.559   34.559  1
  760.0  759.9  1    6.126    6.126  1   34.561   34.561  1
  762.0  761.9  1    6.123    6.123  1   34.563   34.563  1
  764.0  763.9  1    6.104    6.104  1   34.567   34.567  1
  766.0  765.9  1    6.104    6.104  1   34.571   34.571  1
  768.0  767.9  1    6.101    6.101  1   34.572   34.572  1
  770.0  769.9  1    6.095    6.095  1   34.573   34.573  1
  772.0  771.9  1    6.104    6.104  1   34.578   34.578  1
  774.0  773.9  1    6.097    6.097  1   34.580   34.580  1
  776.0  775.9  1    6.041    6.041  1   34.576   34.576  1
  778.0  777.9  1    6.029    6.029  1   34.581   34.581  1
  780.0  779.9  1    6.012    6.012  1   34.582   34.582  1
  782.0  781.9  1    6.011    6.011  1   34.582   34.582  1
  784.0  783.9  1    6.010    6.010  1   34.582   34.582  1
  786.0  785.9  1    6.010    6.010  1   34.583   34.583  1
  788.0  787.9  1    6.011    6.011  1   34.583   34.583  1
  790.0  789.9  1    6.009    6.009  1   34.583   34.583  1
  792.0  791.9  1    5.991    5.991  1   34.586   34.586  1
  794.0  793.9  1    5.976    5.976  1   34.588   34.588  1
  796.0  795.9  1    5.972    5.972  1   34.588   34.588  1
  798.0  797.9  1    5.962    5.962  1   34.589   34.589  1
  800.0  799.9  1    5.960    5.960  1   34.589   34.589  1
  802.0  801.9  1    5.952    5.952  1   34.589   34.589  1
  804.0  803.9  1    5.936    5.936  1   34.590   34.590  1
  806.0  805.9  1    5.923    5.923  1   34.591   34.591  1
  808.0  807.9  1    5.901    5.901  1   34.592   34.592  1
  810.0  809.9  1    5.887    5.887  1   34.591   34.591  1
  812.0  811.9  1    5.882    5.882  1   34.590   34.590  1
  814.0  813.9  1    5.832    5.832  1   34.586   34.586  1
  816.0  815.9  1    5.798    5.798  1   34.586   34.586  1
  818.0  817.9  1    5.772    5.772  1   34.590   34.590  1
  820.0  819.9  1    5.770    5.770  1   34.590   34.590  1
  822.0  821.9  1    5.763    5.763  1   34.590   34.590  1
  824.0  823.9  1    5.756    5.756  1   34.590   34.590  1
  826.0  825.9  1    5.750    5.750  1   34.591   34.591  1
  828.0  827.9  1    5.749    5.749  1   34.592   34.592  1
  830.0  829.9  1    5.749    5.749  1   34.593   34.593  1
  832.0  831.9  1    5.751    5.751  1   34.593   34.593  1
  834.0  833.9  1    5.752    5.752  1   34.594   34.594  1
  836.0  835.9  1    5.753    5.753  1   34.594   34.594  1
  838.0  837.9  1    5.756    5.756  1   34.594   34.594  1
  840.0  839.9  1    5.756    5.756  1   34.595   34.595  1
  842.0  841.9  1    5.758    5.758  1   34.595   34.595  1
  844.0  843.9  1    5.760    5.760  1   34.596   34.596  1
  846.0  845.9  1    5.755    5.755  1   34.597   34.597  1
  848.0  847.9  1    5.752    5.752  1   34.598   34.598  1
  850.0  849.9  1    5.751    5.751  1   34.599   34.599  1
  852.0  851.9  1    5.754    5.754  1   34.600   34.600  1
  854.0  853.9  1    5.746    5.746  1   34.600   34.600  1
  856.0  855.9  1    5.738    5.738  1   34.599   34.599  1
  858.0  857.9  1    5.730    5.730  1   34.599   34.599  1
  860.0  859.9  1    5.728    5.728  1   34.600   34.600  1
  862.0  861.9  1    5.723    5.723  1   34.599   34.599  1
  864.0  863.9  1    5.712    5.712  1   34.598   34.598  1
  866.0  865.9  1    5.702    5.702  1   34.597   34.597  1
  868.0  867.9  1    5.698    5.698  1   34.597   34.597  1
  870.0  869.9  1    5.690    5.690  1   34.596   34.596  1
  872.0  871.9  1    5.682    5.682  1   34.596   34.596  1
  874.0  873.9  1    5.677    5.677  1   34.595   34.595  1
  876.0  875.9  1    5.664    5.664  1   34.595   34.595  1
  878.0  877.9  1    5.658    5.658  1   34.596   34.596  1
  880.0  879.9  1    5.656    5.656  1   34.596   34.596  1
  882.0  881.9  1    5.655    5.655  1   34.596   34.596  1
  884.0  883.9  1    5.650    5.650  1   34.597   34.597  1
  886.0  885.9  1    5.640    5.640  1   34.598   34.598  1
  888.0  887.9  1    5.637    5.637  1   34.599   34.599  1
  890.0  889.9  1    5.632    5.632  1   34.600   34.600  1
  892.0  891.9  1    5.624    5.624  1   34.601   34.601  1
  894.0  893.9  1    5.613    5.613  1   34.603   34.603  1
  896.0  895.9  1    5.610    5.610  1   34.605   34.605  1
  898.0  897.9  1    5.610    5.610  1   34.605   34.605  1
  900.0  899.9  1    5.611    5.611  1   34.605   34.605  1
  902.0  901.9  1    5.611    5.611  1   34.605   34.605  1
  904.0  903.9  1    5.612    5.612  1   34.605   34.605  1
  906.0  905.9  1    5.612    5.612  1   34.606   34.606  1
  908.0  907.9  1    5.604    5.604  1   34.607   34.607  1
  910.0  909.9  1    5.585    5.585  1   34.609   34.609  1
  912.0  911.9  1    5.573    5.573  1   34.611   34.611  1
  914.0  913.9  1    5.564    5.564  1   34.612   34.612  1
  916.0  915.9  1    5.548    5.548  1   34.615   34.615  1
  918.0  917.9  1    5.537    5.537  1   34.616   34.616  1
  920.0  919.9  1    5.527    5.527  1   34.617   34.617  1
  922.0  921.9  1    5.509    5.509  1   34.618   34.618  1
  924.0  923.9  1    5.498    5.498  1   34.619   34.619  1
  926.0  925.9  1    5.490    5.490  1   34.619   34.619  1
  928.0  927.9  1    5.475    5.475  1   34.619   34.619  1
  930.0  929.9  1    5.466    5.466  1   34.620   34.620  1
  932.0  931.9  1    5.453    5.453  1   34.621   34.621  1
  934.0  933.9  1    5.442    5.442  1   34.622   34.622  1
  936.0  935.9  1    5.433    5.433  1   34.622   34.622  1
  938.0  937.9  1    5.420    5.420  1   34.622   34.622  1
  940.0  939.9  1    5.408    5.408  1   34.623   34.623  1
  942.0  941.9  1    5.406    5.406  1   34.623   34.623  1
  944.0  943.9  1    5.402    5.402  1   34.623   34.623  1
  946.0  945.9  1    5.394    5.394  1   34.623   34.623  1
  948.0  947.9  1    5.389    5.389  1   34.623   34.623  1
  950.0  949.9  1    5.385    5.385  1   34.624   34.624  1
  952.0  951.9  1    5.377    5.377  1   34.624   34.624  1
  954.0  953.9  1    5.366    5.366  1   34.624   34.624  1
  956.0  955.9  1    5.363    5.363  1   34.624   34.624  1
  958.0  957.9  1    5.352    5.352  1   34.624   34.624  1
  960.0  959.9  1    5.336    5.336  1   34.624   34.624  1
  962.0  961.9  1    5.318    5.318  1   34.624   34.624  1
  964.0  963.9  1    5.291    5.291  1   34.624   34.624  1
  966.0  965.9  1    5.252    5.252  1   34.626   34.626  1
  968.0  967.9  1    5.242    5.242  1   34.626   34.626  1
  970.0  969.9  1    5.237    5.237  1   34.626   34.626  1
  972.0  971.9  1    5.235    5.235  1   34.626   34.626  1
  974.0  973.9  1    5.232    5.232  1   34.626   34.626  1
  976.0  975.9  1    5.228    5.228  1   34.626   34.626  1
  978.0  977.9  1    5.226    5.226  1   34.626   34.626  1
  980.0  979.9  1    5.227    5.227  1   34.626   34.626  1
  982.0  981.9  1    5.225    5.225  1   34.626   34.626  1
  984.0  983.9  1    5.218    5.218  1   34.626   34.626  1
  986.0  985.9  1    5.209    5.209  1   34.626   34.626  1
  988.0  987.9  1    5.197    5.197  1   34.627   34.627  1
  990.0  989.9  1    5.190    5.190  1   34.627   34.627  1
  992.0  991.9  1    5.188    5.188  1   34.627   34.627  1
  994.0  993.9  1    5.188    5.188  1   34.627   34.627  1
  996.0  995.9  1    5.186    5.186  1   34.627   34.627  1
  998.0  997.9  1    5.182    5.182  1   34.627   34.627  1
 1000.0  999.9  1    5.173    5.173  1   34.626   34.626  1
 1002.0 1001.9  1    5.149    5.149  1   34.627   34.627  1
 1004.0 1003.9  1    5.146    5.146  1   34.627   34.627  1
 1006.0 1005.9  1    5.143    5.143  1   34.627   34.627  1
 1008.0 1007.9  1    5.141    5.141  1   34.627   34.627  1
 1010.0 1009.9  1    5.136    5.136  1   34.627   34.627  1
 1012.0 1011.9  1    5.132    5.132  1   34.627   34.627  1
 1014.0 1013.9  1    5.125    5.125  1   34.627   34.627  1
 1016.0 1015.9  1    5.121    5.121  1   34.627   34.627  1
 1018.0 1017.9  1    5.119    5.119  1   34.627   34.627  1
 1020.0 1019.9  1    5.115    5.115  1   34.627   34.627  1
 1022.0 1021.9  1    5.113    5.113  1   34.627   34.627  1
 1024.0 1023.9  1    5.104    5.104  1   34.627   34.627  1
 1026.0 1025.9  1    5.098    5.098  1   34.627   34.627  1
 1028.0 1027.9  1    5.089    5.089  1   34.627   34.627  1
 1030.0 1029.9  1    5.088    5.088  1   34.627   34.627  1
 1032.0 1031.9  1    5.088    5.088  1   34.627   34.627  1
 1034.0 1033.9  1    5.088    5.088  1   34.627   34.627  1
 1035.9 1035.8  1    5.088    5.088  1   34.627   34.627  1
 1038.0 1037.9  1    5.082    5.082  1   34.627   34.627  1
 1040.0 1039.9  1    5.077    5.077  1   34.627   34.627  1
 1042.0 1041.9  1    5.068    5.068  1   34.627   34.627  1
 1044.0 1043.9  1    5.059    5.059  1   34.627   34.627  1
 1046.0 1045.9  1    5.047    5.047  1   34.627   34.627  1
 1048.0 1047.9  1    5.040    5.040  1   34.627   34.627  1
 1050.0 1049.9  1    5.026    5.026  1   34.627   34.627  1
 1052.0 1051.9  1    5.014    5.014  1   34.628   34.628  1
 1054.0 1053.9  1    5.013    5.013  1   34.628   34.628  1
 1056.0 1055.9  1    4.998    4.998  1   34.629   34.629  1
 1058.0 1057.9  1    4.989    4.989  1   34.631   34.631  1
 1060.0 1059.9  1    4.976    4.976  1   34.631   34.631  1
 1062.0 1061.9  1    4.965    4.965  1   34.632   34.632  1
 1064.0 1063.9  1    4.958    4.958  1   34.631   34.631  1
 1066.0 1065.9  1    4.951    4.951  1   34.632   34.632  1
 1068.0 1067.9  1    4.933    4.933  1   34.632   34.632  1
 1070.0 1069.9  1    4.905    4.905  1   34.633   34.633  1
 1072.0 1071.9  1    4.894    4.894  1   34.634   34.634  1
 1074.0 1073.9  1    4.891    4.891  1   34.634   34.634  1
 1076.0 1075.9  1    4.890    4.890  1   34.634   34.634  1
 1078.0 1077.9  1    4.886    4.886  1   34.634   34.634  1
 1080.0 1079.9  1    4.884    4.884  1   34.634   34.634  1
 1082.0 1081.9  1    4.880    4.880  1   34.634   34.634  1
 1084.0 1083.9  1    4.877    4.877  1   34.634   34.634  1
 1086.0 1085.9  1    4.873    4.873  1   34.634   34.634  1
 1088.0 1087.9  1    4.870    4.870  1   34.634   34.634  1
 1090.0 1089.9  1    4.864    4.864  1   34.634   34.634  1
 1092.0 1091.9  1    4.858    4.858  1   34.634   34.634  1
 1094.0 1093.9  1    4.844    4.844  1   34.635   34.635  1
 1096.0 1095.9  1    4.826    4.826  1   34.636   34.636  1
 1098.0 1097.9  1    4.817    4.817  1   34.636   34.636  1
 1100.0 1099.9  1    4.809    4.809  1   34.636   34.636  1
 1102.0 1101.9  1    4.803    4.803  1   34.636   34.636  1
 1104.0 1103.9  1    4.794    4.794  1   34.636   34.636  1
 1106.0 1105.9  1    4.779    4.779  1   34.637   34.637  1
 1108.0 1107.9  1    4.774    4.774  1   34.637   34.637  1
 1110.0 1109.9  1    4.773    4.773  1   34.637   34.637  1
 1112.0 1111.9  1    4.769    4.769  1   34.637   34.637  1
 1114.0 1113.9  1    4.765    4.765  1   34.637   34.637  1
 1116.0 1115.9  1    4.763    4.763  1   34.637   34.637  1
 1118.0 1117.9  1    4.758    4.758  1   34.637   34.637  1
 1120.0 1119.9  1    4.745    4.745  1   34.637   34.637  1
 1122.0 1121.9  1    4.732    4.732  1   34.638   34.638  1
 1124.0 1123.9  1    4.733    4.733  1   34.638   34.638  1
 1126.0 1125.9  1    4.732    4.732  1   34.638   34.638  1
 1128.0 1127.9  1    4.732    4.732  1   34.638   34.638  1
 1130.0 1129.9  1    4.732    4.732  1   34.638   34.638  1
 1132.0 1131.9  1    4.732    4.732  1   34.638   34.638  1
 1134.0 1133.9  1    4.733    4.733  1   34.638   34.638  1
 1136.0 1135.9  1    4.733    4.733  1   34.638   34.638  1
 1138.0 1137.9  1    4.733    4.733  1   34.638   34.638  1
 1140.0 1139.9  1    4.733    4.733  1   34.638   34.638  1
 1142.0 1141.9  1    4.734    4.734  1   34.638   34.638  1
 1144.0 1143.9  1    4.734    4.734  1   34.638   34.638  1
 1146.0 1145.9  1    4.734    4.734  1   34.638   34.638  1
 1148.0 1147.9  1    4.734    4.734  1   34.638   34.638  1
 1150.0 1149.9  1    4.733    4.733  1   34.638   34.638  1
 1152.0 1151.9  1    4.732    4.732  1   34.638   34.638  1
 1154.0 1153.9  1    4.730    4.730  1   34.638   34.638  1
 1156.0 1155.9  1    4.726    4.726  1   34.638   34.638  1
 1158.0 1157.9  1    4.723    4.723  1   34.638   34.638  1
 1160.0 1159.9  1    4.719    4.719  1   34.637   34.637  1
 1162.0 1161.9  1    4.707    4.707  1   34.638   34.638  1
 1164.0 1163.9  1    4.702    4.702  1   34.637   34.637  1
 1166.0 1165.9  1    4.683    4.683  1   34.638   34.638  1
 1168.0 1167.9  1    4.671    4.671  1   34.638   34.638  1
 1170.0 1169.9  1    4.650    4.650  1   34.638   34.638  1
 1172.0 1171.9  1    4.641    4.641  1   34.638   34.638  1
 1174.0 1173.9  1    4.633    4.633  1   34.638   34.638  1
 1176.0 1175.9  1    4.622    4.622  1   34.638   34.638  1
 1178.0 1177.9  1    4.610    4.610  1   34.639   34.639  1
 1180.0 1179.9  1    4.606    4.606  1   34.639   34.639  1
 1182.0 1181.9  1    4.599    4.599  1   34.639   34.639  1
 1184.0 1183.9  1    4.593    4.593  1   34.639   34.639  1
 1186.0 1185.9  1    4.589    4.589  1   34.639   34.639  1
 1188.0 1187.9  1    4.587    4.587  1   34.639   34.639  1
 1190.0 1189.9  1    4.576    4.576  1   34.639   34.639  1
 1192.0 1191.9  1    4.573    4.573  1   34.639   34.639  1
 1194.0 1193.9  1    4.566    4.566  1   34.639   34.639  1
 1196.0 1195.9  1    4.560    4.560  1   34.639   34.639  1
 1198.0 1197.9  1    4.554    4.554  1   34.639   34.639  1
 1200.0 1199.9  1    4.547    4.547  1   34.639   34.639  1
 1202.0 1201.9  1    4.545    4.545  1   34.639   34.639  1
 1204.0 1203.9  1    4.539    4.539  1   34.638   34.638  1
 1206.0 1205.9  1    4.520    4.520  1   34.638   34.638  1
 1208.0 1207.9  1    4.482    4.482  1   34.639   34.639  1
 1210.0 1209.9  1    4.473    4.473  1   34.639   34.639  1
 1212.0 1211.9  1    4.461    4.461  1   34.639   34.639  1
 1214.0 1213.9  1    4.447    4.447  1   34.639   34.639  1
 1216.0 1215.9  1    4.436    4.436  1   34.640   34.640  1
 1218.0 1217.9  1    4.432    4.432  1   34.640   34.640  1
 1220.0 1219.9  1    4.430    4.430  1   34.640   34.640  1
 1222.0 1221.9  1    4.425    4.425  1   34.640   34.640  1
 1224.0 1223.9  1    4.421    4.421  1   34.640   34.640  1
 1226.0 1225.9  1    4.418    4.418  1   34.640   34.640  1
 1228.0 1227.9  1    4.416    4.416  1   34.640   34.640  1
 1230.0 1229.9  1    4.416    4.416  1   34.640   34.640  1
 1232.0 1231.9  1    4.414    4.414  1   34.640   34.640  1
 1234.0 1233.9  1    4.411    4.411  1   34.640   34.640  1
 1236.0 1235.9  1    4.408    4.408  1   34.640   34.640  1
 1238.0 1237.9  1    4.402    4.402  1   34.640   34.640  1
 1240.0 1239.9  1    4.398    4.398  1   34.639   34.639  1
 1242.0 1241.9  1    4.377    4.377  1   34.640   34.640  1
 1244.0 1243.9  1    4.362    4.362  1   34.640   34.640  1
 1246.0 1245.9  1    4.344    4.344  1   34.640   34.640  1
 1248.0 1247.9  1    4.326    4.326  1   34.639   34.639  1
 1250.0 1249.9  1    4.321    4.321  1   34.639   34.639  1
 1252.0 1251.9  1    4.310    4.310  1   34.639   34.639  1
 1254.0 1253.9  1    4.304    4.304  1   34.639   34.639  1
 1256.0 1255.9  1    4.293    4.293  1   34.639   34.639  1
 1258.0 1257.9  1    4.280    4.280  1   34.639   34.639  1
 1260.0 1259.9  1    4.264    4.264  1   34.640   34.640  1
 1262.0 1261.9  1    4.256    4.256  1   34.640   34.640  1
 1264.0 1263.9  1    4.249    4.249  1   34.641   34.641  1
 1266.0 1265.9  1    4.247    4.247  1   34.641   34.641  1
 1268.0 1267.9  1    4.245    4.245  1   34.641   34.641  1
 1270.0 1269.9  1    4.225    4.225  1   34.642   34.642  1
 1272.0 1271.9  1    4.215    4.215  1   34.643   34.643  1
 1274.0 1273.9  1    4.199    4.199  1   34.643   34.643  1
 1276.0 1275.9  1    4.175    4.175  1   34.643   34.643  1
 1278.0 1277.9  1    4.167    4.167  1   34.643   34.643  1
 1280.0 1279.9  1    4.162    4.162  1   34.644   34.644  1
 1282.0 1281.9  1    4.158    4.158  1   34.644   34.644  1
 1284.0 1283.9  1    4.157    4.157  1   34.643   34.643  1
 1286.0 1285.9  1    4.150    4.150  1   34.643   34.643  1
 1288.0 1287.9  1    4.127    4.127  1   34.644   34.644  1
 1290.0 1289.9  1    4.112    4.112  1   34.645   34.645  1
 1292.0 1291.9  1    4.102    4.102  1   34.646   34.646  1
 1294.0 1293.9  1    4.091    4.091  1   34.646   34.646  1
 1296.0 1295.9  1    4.077    4.077  1   34.647   34.647  1
 1298.0 1297.9  1    4.060    4.060  1   34.647   34.647  1
 1300.0 1299.9  1    4.038    4.038  1   34.649   34.649  1
 1302.0 1301.9  1    4.035    4.035  1   34.648   34.648  1
 1304.0 1303.9  1    4.023    4.023  1   34.648   34.648  1
 1306.0 1305.9  1    4.013    4.013  1   34.648   34.648  1
 1308.0 1307.9  1    3.998    3.998  1   34.648   34.648  1
 1310.0 1309.9  1    3.996    3.996  1   34.647   34.647  1
 1312.0 1311.9  1    3.990    3.990  1   34.646   34.646  1
 1314.0 1313.9  1    3.950    3.950  1   34.647   34.647  1
 1316.0 1315.9  1    3.936    3.936  1   34.647   34.647  1
 1318.0 1317.9  1    3.927    3.927  1   34.647   34.647  1
 1320.0 1319.9  1    3.914    3.914  1   34.648   34.648  1
 1322.0 1321.9  1    3.909    3.909  1   34.648   34.648  1
 1324.0 1323.9  1    3.904    3.904  1   34.649   34.649  1
 1326.0 1325.9  1    3.898    3.898  1   34.649   34.649  1
 1328.0 1327.9  1    3.872    3.872  1   34.650   34.650  1
 1330.0 1329.9  1    3.851    3.851  1   34.651   34.651  1
 1332.0 1331.9  1    3.842    3.842  1   34.652   34.652  1
 1334.0 1333.9  1    3.834    3.834  1   34.652   34.652  1
 1336.0 1335.9  1    3.816    3.816  1   34.652   34.652  1
 1338.0 1337.9  1    3.804    3.804  1   34.653   34.653  1
 1340.0 1339.9  1    3.789    3.789  1   34.654   34.654  1
 1342.0 1341.9  1    3.783    3.783  1   34.654   34.654  1
 1344.0 1343.9  1    3.777    3.777  1   34.654   34.654  1
 1346.0 1345.9  1    3.774    3.774  1   34.654   34.654  1
 1348.0 1347.9  1    3.773    3.773  1   34.654   34.654  1
 1350.0 1349.9  1    3.772    3.772  1   34.654   34.654  1
 1352.0 1351.9  1    3.772    3.772  1   34.654   34.654  1
 1354.0 1353.9  1    3.769    3.769  1   34.654   34.654  1
 1356.0 1355.9  1    3.767    3.767  1   34.654   34.654  1
 1358.0 1357.9  1    3.758    3.758  1   34.654   34.654  1
 1360.0 1359.9  1    3.734    3.734  1   34.655   34.655  1
 1362.0 1361.9  1    3.727    3.727  1   34.656   34.656  1
 1364.0 1363.9  1    3.721    3.721  1   34.656   34.656  1
 1366.0 1365.9  1    3.720    3.720  1   34.656   34.656  1
 1368.0 1367.9  1    3.719    3.719  1   34.656   34.656  1
 1370.0 1369.9  1    3.716    3.716  1   34.656   34.656  1
 1372.0 1371.9  1    3.706    3.706  1   34.657   34.657  1
 1374.0 1373.9  1    3.700    3.700  1   34.657   34.657  1
 1376.0 1375.9  1    3.671    3.671  1   34.659   34.659  1
 1378.0 1377.9  1    3.641    3.641  1   34.661   34.661  1
 1380.0 1379.9  1    3.636    3.636  1   34.661   34.661  1
 1382.0 1381.9  1    3.632    3.632  1   34.661   34.661  1
 1384.0 1383.9  1    3.628    3.628  1   34.662   34.662  1
 1386.0 1385.9  1    3.623    3.623  1   34.662   34.662  1
 1388.0 1387.9  1    3.611    3.611  1   34.662   34.662  1
 1390.0 1389.9  1    3.603    3.603  1   34.663   34.663  1
 1392.0 1391.9  1    3.594    3.594  1   34.663   34.663  1
 1394.0 1393.9  1    3.585    3.585  1   34.663   34.663  1
 1396.0 1395.9  1    3.574    3.574  1   34.664   34.664  1
 1398.0 1397.9  1    3.564    3.564  1   34.664   34.664  1
 1400.0 1399.9  1    3.546    3.546  1   34.665   34.665  1
 1402.0 1401.9  1    3.537    3.537  1   34.665   34.665  1
 1404.0 1403.9  1    3.535    3.535  1   34.665   34.665  1
 1406.0 1405.9  1    3.532    3.532  1   34.665   34.665  1
 1408.0 1407.9  1    3.522    3.522  1   34.665   34.665  1
 1410.0 1409.9  1    3.497    3.497  1   34.666   34.666  1
 1412.0 1411.9  1    3.481    3.481  1   34.667   34.667  1
 1414.0 1413.9  1    3.475    3.475  1   34.667   34.667  1
 1416.0 1415.9  1    3.453    3.453  1   34.668   34.668  1
 1418.0 1417.9  1    3.423    3.423  1   34.671   34.671  1
 1420.0 1419.9  1    3.412    3.412  1   34.671   34.671  1
 1422.0 1421.9  1    3.400    3.400  1   34.673   34.673  1
 1424.0 1423.9  1    3.398    3.398  1   34.672   34.672  1
 1426.0 1425.9  1    3.396    3.396  1   34.672   34.672  1
 1428.0 1427.9  1    3.389    3.389  1   34.673   34.673  1
 1430.0 1429.9  1    3.382    3.382  1   34.673   34.673  1
 1432.0 1431.9  1    3.377    3.377  1   34.673   34.673  1
 1434.0 1433.9  1    3.372    3.372  1   34.673   34.673  1
 1436.0 1435.9  1    3.356    3.356  1   34.674   34.674  1
 1438.0 1437.9  1    3.329    3.329  1   34.676   34.676  1
 1440.1 1440.0  1    3.306    3.306  1   34.677   34.677  1
 1442.0 1441.9  1    3.292    3.292  1   34.678   34.678  1
 1444.0 1443.9  1    3.278    3.278  1   34.679   34.679  1
 1446.0 1445.9  1    3.269    3.269  1   34.680   34.680  1
 1448.0 1447.9  1    3.265    3.265  1   34.680   34.680  1
 1450.0 1449.9  1    3.256    3.256  1   34.681   34.681  1
 1452.0 1451.9  1    3.248    3.248  1   34.681   34.681  1
 1454.0 1453.9  1    3.241    3.241  1   34.681   34.681  1
 1456.0 1455.9  1    3.222    3.222  1   34.683   34.683  1
 1458.0 1457.9  1    3.218    3.218  1   34.683   34.683  1
 1460.0 1459.9  1    3.211    3.211  1   34.684   34.684  1
 1462.0 1461.9  1    3.199    3.199  1   34.685   34.685  1
 1464.0 1463.9  1    3.184    3.184  1   34.686   34.686  1
 1466.0 1465.9  1    3.173    3.173  1   34.687   34.687  1
 1468.0 1467.9  1    3.171    3.171  1   34.687   34.687  1
 1470.0 1469.9  1    3.171    3.171  1   34.687   34.687  1
 1472.0 1471.9  1    3.165    3.165  1   34.687   34.687  1
 1474.0 1473.9  1    3.158    3.158  1   34.688   34.688  1
 1476.0 1475.9  1    3.152    3.152  1   34.688   34.688  1
 1478.0 1477.9  1    3.143    3.143  1   34.689   34.689  1
 1480.0 1479.9  1    3.142    3.142  1   34.689   34.689  1
 1482.0 1481.9  1    3.142    3.142  1   34.689   34.689  1
 1484.0 1483.9  1    3.141    3.141  1   34.689   34.689  1
 1486.0 1485.9  1    3.140    3.140  1   34.689   34.689  1
 1488.0 1487.9  1    3.139    3.139  1   34.689   34.689  1
 1490.0 1489.9  1    3.138    3.138  1   34.689   34.689  1
 1492.0 1491.9  1    3.137    3.137  1   34.689   34.689  1
 1494.0 1493.9  1    3.136    3.136  1   34.689   34.689  1
 1496.0 1495.9  1    3.131    3.131  1   34.690   34.690  1
 1498.0 1497.9  1    3.125    3.125  1   34.690   34.690  1
 1500.0 1499.9  1    3.122    3.122  1   34.690   34.690  1
 1502.0 1501.9  1    3.121    3.121  1   34.690   34.690  1
 1504.0 1503.9  1    3.120    3.120  1   34.690   34.690  1
 1506.0 1505.9  1    3.119    3.119  1   34.691   34.691  1
 1508.0 1507.9  1    3.117    3.117  1   34.691   34.691  1
 1510.0 1509.9  1    3.117    3.117  1   34.690   34.690  1
 1512.0 1511.9  1    3.113    3.113  1   34.691   34.691  1
 1514.0 1513.9  1    3.112    3.112  1   34.691   34.691  1
 1516.0 1515.9  1    3.112    3.112  1   34.691   34.691  1
 1518.0 1517.9  1    3.111    3.111  1   34.691   34.691  1
 1520.0 1519.9  1    3.109    3.109  1   34.691   34.691  1
 1522.0 1521.9  1    3.106    3.106  1   34.691   34.691  1
 1524.0 1523.9  1    3.101    3.101  1   34.691   34.691  1
 1526.0 1525.9  1    3.096    3.096  1   34.692   34.692  1
 1528.0 1527.9  1    3.094    3.094  1   34.692   34.692  1
 1530.0 1529.9  1    3.089    3.089  1   34.692   34.692  1
 1532.0 1531.9  1    3.083    3.083  1   34.692   34.692  1
 1534.0 1533.9  1    3.077    3.077  1   34.692   34.692  1
 1536.0 1535.9  1    3.055    3.055  1   34.694   34.694  1
 1538.0 1537.9  1    3.055    3.055  1   34.694   34.694  1
 1540.0 1539.9  1    3.047    3.047  1   34.694   34.694  1
 1542.0 1541.9  1    3.046    3.046  1   34.694   34.694  1
 1544.0 1543.9  1    3.046    3.046  1   34.694   34.694  1
 1546.0 1545.9  1    3.046    3.046  1   34.694   34.694  1
 1548.0 1547.9  1    3.047    3.047  1   34.694   34.694  1
 1550.0 1549.9  1    3.047    3.047  1   34.694   34.694  1
 1552.0 1551.9  1    3.049    3.049  1   34.694   34.694  1
 1554.0 1553.9  1    3.049    3.049  1   34.694   34.694  1
 1556.0 1555.9  1    3.050    3.050  1   34.694   34.694  1
 1558.0 1557.9  1    3.044    3.044  1   34.694   34.694  1
 1560.0 1559.9  1    3.036    3.036  1   34.695   34.695  1
 1562.0 1561.9  1    3.034    3.034  1   34.695   34.695  1
 1564.0 1563.9  1    3.033    3.033  1   34.695   34.695  1
 1566.0 1565.9  1    3.032    3.032  1   34.695   34.695  1
 1568.1 1568.0  1    3.031    3.031  1   34.695   34.695  1
 1569.7 1569.6  1    3.032    3.032  1   34.695   34.695  1
