*SoftWare Version 3.0  2018/12/27

*HEADER
     PLATFORM NUMBER       :5904288
     CYCLE NUMBER          :202
     DATE CREATION         :20191222100039
     DATE UPDATE           :20191222100039
     PROJECT NAME          :US ARGO PROJECT
     PI NAME               :GREGORY C. JOHNSON
     INSTRUMENT TYPE       :NAVIS_A
     FLOAT SERIAL NO       :0318
     FIRMWARE VERSION      :082713
     WMO INSTRUMENT TYPE   :863
     TRANSMISSION SYSTEM   :IRIDIUM
     POSITIONING SYSTEM    :GPS
     SAMPLE DIRECTION      :A(A=Ascend; D=Descend)
     DATA MODE             :A(R=Real Time; D=Delayed Mode; A=Real Time Adjusted)
     JULIAN DAY            :25557.3687 (days since 1950-01-01 00:00:00 UTC)
     DATE                  :2019-12-22
     QC FLAG FOR DATE      :1
*LOCATION
     LATITUDE              :2.876   
     LONGITUDE             :-109.494
     QC FLAG FOR LOCATION  :1
*FILE
     COLUMN 1              :Pressure (dbar)                             F7.1
     COLUMN 2              :Corrected Pressure (dbar)                   F7.1
     COLUMN 3              :Quality on Pressure                         I3
     COLUMN 4              :Temperature (degree_Celsius)                F9.3
     COLUMN 5              :Corrected Temperature (degree_Celsius)      F9.3
     COLUMN 6              :Quality on Temperature                      I3
     COLUMN 7              :Salinity (PSU)                              F9.3
     COLUMN 8              :Corrected Salinity (PSU)                    F9.3
     COLUMN 9              :Quality on Salinity                         I3
==========================================================================
    4.1    4.1  1   25.699   25.699  1   34.129   34.119  1
    6.0    6.0  1   25.698   25.698  1   34.129   34.119  1
    8.0    8.0  1   25.697   25.697  1   34.129   34.119  1
   10.0   10.0  1   25.697   25.697  1   34.129   34.119  1
   12.0   12.0  1   25.696   25.696  1   34.129   34.119  1
   14.0   14.0  1   25.695   25.695  1   34.129   34.119  1
   16.0   16.0  1   25.699   25.699  1   34.129   34.119  1
   17.9   17.9  1   25.702   25.702  1   34.129   34.119  1
   20.0   20.0  1   25.703   25.703  1   34.129   34.119  1
   22.0   22.0  1   25.704   25.704  1   34.129   34.119  1
   24.0   24.0  1   25.706   25.706  1   34.129   34.119  1
   26.0   26.0  1   25.702   25.702  1   34.129   34.119  1
   28.0   28.0  1   25.702   25.702  1   34.129   34.119  1
   30.0   30.0  1   25.705   25.705  1   34.129   34.119  1
   32.0   32.0  1   25.703   25.703  1   34.129   34.119  1
   34.0   34.0  1   25.704   25.704  1   34.129   34.119  1
   36.0   36.0  1   25.701   25.701  1   34.129   34.119  1
   38.0   38.0  1   25.693   25.693  1   34.129   34.119  1
   40.0   40.0  1   25.694   25.694  1   34.129   34.119  1
   42.0   42.0  1   25.693   25.693  1   34.129   34.119  1
   44.0   44.0  1   25.688   25.688  1   34.130   34.120  1
   46.0   46.0  1   25.692   25.692  1   34.129   34.119  1
   48.0   48.0  1   25.691   25.691  1   34.130   34.120  1
   50.0   50.0  1   25.679   25.679  1   34.130   34.120  1
   52.0   52.0  1   25.671   25.671  1   34.131   34.121  1
   54.0   54.0  1   25.663   25.663  1   34.132   34.122  1
   56.0   56.0  1   25.654   25.654  1   34.132   34.122  1
   58.0   58.0  1   25.646   25.646  1   34.133   34.123  1
   60.0   60.0  1   25.632   25.632  1   34.135   34.125  1
   62.0   62.0  1   25.592   25.592  1   34.142   34.132  1
   64.0   64.0  1   25.428   25.428  1   34.198   34.188  1
   66.0   66.0  1   25.345   25.345  1   34.231   34.221  1
   68.0   68.0  1   25.223   25.223  1   34.262   34.252  1
   70.2   70.2  1   25.077   25.077  1   34.295   34.285  1
   72.3   72.3  1   25.036   25.036  1   34.304   34.294  1
   73.4   73.4  1   24.795   24.795  1   34.364   34.354  1
   76.0   76.0  1   23.590   23.590  1   34.711   34.701  1
   78.1   78.1  1   23.213   23.213  1   34.715   34.705  1
   80.1   80.1  1   22.928   22.928  1   34.684   34.674  1
   81.9   81.9  1   22.582   22.582  1   34.630   34.620  1
   84.0   84.0  1   21.516   21.516  1   34.620   34.610  1
   86.0   86.0  1   20.958   20.958  1   34.673   34.663  1
   88.0   88.0  1   20.919   20.919  1   34.684   34.674  1
   90.1   90.1  1   20.548   20.548  1   34.711   34.701  1
   92.0   92.0  1   19.822   19.822  1   34.776   34.766  1
   93.9   93.9  1   19.595   19.595  1   34.793   34.783  1
   96.0   96.0  1   18.818   18.818  1   34.823   34.813  1
   98.0   98.0  1   18.132   18.132  1   34.863   34.853  1
  100.0  100.0  1   17.442   17.442  1   34.885   34.875  1
  102.0  102.0  1   16.752   16.752  1   34.895   34.885  1
  104.0  104.0  1   15.753   15.753  1   34.927   34.917  1
  106.0  106.0  1   15.396   15.396  1   34.940   34.930  1
  108.0  108.0  1   15.086   15.086  1   34.947   34.937  1
  110.0  110.0  1   14.919   14.919  1   34.971   34.961  1
  112.0  112.0  1   14.821   14.821  1   34.978   34.968  1
  114.0  114.0  1   14.647   14.647  1   34.975   34.965  1
  116.0  116.0  1   14.587   14.587  1   34.974   34.964  1
  118.0  118.0  1   14.577   14.577  1   34.973   34.963  1
  120.0  120.0  1   14.565   14.565  1   34.971   34.961  1
  122.0  122.0  1   14.537   14.537  1   34.966   34.956  1
  124.0  124.0  1   14.414   14.414  1   34.960   34.950  1
  126.0  126.0  1   14.321   14.321  1   34.959   34.949  1
  128.0  128.0  1   14.224   14.224  1   34.958   34.948  1
  130.0  130.0  1   14.148   14.148  1   34.958   34.948  1
  132.0  132.0  1   14.101   14.101  1   34.960   34.950  1
  134.0  134.0  1   14.089   14.089  1   34.958   34.948  1
  136.0  136.0  1   14.044   14.044  1   34.956   34.946  1
  138.0  138.0  1   14.025   14.025  1   34.953   34.943  1
  140.0  140.0  1   13.862   13.862  1   34.949   34.939  1
  142.0  142.0  1   13.746   13.746  1   34.948   34.938  1
  144.0  144.0  1   13.719   13.719  1   34.948   34.938  1
  146.0  146.0  1   13.698   13.698  1   34.947   34.937  1
  148.0  148.0  1   13.688   13.688  1   34.947   34.937  1
  150.0  150.0  1   13.669   13.669  1   34.946   34.936  1
  152.0  152.0  1   13.653   13.653  1   34.944   34.934  1
  154.0  154.0  1   13.597   13.597  1   34.942   34.932  1
  156.0  156.0  1   13.553   13.553  1   34.939   34.929  1
  158.0  158.0  1   13.492   13.492  1   34.936   34.926  1
  160.0  160.0  1   13.402   13.402  1   34.936   34.926  1
  162.0  162.0  1   13.332   13.332  1   34.935   34.925  1
  164.0  164.0  1   13.296   13.296  1   34.932   34.922  1
  166.0  166.0  1   13.253   13.253  1   34.925   34.915  1
  168.0  168.0  1   13.088   13.088  1   34.919   34.909  1
  170.0  170.0  1   13.027   13.027  1   34.919   34.909  1
  172.0  172.0  1   13.014   13.014  1   34.918   34.908  1
  174.0  174.0  1   12.996   12.996  1   34.916   34.906  1
  176.0  176.0  1   12.991   12.991  1   34.915   34.905  1
  178.0  178.0  1   12.989   12.989  1   34.914   34.904  1
  180.0  180.0  1   12.983   12.983  1   34.912   34.902  1
  182.0  182.0  1   12.909   12.909  1   34.908   34.898  1
  184.0  184.0  1   12.854   12.854  1   34.906   34.896  1
  186.0  186.0  1   12.811   12.811  1   34.904   34.894  1
  188.0  188.0  1   12.780   12.780  1   34.903   34.893  1
  190.0  190.0  1   12.748   12.748  1   34.903   34.893  1
  192.0  192.0  1   12.722   12.722  1   34.907   34.897  1
  194.0  194.0  1   12.718   12.718  1   34.911   34.901  1
  196.0  196.0  1   12.719   12.719  1   34.913   34.903  1
  198.0  198.0  1   12.717   12.717  1   34.914   34.904  1
  200.0  200.0  1   12.714   12.714  1   34.914   34.904  1
  202.0  202.0  1   12.711   12.711  1   34.914   34.904  1
  204.0  204.0  1   12.709   12.709  1   34.913   34.903  1
  206.0  206.0  1   12.706   12.706  1   34.913   34.903  1
  208.0  208.0  1   12.703   12.703  1   34.913   34.903  1
  210.0  210.0  1   12.701   12.701  1   34.913   34.903  1
  212.0  212.0  1   12.699   12.699  1   34.912   34.902  1
  214.0  214.0  1   12.698   12.698  1   34.912   34.902  1
  216.0  216.0  1   12.696   12.696  1   34.912   34.902  1
  218.0  218.0  1   12.692   12.692  1   34.911   34.901  1
  220.0  220.0  1   12.672   12.672  1   34.910   34.900  1
  222.0  222.0  1   12.665   12.665  1   34.909   34.899  1
  224.0  224.0  1   12.661   12.661  1   34.909   34.899  1
  226.0  226.0  1   12.660   12.660  1   34.909   34.899  1
  228.0  228.0  1   12.658   12.658  1   34.909   34.899  1
  230.0  230.0  1   12.652   12.652  1   34.908   34.898  1
  232.0  232.0  1   12.648   12.648  1   34.908   34.898  1
  234.0  234.0  1   12.643   12.643  1   34.908   34.898  1
  236.0  236.0  1   12.641   12.641  1   34.907   34.897  1
  238.0  238.0  1   12.638   12.638  1   34.907   34.897  1
  240.0  240.0  1   12.636   12.636  1   34.907   34.897  1
  242.0  242.0  1   12.633   12.633  1   34.906   34.896  1
  244.0  244.0  1   12.632   12.632  1   34.906   34.896  1
  246.0  246.0  1   12.632   12.632  1   34.906   34.896  1
  248.0  248.0  1   12.632   12.632  1   34.906   34.896  1
  250.0  250.0  1   12.632   12.632  1   34.906   34.896  1
  252.0  252.0  1   12.631   12.631  1   34.906   34.896  1
  254.0  254.0  1   12.632   12.632  1   34.906   34.896  1
  256.0  256.0  1   12.632   12.632  1   34.906   34.896  1
  258.0  258.0  1   12.632   12.632  1   34.905   34.895  1
  260.0  260.0  1   12.594   12.594  1   34.900   34.890  1
  262.0  262.0  1   12.576   12.576  1   34.899   34.889  1
  264.0  264.0  1   12.572   12.572  1   34.898   34.888  1
  266.0  266.0  1   12.564   12.564  1   34.897   34.887  1
  268.0  268.0  1   12.563   12.563  1   34.897   34.887  1
  270.0  270.0  1   12.560   12.560  1   34.897   34.887  1
  272.0  272.0  1   12.556   12.556  1   34.897   34.887  1
  274.0  274.0  1   12.551   12.551  1   34.897   34.887  1
  276.0  276.0  1   12.542   12.542  1   34.897   34.887  1
  278.0  278.0  1   12.536   12.536  1   34.897   34.887  1
  280.0  280.0  1   12.533   12.533  1   34.897   34.887  1
  282.0  282.0  1   12.527   12.527  1   34.897   34.887  1
  284.0  284.0  1   12.521   12.521  1   34.896   34.886  1
  286.0  286.0  1   12.517   12.517  1   34.895   34.885  1
  288.0  288.0  1   12.511   12.511  1   34.894   34.884  1
  290.0  290.0  1   12.465   12.465  1   34.889   34.879  1
  292.0  292.0  1   12.399   12.399  1   34.885   34.875  1
  294.0  294.0  1   12.380   12.380  1   34.884   34.874  1
  296.0  296.0  1   12.380   12.380  1   34.883   34.873  1
  298.0  298.0  1   12.379   12.379  1   34.882   34.872  1
  300.0  300.0  1   12.353   12.353  1   34.878   34.868  1
  302.0  302.0  1   12.302   12.302  1   34.873   34.863  1
  304.0  304.0  1   12.260   12.260  1   34.869   34.859  1
  306.0  306.0  1   12.201   12.201  1   34.865   34.855  1
  308.0  308.0  1   12.188   12.188  1   34.864   34.854  1
  310.0  310.0  1   12.185   12.185  1   34.863   34.853  1
  312.0  312.0  1   12.180   12.180  1   34.862   34.852  1
  314.0  314.0  1   12.168   12.168  1   34.859   34.849  1
  316.0  316.0  1   12.055   12.055  1   34.852   34.842  1
  318.0  318.0  1   12.030   12.030  1   34.851   34.841  1
  320.0  320.0  1   11.999   11.999  1   34.847   34.837  1
  322.0  322.0  1   11.950   11.950  1   34.842   34.832  1
  324.0  324.0  1   11.863   11.863  1   34.836   34.826  1
  326.0  326.0  1   11.806   11.806  1   34.833   34.823  1
  328.0  328.0  1   11.786   11.786  1   34.833   34.823  1
  330.0  330.0  1   11.762   11.762  1   34.830   34.820  1
  332.0  332.0  1   11.733   11.733  1   34.826   34.816  1
  334.0  334.0  1   11.702   11.702  1   34.823   34.813  1
  336.0  336.0  1   11.676   11.676  1   34.820   34.810  1
  338.0  338.0  1   11.642   11.642  1   34.818   34.808  1
  340.0  340.0  1   11.620   11.620  1   34.816   34.806  1
  342.0  342.0  1   11.569   11.569  1   34.812   34.802  1
  344.0  344.0  1   11.532   11.532  1   34.810   34.800  1
  346.0  346.0  1   11.500   11.500  1   34.806   34.796  1
  348.0  348.0  1   11.430   11.430  1   34.802   34.792  1
  350.0  350.0  1   11.349   11.349  1   34.798   34.788  1
  352.0  352.0  1   11.311   11.311  1   34.795   34.785  1
  354.0  354.0  1   11.287   11.287  1   34.793   34.783  1
  356.0  356.0  1   11.252   11.252  1   34.790   34.780  1
  358.0  358.0  1   11.179   11.179  1   34.786   34.776  1
  360.0  360.0  1   11.129   11.129  1   34.783   34.773  1
  362.0  362.0  1   11.098   11.098  1   34.781   34.771  1
  364.0  364.0  1   11.078   11.078  1   34.779   34.769  1
  366.0  366.0  1   11.068   11.068  1   34.778   34.768  1
  368.0  368.0  1   11.033   11.033  1   34.774   34.764  1
  370.0  370.0  1   10.955   10.955  1   34.767   34.757  1
  372.0  372.0  1   10.781   10.781  1   34.759   34.749  1
  374.0  374.0  1   10.728   10.728  1   34.756   34.746  1
  376.0  376.0  1   10.701   10.701  1   34.754   34.744  1
  378.0  378.0  1   10.681   10.681  1   34.751   34.741  1
  380.0  380.0  1   10.597   10.597  1   34.746   34.736  1
  382.0  382.0  1   10.518   10.518  1   34.743   34.733  1
  384.0  384.0  1   10.486   10.486  1   34.741   34.731  1
  386.0  386.0  1   10.450   10.450  1   34.739   34.729  1
  388.0  388.0  1   10.419   10.419  1   34.739   34.729  1
  390.0  390.0  1   10.403   10.403  1   34.740   34.730  1
  392.0  392.0  1   10.396   10.396  1   34.739   34.729  1
  394.0  394.0  1   10.382   10.382  1   34.739   34.729  1
  396.0  396.0  1   10.348   10.348  1   34.738   34.728  1
  398.0  398.0  1   10.295   10.295  1   34.736   34.726  1
  400.0  400.0  1   10.241   10.241  1   34.734   34.724  1
  402.0  402.0  1   10.192   10.192  1   34.730   34.720  1
  404.0  404.0  1   10.095   10.095  1   34.726   34.716  1
  406.0  406.0  1   10.045   10.045  1   34.724   34.714  1
  408.0  408.0  1   10.035   10.035  1   34.723   34.713  1
  410.0  410.0  1    9.985    9.985  1   34.721   34.711  1
  412.0  412.0  1    9.935    9.935  1   34.719   34.709  1
  414.0  414.0  1    9.924    9.924  1   34.718   34.708  1
  416.0  416.0  1    9.920    9.920  1   34.718   34.708  1
  418.0  418.0  1    9.910    9.910  1   34.716   34.706  1
  420.0  420.0  1    9.847    9.847  1   34.713   34.703  1
  422.0  422.0  1    9.813    9.813  1   34.709   34.699  1
  424.0  424.0  1    9.785    9.785  1   34.707   34.697  1
  426.0  426.0  1    9.744    9.744  1   34.703   34.693  1
  428.0  428.0  1    9.641    9.641  1   34.699   34.689  1
  430.0  430.0  1    9.499    9.499  1   34.695   34.685  1
  432.0  432.0  1    9.448    9.448  1   34.692   34.682  1
  434.0  434.0  1    9.345    9.345  1   34.688   34.678  1
  436.0  436.0  1    9.285    9.285  1   34.685   34.675  1
  438.0  438.0  1    9.200    9.200  1   34.682   34.672  1
  440.0  440.0  1    9.109    9.109  1   34.679   34.669  1
  442.0  442.0  1    9.058    9.058  1   34.678   34.668  1
  444.0  444.0  1    9.043    9.043  1   34.677   34.667  1
  446.0  446.0  1    9.024    9.024  1   34.676   34.666  1
  448.0  448.0  1    9.003    9.003  1   34.675   34.665  1
  450.0  450.0  1    8.976    8.976  1   34.673   34.663  1
  452.0  452.0  1    8.953    8.953  1   34.672   34.662  1
  454.0  454.0  1    8.911    8.911  1   34.669   34.659  1
  456.0  456.0  1    8.862    8.862  1   34.666   34.656  1
  458.0  458.0  1    8.794    8.794  1   34.664   34.654  1
  460.0  460.0  1    8.765    8.765  1   34.663   34.653  1
  462.0  462.0  1    8.731    8.731  1   34.661   34.651  1
  464.0  464.0  1    8.695    8.695  1   34.659   34.649  1
  466.0  466.0  1    8.670    8.670  1   34.658   34.648  1
  468.0  468.0  1    8.652    8.652  1   34.657   34.647  1
  470.0  470.0  1    8.633    8.633  1   34.656   34.646  1
  472.0  472.0  1    8.614    8.614  1   34.656   34.646  1
  474.0  474.0  1    8.601    8.601  1   34.655   34.645  1
  476.0  476.0  1    8.588    8.588  1   34.654   34.644  1
  478.0  478.0  1    8.580    8.580  1   34.654   34.644  1
  480.0  480.0  1    8.569    8.569  1   34.653   34.643  1
  482.0  482.0  1    8.563    8.563  1   34.653   34.643  1
  484.0  484.0  1    8.548    8.548  1   34.652   34.642  1
  486.0  486.0  1    8.541    8.541  1   34.651   34.641  1
  488.0  488.0  1    8.529    8.529  1   34.650   34.640  1
  490.0  490.0  1    8.500    8.500  1   34.648   34.638  1
  492.0  492.0  1    8.454    8.454  1   34.646   34.636  1
  494.0  494.0  1    8.419    8.419  1   34.644   34.634  1
  496.0  496.0  1    8.390    8.390  1   34.641   34.631  1
  498.0  498.0  1    8.276    8.276  1   34.636   34.626  1
  500.0  500.0  1    8.151    8.151  1   34.633   34.623  1
  502.0  502.0  1    8.123    8.123  1   34.633   34.623  1
  504.0  504.0  1    8.113    8.113  1   34.632   34.622  1
  506.0  506.0  1    8.102    8.102  1   34.631   34.621  1
  508.0  508.0  1    8.082    8.082  1   34.630   34.620  1
  510.0  510.0  1    8.055    8.055  1   34.629   34.619  1
  512.0  512.0  1    8.024    8.024  1   34.628   34.618  1
  514.0  514.0  1    7.996    7.996  1   34.628   34.618  1
  516.0  516.0  1    7.992    7.992  1   34.627   34.617  1
  518.0  518.0  1    7.984    7.984  1   34.626   34.616  1
  520.0  520.0  1    7.957    7.957  1   34.624   34.614  1
  522.0  522.0  1    7.917    7.917  1   34.622   34.612  1
  524.0  524.0  1    7.854    7.854  1   34.621   34.611  1
  526.0  526.0  1    7.827    7.827  1   34.620   34.610  1
  528.0  528.0  1    7.811    7.811  1   34.619   34.609  1
  530.0  530.0  1    7.791    7.791  1   34.619   34.609  1
  532.0  532.0  1    7.779    7.779  1   34.618   34.608  1
  534.0  534.0  1    7.764    7.764  1   34.618   34.608  1
  536.1  536.1  1    7.742    7.742  1   34.617   34.607  1
  538.0  538.0  1    7.734    7.734  1   34.616   34.606  1
  540.0  540.0  1    7.717    7.717  1   34.615   34.605  1
  542.0  542.0  1    7.678    7.678  1   34.614   34.604  1
  544.0  544.0  1    7.628    7.628  1   34.613   34.603  1
  546.0  546.0  1    7.623    7.623  1   34.613   34.603  1
  548.0  548.0  1    7.623    7.623  1   34.613   34.603  1
  550.0  550.0  1    7.620    7.620  1   34.613   34.603  1
  552.0  552.0  1    7.618    7.618  1   34.612   34.602  1
  554.0  554.0  1    7.588    7.588  1   34.611   34.601  1
  556.0  556.0  1    7.562    7.562  1   34.610   34.600  1
  558.0  558.0  1    7.553    7.553  1   34.610   34.600  1
  560.0  560.0  1    7.529    7.529  1   34.609   34.599  1
  562.0  562.0  1    7.500    7.500  1   34.608   34.598  1
  564.0  564.0  1    7.482    7.482  1   34.608   34.598  1
  566.0  566.0  1    7.473    7.473  1   34.607   34.597  1
  568.0  568.0  1    7.463    7.463  1   34.607   34.597  1
  570.0  570.0  1    7.453    7.453  1   34.607   34.597  1
  572.0  572.0  1    7.442    7.442  1   34.606   34.596  1
  574.0  574.0  1    7.429    7.429  1   34.606   34.596  1
  576.0  576.0  1    7.403    7.403  1   34.606   34.596  1
  578.0  578.0  1    7.384    7.384  1   34.606   34.596  1
  580.0  580.0  1    7.364    7.364  1   34.606   34.596  1
  582.0  582.0  1    7.353    7.353  1   34.605   34.595  1
  584.0  584.0  1    7.346    7.346  1   34.605   34.595  1
  586.0  586.0  1    7.340    7.340  1   34.605   34.595  1
  588.0  588.0  1    7.336    7.336  1   34.605   34.595  1
  590.0  590.0  1    7.324    7.324  1   34.604   34.594  1
  592.0  592.0  1    7.292    7.292  1   34.604   34.594  1
  594.0  594.0  1    7.257    7.257  1   34.604   34.594  1
  596.0  596.0  1    7.240    7.240  1   34.603   34.593  1
  598.0  598.0  1    7.224    7.224  1   34.601   34.591  1
  600.0  600.0  1    7.164    7.164  1   34.600   34.590  1
  602.0  602.0  1    7.121    7.121  1   34.600   34.590  1
  604.0  604.0  1    7.097    7.097  1   34.599   34.589  1
  606.0  606.0  1    7.085    7.085  1   34.599   34.589  1
  608.0  608.0  1    7.079    7.079  1   34.599   34.589  1
  610.0  610.0  1    7.077    7.077  1   34.599   34.589  1
  612.0  612.0  1    7.074    7.074  1   34.599   34.589  1
  614.0  614.0  1    7.068    7.068  1   34.598   34.588  1
  616.0  616.0  1    7.057    7.057  1   34.597   34.587  1
  618.0  618.0  1    7.033    7.033  1   34.595   34.585  1
  620.0  620.0  1    6.986    6.986  1   34.594   34.584  1
  622.0  622.0  1    6.948    6.948  1   34.593   34.583  1
  624.0  624.0  1    6.938    6.938  1   34.593   34.583  1
  626.0  626.0  1    6.916    6.916  1   34.593   34.583  1
  628.0  628.0  1    6.897    6.897  1   34.592   34.582  1
  630.0  630.0  1    6.884    6.884  1   34.592   34.582  1
  632.0  632.0  1    6.866    6.866  1   34.593   34.583  1
  634.0  634.0  1    6.847    6.847  1   34.594   34.584  1
  636.0  636.0  1    6.841    6.841  1   34.595   34.585  1
  638.0  638.0  1    6.838    6.838  1   34.595   34.585  1
  640.0  640.0  1    6.837    6.837  1   34.595   34.585  1
  642.0  642.0  1    6.832    6.832  1   34.595   34.585  1
  644.0  644.0  1    6.820    6.820  1   34.595   34.585  1
  646.0  646.0  1    6.815    6.815  1   34.595   34.585  1
  648.0  648.0  1    6.812    6.812  1   34.595   34.585  1
  650.0  650.0  1    6.810    6.810  1   34.595   34.585  1
  652.0  652.0  1    6.808    6.808  1   34.595   34.585  1
  654.0  654.0  1    6.805    6.805  1   34.594   34.584  1
  656.0  656.0  1    6.799    6.799  1   34.594   34.584  1
  658.0  658.0  1    6.788    6.788  1   34.593   34.583  1
  660.0  660.0  1    6.772    6.772  1   34.592   34.582  1
  662.0  662.0  1    6.759    6.759  1   34.592   34.582  1
  664.0  664.0  1    6.753    6.753  1   34.592   34.582  1
  666.0  666.0  1    6.743    6.743  1   34.592   34.582  1
  668.0  668.0  1    6.728    6.728  1   34.592   34.582  1
  670.0  670.0  1    6.724    6.724  1   34.592   34.582  1
  672.0  672.0  1    6.723    6.723  1   34.592   34.582  1
  674.0  674.0  1    6.715    6.715  1   34.592   34.582  1
  676.0  676.0  1    6.694    6.694  1   34.591   34.581  1
  678.0  678.0  1    6.672    6.672  1   34.590   34.580  1
  680.0  680.0  1    6.649    6.649  1   34.589   34.579  1
  682.0  682.0  1    6.636    6.636  1   34.589   34.579  1
  684.0  684.0  1    6.611    6.611  1   34.588   34.578  1
  686.0  686.0  1    6.541    6.541  1   34.587   34.577  1
  688.0  688.0  1    6.514    6.514  1   34.587   34.577  1
  690.0  690.0  1    6.508    6.508  1   34.587   34.577  1
  692.0  692.0  1    6.506    6.506  1   34.587   34.577  1
  694.0  694.0  1    6.500    6.500  1   34.587   34.577  1
  696.0  696.0  1    6.486    6.486  1   34.587   34.577  1
  698.0  698.0  1    6.468    6.468  1   34.587   34.577  1
  700.0  700.0  1    6.453    6.453  1   34.586   34.576  1
  702.0  702.0  1    6.439    6.439  1   34.586   34.576  1
  704.0  704.0  1    6.433    6.433  1   34.585   34.575  1
  706.0  706.0  1    6.424    6.424  1   34.585   34.575  1
  708.0  708.0  1    6.412    6.412  1   34.585   34.575  1
  710.0  710.0  1    6.399    6.399  1   34.585   34.575  1
  712.0  712.0  1    6.390    6.390  1   34.585   34.575  1
  714.0  714.0  1    6.376    6.376  1   34.585   34.575  1
  716.0  716.0  1    6.356    6.356  1   34.585   34.575  1
  718.0  718.0  1    6.330    6.330  1   34.584   34.574  1
  720.0  720.0  1    6.305    6.305  1   34.584   34.574  1
  722.0  722.0  1    6.296    6.296  1   34.584   34.574  1
  724.0  724.0  1    6.290    6.290  1   34.583   34.573  1
  726.0  726.0  1    6.257    6.257  1   34.583   34.573  1
  728.0  728.0  1    6.230    6.230  1   34.583   34.573  1
  730.0  730.0  1    6.217    6.217  1   34.583   34.573  1
  732.0  732.0  1    6.206    6.206  1   34.583   34.573  1
  734.0  734.0  1    6.197    6.197  1   34.583   34.573  1
  736.0  736.0  1    6.193    6.193  1   34.583   34.573  1
  738.0  738.0  1    6.185    6.185  1   34.582   34.572  1
  740.0  740.0  1    6.179    6.179  1   34.582   34.572  1
  742.0  742.0  1    6.171    6.171  1   34.582   34.572  1
  744.0  744.0  1    6.165    6.165  1   34.581   34.571  1
  746.0  746.0  1    6.145    6.145  1   34.581   34.571  1
  748.0  748.0  1    6.125    6.125  1   34.581   34.571  1
  750.0  750.0  1    6.114    6.114  1   34.580   34.570  1
  752.0  752.0  1    6.097    6.097  1   34.580   34.570  1
  754.0  754.0  1    6.087    6.087  1   34.580   34.570  1
  756.0  756.0  1    6.074    6.074  1   34.580   34.570  1
  758.0  758.0  1    6.059    6.059  1   34.579   34.569  1
  760.0  760.0  1    6.037    6.037  1   34.579   34.569  1
  762.0  762.0  1    6.022    6.022  1   34.579   34.569  1
  764.0  764.0  1    6.002    6.002  1   34.579   34.569  1
  766.0  766.0  1    5.990    5.990  1   34.579   34.569  1
  768.0  768.0  1    5.987    5.987  1   34.579   34.569  1
  770.0  770.0  1    5.977    5.977  1   34.579   34.569  1
  772.0  772.0  1    5.967    5.967  1   34.578   34.568  1
  774.0  774.0  1    5.961    5.961  1   34.578   34.568  1
  776.0  776.0  1    5.956    5.956  1   34.578   34.568  1
  778.0  778.0  1    5.949    5.949  1   34.578   34.568  1
  780.0  780.0  1    5.945    5.945  1   34.578   34.568  1
  782.0  782.0  1    5.936    5.936  1   34.578   34.568  1
  784.0  784.0  1    5.929    5.929  1   34.578   34.568  1
  786.0  786.0  1    5.913    5.913  1   34.577   34.567  1
  788.0  788.0  1    5.898    5.898  1   34.577   34.567  1
  790.0  790.0  1    5.882    5.882  1   34.577   34.567  1
  792.0  792.0  1    5.876    5.876  1   34.577   34.567  1
  794.0  794.0  1    5.869    5.869  1   34.577   34.567  1
  796.0  796.0  1    5.858    5.858  1   34.576   34.566  1
  798.0  798.0  1    5.830    5.830  1   34.576   34.566  1
  800.0  800.0  1    5.823    5.823  1   34.576   34.566  1
  802.0  802.0  1    5.815    5.815  1   34.576   34.566  1
  804.0  804.0  1    5.808    5.808  1   34.575   34.565  1
  806.0  806.0  1    5.799    5.799  1   34.576   34.566  1
  808.0  808.0  1    5.792    5.792  1   34.576   34.566  1
  810.0  810.0  1    5.781    5.781  1   34.575   34.565  1
  812.0  812.0  1    5.762    5.762  1   34.575   34.565  1
  814.0  814.0  1    5.748    5.748  1   34.574   34.564  1
  816.0  816.0  1    5.743    5.743  1   34.574   34.564  1
  818.0  818.0  1    5.738    5.738  1   34.573   34.563  1
  820.0  820.0  1    5.699    5.699  1   34.572   34.562  1
  822.0  822.0  1    5.665    5.665  1   34.572   34.562  1
  824.0  824.0  1    5.644    5.644  1   34.572   34.562  1
  826.0  826.0  1    5.633    5.633  1   34.572   34.562  1
  828.0  828.0  1    5.624    5.624  1   34.572   34.562  1
  830.0  830.0  1    5.619    5.619  1   34.572   34.562  1
  832.0  832.0  1    5.615    5.615  1   34.572   34.562  1
  834.0  834.0  1    5.612    5.612  1   34.572   34.562  1
  836.0  836.0  1    5.611    5.611  1   34.572   34.562  1
  838.0  838.0  1    5.610    5.610  1   34.571   34.561  1
  840.0  840.0  1    5.609    5.609  1   34.570   34.560  1
  842.0  842.0  1    5.574    5.574  1   34.570   34.560  1
  844.0  844.0  1    5.536    5.536  1   34.570   34.560  1
  846.0  846.0  1    5.530    5.530  1   34.570   34.560  1
  848.0  848.0  1    5.523    5.523  1   34.569   34.559  1
  850.0  850.0  1    5.517    5.517  1   34.569   34.559  1
  852.0  852.0  1    5.495    5.495  1   34.568   34.558  1
  854.0  854.0  1    5.466    5.466  1   34.569   34.559  1
  856.0  856.0  1    5.457    5.457  1   34.569   34.559  1
  858.0  858.0  1    5.453    5.453  1   34.569   34.559  1
  860.0  860.0  1    5.450    5.450  1   34.569   34.559  1
  862.0  862.0  1    5.437    5.437  1   34.569   34.559  1
  864.0  864.0  1    5.436    5.436  1   34.569   34.559  1
  866.0  866.0  1    5.435    5.435  1   34.569   34.559  1
  868.0  868.0  1    5.434    5.434  1   34.569   34.559  1
  870.0  870.0  1    5.431    5.431  1   34.569   34.559  1
  872.0  872.0  1    5.423    5.423  1   34.569   34.559  1
  874.0  874.0  1    5.409    5.409  1   34.570   34.560  1
  876.0  876.0  1    5.396    5.396  1   34.569   34.559  1
  878.0  878.0  1    5.373    5.373  1   34.568   34.558  1
  880.0  880.0  1    5.352    5.352  1   34.568   34.558  1
  882.0  882.0  1    5.334    5.334  1   34.567   34.557  1
  884.0  884.0  1    5.321    5.321  1   34.567   34.557  1
  886.0  886.0  1    5.316    5.316  1   34.567   34.557  1
  888.0  888.0  1    5.311    5.311  1   34.567   34.557  1
  890.0  890.0  1    5.301    5.301  1   34.567   34.557  1
  892.0  892.0  1    5.280    5.280  1   34.567   34.557  1
  894.0  894.0  1    5.262    5.262  1   34.567   34.557  1
  896.0  896.0  1    5.243    5.243  1   34.566   34.556  1
  898.0  898.0  1    5.227    5.227  1   34.566   34.556  1
  900.0  900.0  1    5.201    5.201  1   34.567   34.557  1
  902.0  902.0  1    5.181    5.181  1   34.567   34.557  1
  904.0  904.0  1    5.171    5.171  1   34.567   34.557  1
  906.0  906.0  1    5.168    5.168  1   34.567   34.557  1
  908.0  908.0  1    5.152    5.152  1   34.567   34.557  1
  910.0  910.0  1    5.125    5.125  1   34.567   34.557  1
  912.0  912.0  1    5.114    5.114  1   34.567   34.557  1
  914.0  914.0  1    5.112    5.112  1   34.567   34.557  1
  916.0  916.0  1    5.111    5.111  1   34.567   34.557  1
  918.0  918.0  1    5.108    5.108  1   34.567   34.557  1
  920.0  920.0  1    5.095    5.095  1   34.567   34.557  1
  922.0  922.0  1    5.078    5.078  1   34.567   34.557  1
  924.0  924.0  1    5.061    5.061  1   34.567   34.557  1
  926.0  926.0  1    5.057    5.057  1   34.567   34.557  1
  928.0  928.0  1    5.039    5.039  1   34.568   34.558  1
  930.0  930.0  1    5.028    5.028  1   34.568   34.558  1
  932.0  932.0  1    5.026    5.026  1   34.568   34.558  1
  934.0  934.0  1    5.017    5.017  1   34.568   34.558  1
  936.0  936.0  1    5.006    5.006  1   34.568   34.558  1
  938.0  938.0  1    4.999    4.999  1   34.568   34.558  1
  940.0  940.0  1    4.992    4.992  1   34.569   34.559  1
  942.0  942.0  1    4.988    4.988  1   34.569   34.559  1
  944.0  944.0  1    4.984    4.984  1   34.568   34.558  1
  946.0  946.0  1    4.976    4.976  1   34.569   34.559  1
  948.0  948.0  1    4.966    4.966  1   34.569   34.559  1
  950.0  950.0  1    4.955    4.955  1   34.568   34.558  1
  952.0  952.0  1    4.942    4.942  1   34.569   34.559  1
  954.0  954.0  1    4.934    4.934  1   34.569   34.559  1
  956.0  956.0  1    4.925    4.925  1   34.569   34.559  1
  958.0  958.0  1    4.917    4.917  1   34.569   34.559  1
  960.0  960.0  1    4.905    4.905  1   34.569   34.559  1
  962.0  962.0  1    4.894    4.894  1   34.569   34.559  1
  964.0  964.0  1    4.861    4.861  1   34.570   34.560  1
  966.0  966.0  1    4.859    4.859  1   34.571   34.561  1
  968.0  968.0  1    4.859    4.859  1   34.571   34.561  1
  970.0  970.0  1    4.849    4.849  1   34.571   34.561  1
  972.0  972.0  1    4.835    4.835  1   34.571   34.561  1
  974.0  974.0  1    4.808    4.808  1   34.570   34.560  1
  976.0  976.0  1    4.796    4.796  1   34.571   34.561  1
  978.0  978.0  1    4.787    4.787  1   34.574   34.564  1
  980.0  980.0  1    4.787    4.787  1   34.576   34.566  1
  982.0  982.0  1    4.780    4.780  1   34.577   34.567  1
  984.0  984.0  1    4.776    4.776  1   34.577   34.567  1
  986.0  986.0  1    4.768    4.768  1   34.577   34.567  1
  988.0  988.0  1    4.760    4.760  1   34.578   34.568  1
  990.0  990.0  1    4.742    4.742  1   34.577   34.567  1
  992.0  992.0  1    4.710    4.710  1   34.577   34.567  1
  994.0  994.0  1    4.700    4.700  1   34.577   34.567  1
  996.0  996.0  1    4.696    4.696  1   34.577   34.567  1
  998.0  998.0  1    4.691    4.691  1   34.576   34.566  1
 1000.0 1000.0  1    4.682    4.682  1   34.576   34.566  1
 1002.0 1002.0  1    4.672    4.672  1   34.577   34.567  1
 1004.0 1004.0  1    4.669    4.669  1   34.577   34.567  1
 1006.0 1006.0  1    4.667    4.667  1   34.577   34.567  1
 1008.0 1008.0  1    4.660    4.660  1   34.576   34.566  1
 1010.0 1010.0  1    4.637    4.637  1   34.577   34.567  1
 1012.0 1012.0  1    4.627    4.627  1   34.577   34.567  1
 1014.0 1014.0  1    4.615    4.615  1   34.577   34.567  1
 1016.0 1016.0  1    4.609    4.609  1   34.577   34.567  1
 1018.0 1018.0  1    4.600    4.600  1   34.577   34.567  1
 1020.0 1020.0  1    4.592    4.592  1   34.577   34.567  1
 1022.0 1022.0  1    4.587    4.587  1   34.577   34.567  1
 1024.0 1024.0  1    4.581    4.581  1   34.577   34.567  1
 1026.0 1026.0  1    4.572    4.572  1   34.577   34.567  1
 1028.0 1028.0  1    4.568    4.568  1   34.577   34.567  1
 1030.0 1030.0  1    4.555    4.555  1   34.578   34.568  1
 1032.0 1032.0  1    4.551    4.551  1   34.578   34.568  1
 1034.0 1034.0  1    4.550    4.550  1   34.578   34.568  1
 1036.0 1036.0  1    4.550    4.550  1   34.578   34.568  1
 1038.0 1038.0  1    4.550    4.550  1   34.578   34.568  1
 1040.0 1040.0  1    4.549    4.549  1   34.578   34.568  1
 1042.0 1042.0  1    4.547    4.547  1   34.578   34.568  1
 1044.0 1044.0  1    4.543    4.543  1   34.578   34.568  1
 1046.0 1046.0  1    4.537    4.537  1   34.578   34.568  1
 1048.0 1048.0  1    4.536    4.536  1   34.578   34.568  1
 1050.0 1050.0  1    4.534    4.534  1   34.578   34.568  1
 1052.0 1052.0  1    4.532    4.532  1   34.578   34.568  1
 1054.0 1054.0  1    4.529    4.529  1   34.578   34.568  1
 1056.0 1056.0  1    4.523    4.523  1   34.578   34.568  1
 1058.0 1058.0  1    4.521    4.521  1   34.578   34.568  1
 1060.0 1060.0  1    4.521    4.521  1   34.578   34.568  1
 1062.0 1062.0  1    4.520    4.520  1   34.578   34.568  1
 1064.0 1064.0  1    4.513    4.513  1   34.578   34.568  1
 1066.0 1066.0  1    4.508    4.508  1   34.579   34.569  1
 1068.0 1068.0  1    4.503    4.503  1   34.578   34.568  1
 1070.0 1070.0  1    4.500    4.500  1   34.578   34.568  1
 1072.0 1072.0  1    4.495    4.495  1   34.578   34.568  1
 1074.0 1074.0  1    4.486    4.486  1   34.578   34.568  1
 1076.0 1076.0  1    4.466    4.466  1   34.579   34.569  1
 1078.0 1078.0  1    4.454    4.454  1   34.579   34.569  1
 1080.0 1080.0  1    4.448    4.448  1   34.579   34.569  1
 1082.0 1082.0  1    4.445    4.445  1   34.579   34.569  1
 1084.0 1084.0  1    4.444    4.444  1   34.579   34.569  1
 1086.0 1086.0  1    4.442    4.442  1   34.579   34.569  1
 1088.0 1088.0  1    4.441    4.441  1   34.579   34.569  1
 1090.0 1090.0  1    4.438    4.438  1   34.580   34.570  1
 1092.0 1092.0  1    4.436    4.436  1   34.580   34.570  1
 1094.0 1094.0  1    4.434    4.434  1   34.580   34.570  1
 1096.0 1096.0  1    4.433    4.433  1   34.580   34.570  1
 1098.0 1098.0  1    4.431    4.431  1   34.579   34.569  1
 1100.0 1100.0  1    4.425    4.425  1   34.579   34.569  1
 1102.0 1102.0  1    4.415    4.415  1   34.580   34.570  1
 1104.0 1104.0  1    4.404    4.404  1   34.580   34.570  1
 1106.0 1106.0  1    4.390    4.390  1   34.581   34.571  1
 1108.0 1108.0  1    4.384    4.384  1   34.581   34.571  1
 1110.0 1110.0  1    4.381    4.381  1   34.581   34.571  1
 1112.0 1112.0  1    4.380    4.380  1   34.581   34.571  1
 1114.0 1114.0  1    4.376    4.376  1   34.581   34.571  1
 1116.0 1116.0  1    4.371    4.371  1   34.581   34.571  1
 1118.0 1118.0  1    4.363    4.363  1   34.582   34.572  1
 1120.0 1120.0  1    4.359    4.359  1   34.582   34.572  1
 1122.0 1122.0  1    4.358    4.358  1   34.582   34.572  1
 1124.0 1124.0  1    4.356    4.356  1   34.582   34.572  1
 1126.0 1126.0  1    4.355    4.355  1   34.582   34.572  1
 1128.0 1128.0  1    4.355    4.355  1   34.582   34.572  1
 1130.0 1130.0  1    4.354    4.354  1   34.582   34.572  1
 1132.0 1132.0  1    4.354    4.354  1   34.582   34.572  1
 1134.0 1134.0  1    4.354    4.354  1   34.582   34.572  1
 1136.0 1136.0  1    4.353    4.353  1   34.582   34.572  1
 1138.0 1138.0  1    4.352    4.352  1   34.582   34.572  1
 1140.0 1140.0  1    4.349    4.349  1   34.582   34.572  1
 1142.0 1142.0  1    4.346    4.346  1   34.582   34.572  1
 1144.0 1144.0  1    4.344    4.344  1   34.582   34.572  1
 1146.0 1146.0  1    4.339    4.339  1   34.581   34.571  1
 1148.0 1148.0  1    4.320    4.320  1   34.582   34.572  1
 1150.0 1150.0  1    4.310    4.310  1   34.582   34.572  1
 1152.0 1152.0  1    4.304    4.304  1   34.582   34.572  1
 1154.0 1154.0  1    4.302    4.302  1   34.582   34.572  1
 1156.0 1156.0  1    4.301    4.301  1   34.582   34.572  1
 1158.0 1158.0  1    4.300    4.300  1   34.582   34.572  1
 1160.0 1160.0  1    4.296    4.296  1   34.582   34.572  1
 1162.0 1162.0  1    4.295    4.295  1   34.582   34.572  1
 1164.0 1164.0  1    4.291    4.291  1   34.582   34.572  1
 1166.0 1166.0  1    4.280    4.280  1   34.582   34.572  1
 1168.0 1168.0  1    4.262    4.262  1   34.583   34.573  1
 1170.0 1170.0  1    4.230    4.230  1   34.584   34.574  1
 1172.0 1172.0  1    4.201    4.201  1   34.585   34.575  1
 1174.0 1174.0  1    4.193    4.193  1   34.585   34.575  1
 1176.0 1176.0  1    4.192    4.192  1   34.585   34.575  1
 1178.0 1178.0  1    4.192    4.192  1   34.585   34.575  1
 1180.0 1180.0  1    4.191    4.191  1   34.585   34.575  1
 1182.0 1182.0  1    4.190    4.190  1   34.585   34.575  1
 1184.0 1184.0  1    4.188    4.188  1   34.585   34.575  1
 1186.0 1186.0  1    4.185    4.185  1   34.585   34.575  1
 1188.0 1188.0  1    4.176    4.176  1   34.585   34.575  1
 1190.0 1190.0  1    4.164    4.164  1   34.585   34.575  1
 1192.0 1192.0  1    4.154    4.154  1   34.585   34.575  1
 1194.0 1194.0  1    4.135    4.135  1   34.586   34.576  1
 1196.0 1196.0  1    4.123    4.123  1   34.587   34.577  1
 1198.0 1198.0  1    4.117    4.117  1   34.587   34.577  1
 1200.0 1200.0  1    4.114    4.114  1   34.587   34.577  1
 1202.0 1202.0  1    4.110    4.110  1   34.587   34.577  1
 1204.0 1204.0  1    4.108    4.108  1   34.587   34.577  1
 1206.0 1206.0  1    4.099    4.099  1   34.587   34.577  1
 1208.0 1208.0  1    4.087    4.087  1   34.588   34.578  1
 1210.0 1210.0  1    4.086    4.086  1   34.588   34.578  1
 1212.0 1212.0  1    4.083    4.083  1   34.588   34.578  1
 1214.0 1214.0  1    4.079    4.079  1   34.588   34.578  1
 1216.0 1216.0  1    4.076    4.076  1   34.588   34.578  1
 1218.0 1218.0  1    4.074    4.074  1   34.588   34.578  1
 1220.0 1220.0  1    4.069    4.069  1   34.588   34.578  1
 1222.0 1222.0  1    4.063    4.063  1   34.589   34.579  1
 1224.0 1224.0  1    4.055    4.055  1   34.589   34.579  1
 1226.0 1226.0  1    4.049    4.049  1   34.589   34.579  1
 1228.0 1228.0  1    4.047    4.047  1   34.589   34.579  1
 1230.0 1230.0  1    4.042    4.042  1   34.588   34.578  1
 1232.0 1232.0  1    4.015    4.015  1   34.590   34.580  1
 1234.0 1234.0  1    4.009    4.009  1   34.591   34.581  1
 1236.0 1236.0  1    4.004    4.004  1   34.591   34.581  1
 1238.0 1238.0  1    4.002    4.002  1   34.591   34.581  1
 1240.0 1240.0  1    3.999    3.999  1   34.591   34.581  1
 1242.0 1242.0  1    3.998    3.998  1   34.591   34.581  1
 1244.0 1244.0  1    3.997    3.997  1   34.591   34.581  1
 1246.0 1246.0  1    3.987    3.987  1   34.591   34.581  1
 1248.0 1248.0  1    3.971    3.971  1   34.592   34.582  1
 1250.0 1250.0  1    3.957    3.957  1   34.592   34.582  1
 1252.0 1252.0  1    3.948    3.948  1   34.593   34.583  1
 1254.0 1254.0  1    3.945    3.945  1   34.593   34.583  1
 1256.0 1256.0  1    3.943    3.943  1   34.593   34.583  1
 1258.0 1258.0  1    3.938    3.938  1   34.593   34.583  1
 1260.0 1260.0  1    3.926    3.926  1   34.593   34.583  1
 1262.0 1262.0  1    3.919    3.919  1   34.593   34.583  1
 1264.0 1264.0  1    3.908    3.908  1   34.594   34.584  1
 1266.0 1266.0  1    3.900    3.900  1   34.594   34.584  1
 1268.0 1268.0  1    3.895    3.895  1   34.594   34.584  1
 1270.0 1270.0  1    3.892    3.892  1   34.595   34.585  1
 1272.0 1272.0  1    3.888    3.888  1   34.595   34.585  1
 1274.0 1274.0  1    3.885    3.885  1   34.594   34.584  1
 1276.0 1276.0  1    3.875    3.875  1   34.595   34.585  1
 1278.0 1278.0  1    3.856    3.856  1   34.596   34.586  1
 1280.0 1280.0  1    3.842    3.842  1   34.596   34.586  1
 1282.0 1282.0  1    3.837    3.837  1   34.596   34.586  1
 1284.0 1284.0  1    3.833    3.833  1   34.597   34.587  1
 1286.0 1286.0  1    3.831    3.831  1   34.597   34.587  1
 1288.0 1288.0  1    3.830    3.830  1   34.597   34.587  1
 1290.0 1290.0  1    3.828    3.828  1   34.597   34.587  1
 1292.0 1292.0  1    3.825    3.825  1   34.597   34.587  1
 1294.0 1294.0  1    3.822    3.822  1   34.597   34.587  1
 1296.0 1296.0  1    3.821    3.821  1   34.596   34.586  1
 1298.0 1298.0  1    3.808    3.808  1   34.596   34.586  1
 1300.0 1300.0  1    3.784    3.784  1   34.598   34.588  1
 1302.0 1302.0  1    3.772    3.772  1   34.599   34.589  1
 1304.0 1304.0  1    3.763    3.763  1   34.599   34.589  1
 1306.0 1306.0  1    3.758    3.758  1   34.600   34.590  1
 1308.0 1308.0  1    3.755    3.755  1   34.600   34.590  1
 1310.0 1310.0  1    3.754    3.754  1   34.600   34.590  1
 1312.0 1312.0  1    3.752    3.752  1   34.600   34.590  1
 1314.0 1314.0  1    3.750    3.750  1   34.600   34.590  1
 1316.0 1316.0  1    3.748    3.748  1   34.600   34.590  1
 1318.0 1318.0  1    3.745    3.745  1   34.600   34.590  1
 1320.0 1320.0  1    3.745    3.745  1   34.600   34.590  1
 1322.0 1322.0  1    3.740    3.740  1   34.599   34.589  1
 1324.0 1324.0  1    3.719    3.719  1   34.600   34.590  1
 1326.0 1326.0  1    3.698    3.698  1   34.601   34.591  1
 1328.0 1328.0  1    3.687    3.687  1   34.602   34.592  1
 1330.0 1330.0  1    3.682    3.682  1   34.602   34.592  1
 1332.0 1332.0  1    3.678    3.678  1   34.602   34.592  1
 1334.0 1334.0  1    3.676    3.676  1   34.602   34.592  1
 1336.0 1336.0  1    3.676    3.676  1   34.602   34.592  1
 1338.0 1338.0  1    3.672    3.672  1   34.602   34.592  1
 1340.0 1340.0  1    3.660    3.660  1   34.602   34.592  1
 1342.0 1342.0  1    3.643    3.643  1   34.603   34.593  1
 1344.0 1344.0  1    3.619    3.619  1   34.604   34.594  1
 1346.0 1346.0  1    3.611    3.611  1   34.605   34.595  1
 1348.0 1348.0  1    3.602    3.602  1   34.605   34.595  1
 1350.0 1350.0  1    3.595    3.595  1   34.605   34.595  1
 1352.0 1352.0  1    3.591    3.591  1   34.606   34.596  1
 1354.0 1354.0  1    3.587    3.587  1   34.606   34.596  1
 1356.0 1356.0  1    3.585    3.585  1   34.606   34.596  1
 1358.0 1358.0  1    3.584    3.584  1   34.606   34.596  1
 1360.0 1360.0  1    3.577    3.577  1   34.606   34.596  1
 1362.0 1362.0  1    3.572    3.572  1   34.607   34.597  1
 1364.0 1364.0  1    3.569    3.569  1   34.607   34.597  1
 1366.0 1366.0  1    3.565    3.565  1   34.607   34.597  1
 1368.0 1368.0  1    3.559    3.559  1   34.608   34.598  1
 1370.0 1370.0  1    3.548    3.548  1   34.608   34.598  1
 1372.0 1372.0  1    3.537    3.537  1   34.609   34.599  1
 1374.0 1374.0  1    3.533    3.533  1   34.609   34.599  1
 1376.0 1376.0  1    3.530    3.530  1   34.609   34.599  1
 1378.0 1378.0  1    3.524    3.524  1   34.609   34.599  1
 1380.0 1380.0  1    3.518    3.518  1   34.609   34.599  1
 1382.0 1382.0  1    3.513    3.513  1   34.610   34.600  1
 1384.0 1384.0  1    3.509    3.509  1   34.610   34.600  1
 1386.0 1386.0  1    3.506    3.506  1   34.610   34.600  1
 1388.0 1388.0  1    3.502    3.502  1   34.610   34.600  1
 1390.0 1390.0  1    3.495    3.495  1   34.610   34.600  1
 1392.0 1392.0  1    3.492    3.492  1   34.611   34.601  1
 1394.0 1394.0  1    3.489    3.489  1   34.611   34.601  1
 1396.0 1396.0  1    3.487    3.487  1   34.611   34.601  1
 1398.0 1398.0  1    3.483    3.483  1   34.610   34.600  1
 1400.0 1400.0  1    3.478    3.478  1   34.610   34.600  1
 1402.0 1402.0  1    3.464    3.464  1   34.610   34.600  1
 1404.0 1404.0  1    3.455    3.455  1   34.610   34.600  1
 1406.0 1406.0  1    3.433    3.433  1   34.611   34.601  1
 1408.0 1408.0  1    3.414    3.414  1   34.611   34.601  1
 1410.0 1410.0  1    3.400    3.400  1   34.612   34.602  1
 1412.0 1412.0  1    3.395    3.395  1   34.613   34.603  1
 1414.0 1414.0  1    3.391    3.391  1   34.613   34.603  1
 1416.0 1416.0  1    3.389    3.389  1   34.613   34.603  1
 1418.0 1418.0  1    3.387    3.387  1   34.613   34.603  1
 1420.0 1420.0  1    3.383    3.383  1   34.613   34.603  1
 1422.0 1422.0  1    3.377    3.377  1   34.613   34.603  1
 1424.0 1424.0  1    3.370    3.370  1   34.613   34.603  1
 1426.0 1426.0  1    3.360    3.360  1   34.614   34.604  1
 1428.0 1428.0  1    3.349    3.349  1   34.614   34.604  1
 1430.0 1430.0  1    3.346    3.346  1   34.614   34.604  1
 1432.0 1432.0  1    3.340    3.340  1   34.615   34.605  1
 1434.0 1434.0  1    3.338    3.338  1   34.615   34.605  1
 1436.0 1436.0  1    3.336    3.336  1   34.615   34.605  1
 1438.0 1438.0  1    3.332    3.332  1   34.615   34.605  1
 1440.0 1440.0  1    3.328    3.328  1   34.615   34.605  1
 1442.0 1442.0  1    3.324    3.324  1   34.615   34.605  1
 1444.0 1444.0  1    3.321    3.321  1   34.615   34.605  1
 1446.0 1446.0  1    3.318    3.318  1   34.615   34.605  1
 1448.0 1448.0  1    3.313    3.313  1   34.615   34.605  1
 1450.0 1450.0  1    3.304    3.304  1   34.616   34.606  1
 1452.0 1452.0  1    3.293    3.293  1   34.616   34.606  1
 1454.0 1454.0  1    3.287    3.287  1   34.617   34.607  1
 1456.0 1456.0  1    3.284    3.284  1   34.617   34.607  1
 1458.0 1458.0  1    3.275    3.275  1   34.617   34.607  1
 1460.0 1460.0  1    3.270    3.270  1   34.617   34.607  1
 1462.0 1462.0  1    3.267    3.267  1   34.617   34.607  1
 1464.0 1464.0  1    3.261    3.261  1   34.618   34.608  1
 1466.0 1466.0  1    3.254    3.254  1   34.618   34.608  1
 1468.0 1468.0  1    3.250    3.250  1   34.618   34.608  1
 1470.0 1470.0  1    3.248    3.248  1   34.619   34.609  1
 1472.0 1472.0  1    3.245    3.245  1   34.619   34.609  1
 1474.0 1474.0  1    3.241    3.241  1   34.619   34.609  1
 1476.0 1476.0  1    3.236    3.236  1   34.619   34.609  1
 1478.0 1478.0  1    3.232    3.232  1   34.619   34.609  1
 1480.0 1480.0  1    3.227    3.227  1   34.619   34.609  1
 1482.0 1482.0  1    3.224    3.224  1   34.619   34.609  1
 1484.0 1484.0  1    3.223    3.223  1   34.619   34.609  1
 1486.0 1486.0  1    3.220    3.220  1   34.620   34.610  1
 1488.0 1488.0  1    3.216    3.216  1   34.620   34.610  1
 1490.0 1490.0  1    3.212    3.212  1   34.620   34.610  1
 1492.0 1492.0  1    3.207    3.207  1   34.620   34.610  1
 1494.0 1494.0  1    3.204    3.204  1   34.620   34.610  1
 1496.0 1496.0  1    3.203    3.203  1   34.620   34.610  1
 1498.0 1498.0  1    3.202    3.202  1   34.620   34.610  1
 1500.0 1500.0  1    3.201    3.201  1   34.620   34.610  1
 1502.0 1502.0  1    3.192    3.192  1   34.620   34.610  1
 1504.0 1504.0  1    3.186    3.186  1   34.621   34.611  1
 1506.0 1506.0  1    3.183    3.183  1   34.621   34.611  1
 1508.0 1508.0  1    3.182    3.182  1   34.620   34.610  1
 1510.0 1510.0  1    3.178    3.178  1   34.621   34.611  1
 1512.0 1512.0  1    3.168    3.168  1   34.621   34.611  1
 1514.0 1514.0  1    3.161    3.161  1   34.621   34.611  1
 1516.0 1516.0  1    3.149    3.149  1   34.622   34.612  1
 1518.0 1518.0  1    3.144    3.144  1   34.622   34.612  1
 1520.0 1520.0  1    3.144    3.144  1   34.622   34.612  1
 1522.0 1522.0  1    3.141    3.141  1   34.622   34.612  1
 1524.0 1524.0  1    3.135    3.135  1   34.622   34.612  1
 1526.0 1526.0  1    3.131    3.131  1   34.623   34.613  1
 1528.0 1528.0  1    3.126    3.126  1   34.623   34.613  1
 1530.0 1530.0  1    3.120    3.120  1   34.623   34.613  1
 1532.0 1532.0  1    3.108    3.108  1   34.623   34.613  1
 1534.0 1534.0  1    3.098    3.098  1   34.624   34.614  1
 1536.0 1536.0  1    3.088    3.088  1   34.624   34.614  1
 1538.0 1538.0  1    3.081    3.081  1   34.624   34.614  1
 1540.0 1540.0  1    3.080    3.080  1   34.624   34.614  1
 1542.0 1542.0  1    3.079    3.079  1   34.624   34.614  1
 1544.0 1544.0  1    3.076    3.076  1   34.624   34.614  1
 1546.0 1546.0  1    3.072    3.072  1   34.625   34.615  1
 1548.0 1548.0  1    3.069    3.069  1   34.625   34.615  1
 1550.0 1550.0  1    3.066    3.066  1   34.625   34.615  1
 1552.0 1552.0  1    3.062    3.062  1   34.625   34.615  1
 1554.0 1554.0  1    3.056    3.056  1   34.625   34.615  1
 1556.0 1556.0  1    3.048    3.048  1   34.626   34.616  1
 1558.0 1558.0  1    3.044    3.044  1   34.626   34.616  1
 1560.0 1560.0  1    3.041    3.041  1   34.626   34.616  1
 1562.0 1562.0  1    3.038    3.038  1   34.626   34.616  1
 1564.0 1564.0  1    3.033    3.033  1   34.626   34.616  1
 1566.0 1566.0  1    3.031    3.031  1   34.626   34.616  1
 1568.0 1568.0  1    3.026    3.026  1   34.626   34.616  1
 1570.0 1570.0  1    3.011    3.011  1   34.627   34.617  1
 1572.0 1572.0  1    3.004    3.004  1   34.628   34.618  1
 1574.0 1574.0  1    3.003    3.003  1   34.628   34.618  1
 1576.0 1576.0  1    3.002    3.002  1   34.628   34.618  1
 1578.0 1578.0  1    3.000    3.000  1   34.628   34.618  1
 1580.0 1580.0  1    2.999    2.999  1   34.628   34.618  1
 1582.0 1582.0  1    2.998    2.998  1   34.628   34.618  1
 1584.0 1584.0  1    2.998    2.998  1   34.628   34.618  1
 1586.0 1586.0  1    2.997    2.997  1   34.628   34.618  1
 1588.0 1588.0  1    2.995    2.995  1   34.628   34.618  1
 1590.0 1590.0  1    2.994    2.994  1   34.628   34.618  1
 1592.0 1592.0  1    2.994    2.994  1   34.628   34.618  1
 1594.0 1594.0  1    2.992    2.992  1   34.628   34.618  1
 1596.0 1596.0  1    2.988    2.988  1   34.629   34.619  1
 1598.0 1598.0  1    2.983    2.983  1   34.629   34.619  1
 1600.0 1600.0  1    2.980    2.980  1   34.629   34.619  1
 1602.0 1602.0  1    2.977    2.977  1   34.629   34.619  1
 1604.0 1604.0  1    2.975    2.975  1   34.629   34.619  1
 1606.0 1606.0  1    2.971    2.971  1   34.629   34.619  1
 1608.0 1608.0  1    2.966    2.966  1   34.629   34.619  1
 1610.0 1610.0  1    2.958    2.958  1   34.630   34.620  1
 1612.0 1612.0  1    2.953    2.953  1   34.630   34.620  1
 1614.0 1614.0  1    2.948    2.948  1   34.630   34.620  1
 1616.0 1616.0  1    2.942    2.942  1   34.631   34.621  1
 1618.0 1618.0  1    2.921    2.921  1   34.631   34.621  1
 1620.0 1620.0  1    2.904    2.904  1   34.631   34.621  1
 1622.0 1622.0  1    2.901    2.901  1   34.631   34.621  1
 1624.0 1624.0  1    2.901    2.901  1   34.631   34.621  1
 1626.0 1626.0  1    2.901    2.901  1   34.631   34.621  1
 1628.0 1628.0  1    2.901    2.901  1   34.631   34.621  1
 1630.0 1630.0  1    2.898    2.898  1   34.632   34.622  1
 1632.0 1632.0  1    2.891    2.891  1   34.632   34.622  1
 1634.0 1634.0  1    2.889    2.889  1   34.632   34.622  1
 1636.0 1636.0  1    2.889    2.889  1   34.632   34.622  1
 1638.0 1638.0  1    2.888    2.888  1   34.632   34.622  1
 1640.0 1640.0  1    2.886    2.886  1   34.632   34.622  1
 1642.0 1642.0  1    2.881    2.881  1   34.633   34.623  1
 1644.0 1644.0  1    2.879    2.879  1   34.633   34.623  1
 1646.0 1646.0  1    2.875    2.875  1   34.633   34.623  1
 1648.0 1648.0  1    2.872    2.872  1   34.633   34.623  1
 1650.0 1650.0  1    2.871    2.871  1   34.633   34.623  1
 1652.0 1652.0  1    2.865    2.865  1   34.633   34.623  1
 1654.0 1654.0  1    2.850    2.850  1   34.634   34.624  1
 1656.0 1656.0  1    2.846    2.846  1   34.634   34.624  1
 1658.0 1658.0  1    2.841    2.841  1   34.634   34.624  1
 1660.0 1660.0  1    2.840    2.840  1   34.634   34.624  1
 1662.0 1662.0  1    2.837    2.837  1   34.634   34.624  1
 1664.0 1664.0  1    2.833    2.833  1   34.634   34.624  1
 1666.0 1666.0  1    2.831    2.831  1   34.634   34.624  1
 1668.0 1668.0  1    2.830    2.830  1   34.634   34.624  1
 1670.0 1670.0  1    2.829    2.829  1   34.634   34.624  1
 1672.0 1672.0  1    2.828    2.828  1   34.634   34.624  1
 1674.0 1674.0  1    2.827    2.827  1   34.634   34.624  1
 1676.0 1676.0  1    2.826    2.826  1   34.634   34.624  1
 1678.0 1678.0  1    2.826    2.826  1   34.634   34.624  1
 1680.0 1680.0  1    2.826    2.826  1   34.634   34.624  1
 1682.0 1682.0  1    2.826    2.826  1   34.634   34.624  1
 1684.0 1684.0  1    2.826    2.826  1   34.634   34.624  1
 1686.0 1686.0  1    2.825    2.825  1   34.634   34.624  1
 1688.0 1688.0  1    2.824    2.824  1   34.634   34.624  1
 1690.0 1690.0  1    2.823    2.823  1   34.634   34.624  1
 1692.0 1692.0  1    2.820    2.820  1   34.634   34.624  1
 1694.0 1694.0  1    2.816    2.816  1   34.634   34.624  1
 1696.0 1696.0  1    2.805    2.805  1   34.634   34.624  1
 1698.0 1698.0  1    2.796    2.796  1   34.635   34.625  1
 1700.0 1700.0  1    2.793    2.793  1   34.634   34.624  1
 1702.0 1702.0  1    2.787    2.787  1   34.635   34.625  1
 1704.0 1704.0  1    2.782    2.782  1   34.635   34.625  1
 1706.0 1706.0  1    2.777    2.777  1   34.635   34.625  1
 1708.0 1708.0  1    2.771    2.771  1   34.635   34.625  1
 1710.0 1710.0  1    2.761    2.761  1   34.635   34.625  1
 1712.0 1712.0  1    2.753    2.753  1   34.636   34.626  1
 1714.0 1714.0  1    2.750    2.750  1   34.636   34.626  1
 1716.0 1716.0  1    2.748    2.748  1   34.636   34.626  1
 1718.0 1718.0  1    2.746    2.746  1   34.636   34.626  1
 1720.0 1720.0  1    2.738    2.738  1   34.637   34.627  1
 1722.0 1722.0  1    2.734    2.734  1   34.637   34.627  1
 1724.0 1724.0  1    2.733    2.733  1   34.637   34.627  1
 1726.0 1726.0  1    2.731    2.731  1   34.637   34.627  1
 1728.0 1728.0  1    2.729    2.729  1   34.637   34.627  1
 1730.0 1730.0  1    2.728    2.728  1   34.637   34.627  1
 1732.0 1732.0  1    2.726    2.726  1   34.637   34.627  1
 1734.0 1734.0  1    2.725    2.725  1   34.637   34.627  1
 1736.0 1736.0  1    2.721    2.721  1   34.637   34.627  1
 1738.0 1738.0  1    2.715    2.715  1   34.637   34.627  1
 1740.0 1740.0  1    2.709    2.709  1   34.638   34.628  1
 1742.0 1742.0  1    2.705    2.705  1   34.638   34.628  1
 1744.0 1744.0  1    2.697    2.697  1   34.638   34.628  1
 1746.0 1746.0  1    2.694    2.694  1   34.638   34.628  1
 1748.0 1748.0  1    2.686    2.686  1   34.639   34.629  1
 1750.0 1750.0  1    2.680    2.680  1   34.639   34.629  1
 1752.0 1752.0  1    2.676    2.676  1   34.639   34.629  1
 1754.0 1754.0  1    2.671    2.671  1   34.639   34.629  1
 1756.0 1756.0  1    2.670    2.670  1   34.640   34.630  1
 1758.0 1758.0  1    2.668    2.668  1   34.640   34.630  1
 1760.0 1760.0  1    2.666    2.666  1   34.640   34.630  1
 1762.0 1762.0  1    2.662    2.662  1   34.640   34.630  1
 1764.0 1764.0  1    2.657    2.657  1   34.640   34.630  1
 1766.0 1766.0  1    2.654    2.654  1   34.640   34.630  1
 1768.0 1768.0  1    2.651    2.651  1   34.640   34.630  1
 1770.0 1770.0  1    2.644    2.644  1   34.641   34.631  1
 1772.0 1772.0  1    2.642    2.642  1   34.641   34.631  1
 1774.0 1774.0  1    2.637    2.637  1   34.642   34.632  1
 1776.0 1776.0  1    2.635    2.635  1   34.642   34.632  1
 1778.0 1778.0  1    2.635    2.635  1   34.641   34.631  1
 1780.0 1780.0  1    2.635    2.635  1   34.642   34.632  1
 1782.0 1782.0  1    2.635    2.635  1   34.641   34.631  1
 1784.0 1784.0  1    2.635    2.635  1   34.641   34.631  1
 1786.0 1786.0  1    2.634    2.634  1   34.641   34.631  1
 1788.0 1788.0  1    2.631    2.631  1   34.642   34.632  1
 1790.0 1790.0  1    2.626    2.626  1   34.642   34.632  1
 1792.0 1792.0  1    2.621    2.621  1   34.642   34.632  1
 1794.0 1794.0  1    2.619    2.619  1   34.642   34.632  1
 1796.0 1796.0  1    2.617    2.617  1   34.642   34.632  1
 1798.0 1798.0  1    2.614    2.614  1   34.642   34.632  1
 1800.0 1800.0  1    2.611    2.611  1   34.643   34.633  1
 1802.0 1802.0  1    2.609    2.609  1   34.643   34.633  1
 1804.0 1804.0  1    2.602    2.602  1   34.643   34.633  1
 1806.0 1806.0  1    2.596    2.596  1   34.644   34.634  1
 1808.0 1808.0  1    2.592    2.592  1   34.644   34.634  1
 1810.0 1810.0  1    2.592    2.592  1   34.644   34.634  1
 1812.0 1812.0  1    2.591    2.591  1   34.644   34.634  1
 1814.1 1814.1  1    2.590    2.590  1   34.644   34.634  1
 1816.0 1816.0  1    2.590    2.590  1   34.644   34.634  1
 1818.0 1818.0  1    2.590    2.590  1   34.644   34.634  1
 1820.0 1820.0  1    2.590    2.590  1   34.644   34.634  1
 1822.0 1822.0  1    2.589    2.589  1   34.644   34.634  1
 1824.0 1824.0  1    2.582    2.582  1   34.644   34.634  1
 1826.0 1826.0  1    2.576    2.576  1   34.645   34.635  1
 1828.0 1828.0  1    2.572    2.572  1   34.645   34.635  1
 1830.0 1830.0  1    2.570    2.570  1   34.645   34.635  1
 1832.0 1832.0  1    2.568    2.568  1   34.645   34.635  1
 1834.0 1834.0  1    2.567    2.567  1   34.645   34.635  1
 1836.0 1836.0  1    2.566    2.566  1   34.645   34.635  1
 1838.0 1838.0  1    2.566    2.566  1   34.645   34.635  1
 1840.0 1840.0  1    2.563    2.563  1   34.645   34.635  1
 1842.0 1842.0  1    2.558    2.558  1   34.645   34.635  1
 1844.0 1844.0  1    2.553    2.553  1   34.646   34.636  1
 1846.0 1846.0  1    2.549    2.549  1   34.646   34.636  1
 1847.9 1847.9  1    2.546    2.546  1   34.646   34.636  1
 1850.0 1850.0  1    2.542    2.542  1   34.646   34.636  1
 1852.0 1852.0  1    2.536    2.536  1   34.646   34.636  1
 1854.0 1854.0  1    2.535    2.535  1   34.646   34.636  1
 1856.0 1856.0  1    2.531    2.531  1   34.646   34.636  1
 1858.0 1858.0  1    2.527    2.527  1   34.647   34.637  1
 1860.0 1860.0  1    2.524    2.524  1   34.647   34.637  1
 1862.0 1862.0  1    2.524    2.524  1   34.647   34.637  1
 1864.0 1864.0  1    2.523    2.523  1   34.647   34.637  1
 1866.0 1866.0  1    2.518    2.518  1   34.647   34.637  1
 1868.0 1868.0  1    2.512    2.512  1   34.648   34.638  1
 1870.0 1870.0  1    2.510    2.510  1   34.648   34.638  1
 1872.0 1872.0  1    2.510    2.510  1   34.648   34.638  1
 1874.0 1874.0  1    2.508    2.508  1   34.648   34.638  1
 1876.0 1876.0  1    2.508    2.508  1   34.648   34.638  1
 1878.0 1878.0  1    2.507    2.507  1   34.648   34.638  1
 1880.0 1880.0  1    2.506    2.506  1   34.648   34.638  1
 1882.0 1882.0  1    2.506    2.506  1   34.648   34.638  1
 1884.0 1884.0  1    2.505    2.505  1   34.648   34.638  1
 1886.0 1886.0  1    2.505    2.505  1   34.648   34.638  1
 1888.0 1888.0  1    2.499    2.499  1   34.648   34.638  1
 1890.0 1890.0  1    2.496    2.496  1   34.648   34.638  1
 1892.0 1892.0  1    2.495    2.495  1   34.648   34.638  1
 1894.0 1894.0  1    2.494    2.494  1   34.648   34.638  1
 1896.0 1896.0  1    2.494    2.494  1   34.648   34.638  1
 1898.0 1898.0  1    2.491    2.491  1   34.649   34.639  1
 1900.0 1900.0  1    2.490    2.490  1   34.649   34.639  1
 1902.0 1902.0  1    2.489    2.489  1   34.649   34.639  1
 1904.0 1904.0  1    2.488    2.488  1   34.649   34.639  1
 1906.0 1906.0  1    2.485    2.485  1   34.649   34.639  1
 1908.0 1908.0  1    2.483    2.483  1   34.649   34.639  1
 1910.0 1910.0  1    2.482    2.482  1   34.649   34.639  1
 1912.0 1912.0  1    2.478    2.478  1   34.649   34.639  1
 1914.0 1914.0  1    2.476    2.476  1   34.649   34.639  1
 1916.0 1916.0  1    2.474    2.474  1   34.649   34.639  1
 1918.0 1918.0  1    2.470    2.470  1   34.650   34.640  1
 1920.0 1920.0  1    2.470    2.470  1   34.650   34.640  1
 1922.0 1922.0  1    2.470    2.470  1   34.650   34.640  1
 1924.0 1924.0  1    2.471    2.471  1   34.650   34.640  1
 1926.0 1926.0  1    2.471    2.471  1   34.650   34.640  1
 1928.0 1928.0  1    2.470    2.470  1   34.650   34.640  1
 1930.0 1930.0  1    2.468    2.468  1   34.650   34.640  1
 1932.0 1932.0  1    2.465    2.465  1   34.650   34.640  1
 1934.0 1934.0  1    2.463    2.463  1   34.650   34.640  1
 1936.0 1936.0  1    2.458    2.458  1   34.650   34.640  1
 1938.0 1938.0  1    2.455    2.455  1   34.650   34.640  1
 1940.0 1940.0  1    2.451    2.451  1   34.650   34.640  1
 1942.0 1942.0  1    2.448    2.448  1   34.650   34.640  1
 1944.0 1944.0  1    2.443    2.443  1   34.651   34.641  1
 1946.0 1946.0  1    2.440    2.440  1   34.651   34.641  1
 1948.0 1948.0  1    2.440    2.440  1   34.651   34.641  1
 1950.0 1950.0  1    2.440    2.440  1   34.651   34.641  1
 1952.0 1952.0  1    2.440    2.440  1   34.651   34.641  1
 1954.0 1954.0  1    2.438    2.438  1   34.651   34.641  1
 1956.0 1956.0  1    2.433    2.433  1   34.651   34.641  1
 1958.0 1958.0  1    2.425    2.425  1   34.652   34.642  1
 1960.0 1960.0  1    2.423    2.423  1   34.652   34.642  1
 1962.0 1962.0  1    2.422    2.422  1   34.652   34.642  1
 1964.0 1964.0  1    2.417    2.417  1   34.652   34.642  1
 1966.0 1966.0  1    2.415    2.415  1   34.652   34.642  1
 1968.0 1968.0  1    2.414    2.414  1   34.652   34.642  1
 1970.0 1970.0  1    2.408    2.408  1   34.653   34.643  1
 1972.0 1972.0  1    2.406    2.406  1   34.653   34.643  1
 1974.0 1974.0  1    2.404    2.404  1   34.653   34.643  1
 1976.0 1976.0  1    2.401    2.401  1   34.653   34.643  1
 1978.0 1978.0  1    2.399    2.399  1   34.653   34.643  1
 1980.0 1980.0  1    2.397    2.397  1   34.653   34.643  1
 1982.0 1982.0  1    2.395    2.395  1   34.653   34.643  1
 1984.0 1984.0  1    2.393    2.393  1   34.653   34.643  1
 1986.0 1986.0  1    2.391    2.391  1   34.653   34.643  1
 1988.0 1988.0  1    2.388    2.388  1   34.654   34.644  1
 1990.0 1990.0  1    2.387    2.387  1   34.654   34.644  1
 1992.0 1992.0  1    2.387    2.387  1   34.654   34.644  1
 1994.0 1994.0  1    2.385    2.385  1   34.654   34.644  1
 1996.0 1996.0  1    2.380    2.380  1   34.654   34.644  1
 1998.0 1998.0  1    2.377    2.377  1   34.654   34.644  1
 2000.0 2000.0  1    2.375    2.375  1   34.654   34.644  1
 2002.0 2002.0  1    2.373    2.373  1   34.654   34.644  1
 2004.0 2004.0  1    2.372    2.372  1   34.654   34.644  1
 2006.0 2006.0  1    2.370    2.370  1   34.654   34.644  1
 2008.3 2008.3  1    2.369    2.369  1   34.655   34.645  1
 2009.4 2009.4  1    2.368    2.368  1   34.655   34.645  1
