*SoftWare Version 3.0  2018/12/27

*HEADER
     PLATFORM NUMBER       :5904242
     CYCLE NUMBER          :242
     DATE CREATION         :20191210003238
     DATE UPDATE           :20191210022808
     PROJECT NAME          :Argo Australia
     PI NAME               :Susan Wijffels
     INSTRUMENT TYPE       :APEX
     FLOAT SERIAL NO       :6637
     FIRMWARE VERSION      :Apfi9iSbe41-CP-DT
     WMO INSTRUMENT TYPE   :846
     TRANSMISSION SYSTEM   :IRIDIUM
     POSITIONING SYSTEM    :GPS
     SAMPLE DIRECTION      :A(A=Ascend; D=Descend)
     DATA MODE             :A(R=Real Time; D=Delayed Mode; A=Real Time Adjusted)
     JULIAN DAY            :25545.0227 (days since 1950-01-01 00:00:00 UTC)
     DATE                  :2019-12-10
     QC FLAG FOR DATE      :1
*LOCATION
     LATITUDE              :-37.035 
     LONGITUDE             :105.164 
     QC FLAG FOR LOCATION  :1
*FILE
     COLUMN 1              :Pressure (dbar)                             F7.1
     COLUMN 2              :Corrected Pressure (dbar)                   F7.1
     COLUMN 3              :Quality on Pressure                         I3
     COLUMN 4              :Temperature (degree_Celsius)                F9.3
     COLUMN 5              :Corrected Temperature (degree_Celsius)      F9.3
     COLUMN 6              :Quality on Temperature                      I3
     COLUMN 7              :Salinity (PSU)                              F9.3
     COLUMN 8              :Corrected Salinity (PSU)                    F9.3
     COLUMN 9              :Quality on Salinity                         I3
==========================================================================
    4.3    4.2  1   17.437   17.437  1   35.695   35.695  1
    6.0    5.9  1   17.431   17.431  1   35.693   35.693  1
    8.0    7.9  1   17.274   17.274  1   35.688   35.688  1
   10.0    9.9  1   17.108   17.108  1   35.687   35.687  1
   12.0   11.9  1   17.063   17.063  1   35.687   35.687  1
   14.0   13.9  1   17.038   17.038  1   35.686   35.686  1
   16.0   15.9  1   17.022   17.022  1   35.685   35.685  1
   18.0   17.9  1   17.012   17.012  1   35.684   35.684  1
   20.0   19.9  1   16.998   16.998  1   35.683   35.683  1
   22.0   21.9  1   16.982   16.982  1   35.680   35.680  1
   24.0   23.9  1   16.956   16.956  1   35.676   35.676  1
   26.0   25.9  1   16.926   16.926  1   35.671   35.671  1
   28.0   27.9  1   16.889   16.889  1   35.664   35.664  1
   30.0   29.9  1   16.849   16.849  1   35.656   35.656  1
   32.0   31.9  1   16.711   16.711  1   35.636   35.636  1
   34.0   33.9  1   16.582   16.582  1   35.622   35.622  1
   36.0   35.9  1   16.441   16.441  1   35.614   35.614  1
   38.0   37.9  1   16.232   16.232  1   35.603   35.603  1
   40.0   39.9  1   16.045   16.045  1   35.595   35.595  1
   42.0   41.9  1   15.928   15.928  1   35.586   35.586  1
   44.0   43.9  1   15.831   15.831  1   35.576   35.576  1
   46.0   45.9  1   15.750   15.750  1   35.570   35.570  1
   48.0   47.9  1   15.665   15.665  1   35.558   35.558  1
   50.0   49.9  1   15.652   15.652  1   35.565   35.565  1
   52.0   51.9  1   15.625   15.625  1   35.568   35.568  1
   54.0   53.9  1   15.590   15.590  1   35.563   35.563  1
   56.0   55.9  1   15.327   15.327  1   35.523   35.523  1
   58.0   57.9  1   15.163   15.163  1   35.497   35.497  1
   60.0   59.9  1   15.132   15.132  1   35.495   35.495  1
   62.0   61.9  1   15.093   15.093  1   35.497   35.497  1
   64.0   63.9  1   15.040   15.040  1   35.493   35.493  1
   66.0   65.9  1   14.993   14.993  1   35.490   35.490  1
   68.0   67.9  1   14.936   14.936  1   35.493   35.493  1
   70.0   69.9  1   14.808   14.808  1   35.468   35.468  1
   72.0   71.9  1   14.753   14.753  1   35.453   35.453  1
   74.0   73.9  1   14.665   14.665  1   35.434   35.434  1
   76.0   75.9  1   14.477   14.477  1   35.404   35.404  1
   78.0   77.9  1   14.435   14.435  1   35.396   35.396  1
   80.0   79.9  1   14.416   14.416  1   35.396   35.396  1
   82.0   81.9  1   14.416   14.416  1   35.398   35.398  1
   84.0   83.9  1   14.406   14.406  1   35.399   35.399  1
   86.0   85.9  1   14.417   14.417  1   35.417   35.417  1
   88.0   87.9  1   14.438   14.438  1   35.430   35.430  1
   90.0   89.9  1   14.443   14.443  1   35.438   35.438  1
   92.0   91.9  1   14.367   14.367  1   35.428   35.428  1
   94.0   93.9  1   14.235   14.235  1   35.413   35.413  1
   96.0   95.9  1   14.183   14.183  1   35.411   35.411  1
   98.0   97.9  1   14.150   14.150  1   35.408   35.408  1
  100.0   99.9  1   14.095   14.095  1   35.399   35.399  1
  102.0  101.9  1   14.032   14.032  1   35.391   35.391  1
  104.0  103.9  1   13.976   13.976  1   35.385   35.385  1
  106.0  105.9  1   13.953   13.953  1   35.382   35.382  1
  108.0  107.9  1   13.905   13.905  1   35.377   35.377  1
  110.0  109.9  1   13.879   13.879  1   35.375   35.375  1
  112.0  111.9  1   13.841   13.841  1   35.371   35.371  1
  114.0  113.9  1   13.812   13.812  1   35.369   35.369  1
  116.0  115.9  1   13.779   13.779  1   35.366   35.366  1
  118.0  117.9  1   13.750   13.750  1   35.366   35.366  1
  120.0  119.9  1   13.752   13.752  1   35.370   35.370  1
  122.0  121.9  1   13.735   13.735  1   35.369   35.369  1
  124.0  123.9  1   13.714   13.714  1   35.366   35.366  1
  126.0  125.9  1   13.704   13.704  1   35.364   35.364  1
  128.0  127.9  1   13.657   13.657  1   35.357   35.357  1
  130.0  129.9  1   13.602   13.602  1   35.349   35.349  1
  132.0  131.9  1   13.598   13.598  1   35.348   35.348  1
  134.0  133.9  1   13.594   13.594  1   35.347   35.347  1
  136.0  135.9  1   13.590   13.590  1   35.346   35.346  1
  138.0  137.9  1   13.572   13.572  1   35.342   35.342  1
  140.0  139.9  1   13.534   13.534  1   35.336   35.336  1
  142.0  141.9  1   13.449   13.449  1   35.322   35.322  1
  144.0  143.9  1   13.426   13.426  1   35.318   35.318  1
  146.0  145.9  1   13.396   13.396  1   35.312   35.312  1
  148.0  147.9  1   13.356   13.356  1   35.306   35.306  1
  150.0  149.9  1   13.325   13.325  1   35.302   35.302  1
  152.0  151.9  1   13.317   13.317  1   35.301   35.301  1
  154.0  153.9  1   13.308   13.308  1   35.300   35.300  1
  156.0  155.9  1   13.261   13.261  1   35.293   35.293  1
  158.0  157.9  1   13.234   13.234  1   35.290   35.290  1
  160.0  159.9  1   13.207   13.207  1   35.285   35.285  1
  162.0  161.9  1   13.176   13.176  1   35.281   35.281  1
  164.0  163.9  1   13.147   13.147  1   35.277   35.277  1
  166.0  165.9  1   13.103   13.103  1   35.271   35.271  1
  168.0  167.9  1   13.090   13.090  1   35.271   35.271  1
  170.0  169.9  1   13.085   13.085  1   35.272   35.272  1
  172.0  171.9  1   13.078   13.078  1   35.271   35.271  1
  174.0  173.9  1   13.055   13.055  1   35.265   35.265  1
  176.0  175.9  1   13.019   13.019  1   35.258   35.258  1
  178.0  177.9  1   13.006   13.006  1   35.257   35.257  1
  180.0  179.9  1   12.994   12.994  1   35.255   35.255  1
  182.0  181.9  1   12.945   12.945  1   35.245   35.245  1
  184.0  183.9  1   12.901   12.901  1   35.237   35.237  1
  186.0  185.9  1   12.876   12.876  1   35.233   35.233  1
  188.0  187.9  1   12.869   12.869  1   35.232   35.232  1
  190.0  189.9  1   12.859   12.859  1   35.230   35.230  1
  192.0  191.9  1   12.825   12.825  1   35.225   35.225  1
  194.0  193.9  1   12.804   12.804  1   35.222   35.222  1
  196.0  195.9  1   12.784   12.784  1   35.218   35.218  1
  198.0  197.9  1   12.764   12.764  1   35.216   35.216  1
  200.0  199.9  1   12.747   12.747  1   35.213   35.213  1
  202.0  201.9  1   12.737   12.737  1   35.211   35.211  1
  204.0  203.9  1   12.730   12.730  1   35.210   35.210  1
  206.0  205.9  1   12.711   12.711  1   35.208   35.208  1
  208.0  207.9  1   12.684   12.684  1   35.203   35.203  1
  210.0  209.9  1   12.683   12.683  1   35.203   35.203  1
  212.0  211.9  1   12.686   12.686  1   35.204   35.204  1
  214.0  213.9  1   12.670   12.670  1   35.202   35.202  1
  216.0  215.9  1   12.645   12.645  1   35.198   35.198  1
  218.0  217.9  1   12.622   12.622  1   35.194   35.194  1
  220.0  219.9  1   12.606   12.606  1   35.191   35.191  1
  222.0  221.9  1   12.573   12.573  1   35.185   35.185  1
  224.0  223.9  1   12.541   12.541  1   35.179   35.179  1
  226.0  225.9  1   12.517   12.517  1   35.174   35.174  1
  228.0  227.9  1   12.479   12.479  1   35.167   35.167  1
  230.0  229.9  1   12.450   12.450  1   35.162   35.162  1
  232.0  231.9  1   12.444   12.444  1   35.161   35.161  1
  234.0  233.9  1   12.438   12.438  1   35.160   35.160  1
  236.0  235.9  1   12.427   12.427  1   35.158   35.158  1
  238.0  237.9  1   12.423   12.423  1   35.156   35.156  1
  240.0  239.9  1   12.410   12.410  1   35.153   35.153  1
  242.0  241.9  1   12.358   12.358  1   35.145   35.145  1
  244.0  243.9  1   12.334   12.334  1   35.140   35.140  1
  246.0  245.9  1   12.302   12.302  1   35.134   35.134  1
  248.0  247.9  1   12.258   12.258  1   35.126   35.126  1
  250.0  249.9  1   12.235   12.235  1   35.121   35.121  1
  252.0  251.9  1   12.192   12.192  1   35.115   35.115  1
  254.0  253.9  1   12.181   12.181  1   35.112   35.112  1
  256.0  255.9  1   12.166   12.166  1   35.109   35.109  1
  258.0  257.9  1   12.140   12.140  1   35.104   35.104  1
  260.0  259.9  1   12.110   12.110  1   35.098   35.098  1
  262.0  261.9  1   12.100   12.100  1   35.095   35.095  1
  264.0  263.9  1   12.069   12.069  1   35.089   35.089  1
  266.0  265.9  1   11.970   11.970  1   35.072   35.072  1
  268.0  267.9  1   11.940   11.940  1   35.066   35.066  1
  270.0  269.9  1   11.922   11.922  1   35.062   35.062  1
  272.0  271.9  1   11.880   11.880  1   35.056   35.056  1
  274.0  273.9  1   11.869   11.869  1   35.053   35.053  1
  276.0  275.9  1   11.832   11.832  1   35.047   35.047  1
  278.0  277.9  1   11.799   11.799  1   35.041   35.041  1
  280.1  280.0  1   11.771   11.771  1   35.036   35.036  1
  282.1  282.0  1   11.742   11.742  1   35.030   35.030  1
  284.0  283.9  1   11.710   11.710  1   35.025   35.025  1
  286.0  285.9  1   11.682   11.682  1   35.020   35.020  1
  288.0  287.9  1   11.649   11.649  1   35.014   35.014  1
  290.0  289.9  1   11.607   11.607  1   35.007   35.007  1
  292.0  291.9  1   11.570   11.570  1   35.000   35.000  1
  294.0  293.9  1   11.523   11.523  1   34.991   34.991  1
  296.0  295.9  1   11.478   11.478  1   34.984   34.984  1
  298.0  297.9  1   11.440   11.440  1   34.977   34.977  1
  300.0  299.9  1   11.399   11.399  1   34.971   34.971  1
  302.0  301.9  1   11.376   11.376  1   34.968   34.968  1
  304.0  303.9  1   11.337   11.337  1   34.961   34.961  1
  306.0  305.9  1   11.290   11.290  1   34.954   34.954  1
  308.0  307.9  1   11.255   11.255  1   34.949   34.949  1
  310.0  309.9  1   11.236   11.236  1   34.946   34.946  1
  312.0  311.9  1   11.200   11.200  1   34.939   34.939  1
  314.0  313.9  1   11.138   11.138  1   34.930   34.930  1
  316.0  315.9  1   11.123   11.123  1   34.927   34.927  1
  318.0  317.9  1   11.099   11.099  1   34.922   34.922  1
  320.0  319.9  1   11.036   11.036  1   34.913   34.913  1
  322.0  321.9  1   11.015   11.015  1   34.910   34.910  1
  324.0  323.9  1   10.969   10.969  1   34.902   34.902  1
  326.0  325.9  1   10.944   10.944  1   34.898   34.898  1
  328.0  327.9  1   10.942   10.942  1   34.897   34.897  1
  330.0  329.9  1   10.898   10.898  1   34.891   34.891  1
  332.0  331.9  1   10.859   10.859  1   34.886   34.886  1
  334.0  333.9  1   10.842   10.842  1   34.884   34.884  1
  336.0  335.9  1   10.804   10.804  1   34.879   34.879  1
  338.0  337.9  1   10.780   10.780  1   34.874   34.874  1
  340.0  339.9  1   10.746   10.746  1   34.869   34.869  1
  342.0  341.9  1   10.719   10.719  1   34.865   34.865  1
  344.0  343.9  1   10.692   10.692  1   34.861   34.861  1
  346.0  345.9  1   10.646   10.646  1   34.853   34.853  1
  348.0  347.9  1   10.615   10.615  1   34.848   34.848  1
  350.0  349.9  1   10.597   10.597  1   34.846   34.846  1
  352.0  351.9  1   10.569   10.569  1   34.843   34.843  1
  354.0  353.9  1   10.547   10.547  1   34.841   34.841  1
  356.0  355.9  1   10.533   10.533  1   34.839   34.839  1
  358.0  357.9  1   10.513   10.513  1   34.836   34.836  1
  360.0  359.9  1   10.500   10.500  1   34.834   34.834  1
  362.0  361.9  1   10.502   10.502  1   34.834   34.834  1
  364.0  363.9  1   10.470   10.470  1   34.830   34.830  1
  366.0  365.9  1   10.445   10.445  1   34.826   34.826  1
  368.0  367.9  1   10.436   10.436  1   34.825   34.825  1
  370.0  369.9  1   10.425   10.425  1   34.823   34.823  1
  372.0  371.9  1   10.404   10.404  1   34.821   34.821  1
  374.0  373.9  1   10.398   10.398  1   34.820   34.820  1
  376.0  375.9  1   10.392   10.392  1   34.819   34.819  1
  378.0  377.9  1   10.379   10.379  1   34.817   34.817  1
  380.0  379.9  1   10.359   10.359  1   34.814   34.814  1
  382.0  381.9  1   10.347   10.347  1   34.813   34.813  1
  384.0  383.9  1   10.336   10.336  1   34.811   34.811  1
  386.0  385.9  1   10.324   10.324  1   34.810   34.810  1
  388.0  387.9  1   10.320   10.320  1   34.809   34.809  1
  390.0  389.9  1   10.307   10.307  1   34.808   34.808  1
  392.0  391.9  1   10.286   10.286  1   34.806   34.806  1
  394.0  393.9  1   10.288   10.288  1   34.806   34.806  1
  396.0  395.9  1   10.272   10.272  1   34.803   34.803  1
  398.0  397.9  1   10.249   10.249  1   34.800   34.800  1
  400.0  399.9  1   10.220   10.220  1   34.796   34.796  1
  402.0  401.9  1   10.202   10.202  1   34.793   34.793  1
  404.0  403.9  1   10.185   10.185  1   34.791   34.791  1
  406.0  405.9  1   10.176   10.176  1   34.790   34.790  1
  408.0  407.9  1   10.160   10.160  1   34.788   34.788  1
  410.0  409.9  1   10.152   10.152  1   34.786   34.786  1
  412.0  411.9  1   10.138   10.138  1   34.784   34.784  1
  414.0  413.9  1   10.117   10.117  1   34.781   34.781  1
  416.0  415.9  1   10.092   10.092  1   34.778   34.778  1
  418.0  417.9  1   10.086   10.086  1   34.777   34.777  1
  420.0  419.9  1   10.093   10.093  1   34.780   34.780  1
  422.0  421.9  1   10.070   10.070  1   34.777   34.777  1
  424.0  423.9  1   10.033   10.033  1   34.771   34.771  1
  426.0  425.9  1   10.009   10.009  1   34.768   34.768  1
  428.0  427.9  1   10.004   10.004  1   34.767   34.767  1
  430.0  429.9  1   10.001   10.001  1   34.766   34.766  1
  432.0  431.9  1    9.995    9.995  1   34.765   34.765  1
  434.0  433.9  1    9.982    9.982  1   34.764   34.764  1
  436.0  435.9  1    9.976    9.976  1   34.765   34.765  1
  438.0  437.9  1    9.965    9.965  1   34.764   34.764  1
  440.0  439.9  1    9.961    9.961  1   34.763   34.763  1
  442.0  441.9  1    9.953    9.953  1   34.763   34.763  1
  444.0  443.9  1    9.946    9.946  1   34.762   34.762  1
  446.0  445.9  1    9.941    9.941  1   34.761   34.761  1
  448.0  447.9  1    9.938    9.938  1   34.760   34.760  1
  450.0  449.9  1    9.912    9.912  1   34.756   34.756  1
  452.0  451.9  1    9.909    9.909  1   34.756   34.756  1
  454.0  453.9  1    9.916    9.916  1   34.758   34.758  1
  456.0  455.9  1    9.909    9.909  1   34.757   34.757  1
  458.0  457.9  1    9.890    9.890  1   34.754   34.754  1
  460.0  459.9  1    9.883    9.883  1   34.754   34.754  1
  462.0  461.9  1    9.867    9.867  1   34.752   34.752  1
  464.0  463.9  1    9.858    9.858  1   34.751   34.751  1
  466.0  465.9  1    9.843    9.843  1   34.748   34.748  1
  468.0  467.9  1    9.834    9.834  1   34.747   34.747  1
  470.0  469.9  1    9.821    9.821  1   34.746   34.746  1
  472.0  471.9  1    9.809    9.809  1   34.745   34.745  1
  474.0  473.9  1    9.793    9.793  1   34.743   34.743  1
  476.0  475.9  1    9.784    9.784  1   34.741   34.741  1
  478.0  477.9  1    9.779    9.779  1   34.741   34.741  1
  480.0  479.9  1    9.776    9.776  1   34.740   34.740  1
  482.0  481.9  1    9.760    9.760  1   34.738   34.738  1
  484.0  483.9  1    9.752    9.752  1   34.738   34.738  1
  486.0  485.9  1    9.746    9.746  1   34.737   34.737  1
  488.0  487.9  1    9.740    9.740  1   34.736   34.736  1
  490.0  489.9  1    9.734    9.734  1   34.735   34.735  1
  492.0  491.9  1    9.716    9.716  1   34.733   34.733  1
  494.0  493.9  1    9.706    9.706  1   34.731   34.731  1
  496.0  495.9  1    9.702    9.702  1   34.731   34.731  1
  498.0  497.9  1    9.690    9.690  1   34.729   34.729  1
  500.0  499.9  1    9.673    9.673  1   34.727   34.727  1
  502.0  501.9  1    9.663    9.663  1   34.725   34.725  1
  504.0  503.9  1    9.656    9.656  1   34.725   34.725  1
  506.0  505.9  1    9.652    9.652  1   34.724   34.724  1
  508.0  507.9  1    9.647    9.647  1   34.723   34.723  1
  510.0  509.9  1    9.632    9.632  1   34.722   34.722  1
  512.0  511.9  1    9.626    9.626  1   34.721   34.721  1
  514.0  513.9  1    9.631    9.631  1   34.722   34.722  1
  516.0  515.9  1    9.650    9.650  1   34.728   34.728  1
  518.0  517.9  1    9.641    9.641  1   34.728   34.728  1
  520.0  519.9  1    9.634    9.634  1   34.727   34.727  1
  522.0  521.9  1    9.629    9.629  1   34.726   34.726  1
  524.0  523.9  1    9.618    9.618  1   34.724   34.724  1
  526.0  525.9  1    9.609    9.609  1   34.724   34.724  1
  528.0  527.9  1    9.601    9.601  1   34.723   34.723  1
  530.0  529.9  1    9.589    9.589  1   34.721   34.721  1
  532.0  531.9  1    9.588    9.588  1   34.721   34.721  1
  534.0  533.9  1    9.576    9.576  1   34.720   34.720  1
  536.0  535.9  1    9.569    9.569  1   34.720   34.720  1
  538.0  537.9  1    9.569    9.569  1   34.720   34.720  1
  540.0  539.9  1    9.569    9.569  1   34.720   34.720  1
  542.0  541.9  1    9.568    9.568  1   34.720   34.720  1
  544.0  543.9  1    9.561    9.561  1   34.719   34.719  1
  546.0  545.9  1    9.555    9.555  1   34.718   34.718  1
  548.0  547.9  1    9.552    9.552  1   34.717   34.717  1
  550.0  549.9  1    9.540    9.540  1   34.716   34.716  1
  552.0  551.9  1    9.543    9.543  1   34.717   34.717  1
  554.0  553.9  1    9.546    9.546  1   34.718   34.718  1
  556.0  555.9  1    9.543    9.543  1   34.717   34.717  1
  558.0  557.9  1    9.533    9.533  1   34.716   34.716  1
  560.0  559.9  1    9.523    9.523  1   34.714   34.714  1
  562.0  561.9  1    9.509    9.509  1   34.712   34.712  1
  564.0  563.9  1    9.504    9.504  1   34.712   34.712  1
  566.0  565.9  1    9.501    9.501  1   34.711   34.711  1
  568.0  567.9  1    9.492    9.492  1   34.710   34.710  1
  570.0  569.9  1    9.488    9.488  1   34.709   34.709  1
  572.0  571.9  1    9.482    9.482  1   34.708   34.708  1
  574.0  573.9  1    9.469    9.469  1   34.706   34.706  1
  576.0  575.9  1    9.446    9.446  1   34.703   34.703  1
  578.0  577.9  1    9.433    9.433  1   34.701   34.701  1
  580.0  579.9  1    9.430    9.430  1   34.700   34.700  1
  582.0  581.9  1    9.426    9.426  1   34.700   34.700  1
  584.0  583.9  1    9.409    9.409  1   34.697   34.697  1
  586.0  585.9  1    9.389    9.389  1   34.694   34.694  1
  588.0  587.9  1    9.381    9.381  1   34.693   34.693  1
  590.0  589.9  1    9.377    9.377  1   34.692   34.692  1
  592.0  591.9  1    9.373    9.373  1   34.692   34.692  1
  594.0  593.9  1    9.367    9.367  1   34.691   34.691  1
  596.0  595.9  1    9.364    9.364  1   34.691   34.691  1
  598.0  597.9  1    9.358    9.358  1   34.691   34.691  1
  600.0  599.9  1    9.349    9.349  1   34.689   34.689  1
  602.0  601.9  1    9.332    9.332  1   34.687   34.687  1
  604.0  603.9  1    9.321    9.321  1   34.685   34.685  1
  606.0  605.9  1    9.312    9.312  1   34.684   34.684  1
  608.0  607.9  1    9.294    9.294  1   34.681   34.681  1
  610.0  609.9  1    9.285    9.285  1   34.679   34.679  1
  612.0  611.9  1    9.274    9.274  1   34.678   34.678  1
  614.0  613.9  1    9.266    9.266  1   34.677   34.677  1
  616.0  615.9  1    9.262    9.262  1   34.676   34.676  1
  618.0  617.9  1    9.254    9.254  1   34.675   34.675  1
  620.0  619.9  1    9.241    9.241  1   34.673   34.673  1
  622.0  621.9  1    9.234    9.234  1   34.672   34.672  1
  624.0  623.9  1    9.228    9.228  1   34.672   34.672  1
  626.0  625.9  1    9.221    9.221  1   34.671   34.671  1
  628.0  627.9  1    9.220    9.220  1   34.671   34.671  1
  630.0  629.9  1    9.217    9.217  1   34.670   34.670  1
  632.0  631.9  1    9.202    9.202  1   34.668   34.668  1
  634.0  633.9  1    9.198    9.198  1   34.668   34.668  1
  636.0  635.9  1    9.195    9.195  1   34.667   34.667  1
  638.0  637.9  1    9.192    9.192  1   34.667   34.667  1
  640.0  639.9  1    9.187    9.187  1   34.666   34.666  1
  642.0  641.9  1    9.173    9.173  1   34.664   34.664  1
  644.0  643.9  1    9.161    9.161  1   34.663   34.663  1
  646.0  645.9  1    9.154    9.154  1   34.662   34.662  1
  648.0  647.9  1    9.149    9.149  1   34.661   34.661  1
  650.0  649.9  1    9.145    9.145  1   34.661   34.661  1
  652.0  651.9  1    9.135    9.135  1   34.659   34.659  1
  654.0  653.9  1    9.128    9.128  1   34.658   34.658  1
  656.0  655.9  1    9.112    9.112  1   34.656   34.656  1
  658.0  657.9  1    9.094    9.094  1   34.654   34.654  1
  660.0  659.9  1    9.087    9.087  1   34.653   34.653  1
  662.0  661.9  1    9.082    9.082  1   34.652   34.652  1
  664.0  663.9  1    9.076    9.076  1   34.651   34.651  1
  666.0  665.9  1    9.069    9.069  1   34.650   34.650  1
  668.0  667.9  1    9.049    9.049  1   34.648   34.648  1
  670.0  669.9  1    9.035    9.035  1   34.646   34.646  1
  672.0  671.9  1    9.030    9.030  1   34.645   34.645  1
  674.0  673.9  1    9.014    9.014  1   34.643   34.643  1
  676.0  675.9  1    9.001    9.001  1   34.641   34.641  1
  678.0  677.9  1    8.990    8.990  1   34.640   34.640  1
  680.0  679.9  1    8.977    8.977  1   34.638   34.638  1
  682.0  681.9  1    8.968    8.968  1   34.637   34.637  1
  684.0  683.9  1    8.955    8.955  1   34.635   34.635  1
  686.0  685.9  1    8.947    8.947  1   34.634   34.634  1
  688.0  687.9  1    8.940    8.940  1   34.633   34.633  1
  690.0  689.9  1    8.927    8.927  1   34.631   34.631  1
  692.0  691.9  1    8.910    8.910  1   34.629   34.629  1
  694.0  693.9  1    8.888    8.888  1   34.627   34.627  1
  696.0  695.9  1    8.879    8.879  1   34.626   34.626  1
  698.0  697.9  1    8.869    8.869  1   34.624   34.624  1
  700.0  699.9  1    8.861    8.861  1   34.623   34.623  1
  702.0  701.9  1    8.848    8.848  1   34.622   34.622  1
  704.0  703.9  1    8.841    8.841  1   34.621   34.621  1
  706.0  705.9  1    8.824    8.824  1   34.618   34.618  1
  708.0  707.9  1    8.800    8.800  1   34.615   34.615  1
  710.0  709.9  1    8.779    8.779  1   34.613   34.613  1
  712.0  711.9  1    8.766    8.766  1   34.611   34.611  1
  714.0  713.9  1    8.755    8.755  1   34.610   34.610  1
  716.0  715.9  1    8.746    8.746  1   34.609   34.609  1
  718.0  717.9  1    8.737    8.737  1   34.609   34.609  1
  720.0  719.9  1    8.713    8.713  1   34.607   34.607  1
  722.0  721.9  1    8.672    8.672  1   34.603   34.603  1
  724.0  723.9  1    8.652    8.652  1   34.600   34.600  1
  726.0  725.9  1    8.633    8.633  1   34.598   34.598  1
  728.0  727.9  1    8.612    8.612  1   34.596   34.596  1
  730.0  729.9  1    8.602    8.602  1   34.595   34.595  1
  732.0  731.9  1    8.585    8.585  1   34.594   34.594  1
  734.0  733.9  1    8.565    8.565  1   34.592   34.592  1
  736.0  735.9  1    8.554    8.554  1   34.590   34.590  1
  738.0  737.9  1    8.539    8.539  1   34.589   34.589  1
  740.0  739.9  1    8.527    8.527  1   34.587   34.587  1
  742.0  741.9  1    8.516    8.516  1   34.586   34.586  1
  744.0  743.9  1    8.492    8.492  1   34.584   34.584  1
  746.0  745.9  1    8.465    8.465  1   34.581   34.581  1
  748.0  747.9  1    8.446    8.446  1   34.580   34.580  1
  750.0  749.9  1    8.433    8.433  1   34.579   34.579  1
  752.0  751.9  1    8.431    8.431  1   34.578   34.578  1
  754.0  753.9  1    8.420    8.420  1   34.577   34.577  1
  756.0  755.9  1    8.390    8.390  1   34.575   34.575  1
  758.0  757.9  1    8.372    8.372  1   34.573   34.573  1
  760.0  759.9  1    8.352    8.352  1   34.571   34.571  1
  762.0  761.9  1    8.331    8.331  1   34.568   34.568  1
  764.0  763.9  1    8.292    8.292  1   34.564   34.564  1
  766.0  765.9  1    8.256    8.256  1   34.561   34.561  1
  768.0  767.9  1    8.230    8.230  1   34.559   34.559  1
  770.0  769.9  1    8.189    8.189  1   34.556   34.556  1
  772.0  771.9  1    8.170    8.170  1   34.554   34.554  1
  774.0  773.9  1    8.149    8.149  1   34.552   34.552  1
  776.0  775.9  1    8.139    8.139  1   34.551   34.551  1
  778.0  777.9  1    8.126    8.126  1   34.549   34.549  1
  780.0  779.9  1    8.078    8.078  1   34.546   34.546  1
  782.0  781.9  1    8.025    8.025  1   34.541   34.541  1
  784.0  783.9  1    8.014    8.014  1   34.540   34.540  1
  786.0  785.9  1    7.997    7.997  1   34.538   34.538  1
  788.0  787.9  1    7.973    7.973  1   34.537   34.537  1
  790.0  789.9  1    7.960    7.960  1   34.535   34.535  1
  792.0  791.9  1    7.937    7.937  1   34.533   34.533  1
  794.0  793.9  1    7.900    7.900  1   34.531   34.531  1
  796.0  795.9  1    7.874    7.874  1   34.528   34.528  1
  798.0  797.9  1    7.835    7.835  1   34.526   34.526  1
  800.0  799.9  1    7.802    7.802  1   34.523   34.523  1
  802.0  801.9  1    7.790    7.790  1   34.522   34.522  1
  804.0  803.9  1    7.780    7.780  1   34.521   34.521  1
  806.0  805.9  1    7.762    7.762  1   34.519   34.519  1
  808.0  807.9  1    7.729    7.729  1   34.517   34.517  1
  810.0  809.9  1    7.671    7.671  1   34.513   34.513  1
  812.0  811.9  1    7.631    7.631  1   34.511   34.511  1
  814.0  813.9  1    7.605    7.605  1   34.509   34.509  1
  816.0  815.9  1    7.582    7.582  1   34.508   34.508  1
  818.0  817.9  1    7.568    7.568  1   34.507   34.507  1
  820.0  819.9  1    7.560    7.560  1   34.506   34.506  1
  822.0  821.9  1    7.547    7.547  1   34.505   34.505  1
  824.0  823.9  1    7.527    7.527  1   34.504   34.504  1
  826.0  825.9  1    7.507    7.507  1   34.502   34.502  1
  828.0  827.9  1    7.465    7.465  1   34.499   34.499  1
  830.0  829.9  1    7.436    7.436  1   34.497   34.497  1
  832.0  831.9  1    7.427    7.427  1   34.497   34.497  1
  834.0  833.9  1    7.417    7.417  1   34.495   34.495  1
  836.0  835.9  1    7.390    7.390  1   34.493   34.493  1
  838.0  837.9  1    7.352    7.352  1   34.491   34.491  1
  840.0  839.9  1    7.303    7.303  1   34.488   34.488  1
  842.0  841.9  1    7.290    7.290  1   34.488   34.488  1
  844.0  843.9  1    7.278    7.278  1   34.487   34.487  1
  846.0  845.9  1    7.269    7.269  1   34.486   34.486  1
  848.0  847.9  1    7.242    7.242  1   34.484   34.484  1
  850.0  849.9  1    7.229    7.229  1   34.483   34.483  1
  852.0  851.9  1    7.184    7.184  1   34.480   34.480  1
  854.0  853.9  1    7.166    7.166  1   34.478   34.478  1
  856.0  855.9  1    7.120    7.120  1   34.476   34.476  1
  858.0  857.9  1    7.100    7.100  1   34.474   34.474  1
  860.0  859.9  1    7.071    7.071  1   34.473   34.473  1
  862.0  861.9  1    7.048    7.048  1   34.472   34.472  1
  864.0  863.9  1    7.038    7.038  1   34.471   34.471  1
  866.0  865.9  1    7.021    7.021  1   34.470   34.470  1
  868.0  867.9  1    7.004    7.004  1   34.469   34.469  1
  870.0  869.9  1    7.002    7.002  1   34.469   34.469  1
  872.0  871.9  1    6.999    6.999  1   34.469   34.469  1
  874.0  873.9  1    6.994    6.994  1   34.469   34.469  1
  876.0  875.9  1    6.989    6.989  1   34.469   34.469  1
  878.0  877.9  1    6.982    6.982  1   34.469   34.469  1
  880.0  879.9  1    6.966    6.966  1   34.468   34.468  1
  882.0  881.9  1    6.958    6.958  1   34.468   34.468  1
  884.0  883.9  1    6.933    6.933  1   34.466   34.466  1
  886.0  885.9  1    6.893    6.893  1   34.465   34.465  1
  888.0  887.9  1    6.839    6.839  1   34.463   34.463  1
  890.1  890.0  1    6.827    6.827  1   34.462   34.462  1
  892.1  892.0  1    6.824    6.824  1   34.462   34.462  1
  894.1  894.0  1    6.810    6.810  1   34.461   34.461  1
  896.0  895.9  1    6.800    6.800  1   34.460   34.460  1
  898.0  897.9  1    6.793    6.793  1   34.458   34.458  1
  900.0  899.9  1    6.751    6.751  1   34.455   34.455  1
  902.0  901.9  1    6.669    6.669  1   34.452   34.452  1
  904.0  903.9  1    6.647    6.647  1   34.451   34.451  1
  906.0  905.9  1    6.605    6.605  1   34.448   34.448  1
  908.0  907.9  1    6.553    6.553  1   34.446   34.446  1
  910.0  909.9  1    6.536    6.536  1   34.444   34.444  1
  912.0  911.9  1    6.494    6.494  1   34.441   34.441  1
  914.0  913.9  1    6.442    6.442  1   34.437   34.437  1
  916.0  915.9  1    6.378    6.378  1   34.433   34.433  1
  918.0  917.9  1    6.317    6.317  1   34.431   34.431  1
  920.0  919.9  1    6.295    6.295  1   34.429   34.429  1
  922.0  921.9  1    6.244    6.244  1   34.428   34.428  1
  924.0  923.9  1    6.224    6.224  1   34.427   34.427  1
  926.0  925.9  1    6.218    6.218  1   34.427   34.427  1
  928.0  927.9  1    6.210    6.210  1   34.426   34.426  1
  930.0  929.9  1    6.200    6.200  1   34.426   34.426  1
  932.0  931.9  1    6.177    6.177  1   34.424   34.424  1
  934.0  933.9  1    6.152    6.152  1   34.423   34.423  1
  936.0  935.9  1    6.105    6.105  1   34.421   34.421  1
  938.0  937.9  1    6.078    6.078  1   34.420   34.420  1
  940.0  939.9  1    6.074    6.074  1   34.419   34.419  1
  942.0  941.9  1    6.062    6.062  1   34.417   34.417  1
  944.0  943.9  1    5.992    5.992  1   34.414   34.414  1
  946.0  945.9  1    5.934    5.934  1   34.412   34.412  1
  948.0  947.9  1    5.913    5.913  1   34.411   34.411  1
  950.0  949.9  1    5.895    5.895  1   34.410   34.410  1
  952.0  951.9  1    5.884    5.884  1   34.410   34.410  1
  954.0  953.9  1    5.872    5.872  1   34.409   34.409  1
  956.0  955.9  1    5.866    5.866  1   34.409   34.409  1
  958.0  957.9  1    5.855    5.855  1   34.408   34.408  1
  960.0  959.9  1    5.840    5.840  1   34.407   34.407  1
  962.0  961.9  1    5.797    5.797  1   34.406   34.406  1
  964.0  963.9  1    5.785    5.785  1   34.405   34.405  1
  966.0  965.9  1    5.776    5.776  1   34.405   34.405  1
  968.0  967.9  1    5.775    5.775  1   34.404   34.404  1
  970.0  969.9  1    5.754    5.754  1   34.403   34.403  1
  972.0  971.9  1    5.714    5.714  1   34.402   34.402  1
  974.0  973.9  1    5.675    5.675  1   34.401   34.401  1
  976.0  975.9  1    5.658    5.658  1   34.400   34.400  1
  978.0  977.9  1    5.643    5.643  1   34.399   34.399  1
  980.0  979.9  1    5.621    5.621  1   34.398   34.398  1
  982.0  981.9  1    5.593    5.593  1   34.396   34.396  1
  984.0  983.9  1    5.554    5.554  1   34.395   34.395  1
  986.0  985.9  1    5.526    5.526  1   34.394   34.394  1
  988.0  987.9  1    5.501    5.501  1   34.394   34.394  1
  990.0  989.9  1    5.481    5.481  1   34.392   34.392  1
  992.0  991.9  1    5.447    5.447  1   34.390   34.390  1
  994.0  993.9  1    5.409    5.409  1   34.386   34.386  1
  996.0  995.9  1    5.358    5.358  1   34.384   34.384  1
  998.0  997.9  1    5.334    5.334  1   34.383   34.383  1
 1000.0  999.9  1    5.306    5.306  1   34.380   34.380  1
 1002.0 1001.9  1    5.245    5.245  1   34.379   34.379  1
 1004.0 1003.9  1    5.242    5.242  1   34.383   34.383  1
 1006.0 1005.9  1    5.242    5.242  1   34.384   34.384  1
 1008.0 1007.9  1    5.228    5.228  1   34.385   34.385  1
 1010.0 1009.9  1    5.206    5.206  1   34.385   34.385  1
 1012.0 1011.9  1    5.203    5.203  1   34.385   34.385  1
 1014.0 1013.9  1    5.175    5.175  1   34.384   34.384  1
 1016.0 1015.9  1    5.136    5.136  1   34.382   34.382  1
 1018.0 1017.9  1    5.101    5.101  1   34.380   34.380  1
 1020.0 1019.9  1    5.082    5.082  1   34.379   34.379  1
 1022.0 1021.9  1    5.061    5.061  1   34.378   34.378  1
 1024.0 1023.9  1    5.054    5.054  1   34.377   34.377  1
 1026.0 1025.9  1    5.029    5.029  1   34.377   34.377  1
 1028.0 1027.9  1    4.997    4.997  1   34.376   34.376  1
 1030.0 1029.9  1    4.977    4.977  1   34.375   34.375  1
 1032.0 1031.9  1    4.939    4.939  1   34.374   34.374  1
 1034.0 1033.9  1    4.925    4.925  1   34.373   34.373  1
 1036.0 1035.9  1    4.908    4.908  1   34.372   34.372  1
 1038.0 1037.9  1    4.860    4.860  1   34.370   34.370  1
 1040.0 1039.9  1    4.809    4.809  1   34.368   34.368  1
 1042.0 1041.9  1    4.780    4.780  1   34.366   34.366  1
 1044.0 1043.9  1    4.764    4.764  1   34.365   34.365  1
 1046.0 1045.9  1    4.755    4.755  1   34.363   34.363  1
 1048.0 1047.9  1    4.716    4.716  1   34.360   34.360  1
 1050.0 1049.9  1    4.685    4.685  1   34.360   34.360  1
 1052.0 1051.9  1    4.665    4.665  1   34.360   34.360  1
 1054.0 1053.9  1    4.654    4.654  1   34.363   34.363  1
 1056.0 1055.9  1    4.642    4.642  1   34.366   34.366  1
 1058.0 1057.9  1    4.644    4.644  1   34.369   34.369  1
 1060.0 1059.9  1    4.641    4.641  1   34.368   34.368  1
 1062.0 1061.9  1    4.619    4.619  1   34.365   34.365  1
 1064.0 1063.9  1    4.557    4.557  1   34.359   34.359  1
 1066.0 1065.9  1    4.549    4.549  1   34.358   34.358  1
 1068.0 1067.9  1    4.539    4.539  1   34.357   34.357  1
 1070.0 1069.9  1    4.536    4.536  1   34.357   34.357  1
 1072.0 1071.9  1    4.532    4.532  1   34.357   34.357  1
 1074.0 1073.9  1    4.532    4.532  1   34.360   34.360  1
 1076.0 1075.9  1    4.519    4.519  1   34.363   34.363  1
 1078.0 1077.9  1    4.522    4.522  1   34.367   34.367  1
 1080.0 1079.9  1    4.525    4.525  1   34.368   34.368  1
 1082.0 1081.9  1    4.525    4.525  1   34.369   34.369  1
 1084.0 1083.9  1    4.516    4.516  1   34.370   34.370  1
 1086.0 1085.9  1    4.505    4.505  1   34.370   34.370  1
 1088.0 1087.9  1    4.486    4.486  1   34.370   34.370  1
 1090.0 1089.9  1    4.473    4.473  1   34.370   34.370  1
 1092.0 1091.9  1    4.456    4.456  1   34.370   34.370  1
 1094.0 1093.9  1    4.426    4.426  1   34.371   34.371  1
 1096.0 1095.9  1    4.411    4.411  1   34.371   34.371  1
 1098.0 1097.9  1    4.393    4.393  1   34.372   34.372  1
 1100.0 1099.9  1    4.384    4.384  1   34.371   34.371  1
 1102.0 1101.9  1    4.375    4.375  1   34.371   34.371  1
 1104.0 1103.9  1    4.362    4.362  1   34.371   34.371  1
 1106.0 1105.9  1    4.340    4.340  1   34.371   34.371  1
 1108.0 1107.9  1    4.319    4.319  1   34.370   34.370  1
 1110.0 1109.9  1    4.263    4.263  1   34.370   34.370  1
 1112.0 1111.9  1    4.251    4.251  1   34.369   34.369  1
 1114.0 1113.9  1    4.228    4.228  1   34.370   34.370  1
 1116.0 1115.9  1    4.209    4.209  1   34.371   34.371  1
 1118.0 1117.9  1    4.199    4.199  1   34.372   34.372  1
 1120.0 1119.9  1    4.194    4.194  1   34.371   34.371  1
 1122.0 1121.9  1    4.184    4.184  1   34.371   34.371  1
 1124.0 1123.9  1    4.165    4.165  1   34.370   34.370  1
 1126.0 1125.9  1    4.138    4.138  1   34.369   34.369  1
 1128.0 1127.9  1    4.120    4.120  1   34.368   34.368  1
 1130.0 1129.9  1    4.100    4.100  1   34.372   34.372  1
 1132.0 1131.9  1    4.089    4.089  1   34.374   34.374  1
 1134.0 1133.9  1    4.086    4.086  1   34.374   34.374  1
 1136.0 1135.9  1    4.092    4.092  1   34.378   34.378  1
 1138.0 1137.9  1    4.088    4.088  1   34.380   34.380  1
 1140.0 1139.9  1    4.088    4.088  1   34.383   34.383  1
 1142.0 1141.9  1    4.072    4.072  1   34.386   34.386  1
 1144.0 1143.9  1    4.054    4.054  1   34.387   34.387  1
 1146.0 1145.9  1    4.032    4.032  1   34.389   34.389  1
 1148.0 1147.9  1    4.016    4.016  1   34.391   34.391  1
 1150.0 1149.9  1    4.007    4.007  1   34.391   34.391  1
 1152.0 1151.9  1    4.000    4.000  1   34.392   34.392  1
 1154.0 1153.9  1    3.988    3.988  1   34.392   34.392  1
 1156.0 1155.9  1    3.975    3.975  1   34.394   34.394  1
 1158.0 1157.9  1    3.971    3.971  1   34.395   34.395  1
 1160.0 1159.9  1    3.964    3.964  1   34.395   34.395  1
 1162.0 1161.9  1    3.953    3.953  1   34.396   34.396  1
 1164.0 1163.9  1    3.949    3.949  1   34.397   34.397  1
 1166.0 1165.9  1    3.937    3.937  1   34.398   34.398  1
 1168.0 1167.9  1    3.928    3.928  1   34.399   34.399  1
 1170.0 1169.9  1    3.914    3.914  1   34.400   34.400  1
 1172.0 1171.9  1    3.901    3.901  1   34.401   34.401  1
 1174.0 1173.9  1    3.888    3.888  1   34.402   34.402  1
 1176.0 1175.9  1    3.879    3.879  1   34.403   34.403  1
 1178.0 1177.9  1    3.874    3.874  1   34.403   34.403  1
 1180.0 1179.9  1    3.864    3.864  1   34.404   34.404  1
 1182.0 1181.9  1    3.852    3.852  1   34.405   34.405  1
 1184.0 1183.9  1    3.842    3.842  1   34.406   34.406  1
 1186.0 1185.9  1    3.838    3.838  1   34.407   34.407  1
 1188.0 1187.9  1    3.833    3.833  1   34.407   34.407  1
 1190.0 1189.9  1    3.825    3.825  1   34.407   34.407  1
 1192.0 1191.9  1    3.815    3.815  1   34.408   34.408  1
 1194.0 1193.9  1    3.813    3.813  1   34.408   34.408  1
 1196.0 1195.9  1    3.811    3.811  1   34.408   34.408  1
 1198.0 1197.9  1    3.798    3.798  1   34.409   34.409  1
 1200.0 1199.9  1    3.791    3.791  1   34.410   34.410  1
 1202.0 1201.9  1    3.787    3.787  1   34.411   34.411  1
 1204.0 1203.9  1    3.785    3.785  1   34.412   34.412  1
 1206.0 1205.9  1    3.782    3.782  1   34.412   34.412  1
 1208.0 1207.9  1    3.779    3.779  1   34.413   34.413  1
 1210.0 1209.9  1    3.774    3.774  1   34.414   34.414  1
 1212.0 1211.9  1    3.769    3.769  1   34.414   34.414  1
 1214.0 1213.9  1    3.763    3.763  1   34.415   34.415  1
 1216.0 1215.9  1    3.760    3.760  1   34.415   34.415  1
 1218.0 1217.9  1    3.750    3.750  1   34.416   34.416  1
 1220.0 1219.9  1    3.737    3.737  1   34.417   34.417  1
 1222.0 1221.9  1    3.730    3.730  1   34.419   34.419  1
 1224.0 1223.9  1    3.728    3.728  1   34.420   34.420  1
 1226.0 1225.9  1    3.724    3.724  1   34.421   34.421  1
 1228.0 1227.9  1    3.722    3.722  1   34.421   34.421  1
 1230.0 1229.9  1    3.718    3.718  1   34.422   34.422  1
 1232.0 1231.9  1    3.714    3.714  1   34.422   34.422  1
 1234.0 1233.9  1    3.709    3.709  1   34.423   34.423  1
 1236.0 1235.9  1    3.706    3.706  1   34.423   34.423  1
 1238.0 1237.9  1    3.694    3.694  1   34.424   34.424  1
 1240.0 1239.9  1    3.674    3.674  1   34.427   34.427  1
 1242.0 1241.9  1    3.662    3.662  1   34.428   34.428  1
 1244.0 1243.9  1    3.657    3.657  1   34.429   34.429  1
 1246.0 1245.9  1    3.654    3.654  1   34.430   34.430  1
 1248.0 1247.9  1    3.645    3.645  1   34.433   34.433  1
 1250.0 1249.9  1    3.634    3.634  1   34.435   34.435  1
 1252.0 1251.9  1    3.626    3.626  1   34.435   34.435  1
 1254.0 1253.9  1    3.620    3.620  1   34.435   34.435  1
 1256.0 1255.9  1    3.614    3.614  1   34.437   34.437  1
 1258.0 1257.9  1    3.604    3.604  1   34.439   34.439  1
 1260.0 1259.9  1    3.600    3.600  1   34.442   34.442  1
 1262.0 1261.9  1    3.603    3.603  1   34.446   34.446  1
 1264.0 1263.9  1    3.600    3.600  1   34.447   34.447  1
 1266.0 1265.9  1    3.593    3.593  1   34.448   34.448  1
 1268.0 1267.9  1    3.588    3.588  1   34.448   34.448  1
 1270.0 1269.9  1    3.581    3.581  1   34.449   34.449  1
 1272.0 1271.9  1    3.576    3.576  1   34.450   34.450  1
 1274.0 1273.9  1    3.570    3.570  1   34.451   34.451  1
 1276.0 1275.9  1    3.559    3.559  1   34.452   34.452  1
 1278.0 1277.9  1    3.555    3.555  1   34.453   34.453  1
 1280.0 1279.9  1    3.551    3.551  1   34.453   34.453  1
 1282.0 1281.9  1    3.550    3.550  1   34.453   34.453  1
 1284.0 1283.9  1    3.543    3.543  1   34.454   34.454  1
 1286.0 1285.9  1    3.528    3.528  1   34.457   34.457  1
 1288.0 1287.9  1    3.525    3.525  1   34.457   34.457  1
 1290.0 1289.9  1    3.518    3.518  1   34.458   34.458  1
 1292.0 1291.9  1    3.515    3.515  1   34.458   34.458  1
 1294.0 1293.9  1    3.513    3.513  1   34.458   34.458  1
 1296.0 1295.9  1    3.507    3.507  1   34.458   34.458  1
 1298.0 1297.9  1    3.502    3.502  1   34.458   34.458  1
 1300.0 1299.9  1    3.495    3.495  1   34.458   34.458  1
 1302.0 1301.9  1    3.492    3.492  1   34.458   34.458  1
 1304.0 1303.9  1    3.488    3.488  1   34.459   34.459  1
 1306.0 1305.9  1    3.485    3.485  1   34.460   34.460  1
 1308.0 1307.9  1    3.477    3.477  1   34.461   34.461  1
 1310.0 1309.9  1    3.473    3.473  1   34.462   34.462  1
 1312.0 1311.9  1    3.471    3.471  1   34.463   34.463  1
 1314.0 1313.9  1    3.469    3.469  1   34.464   34.464  1
 1316.0 1315.9  1    3.466    3.466  1   34.464   34.464  1
 1318.0 1317.9  1    3.467    3.467  1   34.464   34.464  1
 1320.0 1319.9  1    3.464    3.464  1   34.464   34.464  1
 1322.0 1321.9  1    3.458    3.458  1   34.465   34.465  1
 1324.0 1323.9  1    3.454    3.454  1   34.466   34.466  1
 1326.0 1325.9  1    3.451    3.451  1   34.466   34.466  1
 1328.0 1327.9  1    3.450    3.450  1   34.467   34.467  1
 1330.0 1329.9  1    3.448    3.448  1   34.467   34.467  1
 1332.0 1331.9  1    3.444    3.444  1   34.467   34.467  1
 1334.0 1333.9  1    3.439    3.439  1   34.467   34.467  1
 1336.0 1335.9  1    3.431    3.431  1   34.468   34.468  1
 1338.0 1337.9  1    3.430    3.430  1   34.470   34.470  1
 1340.0 1339.9  1    3.423    3.423  1   34.471   34.471  1
 1342.0 1341.9  1    3.418    3.418  1   34.472   34.472  1
 1344.0 1343.9  1    3.412    3.412  1   34.473   34.473  1
 1346.0 1345.9  1    3.412    3.412  1   34.473   34.473  1
 1348.0 1347.9  1    3.413    3.413  1   34.474   34.474  1
 1350.0 1349.9  1    3.414    3.414  1   34.476   34.476  1
 1352.0 1351.9  1    3.401    3.401  1   34.476   34.476  1
 1354.0 1353.9  1    3.391    3.391  1   34.477   34.477  1
 1356.0 1355.9  1    3.386    3.386  1   34.480   34.480  1
 1358.0 1357.9  1    3.384    3.384  1   34.481   34.481  1
 1360.0 1359.9  1    3.383    3.383  1   34.481   34.481  1
 1362.0 1361.9  1    3.381    3.381  1   34.481   34.481  1
 1364.0 1363.9  1    3.381    3.381  1   34.482   34.482  1
 1366.0 1365.9  1    3.383    3.383  1   34.485   34.485  1
 1368.0 1367.9  1    3.379    3.379  1   34.486   34.486  1
 1370.0 1369.9  1    3.375    3.375  1   34.487   34.487  1
 1372.0 1371.9  1    3.373    3.373  1   34.488   34.488  1
 1374.0 1373.9  1    3.372    3.372  1   34.488   34.488  1
 1376.0 1375.9  1    3.371    3.371  1   34.489   34.489  1
 1378.0 1377.9  1    3.371    3.371  1   34.489   34.489  1
 1380.0 1379.9  1    3.370    3.370  1   34.490   34.490  1
 1382.0 1381.9  1    3.370    3.370  1   34.491   34.491  1
 1384.0 1383.9  1    3.369    3.369  1   34.492   34.492  1
 1386.0 1385.9  1    3.361    3.361  1   34.494   34.494  1
 1388.0 1387.9  1    3.351    3.351  1   34.494   34.494  1
 1390.0 1389.9  1    3.344    3.344  1   34.498   34.498  1
 1392.0 1391.9  1    3.334    3.334  1   34.498   34.498  1
 1394.0 1393.9  1    3.329    3.329  1   34.498   34.498  1
 1396.0 1395.9  1    3.333    3.333  1   34.500   34.500  1
 1398.0 1397.9  1    3.333    3.333  1   34.501   34.501  1
 1400.0 1399.9  1    3.334    3.334  1   34.502   34.502  1
 1402.0 1401.9  1    3.335    3.335  1   34.504   34.504  1
 1404.0 1403.9  1    3.334    3.334  1   34.504   34.504  1
 1406.0 1405.9  1    3.332    3.332  1   34.504   34.504  1
 1408.0 1407.9  1    3.321    3.321  1   34.505   34.505  1
 1410.0 1409.9  1    3.317    3.317  1   34.506   34.506  1
 1412.0 1411.9  1    3.312    3.312  1   34.508   34.508  1
 1414.0 1413.9  1    3.311    3.311  1   34.509   34.509  1
 1416.0 1415.9  1    3.319    3.319  1   34.512   34.512  1
 1418.0 1417.9  1    3.334    3.334  1   34.515   34.515  1
 1420.0 1419.9  1    3.332    3.332  1   34.516   34.516  1
 1422.1 1422.0  1    3.335    3.335  1   34.517   34.517  1
 1424.0 1423.9  1    3.328    3.328  1   34.517   34.517  1
 1426.0 1425.9  1    3.315    3.315  1   34.516   34.516  1
 1428.0 1427.9  1    3.308    3.308  1   34.517   34.517  1
 1430.0 1429.9  1    3.314    3.314  1   34.519   34.519  1
 1432.0 1431.9  1    3.310    3.310  1   34.520   34.520  1
 1434.0 1433.9  1    3.280    3.280  1   34.520   34.520  1
 1436.0 1435.9  1    3.294    3.294  1   34.525   34.525  1
 1438.0 1437.9  1    3.278    3.278  1   34.525   34.525  1
 1440.0 1439.9  1    3.279    3.279  1   34.526   34.526  1
 1442.0 1441.9  1    3.269    3.269  1   34.526   34.526  1
 1444.0 1443.9  1    3.256    3.256  1   34.527   34.527  1
 1446.0 1445.9  1    3.254    3.254  1   34.528   34.528  1
 1448.0 1447.9  1    3.251    3.251  1   34.529   34.529  1
 1450.0 1449.9  1    3.243    3.243  1   34.529   34.529  1
 1452.0 1451.9  1    3.242    3.242  1   34.530   34.530  1
 1454.0 1453.9  1    3.235    3.235  1   34.531   34.531  1
 1456.0 1455.9  1    3.230    3.230  1   34.530   34.530  1
 1458.0 1457.9  1    3.228    3.228  1   34.530   34.530  1
 1460.0 1459.9  1    3.224    3.224  1   34.531   34.531  1
 1462.0 1461.9  1    3.224    3.224  1   34.533   34.533  1
 1464.0 1463.9  1    3.225    3.225  1   34.534   34.534  1
 1466.0 1465.9  1    3.224    3.224  1   34.535   34.535  1
 1468.0 1467.9  1    3.221    3.221  1   34.536   34.536  1
 1470.0 1469.9  1    3.221    3.221  1   34.536   34.536  1
 1472.0 1471.9  1    3.222    3.222  1   34.537   34.537  1
 1474.0 1473.9  1    3.226    3.226  1   34.539   34.539  1
 1476.0 1475.9  1    3.225    3.225  1   34.543   34.543  1
 1478.0 1477.9  1    3.216    3.216  1   34.544   34.544  1
 1480.0 1479.9  1    3.204    3.204  1   34.543   34.543  1
 1482.0 1481.9  1    3.199    3.199  1   34.543   34.543  1
 1484.0 1483.9  1    3.202    3.202  1   34.544   34.544  1
 1486.0 1485.9  1    3.202    3.202  1   34.544   34.544  1
 1488.0 1487.9  1    3.199    3.199  1   34.544   34.544  1
 1490.0 1489.9  1    3.190    3.190  1   34.544   34.544  1
 1492.0 1491.9  1    3.188    3.188  1   34.543   34.543  1
 1494.0 1493.9  1    3.181    3.181  1   34.543   34.543  1
 1496.0 1495.9  1    3.172    3.172  1   34.542   34.542  1
 1498.0 1497.9  1    3.160    3.160  1   34.541   34.541  1
 1500.0 1499.9  1    3.153    3.153  1   34.541   34.541  1
 1502.0 1501.9  1    3.140    3.140  1   34.541   34.541  1
 1504.0 1503.9  1    3.129    3.129  1   34.540   34.540  1
 1506.0 1505.9  1    3.109    3.109  1   34.539   34.539  1
 1508.0 1507.9  1    3.100    3.100  1   34.538   34.538  1
 1510.0 1509.9  1    3.075    3.075  1   34.538   34.538  1
 1512.0 1511.9  1    3.071    3.071  1   34.539   34.539  1
 1514.0 1513.9  1    3.069    3.069  1   34.539   34.539  1
 1516.0 1515.9  1    3.066    3.066  1   34.540   34.540  1
 1518.0 1517.9  1    3.061    3.061  1   34.542   34.542  1
 1520.0 1519.9  1    3.057    3.057  1   34.542   34.542  1
 1522.0 1521.9  1    3.057    3.057  1   34.544   34.544  1
 1524.0 1523.9  1    3.054    3.054  1   34.544   34.544  1
 1526.0 1525.9  1    3.053    3.053  1   34.544   34.544  1
 1528.0 1527.9  1    3.049    3.049  1   34.545   34.545  1
 1530.0 1529.9  1    3.054    3.054  1   34.547   34.547  1
 1532.0 1531.9  1    3.047    3.047  1   34.547   34.547  1
 1534.0 1533.9  1    3.041    3.041  1   34.548   34.548  1
 1536.0 1535.9  1    3.038    3.038  1   34.548   34.548  1
 1538.0 1537.9  1    3.036    3.036  1   34.549   34.549  1
 1540.0 1539.9  1    3.030    3.030  1   34.551   34.551  1
 1542.0 1541.9  1    3.027    3.027  1   34.552   34.552  1
 1544.0 1543.9  1    3.027    3.027  1   34.552   34.552  1
 1546.0 1545.9  1    3.027    3.027  1   34.552   34.552  1
 1548.0 1547.9  1    3.026    3.026  1   34.552   34.552  1
 1550.0 1549.9  1    3.026    3.026  1   34.552   34.552  1
 1552.0 1551.9  1    3.023    3.023  1   34.554   34.554  1
 1554.0 1553.9  1    3.020    3.020  1   34.555   34.555  1
 1556.0 1555.9  1    3.019    3.019  1   34.555   34.555  1
 1558.0 1557.9  1    3.017    3.017  1   34.556   34.556  1
 1560.0 1559.9  1    3.014    3.014  1   34.557   34.557  1
 1562.0 1561.9  1    3.011    3.011  1   34.558   34.558  1
 1564.0 1563.9  1    3.007    3.007  1   34.559   34.559  1
 1566.0 1565.9  1    3.005    3.005  1   34.560   34.560  1
 1568.0 1567.9  1    3.003    3.003  1   34.560   34.560  1
 1570.0 1569.9  1    2.999    2.999  1   34.562   34.562  1
 1572.0 1571.9  1    2.997    2.997  1   34.562   34.562  1
 1574.0 1573.9  1    2.993    2.993  1   34.563   34.563  1
 1576.0 1575.9  1    2.988    2.988  1   34.565   34.565  1
 1578.0 1577.9  1    2.986    2.986  1   34.566   34.566  1
 1580.0 1579.9  1    2.983    2.983  1   34.566   34.566  1
 1582.0 1581.9  1    2.981    2.981  1   34.567   34.567  1
 1584.0 1583.9  1    2.979    2.979  1   34.568   34.568  1
 1586.0 1585.9  1    2.973    2.973  1   34.569   34.569  1
 1588.0 1587.9  1    2.969    2.969  1   34.570   34.570  1
 1590.0 1589.9  1    2.967    2.967  1   34.571   34.571  1
 1592.0 1591.9  1    2.963    2.963  1   34.572   34.572  1
 1594.0 1593.9  1    2.962    2.962  1   34.573   34.573  1
 1596.0 1595.9  1    2.962    2.962  1   34.573   34.573  1
 1598.0 1597.9  1    2.962    2.962  1   34.573   34.573  1
 1600.0 1599.9  1    2.961    2.961  1   34.573   34.573  1
 1602.0 1601.9  1    2.961    2.961  1   34.574   34.574  1
 1604.0 1603.9  1    2.960    2.960  1   34.575   34.575  1
 1606.0 1605.9  1    2.957    2.957  1   34.575   34.575  1
 1608.0 1607.9  1    2.956    2.956  1   34.575   34.575  1
 1610.0 1609.9  1    2.955    2.955  1   34.576   34.576  1
 1612.0 1611.9  1    2.952    2.952  1   34.577   34.577  1
 1614.0 1613.9  1    2.951    2.951  1   34.578   34.578  1
 1616.0 1615.9  1    2.952    2.952  1   34.578   34.578  1
 1618.0 1617.9  1    2.951    2.951  1   34.578   34.578  1
 1620.0 1619.9  1    2.947    2.947  1   34.578   34.578  1
 1622.0 1621.9  1    2.942    2.942  1   34.578   34.578  1
 1624.0 1623.9  1    2.939    2.939  1   34.579   34.579  1
 1626.0 1625.9  1    2.938    2.938  1   34.580   34.580  1
 1628.0 1627.9  1    2.936    2.936  1   34.580   34.580  1
 1630.0 1629.9  1    2.935    2.935  1   34.581   34.581  1
 1632.0 1631.9  1    2.936    2.936  1   34.583   34.583  1
 1634.0 1633.9  1    2.935    2.935  1   34.583   34.583  1
 1636.0 1635.9  1    2.933    2.933  1   34.583   34.583  1
 1638.0 1637.9  1    2.932    2.932  1   34.584   34.584  1
 1640.0 1639.9  1    2.933    2.933  1   34.585   34.585  1
 1642.0 1641.9  1    2.930    2.930  1   34.587   34.587  1
 1644.0 1643.9  1    2.930    2.930  1   34.587   34.587  1
 1646.0 1645.9  1    2.928    2.928  1   34.587   34.587  1
 1648.0 1647.9  1    2.926    2.926  1   34.589   34.589  1
 1650.0 1649.9  1    2.925    2.925  1   34.590   34.590  1
 1652.0 1651.9  1    2.920    2.920  1   34.590   34.590  1
 1654.0 1653.9  1    2.913    2.913  1   34.591   34.591  1
 1656.0 1655.9  1    2.911    2.911  1   34.593   34.593  1
 1658.0 1657.9  1    2.911    2.911  1   34.593   34.593  1
 1660.0 1659.9  1    2.911    2.911  1   34.594   34.594  1
 1662.0 1661.9  1    2.911    2.911  1   34.594   34.594  1
 1664.0 1663.9  1    2.911    2.911  1   34.595   34.595  1
 1666.0 1665.9  1    2.909    2.909  1   34.596   34.596  1
 1668.0 1667.9  1    2.907    2.907  1   34.597   34.597  1
 1670.0 1669.9  1    2.907    2.907  1   34.597   34.597  1
 1672.0 1671.9  1    2.907    2.907  1   34.598   34.598  1
 1674.0 1673.9  1    2.906    2.906  1   34.598   34.598  1
 1676.0 1675.9  1    2.904    2.904  1   34.599   34.599  1
 1678.0 1677.9  1    2.901    2.901  1   34.600   34.600  1
 1680.0 1679.9  1    2.899    2.899  1   34.601   34.601  1
 1682.0 1681.9  1    2.899    2.899  1   34.603   34.603  1
 1684.0 1683.9  1    2.898    2.898  1   34.604   34.604  1
 1686.0 1685.9  1    2.893    2.893  1   34.604   34.604  1
 1688.0 1687.9  1    2.887    2.887  1   34.604   34.604  1
 1690.0 1689.9  1    2.873    2.873  1   34.603   34.603  1
 1692.0 1691.9  1    2.867    2.867  1   34.602   34.602  1
 1694.0 1693.9  1    2.863    2.863  1   34.602   34.602  1
 1696.0 1695.9  1    2.856    2.856  1   34.603   34.603  1
 1698.0 1697.9  1    2.851    2.851  1   34.604   34.604  1
 1700.0 1699.9  1    2.850    2.850  1   34.605   34.605  1
 1702.0 1701.9  1    2.868    2.868  1   34.609   34.609  1
 1704.0 1703.9  1    2.881    2.881  1   34.611   34.611  1
 1706.0 1705.9  1    2.877    2.877  1   34.611   34.611  1
 1708.0 1707.9  1    2.869    2.869  1   34.613   34.613  1
 1710.0 1709.9  1    2.867    2.867  1   34.613   34.613  1
 1712.0 1711.9  1    2.866    2.866  1   34.613   34.613  1
 1714.0 1713.9  1    2.866    2.866  1   34.614   34.614  1
 1716.0 1715.9  1    2.862    2.862  1   34.615   34.615  1
 1718.0 1717.9  1    2.860    2.860  1   34.615   34.615  1
 1720.0 1719.9  1    2.859    2.859  1   34.615   34.615  1
 1722.1 1722.0  1    2.857    2.857  1   34.616   34.616  1
 1724.0 1723.9  1    2.854    2.854  1   34.615   34.615  1
 1726.0 1725.9  1    2.844    2.844  1   34.615   34.615  1
 1728.0 1727.9  1    2.840    2.840  1   34.616   34.616  1
 1730.0 1729.9  1    2.834    2.834  1   34.618   34.618  1
 1732.0 1731.9  1    2.831    2.831  1   34.618   34.618  1
 1734.0 1733.9  1    2.829    2.829  1   34.618   34.618  1
 1736.0 1735.9  1    2.822    2.822  1   34.618   34.618  1
 1738.0 1737.9  1    2.808    2.808  1   34.617   34.617  1
 1740.0 1739.9  1    2.801    2.801  1   34.618   34.618  1
 1742.0 1741.9  1    2.798    2.798  1   34.618   34.618  1
 1744.0 1743.9  1    2.796    2.796  1   34.619   34.619  1
 1746.0 1745.9  1    2.796    2.796  1   34.619   34.619  1
 1748.0 1747.9  1    2.789    2.789  1   34.620   34.620  1
 1750.0 1749.9  1    2.786    2.786  1   34.622   34.622  1
 1752.0 1751.9  1    2.786    2.786  1   34.623   34.623  1
 1754.0 1753.9  1    2.787    2.787  1   34.623   34.623  1
 1756.0 1755.9  1    2.784    2.784  1   34.624   34.624  1
 1758.0 1757.9  1    2.781    2.781  1   34.625   34.625  1
 1760.0 1759.9  1    2.781    2.781  1   34.627   34.627  1
 1762.0 1761.9  1    2.779    2.779  1   34.627   34.627  1
 1764.0 1763.9  1    2.778    2.778  1   34.628   34.628  1
 1766.0 1765.9  1    2.777    2.777  1   34.628   34.628  1
 1768.0 1767.9  1    2.775    2.775  1   34.629   34.629  1
 1770.0 1769.9  1    2.772    2.772  1   34.631   34.631  1
 1772.0 1771.9  1    2.769    2.769  1   34.632   34.632  1
 1774.0 1773.9  1    2.765    2.765  1   34.631   34.631  1
 1776.0 1775.9  1    2.760    2.760  1   34.631   34.631  1
 1778.0 1777.9  1    2.754    2.754  1   34.631   34.631  1
 1780.0 1779.9  1    2.752    2.752  1   34.632   34.632  1
 1782.0 1781.9  1    2.755    2.755  1   34.633   34.633  1
 1784.0 1783.9  1    2.759    2.759  1   34.634   34.634  1
 1786.0 1785.9  1    2.756    2.756  1   34.634   34.634  1
 1788.0 1787.9  1    2.753    2.753  1   34.634   34.634  1
 1790.0 1789.9  1    2.753    2.753  1   34.635   34.635  1
 1792.0 1791.9  1    2.752    2.752  1   34.636   34.636  1
 1794.0 1793.9  1    2.751    2.751  1   34.636   34.636  1
 1796.0 1795.9  1    2.748    2.748  1   34.637   34.637  1
 1798.0 1797.9  1    2.753    2.753  1   34.639   34.639  1
 1800.0 1799.9  1    2.756    2.756  1   34.640   34.640  1
 1802.0 1801.9  1    2.751    2.751  1   34.640   34.640  1
 1804.0 1803.9  1    2.741    2.741  1   34.640   34.640  1
 1806.0 1805.9  1    2.736    2.736  1   34.641   34.641  1
 1808.0 1807.9  1    2.731    2.731  1   34.641   34.641  1
 1810.0 1809.9  1    2.734    2.734  1   34.643   34.643  1
 1812.0 1811.9  1    2.737    2.737  1   34.644   34.644  1
 1814.0 1813.9  1    2.736    2.736  1   34.645   34.645  1
 1816.0 1815.9  1    2.749    2.749  1   34.648   34.648  1
 1818.0 1817.9  1    2.754    2.754  1   34.650   34.650  1
 1820.0 1819.9  1    2.751    2.751  1   34.650   34.650  1
 1822.0 1821.9  1    2.751    2.751  1   34.651   34.651  1
 1824.0 1823.9  1    2.751    2.751  1   34.652   34.652  1
 1826.0 1825.9  1    2.750    2.750  1   34.652   34.652  1
 1828.0 1827.9  1    2.748    2.748  1   34.653   34.653  1
 1830.0 1829.9  1    2.747    2.747  1   34.653   34.653  1
 1832.0 1831.9  1    2.744    2.744  1   34.654   34.654  1
 1834.0 1833.9  1    2.743    2.743  1   34.654   34.654  1
 1836.0 1835.9  1    2.743    2.743  1   34.654   34.654  1
 1838.0 1837.9  1    2.740    2.740  1   34.655   34.655  1
 1840.0 1839.9  1    2.738    2.738  1   34.655   34.655  1
 1842.0 1841.9  1    2.735    2.735  1   34.656   34.656  1
 1844.0 1843.9  1    2.733    2.733  1   34.656   34.656  1
 1846.0 1845.9  1    2.731    2.731  1   34.657   34.657  1
 1848.0 1847.9  1    2.728    2.728  1   34.657   34.657  1
 1850.0 1849.9  1    2.726    2.726  1   34.657   34.657  1
 1852.0 1851.9  1    2.724    2.724  1   34.658   34.658  1
 1854.0 1853.9  1    2.724    2.724  1   34.658   34.658  1
 1856.0 1855.9  1    2.723    2.723  1   34.658   34.658  1
 1858.0 1857.9  1    2.722    2.722  1   34.658   34.658  1
 1860.0 1859.9  1    2.719    2.719  1   34.659   34.659  1
 1862.0 1861.9  1    2.716    2.716  1   34.660   34.660  1
 1864.0 1863.9  1    2.712    2.712  1   34.660   34.660  1
 1866.0 1865.9  1    2.711    2.711  1   34.661   34.661  1
 1868.0 1867.9  1    2.709    2.709  1   34.661   34.661  1
 1870.0 1869.9  1    2.706    2.706  1   34.662   34.662  1
 1872.0 1871.9  1    2.705    2.705  1   34.662   34.662  1
 1874.0 1873.9  1    2.704    2.704  1   34.663   34.663  1
 1876.0 1875.9  1    2.704    2.704  1   34.663   34.663  1
 1878.0 1877.9  1    2.704    2.704  1   34.663   34.663  1
 1880.0 1879.9  1    2.702    2.702  1   34.663   34.663  1
 1882.0 1881.9  1    2.700    2.700  1   34.664   34.664  1
 1884.0 1883.9  1    2.697    2.697  1   34.664   34.664  1
 1886.0 1885.9  1    2.696    2.696  1   34.664   34.664  1
 1888.0 1887.9  1    2.696    2.696  1   34.665   34.665  1
 1890.0 1889.9  1    2.693    2.693  1   34.665   34.665  1
 1892.0 1891.9  1    2.689    2.689  1   34.666   34.666  1
 1894.0 1893.9  1    2.689    2.689  1   34.666   34.666  1
 1896.0 1895.9  1    2.689    2.689  1   34.666   34.666  1
 1898.0 1897.9  1    2.687    2.687  1   34.666   34.666  1
 1900.0 1899.9  1    2.685    2.685  1   34.667   34.667  1
 1902.0 1901.9  1    2.684    2.684  1   34.668   34.668  1
 1904.0 1903.9  1    2.683    2.683  1   34.668   34.668  1
 1906.0 1905.9  1    2.682    2.682  1   34.669   34.669  1
 1908.0 1907.9  1    2.679    2.679  1   34.669   34.669  1
 1910.0 1909.9  1    2.677    2.677  1   34.669   34.669  1
 1912.0 1911.9  1    2.673    2.673  1   34.670   34.670  1
 1914.0 1913.9  1    2.672    2.672  1   34.671   34.671  1
 1916.0 1915.9  1    2.673    2.673  1   34.671   34.671  1
 1918.0 1917.9  1    2.671    2.671  1   34.672   34.672  1
 1920.0 1919.9  1    2.671    2.671  1   34.673   34.673  1
 1922.0 1921.9  1    2.669    2.669  1   34.673   34.673  1
 1924.0 1923.9  1    2.666    2.666  1   34.673   34.673  1
 1926.0 1925.9  1    2.663    2.663  1   34.674   34.674  1
 1928.0 1927.9  1    2.660    2.660  1   34.675   34.675  1
 1930.0 1929.9  1    2.658    2.658  1   34.675   34.675  1
 1932.0 1931.9  1    2.656    2.656  1   34.675   34.675  1
 1934.0 1933.9  1    2.655    2.655  1   34.676   34.676  1
 1936.0 1935.9  1    2.653    2.653  1   34.676   34.676  1
 1938.0 1937.9  1    2.651    2.651  1   34.677   34.677  1
 1940.0 1939.9  1    2.649    2.649  1   34.677   34.677  1
 1942.0 1941.9  1    2.646    2.646  1   34.677   34.677  1
 1944.0 1943.9  1    2.645    2.645  1   34.678   34.678  1
 1946.0 1945.9  1    2.644    2.644  1   34.678   34.678  1
 1948.0 1947.9  1    2.641    2.641  1   34.678   34.678  1
 1950.0 1949.9  1    2.637    2.637  1   34.678   34.678  1
 1952.0 1951.9  1    2.635    2.635  1   34.679   34.679  1
 1954.0 1953.9  1    2.631    2.631  1   34.679   34.679  1
 1956.0 1955.9  1    2.629    2.629  1   34.680   34.680  1
 1958.0 1957.9  1    2.627    2.627  1   34.680   34.680  1
 1960.0 1959.9  1    2.626    2.626  1   34.680   34.680  1
 1962.0 1961.9  1    2.625    2.625  1   34.681   34.681  1
 1964.0 1963.9  1    2.622    2.622  1   34.681   34.681  1
 1966.0 1965.9  1    2.619    2.619  1   34.682   34.682  1
 1968.0 1967.9  1    2.618    2.618  1   34.682   34.682  1
 1970.0 1969.9  1    2.617    2.617  1   34.682   34.682  1
 1972.0 1971.9  1    2.615    2.615  1   34.683   34.683  1
 1974.0 1973.9  1    2.613    2.613  1   34.683   34.683  1
 1976.0 1975.9  1    2.610    2.610  1   34.684   34.684  1
 1978.0 1977.9  1    2.608    2.608  1   34.684   34.684  1
 1980.0 1979.9  1    2.605    2.605  1   34.685   34.685  1
 1982.0 1981.9  1    2.603    2.603  1   34.685   34.685  1
 1984.1 1984.0  1    2.600    2.600  1   34.685   34.685  1
 1986.1 1986.0  1    2.599    2.599  1   34.685   34.685  1
