*SoftWare Version 3.0  2018/12/27

*HEADER
     PLATFORM NUMBER       :5904657
     CYCLE NUMBER          :139
     DATE CREATION         :20191209060025
     DATE UPDATE           :20191209060025
     PROJECT NAME          :UW, SOCCOM, Argo equivalent
     PI NAME               :STEPHEN RISER, KENNETH JOHNSON
     INSTRUMENT TYPE       :APEX
     FLOAT SERIAL NO       :7288
     FIRMWARE VERSION      :080913
     WMO INSTRUMENT TYPE   :846
     TRANSMISSION SYSTEM   :IRIDIUM
     POSITIONING SYSTEM    :GPS
     SAMPLE DIRECTION      :A(A=Ascend; D=Descend)
     DATA MODE             :A(R=Real Time; D=Delayed Mode; A=Real Time Adjusted)
     JULIAN DAY            :25544.1266 (days since 1950-01-01 00:00:00 UTC)
     DATE                  :2019-12-09
     QC FLAG FOR DATE      :1
*LOCATION
     LATITUDE              :-45.464
     LONGITUDE             :-9.685
     QC FLAG FOR LOCATION  :1
*FILE
     COLUMN 1              :Pressure (dbar)                             F7.1
     COLUMN 2              :Corrected Pressure (dbar)                   F7.1
     COLUMN 3              :Quality on Pressure                         I3
     COLUMN 4              :Temperature (degree_Celsius)                F9.3
     COLUMN 5              :Corrected Temperature (degree_Celsius)      F9.3
     COLUMN 6              :Quality on Temperature                      I3
     COLUMN 7              :Salinity (PSU)                              F9.3
     COLUMN 8              :Corrected Salinity (PSU)                    F9.3
     COLUMN 9              :Quality on Salinity                         I3
==========================================================================
    3.0    3.5  1    7.723    7.723  1   34.031   34.031  2
    4.0    4.5  1    7.723    7.723  1   34.031   34.031  2
    6.0    6.5  1    7.728    7.728  1   34.030   34.030  2
    8.0    8.5  1    7.730    7.730  1   34.030   34.030  2
   10.0   10.5  1    7.729    7.729  1   34.030   34.030  2
   12.0   12.5  1    7.727    7.727  1   34.030   34.030  2
   14.0   14.5  1    7.726    7.726  1   34.030   34.030  2
   16.0   16.5  1    7.725    7.725  1   34.030   34.030  2
   18.0   18.5  1    7.726    7.726  1   34.030   34.030  2
   20.0   20.5  1    7.726    7.726  1   34.030   34.030  2
   22.0   22.5  1    7.725    7.725  1   34.030   34.030  2
   24.0   24.5  1    7.725    7.725  1   34.030   34.030  2
   26.0   26.5  1    7.722    7.722  1   34.031   34.031  2
   28.1   28.6  1    7.713    7.713  1   34.031   34.031  2
   30.0   30.5  1    7.710    7.710  1   34.032   34.032  2
   32.0   32.5  1    7.685    7.685  1   34.032   34.032  2
   34.0   34.5  1    7.594    7.594  1   34.033   34.033  2
   35.6   36.1  1    7.006    7.006  1   34.043   34.043  2
   38.0   38.5  1    6.425    6.425  1   34.061   34.061  2
   40.0   40.5  1    6.300    6.300  1   34.066   34.066  2
   42.0   42.5  1    6.205    6.205  1   34.068   34.068  2
   44.0   44.5  1    6.162    6.162  1   34.069   34.069  2
   46.0   46.5  1    6.084    6.084  1   34.070   34.070  2
   48.0   48.5  1    5.968    5.968  1   34.075   34.075  2
   50.0   50.5  1    5.812    5.812  1   34.082   34.082  2
   52.0   52.5  1    5.668    5.668  1   34.084   34.084  2
   54.0   54.5  1    5.541    5.541  1   34.083   34.083  2
   56.0   56.5  1    5.463    5.463  1   34.084   34.084  2
   58.0   58.5  1    5.413    5.413  1   34.085   34.085  2
   60.0   60.5  1    5.368    5.368  1   34.086   34.086  2
   62.0   62.5  1    5.289    5.289  1   34.089   34.089  2
   64.0   64.5  1    5.257    5.257  1   34.091   34.091  2
   66.0   66.5  1    5.247    5.247  1   34.091   34.091  2
   68.0   68.5  1    5.236    5.236  1   34.091   34.091  2
   70.0   70.5  1    5.225    5.225  1   34.091   34.091  2
   72.0   72.5  1    5.217    5.217  1   34.091   34.091  2
   74.0   74.5  1    5.210    5.210  1   34.090   34.090  2
   76.0   76.5  1    5.204    5.204  1   34.090   34.090  2
   78.0   78.5  1    5.197    5.197  1   34.089   34.089  2
   80.0   80.5  1    5.189    5.189  1   34.089   34.089  2
   82.0   82.5  1    5.177    5.177  1   34.088   34.088  2
   84.0   84.5  1    5.155    5.155  1   34.088   34.088  2
   86.0   86.5  1    5.149    5.149  1   34.090   34.090  2
   88.0   88.5  1    5.147    5.147  1   34.092   34.092  2
   90.0   90.5  1    5.143    5.143  1   34.092   34.092  2
   92.0   92.5  1    5.133    5.133  1   34.092   34.092  2
   94.0   94.5  1    5.109    5.109  1   34.090   34.090  2
   96.0   96.5  1    5.065    5.065  1   34.087   34.087  2
   98.0   98.5  1    4.988    4.988  1   34.080   34.080  2
  100.0  100.5  1    4.928    4.928  1   34.077   34.077  2
  102.0  102.5  1    4.892    4.892  1   34.079   34.079  2
  104.0  104.5  1    4.886    4.886  1   34.081   34.081  2
  106.0  106.5  1    4.898    4.898  1   34.086   34.086  2
  108.0  108.5  1    4.920    4.920  1   34.092   34.092  2
  110.0  110.5  1    4.925    4.925  1   34.096   34.096  2
  112.0  112.5  1    4.916    4.916  1   34.095   34.095  2
  114.0  114.5  1    4.908    4.908  1   34.093   34.093  2
  116.0  116.5  1    4.902    4.902  1   34.093   34.093  2
  118.0  118.5  1    4.898    4.898  1   34.092   34.092  2
  120.0  120.5  1    4.892    4.892  1   34.092   34.092  2
  122.0  122.5  1    4.884    4.884  1   34.092   34.092  2
  124.0  124.5  1    4.876    4.876  1   34.094   34.094  2
  126.0  126.5  1    4.873    4.873  1   34.094   34.094  2
  128.0  128.5  1    4.806    4.806  1   34.094   34.094  2
  130.0  130.5  1    4.752    4.752  1   34.093   34.093  2
  132.0  132.5  1    4.736    4.736  1   34.094   34.094  2
  134.0  134.5  1    4.719    4.719  1   34.096   34.096  2
  136.0  136.5  1    4.715    4.715  1   34.101   34.101  2
  138.0  138.5  1    4.761    4.761  1   34.112   34.112  2
  140.0  140.5  1    4.779    4.779  1   34.115   34.115  2
  142.0  142.5  1    4.751    4.751  1   34.112   34.112  2
  144.0  144.5  1    4.662    4.662  1   34.109   34.109  2
  146.0  146.5  1    4.646    4.646  1   34.111   34.111  2
  148.0  148.5  1    4.650    4.650  1   34.115   34.115  2
  150.0  150.5  1    4.649    4.649  1   34.118   34.118  2
  152.0  152.5  1    4.642    4.642  1   34.121   34.121  2
  154.0  154.5  1    4.626    4.626  1   34.122   34.122  2
  156.0  156.5  1    4.618    4.618  1   34.122   34.122  2
  158.0  158.5  1    4.606    4.606  1   34.126   34.126  2
  160.0  160.5  1    4.600    4.600  1   34.128   34.128  2
  162.0  162.5  1    4.585    4.585  1   34.129   34.129  2
  164.0  164.5  1    4.574    4.574  1   34.132   34.132  2
  166.0  166.5  1    4.573    4.573  1   34.135   34.135  2
  168.0  168.5  1    4.569    4.569  1   34.137   34.137  2
  170.0  170.5  1    4.560    4.560  1   34.140   34.140  2
  172.0  172.5  1    4.555    4.555  1   34.142   34.142  2
  174.0  174.5  1    4.542    4.542  1   34.145   34.145  2
  176.0  176.5  1    4.544    4.544  1   34.150   34.150  2
  178.0  178.5  1    4.506    4.506  1   34.151   34.151  2
  180.0  180.5  1    4.467    4.467  1   34.151   34.151  2
  182.0  182.5  1    4.447    4.447  1   34.152   34.152  2
  184.0  184.5  1    4.450    4.450  1   34.155   34.155  2
  186.0  186.5  1    4.456    4.456  1   34.158   34.158  2
  187.9  188.4  1    4.458    4.458  1   34.159   34.159  2
  190.0  190.5  1    4.459    4.459  1   34.159   34.159  2
  192.0  192.5  1    4.459    4.459  1   34.160   34.160  2
  194.0  194.5  1    4.457    4.457  1   34.161   34.161  2
  196.0  196.5  1    4.427    4.427  1   34.162   34.162  2
  198.0  198.5  1    4.443    4.443  1   34.167   34.167  2
  200.0  200.5  1    4.426    4.426  1   34.169   34.169  2
  202.0  202.5  1    4.417    4.417  1   34.168   34.168  2
  204.0  204.5  1    4.404    4.404  1   34.168   34.168  2
  206.0  206.5  1    4.397    4.397  1   34.169   34.169  2
  208.0  208.5  1    4.382    4.382  1   34.170   34.170  2
  210.0  210.5  1    4.372    4.372  1   34.170   34.170  2
  212.0  212.5  1    4.360    4.360  1   34.171   34.171  2
  214.0  214.5  1    4.358    4.358  1   34.171   34.171  2
  216.0  216.5  1    4.342    4.342  1   34.173   34.173  2
  218.0  218.5  1    4.321    4.321  1   34.174   34.174  2
  220.0  220.5  1    4.316    4.316  1   34.175   34.175  2
  222.0  222.5  1    4.317    4.317  1   34.176   34.176  2
  224.0  224.5  1    4.314    4.314  1   34.176   34.176  2
  226.0  226.5  1    4.298    4.298  1   34.176   34.176  2
  228.0  228.5  1    4.272    4.272  1   34.177   34.177  2
  230.0  230.5  1    4.264    4.264  1   34.177   34.177  2
  232.0  232.5  1    4.261    4.261  1   34.178   34.178  2
  234.0  234.5  1    4.258    4.258  1   34.178   34.178  2
  236.0  236.5  1    4.257    4.257  1   34.178   34.178  2
  238.0  238.5  1    4.250    4.250  1   34.177   34.177  2
  240.0  240.5  1    4.218    4.218  1   34.179   34.179  2
  242.0  242.5  1    4.207    4.207  1   34.179   34.179  2
  244.0  244.5  1    4.197    4.197  1   34.179   34.179  2
  246.0  246.5  1    4.186    4.186  1   34.179   34.179  2
  248.0  248.5  1    4.177    4.177  1   34.180   34.180  2
  250.0  250.5  1    4.171    4.171  1   34.180   34.180  2
  252.0  252.5  1    4.164    4.164  1   34.180   34.180  2
  254.0  254.5  1    4.160    4.160  1   34.180   34.180  2
  256.0  256.5  1    4.150    4.150  1   34.179   34.179  2
  258.0  258.5  1    4.129    4.129  1   34.179   34.179  2
  260.0  260.5  1    4.099    4.099  1   34.181   34.181  2
  262.0  262.5  1    4.088    4.088  1   34.181   34.181  2
  264.0  264.5  1    4.079    4.079  1   34.181   34.181  2
  266.0  266.5  1    4.077    4.077  1   34.181   34.181  2
  268.0  268.5  1    4.074    4.074  1   34.181   34.181  2
  270.0  270.5  1    4.068    4.068  1   34.180   34.180  2
  272.0  272.5  1    4.059    4.059  1   34.180   34.180  2
  274.0  274.5  1    4.042    4.042  1   34.180   34.180  2
  276.0  276.5  1    4.012    4.012  1   34.180   34.180  2
  278.0  278.5  1    3.990    3.990  1   34.180   34.180  2
  280.0  280.5  1    3.980    3.980  1   34.180   34.180  2
  282.0  282.5  1    3.969    3.969  1   34.180   34.180  2
  284.0  284.5  1    3.962    3.962  1   34.180   34.180  2
  286.0  286.5  1    3.955    3.955  1   34.180   34.180  2
  288.0  288.5  1    3.945    3.945  1   34.180   34.180  2
  290.0  290.5  1    3.924    3.924  1   34.179   34.179  2
  292.0  292.5  1    3.916    3.916  1   34.179   34.179  2
  294.0  294.5  1    3.907    3.907  1   34.179   34.179  2
  296.0  296.5  1    3.898    3.898  1   34.179   34.179  2
  298.0  298.5  1    3.887    3.887  1   34.179   34.179  2
  300.0  300.5  1    3.871    3.871  1   34.179   34.179  2
  302.0  302.5  1    3.851    3.851  1   34.179   34.179  2
  304.0  304.5  1    3.843    3.843  1   34.179   34.179  2
  306.0  306.5  1    3.843    3.843  1   34.179   34.179  2
  308.0  308.5  1    3.845    3.845  1   34.179   34.179  2
  310.0  310.5  1    3.841    3.841  1   34.178   34.178  2
  312.0  312.5  1    3.828    3.828  1   34.178   34.178  2
  314.0  314.5  1    3.812    3.812  1   34.179   34.179  2
  316.0  316.5  1    3.803    3.803  1   34.180   34.180  2
  318.0  318.5  1    3.797    3.797  1   34.181   34.181  2
  320.0  320.5  1    3.791    3.791  1   34.180   34.180  2
  322.0  322.5  1    3.785    3.785  1   34.180   34.180  2
  324.0  324.5  1    3.770    3.770  1   34.181   34.181  2
  326.0  326.5  1    3.759    3.759  1   34.181   34.181  2
  328.0  328.5  1    3.744    3.744  1   34.182   34.182  2
  330.0  330.5  1    3.737    3.737  1   34.182   34.182  2
  332.0  332.5  1    3.727    3.727  1   34.182   34.182  2
  334.0  334.5  1    3.718    3.718  1   34.182   34.182  2
  336.0  336.5  1    3.706    3.706  1   34.182   34.182  2
  338.0  338.5  1    3.688    3.688  1   34.182   34.182  2
  340.0  340.5  1    3.679    3.679  1   34.183   34.183  2
  342.0  342.5  1    3.671    3.671  1   34.183   34.183  2
  344.0  344.5  1    3.663    3.663  1   34.183   34.183  2
  346.0  346.5  1    3.649    3.649  1   34.182   34.182  2
  348.0  348.5  1    3.625    3.625  1   34.183   34.183  2
  350.0  350.5  1    3.611    3.611  1   34.184   34.184  2
  352.0  352.5  1    3.607    3.607  1   34.184   34.184  2
  354.0  354.5  1    3.603    3.603  1   34.184   34.184  2
  356.0  356.5  1    3.598    3.598  1   34.185   34.185  2
  358.0  358.5  1    3.587    3.587  1   34.185   34.185  2
  360.0  360.5  1    3.581    3.581  1   34.185   34.185  2
  362.0  362.5  1    3.565    3.565  1   34.185   34.185  2
  364.0  364.5  1    3.534    3.534  1   34.186   34.186  2
  366.0  366.5  1    3.510    3.510  1   34.186   34.186  2
  368.0  368.5  1    3.500    3.500  1   34.186   34.186  2
  370.0  370.5  1    3.493    3.493  1   34.187   34.187  2
  372.0  372.5  1    3.490    3.490  1   34.186   34.186  2
  374.0  374.5  1    3.475    3.475  1   34.187   34.187  2
  376.0  376.5  1    3.469    3.469  1   34.187   34.187  2
  378.0  378.5  1    3.463    3.463  1   34.186   34.186  2
  380.0  380.5  1    3.457    3.457  1   34.186   34.186  2
  382.0  382.5  1    3.440    3.440  1   34.186   34.186  2
  384.0  384.5  1    3.409    3.409  1   34.187   34.187  2
  386.0  386.5  1    3.395    3.395  1   34.189   34.189  2
  388.0  388.5  1    3.392    3.392  1   34.189   34.189  2
  390.0  390.5  1    3.387    3.387  1   34.189   34.189  2
  392.0  392.5  1    3.379    3.379  1   34.190   34.190  2
  394.0  394.5  1    3.376    3.376  1   34.190   34.190  2
  396.0  396.5  1    3.366    3.366  1   34.192   34.192  2
  398.0  398.5  1    3.350    3.350  1   34.195   34.195  2
  400.0  400.5  1    3.345    3.345  1   34.196   34.196  2
  402.0  402.5  1    3.344    3.344  1   34.197   34.197  2
  404.0  404.5  1    3.336    3.336  1   34.198   34.198  2
  406.0  406.5  1    3.330    3.330  1   34.198   34.198  2
  408.0  408.5  1    3.324    3.324  1   34.198   34.198  2
  409.9  410.4  1    3.311    3.311  1   34.199   34.199  2
  412.0  412.5  1    3.301    3.301  1   34.200   34.200  2
  414.0  414.5  1    3.300    3.300  1   34.200   34.200  2
  416.0  416.5  1    3.298    3.298  1   34.201   34.201  2
  418.0  418.5  1    3.297    3.297  1   34.202   34.202  2
  419.9  420.4  1    3.295    3.295  1   34.203   34.203  2
  422.0  422.5  1    3.290    3.290  1   34.204   34.204  2
  424.0  424.5  1    3.287    3.287  1   34.205   34.205  2
  426.0  426.5  1    3.278    3.278  1   34.206   34.206  2
  428.0  428.5  1    3.269    3.269  1   34.208   34.208  2
  430.0  430.5  1    3.262    3.262  1   34.208   34.208  2
  432.0  432.5  1    3.257    3.257  1   34.208   34.208  2
  434.0  434.5  1    3.252    3.252  1   34.209   34.209  2
  436.0  436.5  1    3.241    3.241  1   34.212   34.212  2
  438.0  438.5  1    3.238    3.238  1   34.212   34.212  2
  440.0  440.5  1    3.235    3.235  1   34.213   34.213  2
  442.0  442.5  1    3.230    3.230  1   34.214   34.214  2
  444.0  444.5  1    3.222    3.222  1   34.215   34.215  2
  446.0  446.5  1    3.218    3.218  1   34.215   34.215  2
  448.0  448.5  1    3.213    3.213  1   34.215   34.215  2
  450.0  450.5  1    3.203    3.203  1   34.216   34.216  2
  452.0  452.5  1    3.194    3.194  1   34.217   34.217  2
  454.0  454.5  1    3.190    3.190  1   34.217   34.217  2
  456.0  456.5  1    3.185    3.185  1   34.218   34.218  2
  458.0  458.5  1    3.178    3.178  1   34.218   34.218  2
  460.0  460.5  1    3.175    3.175  1   34.219   34.219  2
  462.0  462.5  1    3.169    3.169  1   34.219   34.219  2
  464.0  464.5  1    3.158    3.158  1   34.220   34.220  2
  466.0  466.5  1    3.151    3.151  1   34.220   34.220  2
  468.0  468.5  1    3.140    3.140  1   34.221   34.221  2
  470.0  470.5  1    3.131    3.131  1   34.223   34.223  2
  472.0  472.5  1    3.124    3.124  1   34.223   34.223  2
  474.0  474.5  1    3.120    3.120  1   34.224   34.224  2
  476.0  476.5  1    3.118    3.118  1   34.224   34.224  2
  478.0  478.5  1    3.113    3.113  1   34.225   34.225  2
  480.0  480.5  1    3.108    3.108  1   34.226   34.226  2
  482.0  482.5  1    3.101    3.101  1   34.227   34.227  2
  484.0  484.5  1    3.095    3.095  1   34.228   34.228  2
  486.0  486.5  1    3.082    3.082  1   34.231   34.231  2
  488.0  488.5  1    3.067    3.067  1   34.235   34.235  2
  490.0  490.5  1    3.063    3.063  1   34.236   34.236  2
  492.0  492.5  1    3.062    3.062  1   34.236   34.236  2
  494.0  494.5  1    3.061    3.061  1   34.236   34.236  2
  496.0  496.5  1    3.057    3.057  1   34.237   34.237  2
  498.0  498.5  1    3.048    3.048  1   34.240   34.240  2
  500.0  500.5  1    3.043    3.043  1   34.243   34.243  2
  502.0  502.5  1    3.040    3.040  1   34.244   34.244  2
  504.0  504.5  1    3.032    3.032  1   34.245   34.245  2
  506.1  506.6  1    3.027    3.027  1   34.245   34.245  2
  508.0  508.5  1    3.027    3.027  1   34.246   34.246  2
  510.0  510.5  1    3.027    3.027  1   34.248   34.248  2
  512.0  512.5  1    3.031    3.031  1   34.249   34.249  2
  514.0  514.5  1    3.033    3.033  1   34.253   34.253  2
  516.0  516.5  1    3.030    3.030  1   34.254   34.254  2
  518.0  518.5  1    3.022    3.022  1   34.254   34.254  2
  520.0  520.5  1    3.017    3.017  1   34.255   34.255  2
  522.0  522.5  1    3.015    3.015  1   34.257   34.257  2
  524.0  524.5  1    3.018    3.018  1   34.258   34.258  2
  526.0  526.5  1    3.018    3.018  1   34.258   34.258  2
  528.0  528.5  1    3.012    3.012  1   34.260   34.260  2
  530.0  530.5  1    3.008    3.008  1   34.261   34.261  2
  532.0  532.5  1    3.005    3.005  1   34.262   34.262  2
  534.0  534.5  1    3.002    3.002  1   34.264   34.264  2
  536.0  536.5  1    3.000    3.000  1   34.265   34.265  2
  538.0  538.5  1    2.999    2.999  1   34.266   34.266  2
  540.0  540.5  1    2.998    2.998  1   34.267   34.267  2
  542.0  542.5  1    2.990    2.990  1   34.271   34.271  2
  544.0  544.5  1    2.983    2.983  1   34.273   34.273  2
  546.0  546.5  1    2.979    2.979  1   34.274   34.274  2
  548.0  548.5  1    2.977    2.977  1   34.275   34.275  2
  550.0  550.5  1    2.975    2.975  1   34.276   34.276  2
  552.0  552.5  1    2.969    2.969  1   34.279   34.279  2
  554.0  554.5  1    2.968    2.968  1   34.279   34.279  2
  556.0  556.5  1    2.967    2.967  1   34.280   34.280  2
  558.0  558.5  1    2.965    2.965  1   34.280   34.280  2
  560.0  560.5  1    2.962    2.962  1   34.282   34.282  2
  562.0  562.5  1    2.956    2.956  1   34.285   34.285  2
  564.0  564.5  1    2.955    2.955  1   34.286   34.286  2
  566.0  566.5  1    2.954    2.954  1   34.286   34.286  2
  568.0  568.5  1    2.953    2.953  1   34.288   34.288  2
  570.0  570.5  1    2.950    2.950  1   34.290   34.290  2
  572.0  572.5  1    2.949    2.949  1   34.290   34.290  2
  574.0  574.5  1    2.949    2.949  1   34.290   34.290  2
  576.0  576.5  1    2.949    2.949  1   34.290   34.290  2
  578.0  578.5  1    2.949    2.949  1   34.291   34.291  2
  580.0  580.5  1    2.947    2.947  1   34.292   34.292  2
  582.0  582.5  1    2.945    2.945  1   34.293   34.293  2
  584.0  584.5  1    2.945    2.945  1   34.294   34.294  2
  586.0  586.5  1    2.944    2.944  1   34.296   34.296  2
  588.0  588.5  1    2.943    2.943  1   34.297   34.297  2
  590.0  590.5  1    2.943    2.943  1   34.298   34.298  2
  592.0  592.5  1    2.944    2.944  1   34.301   34.301  2
  594.0  594.5  1    2.946    2.946  1   34.302   34.302  2
  596.0  596.5  1    2.947    2.947  1   34.303   34.303  2
  598.0  598.5  1    2.945    2.945  1   34.305   34.305  2
  600.0  600.5  1    2.931    2.931  1   34.307   34.307  2
  602.0  602.5  1    2.924    2.924  1   34.309   34.309  2
  604.0  604.5  1    2.920    2.920  1   34.311   34.311  2
  606.0  606.5  1    2.920    2.920  1   34.312   34.312  2
  608.0  608.5  1    2.919    2.919  1   34.313   34.313  2
  610.0  610.5  1    2.917    2.917  1   34.315   34.315  2
  612.0  612.5  1    2.917    2.917  1   34.316   34.316  2
  614.0  614.5  1    2.918    2.918  1   34.316   34.316  2
  616.0  616.5  1    2.919    2.919  1   34.317   34.317  2
  618.0  618.5  1    2.918    2.918  1   34.319   34.319  2
  620.0  620.5  1    2.918    2.918  1   34.320   34.320  2
  622.0  622.5  1    2.918    2.918  1   34.321   34.321  2
  624.0  624.5  1    2.918    2.918  1   34.321   34.321  2
  626.0  626.5  1    2.919    2.919  1   34.322   34.322  2
  628.0  628.5  1    2.919    2.919  1   34.322   34.322  2
  630.0  630.5  1    2.919    2.919  1   34.323   34.323  2
  632.0  632.5  1    2.920    2.920  1   34.324   34.324  2
  634.0  634.5  1    2.921    2.921  1   34.325   34.325  2
  636.0  636.5  1    2.924    2.924  1   34.327   34.327  2
  638.0  638.5  1    2.929    2.929  1   34.329   34.329  2
  640.0  640.5  1    2.935    2.935  1   34.333   34.333  2
  642.0  642.5  1    2.938    2.938  1   34.337   34.337  2
  644.0  644.5  1    2.938    2.938  1   34.340   34.340  2
  646.0  646.5  1    2.939    2.939  1   34.341   34.341  2
  648.0  648.5  1    2.937    2.937  1   34.341   34.341  2
  650.0  650.5  1    2.934    2.934  1   34.341   34.341  2
  652.0  652.5  1    2.933    2.933  1   34.342   34.342  2
  654.0  654.5  1    2.933    2.933  1   34.343   34.343  2
  656.0  656.5  1    2.933    2.933  1   34.343   34.343  2
  658.0  658.5  1    2.933    2.933  1   34.343   34.343  2
  660.0  660.5  1    2.933    2.933  1   34.344   34.344  2
  662.0  662.5  1    2.933    2.933  1   34.347   34.347  2
  664.0  664.5  1    2.931    2.931  1   34.349   34.349  2
  666.0  666.5  1    2.931    2.931  1   34.349   34.349  2
  668.0  668.5  1    2.931    2.931  1   34.350   34.350  2
  670.0  670.5  1    2.932    2.932  1   34.351   34.351  2
  672.0  672.5  1    2.932    2.932  1   34.351   34.351  2
  674.0  674.5  1    2.933    2.933  1   34.351   34.351  2
  676.0  676.5  1    2.933    2.933  1   34.351   34.351  2
  678.0  678.5  1    2.934    2.934  1   34.351   34.351  2
  680.0  680.5  1    2.933    2.933  1   34.352   34.352  2
  682.0  682.5  1    2.931    2.931  1   34.353   34.353  2
  684.0  684.5  1    2.928    2.928  1   34.354   34.354  2
  686.0  686.5  1    2.924    2.924  1   34.358   34.358  2
  688.0  688.5  1    2.923    2.923  1   34.359   34.359  2
  690.0  690.5  1    2.922    2.922  1   34.360   34.360  2
  692.0  692.5  1    2.920    2.920  1   34.362   34.362  2
  694.0  694.5  1    2.920    2.920  1   34.363   34.363  2
  696.0  696.5  1    2.920    2.920  1   34.363   34.363  2
  698.0  698.5  1    2.918    2.918  1   34.365   34.365  2
  700.0  700.5  1    2.907    2.907  1   34.368   34.368  2
  702.0  702.5  1    2.904    2.904  1   34.369   34.369  2
  704.0  704.5  1    2.900    2.900  1   34.369   34.369  2
  706.0  706.5  1    2.890    2.890  1   34.369   34.369  2
  708.0  708.5  1    2.892    2.892  1   34.374   34.374  2
  710.0  710.5  1    2.896    2.896  1   34.377   34.377  2
  712.0  712.5  1    2.894    2.894  1   34.378   34.378  2
  714.0  714.5  1    2.891    2.891  1   34.379   34.379  2
  716.0  716.5  1    2.888    2.888  1   34.379   34.379  2
  718.0  718.5  1    2.886    2.886  1   34.380   34.380  2
  720.0  720.5  1    2.883    2.883  1   34.381   34.381  2
  722.0  722.5  1    2.881    2.881  1   34.381   34.381  2
  724.0  724.5  1    2.880    2.880  1   34.383   34.383  2
  726.0  726.5  1    2.876    2.876  1   34.386   34.386  2
  728.0  728.5  1    2.868    2.868  1   34.391   34.391  2
  730.0  730.5  1    2.864    2.864  1   34.394   34.394  2
  732.0  732.5  1    2.854    2.854  1   34.396   34.396  2
  734.0  734.5  1    2.853    2.853  1   34.396   34.396  2
  736.0  736.5  1    2.850    2.850  1   34.397   34.397  2
  738.0  738.5  1    2.847    2.847  1   34.398   34.398  2
  740.0  740.5  1    2.844    2.844  1   34.398   34.398  2
  742.0  742.5  1    2.838    2.838  1   34.399   34.399  2
  744.0  744.5  1    2.833    2.833  1   34.401   34.401  2
  746.0  746.5  1    2.832    2.832  1   34.403   34.403  2
  748.0  748.5  1    2.831    2.831  1   34.404   34.404  2
  750.0  750.5  1    2.834    2.834  1   34.407   34.407  2
  752.0  752.5  1    2.834    2.834  1   34.408   34.408  2
  754.0  754.5  1    2.834    2.834  1   34.409   34.409  2
  756.0  756.5  1    2.833    2.833  1   34.409   34.409  2
  758.0  758.5  1    2.830    2.830  1   34.410   34.410  2
  760.0  760.5  1    2.825    2.825  1   34.409   34.409  2
  762.0  762.5  1    2.820    2.820  1   34.410   34.410  2
  764.0  764.5  1    2.817    2.817  1   34.412   34.412  2
  766.0  766.5  1    2.815    2.815  1   34.413   34.413  2
  768.0  768.5  1    2.814    2.814  1   34.415   34.415  2
  770.0  770.5  1    2.814    2.814  1   34.417   34.417  2
  772.0  772.5  1    2.812    2.812  1   34.419   34.419  2
  774.0  774.5  1    2.810    2.810  1   34.423   34.423  2
  776.0  776.5  1    2.812    2.812  1   34.423   34.423  2
  778.0  778.5  1    2.812    2.812  1   34.425   34.425  2
  780.0  780.5  1    2.811    2.811  1   34.428   34.428  2
  782.0  782.5  1    2.813    2.813  1   34.430   34.430  2
  784.0  784.5  1    2.815    2.815  1   34.431   34.431  2
  786.0  786.5  1    2.816    2.816  1   34.432   34.432  2
  788.0  788.5  1    2.816    2.816  1   34.432   34.432  2
  790.0  790.5  1    2.816    2.816  1   34.433   34.433  2
  792.0  792.5  1    2.820    2.820  1   34.434   34.434  2
  794.0  794.5  1    2.820    2.820  1   34.435   34.435  2
  796.0  796.5  1    2.820    2.820  1   34.435   34.435  2
  798.0  798.5  1    2.822    2.822  1   34.437   34.437  2
  800.0  800.5  1    2.826    2.826  1   34.438   34.438  2
  802.0  802.5  1    2.826    2.826  1   34.440   34.440  2
  804.0  804.5  1    2.826    2.826  1   34.441   34.441  2
  806.0  806.5  1    2.823    2.823  1   34.443   34.443  2
  808.0  808.5  1    2.821    2.821  1   34.445   34.445  2
  810.0  810.5  1    2.819    2.819  1   34.447   34.447  2
  812.0  812.5  1    2.818    2.818  1   34.448   34.448  2
  814.0  814.5  1    2.816    2.816  1   34.449   34.449  2
  816.0  816.5  1    2.813    2.813  1   34.452   34.452  2
  818.0  818.5  1    2.804    2.804  1   34.457   34.457  2
  820.0  820.5  1    2.802    2.802  1   34.458   34.458  2
  822.0  822.5  1    2.801    2.801  1   34.459   34.459  2
  824.0  824.5  1    2.799    2.799  1   34.461   34.461  2
  826.0  826.5  1    2.798    2.798  1   34.462   34.462  2
  828.0  828.5  1    2.798    2.798  1   34.463   34.463  2
  830.0  830.5  1    2.797    2.797  1   34.464   34.464  2
  832.0  832.5  1    2.795    2.795  1   34.465   34.465  2
  834.0  834.5  1    2.792    2.792  1   34.465   34.465  2
  836.0  836.5  1    2.787    2.787  1   34.466   34.466  2
  838.0  838.5  1    2.787    2.787  1   34.468   34.468  2
  840.0  840.5  1    2.788    2.788  1   34.469   34.469  2
  842.0  842.5  1    2.790    2.790  1   34.470   34.470  2
  844.0  844.5  1    2.790    2.790  1   34.471   34.471  2
  846.0  846.5  1    2.789    2.789  1   34.471   34.471  2
  848.0  848.5  1    2.789    2.789  1   34.473   34.473  2
  850.0  850.5  1    2.789    2.789  1   34.474   34.474  2
  852.0  852.5  1    2.785    2.785  1   34.474   34.474  2
  854.0  854.5  1    2.783    2.783  1   34.477   34.477  2
  856.0  856.5  1    2.777    2.777  1   34.482   34.482  2
  858.0  858.5  1    2.776    2.776  1   34.482   34.482  2
  860.0  860.5  1    2.775    2.775  1   34.484   34.484  2
  862.0  862.5  1    2.775    2.775  1   34.485   34.485  2
  864.0  864.5  1    2.774    2.774  1   34.486   34.486  2
  866.0  866.5  1    2.771    2.771  1   34.488   34.488  2
  868.0  868.5  1    2.769    2.769  1   34.489   34.489  2
  870.0  870.5  1    2.767    2.767  1   34.490   34.490  2
  872.0  872.5  1    2.763    2.763  1   34.492   34.492  2
  874.0  874.5  1    2.761    2.761  1   34.493   34.493  2
  876.0  876.5  1    2.757    2.757  1   34.494   34.494  2
  878.0  878.5  1    2.751    2.751  1   34.496   34.496  2
  880.0  880.5  1    2.749    2.749  1   34.497   34.497  2
  882.0  882.5  1    2.745    2.745  1   34.498   34.498  2
  884.0  884.5  1    2.741    2.741  1   34.498   34.498  2
  886.0  886.5  1    2.740    2.740  1   34.499   34.499  2
  888.0  888.5  1    2.736    2.736  1   34.500   34.500  2
  890.0  890.5  1    2.732    2.732  1   34.502   34.502  2
  892.0  892.5  1    2.731    2.731  1   34.502   34.502  2
  894.0  894.5  1    2.729    2.729  1   34.503   34.503  2
  896.0  896.5  1    2.728    2.728  1   34.503   34.503  2
  898.0  898.5  1    2.728    2.728  1   34.504   34.504  2
  900.0  900.5  1    2.728    2.728  1   34.504   34.504  2
  902.0  902.5  1    2.728    2.728  1   34.504   34.504  2
  904.0  904.5  1    2.728    2.728  1   34.504   34.504  2
  906.0  906.5  1    2.728    2.728  1   34.505   34.505  2
  908.0  908.5  1    2.727    2.727  1   34.505   34.505  2
  910.0  910.5  1    2.727    2.727  1   34.506   34.506  2
  912.0  912.5  1    2.726    2.726  1   34.507   34.507  2
  914.0  914.5  1    2.727    2.727  1   34.507   34.507  2
  916.0  916.5  1    2.725    2.725  1   34.508   34.508  2
  918.0  918.5  1    2.725    2.725  1   34.509   34.509  2
  920.0  920.5  1    2.725    2.725  1   34.509   34.509  2
  922.0  922.5  1    2.725    2.725  1   34.509   34.509  2
  924.0  924.5  1    2.725    2.725  1   34.509   34.509  2
  926.0  926.5  1    2.725    2.725  1   34.510   34.510  2
  928.0  928.5  1    2.724    2.724  1   34.512   34.512  2
  930.0  930.5  1    2.724    2.724  1   34.513   34.513  2
  932.0  932.5  1    2.724    2.724  1   34.513   34.513  2
  934.0  934.5  1    2.725    2.725  1   34.514   34.514  2
  936.0  936.5  1    2.725    2.725  1   34.515   34.515  2
  938.0  938.5  1    2.726    2.726  1   34.516   34.516  2
  940.0  940.5  1    2.726    2.726  1   34.517   34.517  2
  942.0  942.5  1    2.727    2.727  1   34.519   34.519  2
  944.0  944.5  1    2.726    2.726  1   34.520   34.520  2
  946.0  946.5  1    2.727    2.727  1   34.521   34.521  2
  948.0  948.5  1    2.726    2.726  1   34.522   34.522  2
  950.0  950.5  1    2.725    2.725  1   34.524   34.524  2
  952.0  952.5  1    2.726    2.726  1   34.526   34.526  2
  954.0  954.5  1    2.726    2.726  1   34.528   34.528  2
  956.0  956.5  1    2.725    2.725  1   34.530   34.530  2
  958.0  958.5  1    2.724    2.724  1   34.531   34.531  2
  960.0  960.5  1    2.726    2.726  1   34.535   34.535  2
  962.0  962.5  1    2.723    2.723  1   34.538   34.538  2
  964.0  964.5  1    2.722    2.722  1   34.541   34.541  2
  966.0  966.5  1    2.721    2.721  1   34.542   34.542  2
  968.0  968.5  1    2.720    2.720  1   34.543   34.543  2
  970.0  970.5  1    2.719    2.719  1   34.544   34.544  2
  972.0  972.5  1    2.719    2.719  1   34.546   34.546  2
  974.0  974.5  1    2.720    2.720  1   34.547   34.547  2
  976.0  976.5  1    2.720    2.720  1   34.549   34.549  2
  978.0  978.5  1    2.720    2.720  1   34.550   34.550  2
  979.4  979.9  1    2.720    2.720  1   34.550   34.550  2
  999.7 1000.2  1    2.712    2.712  1   34.563   34.563  2
 1098.4 1098.9  1    2.671    2.671  1   34.611   34.611  2
 1198.9 1199.4  1    2.662    2.662  1   34.655   34.655  2
 1299.4 1299.9  1    2.632    2.632  1   34.691   34.691  2
 1399.1 1399.5  1    2.601    2.601  1   34.721   34.721  2
 1498.9 1499.4  1    2.522    2.522  1   34.737   34.737  2
 1599.1 1599.6  1    2.500    2.500  1   34.763   34.763  2
 1698.8 1699.3  1    2.466    2.466  1   34.786   34.786  2
 1799.5 1800.0  1    2.381    2.381  1   34.790   34.790  2
 1898.2 1898.7  1    2.282    2.282  1   34.796   34.796  2
