*SoftWare Version 3.0  2018/12/27

*HEADER
     PLATFORM NUMBER       :5904372
     CYCLE NUMBER          :254
     DATE CREATION         :20191216180033
     DATE UPDATE           :20191216180033
     PROJECT NAME          :US ARGO PROJECT
     PI NAME               :DEAN ROEMMICH
     INSTRUMENT TYPE       :SOLO_II
     FLOAT SERIAL NO       :8177
     FIRMWARE VERSION      :V01.50; SBE602 17May13
     WMO INSTRUMENT TYPE   :853
     TRANSMISSION SYSTEM   :IRIDIUM
     POSITIONING SYSTEM    :GPS
     SAMPLE DIRECTION      :A(A=Ascend; D=Descend)
     DATA MODE             :R(R=Real Time; D=Delayed Mode; A=Real Time Adjusted)
     JULIAN DAY            :25550.5024 (days since 1950-01-01 00:00:00 UTC)
     DATE                  :2019-12-15
     QC FLAG FOR DATE      :1
*LOCATION
     LATITUDE              :-35.940 
     LONGITUDE             :165.473 
     QC FLAG FOR LOCATION  :1
*FILE
     COLUMN 1              :Pressure (dbar)                             F7.1
     COLUMN 2              :Corrected Pressure (dbar)                   F7.1
     COLUMN 3              :Quality on Pressure                         I3
     COLUMN 4              :Temperature (degree_Celsius)                F9.3
     COLUMN 5              :Corrected Temperature (degree_Celsius)      F9.3
     COLUMN 6              :Quality on Temperature                      I3
     COLUMN 7              :Salinity (PSU)                              F9.3
     COLUMN 8              :Corrected Salinity (PSU)                    F9.3
     COLUMN 9              :Quality on Salinity                         I3
==========================================================================
    1.1    1.1  1   20.096   20.096  1   35.582   35.582  1
    2.0    2.0  1   20.093   20.093  1   35.582   35.582  1
    3.0    3.0  1   20.096   20.096  1   35.582   35.582  1
    3.9    3.9  1   20.099   20.099  1   35.581   35.581  1
    5.0    5.0  1   20.099   20.099  1   35.581   35.581  1
    6.0    6.0  1   20.099   20.099  1   35.581   35.581  1
    7.0    7.0  1   20.102   20.102  1   35.580   35.580  1
    8.0    8.0  1   20.102   20.102  1   35.579   35.579  1
    9.0    9.0  1   20.102   20.102  1   35.578   35.578  1
   10.0   10.0  1   20.033   20.033  1   35.583   35.583  1
   10.7   10.7  1   19.967   19.967  1   35.584   35.584  1
   12.0   12.0  1   19.925   19.925  1   35.586   35.586  1
   14.0   14.0  1   19.832   19.832  1   35.588   35.588  1
   16.0   16.0  1   19.790   19.790  1   35.588   35.588  1
   18.0   18.0  1   19.760   19.760  1   35.588   35.588  1
   20.0   20.0  1   19.712   19.712  1   35.589   35.589  1
   22.0   22.0  1   19.658   19.658  1   35.591   35.591  1
   24.0   24.0  1   19.577   19.577  1   35.591   35.591  1
   26.0   26.0  1   19.430   19.430  1   35.593   35.593  1
   28.0   28.0  1   19.142   19.142  1   35.601   35.601  1
   30.0   30.0  1   18.935   18.935  1   35.604   35.604  1
   32.0   32.0  1   18.566   18.566  1   35.617   35.617  1
   34.0   34.0  1   18.401   18.401  1   35.618   35.618  1
   36.0   36.0  1   18.230   18.230  1   35.614   35.614  1
   38.0   38.0  1   17.858   17.858  1   35.619   35.619  1
   40.0   40.0  1   17.772   17.772  1   35.615   35.615  1
   42.0   42.0  1   17.570   17.570  1   35.616   35.616  1
   44.0   44.0  1   17.398   17.398  1   35.612   35.612  1
   46.0   46.0  1   17.282   17.282  1   35.610   35.610  1
   48.0   48.0  1   17.066   17.066  1   35.608   35.608  1
   50.0   50.0  1   16.998   16.998  1   35.606   35.606  1
   52.0   52.0  1   16.998   16.998  1   35.606   35.606  1
   54.0   54.0  1   16.980   16.980  1   35.604   35.604  1
   56.0   56.0  1   16.924   16.924  1   35.602   35.602  1
   58.0   58.0  1   16.852   16.852  1   35.599   35.599  1
   59.9   59.9  1   16.792   16.792  1   35.596   35.596  1
   62.0   62.0  1   16.762   16.762  1   35.593   35.593  1
   64.0   64.0  1   16.708   16.708  1   35.590   35.590  1
   66.0   66.0  1   16.574   16.574  1   35.584   35.584  1
   68.0   68.0  1   16.480   16.480  1   35.579   35.579  1
   70.0   70.0  1   16.434   16.434  1   35.578   35.578  1
   72.0   72.0  1   16.380   16.380  1   35.577   35.577  1
   74.0   74.0  1   16.372   16.372  1   35.576   35.576  1
   76.0   76.0  1   16.332   16.332  1   35.575   35.575  1
   78.0   78.0  1   16.254   16.254  1   35.572   35.572  1
   80.0   80.0  1   16.224   16.224  1   35.571   35.571  1
   82.0   82.0  1   16.214   16.214  1   35.570   35.570  1
   84.0   84.0  1   16.198   16.198  1   35.567   35.567  1
   86.0   86.0  1   16.132   16.132  1   35.564   35.564  1
   88.0   88.0  1   16.070   16.070  1   35.560   35.560  1
   90.0   90.0  1   16.040   16.040  1   35.561   35.561  1
   92.0   92.0  1   16.027   16.027  1   35.560   35.560  1
   94.0   94.0  1   16.010   16.010  1   35.560   35.560  1
   96.0   96.0  1   15.987   15.987  1   35.559   35.559  1
   98.0   98.0  1   15.970   15.970  1   35.558   35.558  1
  100.0  100.0  1   15.960   15.960  1   35.557   35.557  1
  102.0  102.0  1   15.950   15.950  1   35.556   35.556  1
  104.0  104.0  1   15.915   15.915  1   35.555   35.555  1
  106.0  106.0  1   15.869   15.869  1   35.554   35.554  1
  108.0  108.0  1   15.818   15.818  1   35.552   35.552  1
  110.0  110.0  1   15.805   15.805  1   35.553   35.553  1
  112.0  112.0  1   15.804   15.804  1   35.554   35.554  1
  114.0  114.0  1   15.796   15.796  1   35.555   35.555  1
  115.9  115.9  1   15.790   15.790  1   35.556   35.556  1
  118.0  118.0  1   15.786   15.786  1   35.556   35.556  1
  120.0  120.0  1   15.781   15.781  1   35.556   35.556  1
  122.0  122.0  1   15.771   15.771  1   35.556   35.556  1
  124.0  124.0  1   15.758   15.758  1   35.557   35.557  1
  126.0  126.0  1   15.744   15.744  1   35.558   35.558  1
  128.0  128.0  1   15.738   15.738  1   35.558   35.558  1
  130.0  130.0  1   15.735   15.735  1   35.558   35.558  1
  132.0  132.0  1   15.726   15.726  1   35.559   35.559  1
  134.0  134.0  1   15.713   15.713  1   35.560   35.560  1
  136.0  136.0  1   15.680   15.680  1   35.557   35.557  1
  138.0  138.0  1   15.667   15.667  1   35.555   35.555  1
  140.0  140.0  1   15.654   15.654  1   35.554   35.554  1
  142.0  142.0  1   15.644   15.644  1   35.555   35.555  1
  144.0  144.0  1   15.638   15.638  1   35.554   35.554  1
  146.0  146.0  1   15.623   15.623  1   35.553   35.553  1
  148.0  148.0  1   15.618   15.618  1   35.552   35.552  1
  150.0  150.0  1   15.610   15.610  1   35.551   35.551  1
  152.0  152.0  1   15.606   15.606  1   35.550   35.550  1
  154.0  154.0  1   15.600   15.600  1   35.549   35.549  1
  156.0  156.0  1   15.575   15.575  1   35.546   35.546  1
  158.0  158.0  1   15.535   15.535  1   35.539   35.539  1
  160.0  160.0  1   15.506   15.506  1   35.535   35.535  1
  162.0  162.0  1   15.487   15.487  1   35.533   35.533  1
  164.0  164.0  1   15.463   15.463  1   35.530   35.530  1
  166.0  166.0  1   15.432   15.432  1   35.525   35.525  1
  168.0  168.0  1   15.389   15.389  1   35.521   35.521  1
  170.0  170.0  1   15.358   15.358  1   35.516   35.516  1
  172.0  172.0  1   15.336   15.336  1   35.514   35.514  1
  174.0  174.0  1   15.321   15.321  1   35.512   35.512  1
  176.0  176.0  1   15.268   15.268  1   35.505   35.505  1
  178.0  178.0  1   15.251   15.251  1   35.502   35.502  1
  179.9  179.9  1   15.229   15.229  1   35.499   35.499  1
  182.0  182.0  1   15.204   15.204  1   35.494   35.494  1
  184.0  184.0  1   15.150   15.150  1   35.487   35.487  1
  186.0  186.0  1   15.097   15.097  1   35.481   35.481  1
  188.0  188.0  1   15.095   15.095  1   35.481   35.481  1
  190.0  190.0  1   15.096   15.096  1   35.482   35.482  1
  192.0  192.0  1   15.083   15.083  1   35.481   35.481  1
  194.0  194.0  1   15.067   15.067  1   35.478   35.478  1
  196.0  196.0  1   15.062   15.062  1   35.478   35.478  1
  198.0  198.0  1   15.064   15.064  1   35.478   35.478  1
  200.0  200.0  1   15.003   15.003  1   35.472   35.472  1
  202.0  202.0  1   14.929   14.929  1   35.461   35.461  1
  204.0  204.0  1   14.915   14.915  1   35.459   35.459  1
  206.0  206.0  1   14.907   14.907  1   35.456   35.456  1
  208.0  208.0  1   14.880   14.880  1   35.452   35.452  1
  210.0  210.0  1   14.823   14.823  1   35.446   35.446  1
  212.0  212.0  1   14.769   14.769  1   35.439   35.439  1
  214.0  214.0  1   14.713   14.713  1   35.433   35.433  1
  216.0  216.0  1   14.669   14.669  1   35.427   35.427  1
  218.0  218.0  1   14.636   14.636  1   35.423   35.423  1
  220.0  220.0  1   14.616   14.616  1   35.420   35.420  1
  222.0  222.0  1   14.600   14.600  1   35.417   35.417  1
  223.9  223.9  1   14.574   14.574  1   35.413   35.413  1
  226.0  226.0  1   14.514   14.514  1   35.405   35.405  1
  228.0  228.0  1   14.403   14.403  1   35.391   35.391  1
  230.0  230.0  1   14.299   14.299  1   35.377   35.377  1
  232.0  232.0  1   14.298   14.298  1   35.376   35.376  1
  234.0  234.0  1   14.293   14.293  1   35.375   35.375  1
  235.9  235.9  1   14.243   14.243  1   35.367   35.367  1
  238.0  238.0  1   14.184   14.184  1   35.358   35.358  1
  240.0  240.0  1   14.113   14.113  1   35.349   35.349  1
  242.0  242.0  1   14.060   14.060  1   35.343   35.343  1
  244.0  244.0  1   14.045   14.045  1   35.341   35.341  1
  246.1  246.1  1   14.043   14.043  1   35.340   35.340  1
  248.1  248.1  1   14.000   14.000  1   35.335   35.335  1
  250.0  250.0  1   13.963   13.963  1   35.330   35.330  1
  252.0  252.0  1   13.950   13.950  1   35.327   35.327  1
  254.1  254.1  1   13.938   13.938  1   35.325   35.325  1
  256.0  256.0  1   13.900   13.900  1   35.321   35.321  1
  258.0  258.0  1   13.846   13.846  1   35.314   35.314  1
  260.0  260.0  1   13.781   13.781  1   35.306   35.306  1
  262.0  262.0  1   13.753   13.753  1   35.302   35.302  1
  264.0  264.0  1   13.736   13.736  1   35.300   35.300  1
  266.0  266.0  1   13.715   13.715  1   35.297   35.297  1
  268.0  268.0  1   13.704   13.704  1   35.295   35.295  1
  270.0  270.0  1   13.682   13.682  1   35.293   35.293  1
  272.0  272.0  1   13.667   13.667  1   35.290   35.290  1
  274.0  274.0  1   13.625   13.625  1   35.285   35.285  1
  276.0  276.0  1   13.568   13.568  1   35.277   35.277  1
  277.9  277.9  1   13.538   13.538  1   35.273   35.273  1
  280.0  280.0  1   13.516   13.516  1   35.270   35.270  1
  282.0  282.0  1   13.495   13.495  1   35.266   35.266  1
  284.1  284.1  1   13.444   13.444  1   35.260   35.260  1
  286.0  286.0  1   13.394   13.394  1   35.252   35.252  1
  288.0  288.0  1   13.346   13.346  1   35.246   35.246  1
  290.0  290.0  1   13.323   13.323  1   35.242   35.242  1
  292.0  292.0  1   13.314   13.314  1   35.240   35.240  1
  294.0  294.0  1   13.274   13.274  1   35.234   35.234  1
  296.0  296.0  1   13.202   13.202  1   35.225   35.225  1
  298.0  298.0  1   13.173   13.173  1   35.222   35.222  1
  300.0  300.0  1   13.123   13.123  1   35.214   35.214  1
  302.0  302.0  1   13.038   13.038  1   35.199   35.199  1
  304.0  304.0  1   12.993   12.993  1   35.191   35.191  1
  306.0  306.0  1   12.959   12.959  1   35.186   35.186  1
  308.0  308.0  1   12.914   12.914  1   35.180   35.180  1
  310.0  310.0  1   12.834   12.834  1   35.168   35.168  1
  312.0  312.0  1   12.807   12.807  1   35.164   35.164  1
  314.0  314.0  1   12.789   12.789  1   35.162   35.162  1
  316.0  316.0  1   12.747   12.747  1   35.156   35.156  1
  318.0  318.0  1   12.712   12.712  1   35.150   35.150  1
  320.1  320.1  1   12.627   12.627  1   35.138   35.138  1
  322.0  322.0  1   12.583   12.583  1   35.131   35.131  1
  324.0  324.0  1   12.531   12.531  1   35.124   35.124  1
  326.0  326.0  1   12.427   12.427  1   35.112   35.112  1
  328.0  328.0  1   12.387   12.387  1   35.107   35.107  1
  329.9  329.9  1   12.368   12.368  1   35.104   35.104  1
  332.0  332.0  1   12.339   12.339  1   35.100   35.100  1
  334.0  334.0  1   12.296   12.296  1   35.095   35.095  1
  336.0  336.0  1   12.262   12.262  1   35.091   35.091  1
  338.0  338.0  1   12.235   12.235  1   35.087   35.087  1
  340.0  340.0  1   12.168   12.168  1   35.080   35.080  1
  342.0  342.0  1   12.139   12.139  1   35.075   35.075  1
  344.0  344.0  1   12.133   12.133  1   35.074   35.074  1
  346.0  346.0  1   12.129   12.129  1   35.073   35.073  1
  348.0  348.0  1   12.126   12.126  1   35.073   35.073  1
  350.0  350.0  1   12.110   12.110  1   35.071   35.071  1
  352.0  352.0  1   12.094   12.094  1   35.068   35.068  1
  354.0  354.0  1   12.081   12.081  1   35.065   35.065  1
  356.0  356.0  1   12.033   12.033  1   35.059   35.059  1
  358.0  358.0  1   11.999   11.999  1   35.054   35.054  1
  360.0  360.0  1   11.946   11.946  1   35.048   35.048  1
  362.0  362.0  1   11.934   11.934  1   35.046   35.046  1
  364.0  364.0  1   11.916   11.916  1   35.044   35.044  1
  366.1  366.1  1   11.901   11.901  1   35.042   35.042  1
  368.0  368.0  1   11.885   11.885  1   35.040   35.040  1
  370.1  370.1  1   11.885   11.885  1   35.039   35.039  1
  372.0  372.0  1   11.884   11.884  1   35.038   35.038  1
  374.0  374.0  1   11.870   11.870  1   35.036   35.036  1
  376.0  376.0  1   11.830   11.830  1   35.031   35.031  1
  378.0  378.0  1   11.780   11.780  1   35.026   35.026  1
  380.0  380.0  1   11.752   11.752  1   35.021   35.021  1
  382.0  382.0  1   11.739   11.739  1   35.020   35.020  1
  384.0  384.0  1   11.735   11.735  1   35.018   35.018  1
  386.0  386.0  1   11.706   11.706  1   35.014   35.014  1
  388.0  388.0  1   11.652   11.652  1   35.007   35.007  1
  390.0  390.0  1   11.596   11.596  1   34.999   34.999  1
  392.0  392.0  1   11.512   11.512  1   34.989   34.989  1
  394.0  394.0  1   11.477   11.477  1   34.985   34.985  1
  396.0  396.0  1   11.468   11.468  1   34.983   34.983  1
  398.0  398.0  1   11.467   11.467  1   34.982   34.982  1
  400.0  400.0  1   11.433   11.433  1   34.978   34.978  1
  402.0  402.0  1   11.396   11.396  1   34.973   34.973  1
  404.0  404.0  1   11.343   11.343  1   34.966   34.966  1
  406.0  406.0  1   11.241   11.241  1   34.955   34.955  1
  408.0  408.0  1   11.213   11.213  1   34.951   34.951  1
  410.0  410.0  1   11.205   11.205  1   34.950   34.950  1
  412.0  412.0  1   11.196   11.196  1   34.948   34.948  1
  414.0  414.0  1   11.183   11.183  1   34.947   34.947  1
  416.0  416.0  1   11.172   11.172  1   34.945   34.945  1
  418.0  418.0  1   11.147   11.147  1   34.942   34.942  1
  420.0  420.0  1   11.118   11.118  1   34.938   34.938  1
  422.0  422.0  1   11.103   11.103  1   34.936   34.936  1
  424.0  424.0  1   11.078   11.078  1   34.932   34.932  1
  426.0  426.0  1   11.058   11.058  1   34.929   34.929  1
  428.0  428.0  1   11.035   11.035  1   34.926   34.926  1
  430.0  430.0  1   11.000   11.000  1   34.921   34.921  1
  432.0  432.0  1   10.961   10.961  1   34.916   34.916  1
  434.0  434.0  1   10.958   10.958  1   34.915   34.915  1
  436.0  436.0  1   10.915   10.915  1   34.909   34.909  1
  438.0  438.0  1   10.819   10.819  1   34.898   34.898  1
  440.0  440.0  1   10.794   10.794  1   34.894   34.894  1
  442.0  442.0  1   10.772   10.772  1   34.891   34.891  1
  444.0  444.0  1   10.729   10.729  1   34.885   34.885  1
  446.0  446.0  1   10.685   10.685  1   34.880   34.880  1
  448.0  448.0  1   10.634   10.634  1   34.874   34.874  1
  450.0  450.0  1   10.618   10.618  1   34.871   34.871  1
  452.0  452.0  1   10.618   10.618  1   34.871   34.871  1
  454.0  454.0  1   10.611   10.611  1   34.870   34.870  1
  456.0  456.0  1   10.600   10.600  1   34.868   34.868  1
  458.0  458.0  1   10.579   10.579  1   34.865   34.865  1
  460.0  460.0  1   10.557   10.557  1   34.863   34.863  1
  462.0  462.0  1   10.547   10.547  1   34.862   34.862  1
  464.0  464.0  1   10.538   10.538  1   34.861   34.861  1
  466.0  466.0  1   10.533   10.533  1   34.860   34.860  1
  468.0  468.0  1   10.526   10.526  1   34.859   34.859  1
  470.0  470.0  1   10.517   10.517  1   34.858   34.858  1
  472.0  472.0  1   10.502   10.502  1   34.856   34.856  1
  474.0  474.0  1   10.477   10.477  1   34.853   34.853  1
  476.0  476.0  1   10.463   10.463  1   34.851   34.851  1
  478.0  478.0  1   10.448   10.448  1   34.849   34.849  1
  480.0  480.0  1   10.395   10.395  1   34.843   34.843  1
  482.0  482.0  1   10.374   10.374  1   34.840   34.840  1
  484.0  484.0  1   10.356   10.356  1   34.837   34.837  1
  486.0  486.0  1   10.286   10.286  1   34.829   34.829  1
  488.0  488.0  1   10.200   10.200  1   34.819   34.819  1
  490.0  490.0  1   10.160   10.160  1   34.814   34.814  1
  492.0  492.0  1   10.160   10.160  1   34.813   34.813  1
  494.0  494.0  1   10.147   10.147  1   34.811   34.811  1
  496.0  496.0  1   10.120   10.120  1   34.808   34.808  1
  498.0  498.0  1   10.083   10.083  1   34.803   34.803  1
  500.0  500.0  1   10.044   10.044  1   34.799   34.799  1
  502.0  502.0  1   10.023   10.023  1   34.796   34.796  1
  504.0  504.0  1   10.011   10.011  1   34.794   34.794  1
  506.0  506.0  1    9.993    9.993  1   34.792   34.792  1
  508.0  508.0  1    9.977    9.977  1   34.789   34.789  1
  510.0  510.0  1    9.949    9.949  1   34.786   34.786  1
  512.0  512.0  1    9.929    9.929  1   34.784   34.784  1
  514.0  514.0  1    9.925    9.925  1   34.783   34.783  1
  516.0  516.0  1    9.903    9.903  1   34.780   34.780  1
  518.0  518.0  1    9.863    9.863  1   34.775   34.775  1
  520.0  520.0  1    9.838    9.838  1   34.772   34.772  1
  522.0  522.0  1    9.833    9.833  1   34.771   34.771  1
  524.0  524.0  1    9.823    9.823  1   34.769   34.769  1
  526.0  526.0  1    9.799    9.799  1   34.766   34.766  1
  528.0  528.0  1    9.767    9.767  1   34.762   34.762  1
  530.0  530.0  1    9.719    9.719  1   34.757   34.757  1
  532.0  532.0  1    9.689    9.689  1   34.753   34.753  1
  534.0  534.0  1    9.674    9.674  1   34.751   34.751  1
  536.0  536.0  1    9.668    9.668  1   34.750   34.750  1
  538.0  538.0  1    9.648    9.648  1   34.747   34.747  1
  540.0  540.0  1    9.633    9.633  1   34.745   34.745  1
  542.0  542.0  1    9.618    9.618  1   34.743   34.743  1
  544.0  544.0  1    9.591    9.591  1   34.740   34.740  1
  546.0  546.0  1    9.562    9.562  1   34.737   34.737  1
  548.0  548.0  1    9.532    9.532  1   34.734   34.734  1
  550.0  550.0  1    9.510    9.510  1   34.731   34.731  1
  552.0  552.0  1    9.488    9.488  1   34.729   34.729  1
  554.0  554.0  1    9.482    9.482  1   34.728   34.728  1
  556.0  556.0  1    9.480    9.480  1   34.727   34.727  1
  558.0  558.0  1    9.463    9.463  1   34.726   34.726  1
  560.0  560.0  1    9.433    9.433  1   34.722   34.722  1
  562.0  562.0  1    9.414    9.414  1   34.720   34.720  1
  564.0  564.0  1    9.396    9.396  1   34.718   34.718  1
  566.0  566.0  1    9.376    9.376  1   34.715   34.715  1
  568.0  568.0  1    9.353    9.353  1   34.713   34.713  1
  570.0  570.0  1    9.339    9.339  1   34.712   34.712  1
  572.0  572.0  1    9.336    9.336  1   34.711   34.711  1
  574.1  574.1  1    9.332    9.332  1   34.711   34.711  1
  576.0  576.0  1    9.326    9.326  1   34.710   34.710  1
  578.0  578.0  1    9.321    9.321  1   34.709   34.709  1
  580.0  580.0  1    9.306    9.306  1   34.707   34.707  1
  582.0  582.0  1    9.263    9.263  1   34.703   34.703  1
  584.0  584.0  1    9.247    9.247  1   34.701   34.701  1
  586.0  586.0  1    9.235    9.235  1   34.700   34.700  1
  588.0  588.0  1    9.221    9.221  1   34.698   34.698  1
  590.0  590.0  1    9.200    9.200  1   34.696   34.696  1
  592.0  592.0  1    9.185    9.185  1   34.694   34.694  1
  594.0  594.0  1    9.174    9.174  1   34.693   34.693  1
  596.0  596.0  1    9.156    9.156  1   34.691   34.691  1
  598.0  598.0  1    9.132    9.132  1   34.688   34.688  1
  600.0  600.0  1    9.106    9.106  1   34.685   34.685  1
  602.0  602.0  1    9.081    9.081  1   34.683   34.683  1
  604.0  604.0  1    9.056    9.056  1   34.681   34.681  1
  606.0  606.0  1    9.043    9.043  1   34.679   34.679  1
  608.0  608.0  1    9.018    9.018  1   34.676   34.676  1
  610.0  610.0  1    8.997    8.997  1   34.673   34.673  1
  612.0  612.0  1    8.966    8.966  1   34.670   34.670  1
  614.0  614.0  1    8.922    8.922  1   34.666   34.666  1
  616.0  616.0  1    8.878    8.878  1   34.661   34.661  1
  618.0  618.0  1    8.856    8.856  1   34.659   34.659  1
  620.0  620.0  1    8.849    8.849  1   34.658   34.658  1
  622.0  622.0  1    8.845    8.845  1   34.658   34.658  1
  624.0  624.0  1    8.841    8.841  1   34.657   34.657  1
  626.0  626.0  1    8.835    8.835  1   34.656   34.656  1
  628.0  628.0  1    8.829    8.829  1   34.655   34.655  1
  630.0  630.0  1    8.807    8.807  1   34.653   34.653  1
  632.0  632.0  1    8.795    8.795  1   34.651   34.651  1
  634.0  634.0  1    8.764    8.764  1   34.647   34.647  1
  636.0  636.0  1    8.703    8.703  1   34.642   34.642  1
  638.0  638.0  1    8.663    8.663  1   34.639   34.639  1
  640.0  640.0  1    8.640    8.640  1   34.636   34.636  1
  642.0  642.0  1    8.632    8.632  1   34.635   34.635  1
  644.0  644.0  1    8.622    8.622  1   34.634   34.634  1
  646.0  646.0  1    8.610    8.610  1   34.633   34.633  1
  648.0  648.0  1    8.591    8.591  1   34.631   34.631  1
  650.0  650.0  1    8.568    8.568  1   34.629   34.629  1
  652.0  652.0  1    8.525    8.525  1   34.626   34.626  1
  654.0  654.0  1    8.510    8.510  1   34.625   34.625  1
  656.0  656.0  1    8.506    8.506  1   34.624   34.624  1
  658.0  658.0  1    8.499    8.499  1   34.623   34.623  1
  660.0  660.0  1    8.492    8.492  1   34.622   34.622  1
  662.0  662.0  1    8.456    8.456  1   34.619   34.619  1
  664.0  664.0  1    8.414    8.414  1   34.617   34.617  1
  666.0  666.0  1    8.393    8.393  1   34.616   34.616  1
  668.0  668.0  1    8.384    8.384  1   34.615   34.615  1
  670.0  670.0  1    8.378    8.378  1   34.614   34.614  1
  672.0  672.0  1    8.368    8.368  1   34.613   34.613  1
  674.0  674.0  1    8.361    8.361  1   34.612   34.612  1
  676.0  676.0  1    8.350    8.350  1   34.611   34.611  1
  678.0  678.0  1    8.329    8.329  1   34.609   34.609  1
  680.0  680.0  1    8.299    8.299  1   34.605   34.605  1
  682.0  682.0  1    8.233    8.233  1   34.599   34.599  1
  684.0  684.0  1    8.202    8.202  1   34.596   34.596  1
  686.0  686.0  1    8.190    8.190  1   34.595   34.595  1
  688.0  688.0  1    8.178    8.178  1   34.593   34.593  1
  690.0  690.0  1    8.166    8.166  1   34.591   34.591  1
  692.0  692.0  1    8.138    8.138  1   34.588   34.588  1
  694.0  694.0  1    8.104    8.104  1   34.584   34.584  1
  696.0  696.0  1    8.097    8.097  1   34.583   34.583  1
  698.0  698.0  1    8.093    8.093  1   34.584   34.584  1
  700.0  700.0  1    8.085    8.085  1   34.583   34.583  1
  702.0  702.0  1    8.062    8.062  1   34.581   34.581  1
  704.0  704.0  1    8.051    8.051  1   34.579   34.579  1
  706.0  706.0  1    8.046    8.046  1   34.578   34.578  1
  708.0  708.0  1    8.039    8.039  1   34.576   34.576  1
  710.0  710.0  1    8.010    8.010  1   34.573   34.573  1
  712.0  712.0  1    7.956    7.956  1   34.568   34.568  1
  714.0  714.0  1    7.931    7.931  1   34.565   34.565  1
  716.0  716.0  1    7.892    7.892  1   34.562   34.562  1
  718.0  718.0  1    7.873    7.873  1   34.560   34.560  1
  720.0  720.0  1    7.855    7.855  1   34.559   34.559  1
  722.0  722.0  1    7.820    7.820  1   34.557   34.557  1
  724.0  724.0  1    7.810    7.810  1   34.556   34.556  1
  726.0  726.0  1    7.800    7.800  1   34.556   34.556  1
  728.0  728.0  1    7.784    7.784  1   34.554   34.554  1
  730.0  730.0  1    7.780    7.780  1   34.554   34.554  1
  732.0  732.0  1    7.776    7.776  1   34.553   34.553  1
  734.0  734.0  1    7.771    7.771  1   34.553   34.553  1
  736.0  736.0  1    7.767    7.767  1   34.552   34.552  1
  738.0  738.0  1    7.751    7.751  1   34.550   34.550  1
  740.0  740.0  1    7.719    7.719  1   34.547   34.547  1
  741.9  741.9  1    7.708    7.708  1   34.546   34.546  1
  744.0  744.0  1    7.689    7.689  1   34.545   34.545  1
  746.0  746.0  1    7.684    7.684  1   34.544   34.544  1
  748.0  748.0  1    7.680    7.680  1   34.544   34.544  1
  750.0  750.0  1    7.665    7.665  1   34.542   34.542  1
  752.0  752.0  1    7.656    7.656  1   34.541   34.541  1
  754.0  754.0  1    7.641    7.641  1   34.540   34.540  1
  756.0  756.0  1    7.615    7.615  1   34.538   34.538  1
  758.0  758.0  1    7.590    7.590  1   34.536   34.536  1
  760.0  760.0  1    7.575    7.575  1   34.534   34.534  1
  762.0  762.0  1    7.567    7.567  1   34.534   34.534  1
  764.0  764.0  1    7.554    7.554  1   34.532   34.532  1
  766.0  766.0  1    7.538    7.538  1   34.531   34.531  1
  768.0  768.0  1    7.507    7.507  1   34.529   34.529  1
  770.0  770.0  1    7.481    7.481  1   34.527   34.527  1
  772.0  772.0  1    7.467    7.467  1   34.526   34.526  1
  774.0  774.0  1    7.462    7.462  1   34.526   34.526  1
  776.0  776.0  1    7.443    7.443  1   34.525   34.525  1
  778.0  778.0  1    7.424    7.424  1   34.523   34.523  1
  780.0  780.0  1    7.414    7.414  1   34.522   34.522  1
  782.0  782.0  1    7.400    7.400  1   34.521   34.521  1
  784.0  784.0  1    7.384    7.384  1   34.520   34.520  1
  786.0  786.0  1    7.368    7.368  1   34.519   34.519  1
  788.0  788.0  1    7.346    7.346  1   34.517   34.517  1
  790.0  790.0  1    7.325    7.325  1   34.515   34.515  1
  792.0  792.0  1    7.257    7.257  1   34.511   34.511  1
  794.0  794.0  1    7.252    7.252  1   34.510   34.510  1
  796.0  796.0  1    7.230    7.230  1   34.509   34.509  1
  798.0  798.0  1    7.186    7.186  1   34.507   34.507  1
  800.0  800.0  1    7.179    7.179  1   34.506   34.506  1
  802.0  802.0  1    7.157    7.157  1   34.505   34.505  1
  804.0  804.0  1    7.155    7.155  1   34.504   34.504  1
  806.0  806.0  1    7.153    7.153  1   34.504   34.504  1
  808.0  808.0  1    7.148    7.148  1   34.503   34.503  1
  810.0  810.0  1    7.139    7.139  1   34.503   34.503  1
  812.0  812.0  1    7.116    7.116  1   34.502   34.502  1
  814.0  814.0  1    7.099    7.099  1   34.501   34.501  1
  816.0  816.0  1    7.074    7.074  1   34.499   34.499  1
  818.0  818.0  1    7.057    7.057  1   34.498   34.498  1
  820.0  820.0  1    7.045    7.045  1   34.498   34.498  1
  822.0  822.0  1    7.027    7.027  1   34.497   34.497  1
  824.0  824.0  1    7.004    7.004  1   34.495   34.495  1
  826.0  826.0  1    6.961    6.961  1   34.493   34.493  1
  828.0  828.0  1    6.937    6.937  1   34.493   34.493  1
  830.0  830.0  1    6.910    6.910  1   34.492   34.492  1
  832.0  832.0  1    6.897    6.897  1   34.491   34.491  1
  834.0  834.0  1    6.873    6.873  1   34.489   34.489  1
  836.0  836.0  1    6.861    6.861  1   34.489   34.489  1
  838.0  838.0  1    6.846    6.846  1   34.488   34.488  1
  840.0  840.0  1    6.837    6.837  1   34.487   34.487  1
  842.0  842.0  1    6.806    6.806  1   34.486   34.486  1
  844.0  844.0  1    6.769    6.769  1   34.485   34.485  1
  846.0  846.0  1    6.755    6.755  1   34.484   34.484  1
  848.0  848.0  1    6.754    6.754  1   34.484   34.484  1
  850.0  850.0  1    6.754    6.754  1   34.483   34.483  1
  852.0  852.0  1    6.740    6.740  1   34.483   34.483  1
  854.0  854.0  1    6.733    6.733  1   34.483   34.483  1
  856.0  856.0  1    6.728    6.728  1   34.482   34.482  1
  858.0  858.0  1    6.709    6.709  1   34.482   34.482  1
  860.0  860.0  1    6.692    6.692  1   34.482   34.482  1
  862.0  862.0  1    6.687    6.687  1   34.481   34.481  1
  864.0  864.0  1    6.683    6.683  1   34.481   34.481  1
  866.0  866.0  1    6.676    6.676  1   34.481   34.481  1
  868.0  868.0  1    6.667    6.667  1   34.480   34.480  1
  870.0  870.0  1    6.653    6.653  1   34.479   34.479  1
  872.0  872.0  1    6.624    6.624  1   34.480   34.480  1
  874.0  874.0  1    6.610    6.610  1   34.481   34.481  1
  876.0  876.0  1    6.593    6.593  1   34.482   34.482  1
  878.0  878.0  1    6.576    6.576  1   34.482   34.482  1
  880.0  880.0  1    6.571    6.571  1   34.483   34.483  1
  882.0  882.0  1    6.568    6.568  1   34.484   34.484  1
  884.0  884.0  1    6.563    6.563  1   34.484   34.484  1
  886.0  886.0  1    6.555    6.555  1   34.485   34.485  1
  888.0  888.0  1    6.546    6.546  1   34.487   34.487  1
  890.0  890.0  1    6.532    6.532  1   34.489   34.489  1
  892.0  892.0  1    6.520    6.520  1   34.490   34.490  1
  894.0  894.0  1    6.498    6.498  1   34.491   34.491  1
  896.0  896.0  1    6.483    6.483  1   34.491   34.491  1
  898.0  898.0  1    6.464    6.464  1   34.489   34.489  1
  900.0  900.0  1    6.441    6.441  1   34.488   34.488  1
  902.0  902.0  1    6.429    6.429  1   34.488   34.488  1
  904.0  904.0  1    6.399    6.399  1   34.488   34.488  1
  906.0  906.0  1    6.381    6.381  1   34.487   34.487  1
  908.0  908.0  1    6.368    6.368  1   34.487   34.487  1
  909.9  909.9  1    6.329    6.329  1   34.485   34.485  1
  912.0  912.0  1    6.319    6.319  1   34.484   34.484  1
  914.1  914.1  1    6.314    6.314  1   34.484   34.484  1
  916.1  916.1  1    6.306    6.306  1   34.484   34.484  1
  918.0  918.0  1    6.300    6.300  1   34.483   34.483  1
  920.0  920.0  1    6.284    6.284  1   34.482   34.482  1
  922.0  922.0  1    6.264    6.264  1   34.481   34.481  1
  924.0  924.0  1    6.240    6.240  1   34.481   34.481  1
  926.0  926.0  1    6.238    6.238  1   34.480   34.480  1
  928.0  928.0  1    6.236    6.236  1   34.480   34.480  1
  930.0  930.0  1    6.228    6.228  1   34.480   34.480  1
  932.0  932.0  1    6.225    6.225  1   34.480   34.480  1
  934.0  934.0  1    6.221    6.221  1   34.480   34.480  1
  936.0  936.0  1    6.215    6.215  1   34.480   34.480  1
  938.0  938.0  1    6.210    6.210  1   34.479   34.479  1
  940.0  940.0  1    6.195    6.195  1   34.478   34.478  1
  942.0  942.0  1    6.167    6.167  1   34.477   34.477  1
  944.0  944.0  1    6.155    6.155  1   34.476   34.476  1
  946.0  946.0  1    6.134    6.134  1   34.476   34.476  1
  948.0  948.0  1    6.108    6.108  1   34.476   34.476  1
  950.1  950.1  1    6.088    6.088  1   34.475   34.475  1
  952.2  952.2  1    6.072    6.072  1   34.473   34.473  1
  954.0  954.0  1    5.988    5.988  1   34.471   34.471  1
  956.0  956.0  1    5.951    5.951  1   34.471   34.471  1
  958.0  958.0  1    5.939    5.939  1   34.471   34.471  1
  960.0  960.0  1    5.932    5.932  1   34.471   34.471  1
  962.0  962.0  1    5.924    5.924  1   34.470   34.470  1
  964.0  964.0  1    5.895    5.895  1   34.469   34.469  1
  966.0  966.0  1    5.851    5.851  1   34.468   34.468  1
  968.0  968.0  1    5.767    5.767  1   34.468   34.468  1
  970.0  970.0  1    5.738    5.738  1   34.467   34.467  1
  972.0  972.0  1    5.736    5.736  1   34.467   34.467  1
  974.0  974.0  1    5.734    5.734  1   34.467   34.467  1
  976.0  976.0  1    5.731    5.731  1   34.467   34.467  1
  978.0  978.0  1    5.729    5.729  1   34.467   34.467  1
  980.0  980.0  1    5.727    5.727  1   34.467   34.467  1
  982.0  982.0  1    5.727    5.727  1   34.467   34.467  1
  984.0  984.0  1    5.724    5.724  1   34.467   34.467  1
  986.0  986.0  1    5.725    5.725  1   34.467   34.467  1
  988.0  988.0  1    5.724    5.724  1   34.467   34.467  1
  990.0  990.0  1    5.723    5.723  1   34.467   34.467  1
  992.0  992.0  1    5.721    5.721  1   34.467   34.467  1
  994.0  994.0  1    5.720    5.720  1   34.467   34.467  1
  996.0  996.0  1    5.719    5.719  1   34.467   34.467  1
  998.0  998.0  1    5.719    5.719  1   34.467   34.467  1
 1000.0 1000.0  1    5.719    5.719  1   34.467   34.467  1
 1002.0 1002.0  1    5.719    5.719  1   34.467   34.467  1
 1004.0 1004.0  1    5.720    5.720  1   34.467   34.467  1
 1006.0 1006.0  1    5.719    5.719  1   34.467   34.467  1
 1008.0 1008.0  1    5.717    5.717  1   34.467   34.467  1
 1010.4 1010.4  1    5.717    5.717  1   34.467   34.467  1
