*SoftWare Version 3.0  2018/12/27

*HEADER
     PLATFORM NUMBER       :5904626
     CYCLE NUMBER          :153
     DATE CREATION         :20191212100045
     DATE UPDATE           :20191212100045
     PROJECT NAME          :UW, Argo
     PI NAME               :STEPHEN RISER
     INSTRUMENT TYPE       :APEX
     FLOAT SERIAL NO       :7298
     FIRMWARE VERSION      :030715
     WMO INSTRUMENT TYPE   :846
     TRANSMISSION SYSTEM   :IRIDIUM
     POSITIONING SYSTEM    :GPS
     SAMPLE DIRECTION      :A(A=Ascend; D=Descend)
     DATA MODE             :A(R=Real Time; D=Delayed Mode; A=Real Time Adjusted)
     JULIAN DAY            :25547.3379 (days since 1950-01-01 00:00:00 UTC)
     DATE                  :2019-12-12
     QC FLAG FOR DATE      :1
*LOCATION
     LATITUDE              :-12.109 
     LONGITUDE             :-139.453
     QC FLAG FOR LOCATION  :1
*FILE
     COLUMN 1              :Pressure (dbar)                             F7.1
     COLUMN 2              :Corrected Pressure (dbar)                   F7.1
     COLUMN 3              :Quality on Pressure                         I3
     COLUMN 4              :Temperature (degree_Celsius)                F9.3
     COLUMN 5              :Corrected Temperature (degree_Celsius)      F9.3
     COLUMN 6              :Quality on Temperature                      I3
     COLUMN 7              :Salinity (PSU)                              F9.3
     COLUMN 8              :Corrected Salinity (PSU)                    F9.3
     COLUMN 9              :Quality on Salinity                         I3
==========================================================================
    4.1    4.6  1   28.332   28.332  1   35.950   35.950  1
    6.0    6.5  1   28.337   28.337  1   35.946   35.946  1
    8.0    8.5  1   28.344   28.344  1   35.940   35.940  1
   10.0   10.5  1   28.343   28.343  1   35.938   35.938  1
   12.0   12.5  1   28.343   28.343  1   35.935   35.935  1
   14.0   14.5  1   28.346   28.346  1   35.930   35.930  1
   16.0   16.5  1   28.348   28.348  1   35.925   35.925  1
   18.0   18.5  1   28.345   28.345  1   35.923   35.923  1
   20.0   20.5  1   28.341   28.341  1   35.922   35.922  1
   22.0   22.5  1   28.332   28.332  1   35.924   35.924  1
   24.0   24.5  1   28.325   28.325  1   35.926   35.926  1
   26.0   26.5  1   28.319   28.319  1   35.926   35.926  1
   28.0   28.5  1   28.312   28.312  1   35.929   35.929  1
   30.0   30.5  1   28.302   28.302  1   35.935   35.935  1
   32.0   32.5  1   28.306   28.306  1   35.930   35.930  1
   34.0   34.5  1   28.311   28.311  1   35.929   35.929  1
   36.0   36.5  1   28.309   28.309  1   35.943   35.943  1
   38.0   38.5  1   28.269   28.269  1   35.948   35.948  1
   40.0   40.5  1   28.235   28.235  1   35.943   35.943  1
   42.0   42.5  1   28.208   28.208  1   35.940   35.940  1
   44.0   44.5  1   28.191   28.191  1   35.937   35.937  1
   46.0   46.5  1   28.180   28.180  1   35.935   35.935  1
   48.0   48.5  1   28.169   28.169  1   35.934   35.934  1
   50.0   50.5  1   28.157   28.157  1   35.934   35.934  1
   52.0   52.5  1   28.150   28.150  1   35.934   35.934  1
   54.0   54.5  1   28.131   28.131  1   35.930   35.930  1
   56.0   56.5  1   28.100   28.100  1   35.924   35.924  1
   58.0   58.5  1   28.084   28.084  1   35.921   35.921  1
   60.0   60.5  1   28.055   28.055  1   35.917   35.917  1
   62.0   62.5  1   28.014   28.014  1   35.913   35.913  1
   64.0   64.5  1   27.974   27.974  1   35.915   35.915  1
   66.0   66.5  1   27.931   27.931  1   35.933   35.933  1
   68.0   68.5  1   27.897   27.897  1   35.955   35.955  1
   70.0   70.5  1   27.894   27.894  1   36.075   36.075  1
   72.0   72.5  1   27.901   27.901  1   36.184   36.184  1
   74.0   74.5  1   27.835   27.835  1   36.174   36.174  1
   76.0   76.5  1   27.702   27.702  1   36.154   36.154  1
   78.0   78.5  1   27.514   27.514  1   36.124   36.124  1
   80.0   80.5  1   27.408   27.408  1   36.143   36.143  1
   82.0   82.5  1   27.376   27.376  1   36.173   36.173  1
   84.0   84.5  1   27.330   27.330  1   36.179   36.179  1
   86.0   86.5  1   27.260   27.260  1   36.176   36.176  1
   88.0   88.5  1   27.195   27.195  1   36.181   36.181  1
   90.0   90.5  1   27.173   27.173  1   36.211   36.211  1
   92.0   92.5  1   27.172   27.172  1   36.267   36.267  1
   94.0   94.5  1   27.152   27.152  1   36.273   36.273  1
   96.0   96.5  1   27.077   27.077  1   36.266   36.266  1
   98.0   98.5  1   27.049   27.049  1   36.314   36.314  1
  100.0  100.5  1   26.858   26.858  1   36.313   36.313  1
  102.0  102.5  1   26.730   26.730  1   36.300   36.300  1
  104.0  104.5  1   26.725   26.725  1   36.302   36.302  1
  106.0  106.5  1   26.717   26.717  1   36.305   36.305  1
  108.0  108.5  1   26.622   26.622  1   36.297   36.297  1
  110.0  110.5  1   26.520   26.520  1   36.298   36.298  1
  112.0  112.5  1   26.508   26.508  1   36.308   36.308  1
  114.0  114.5  1   26.471   26.471  1   36.302   36.302  1
  116.0  116.5  1   26.466   26.466  1   36.313   36.313  1
  118.1  118.6  1   26.480   26.480  1   36.344   36.344  1
  120.1  120.6  1   26.463   26.463  1   36.371   36.371  1
  122.0  122.5  1   26.285   26.285  1   36.343   36.343  1
  124.0  124.5  1   26.154   26.154  1   36.330   36.330  1
  125.9  126.4  1   26.039   26.039  1   36.323   36.323  1
  128.0  128.5  1   25.885   25.885  1   36.333   36.333  1
  130.0  130.5  1   25.780   25.780  1   36.357   36.357  1
  132.0  132.5  1   25.762   25.762  1   36.375   36.375  1
  134.0  134.5  1   25.597   25.597  1   36.371   36.371  1
  136.0  136.5  1   25.376   25.376  1   36.353   36.353  1
  138.0  138.5  1   25.132   25.132  1   36.352   36.352  1
  140.0  140.5  1   24.966   24.966  1   36.366   36.366  1
  142.0  142.5  1   24.866   24.866  1   36.374   36.374  1
  144.0  144.5  1   24.736   24.736  1   36.383   36.383  1
  146.0  146.5  1   24.413   24.413  1   36.412   36.412  1
  148.0  148.5  1   24.264   24.264  1   36.421   36.421  1
  150.0  150.5  1   24.188   24.188  1   36.425   36.425  1
  152.0  152.5  1   24.138   24.138  1   36.423   36.423  1
  154.0  154.5  1   23.987   23.987  1   36.419   36.419  1
  156.0  156.5  1   23.753   23.753  1   36.419   36.419  1
  158.0  158.5  1   23.600   23.600  1   36.417   36.417  1
  160.0  160.5  1   23.533   23.533  1   36.413   36.413  1
  162.0  162.5  1   23.386   23.386  1   36.405   36.405  1
  164.0  164.5  1   23.266   23.266  1   36.397   36.397  1
  166.0  166.5  1   23.216   23.216  1   36.392   36.392  1
  168.0  168.5  1   23.168   23.168  1   36.387   36.387  1
  170.0  170.5  1   23.153   23.153  1   36.386   36.386  1
  172.0  172.5  1   23.144   23.144  1   36.384   36.384  1
  174.0  174.5  1   23.142   23.142  1   36.382   36.382  1
  176.0  176.5  1   23.053   23.053  1   36.372   36.372  1
  178.0  178.5  1   22.914   22.914  1   36.356   36.356  1
  180.0  180.5  1   22.803   22.803  1   36.341   36.341  1
  182.0  182.5  1   22.758   22.758  1   36.333   36.333  1
  184.0  184.5  1   22.680   22.680  1   36.321   36.321  1
  186.0  186.5  1   22.618   22.618  1   36.312   36.312  1
  188.0  188.5  1   22.563   22.563  1   36.304   36.304  1
  190.0  190.5  1   22.440   22.440  1   36.286   36.286  1
  192.0  192.5  1   22.258   22.258  1   36.257   36.257  1
  194.0  194.5  1   22.146   22.146  1   36.237   36.237  1
  196.0  196.5  1   22.049   22.049  1   36.221   36.221  1
  198.0  198.5  1   21.952   21.952  1   36.202   36.202  1
  200.0  200.5  1   21.925   21.925  1   36.197   36.197  1
  202.0  202.5  1   21.873   21.873  1   36.187   36.187  1
  204.0  204.5  1   21.788   21.788  1   36.173   36.173  1
  206.0  206.5  1   21.777   21.777  1   36.170   36.170  1
  208.0  208.5  1   21.776   21.776  1   36.169   36.169  1
  210.0  210.5  1   21.767   21.767  1   36.166   36.166  1
  212.0  212.5  1   21.715   21.715  1   36.154   36.154  1
  214.0  214.5  1   21.653   21.653  1   36.143   36.143  1
  216.0  216.5  1   21.529   21.529  1   36.123   36.123  1
  218.0  218.5  1   21.347   21.347  1   36.088   36.088  1
  220.0  220.5  1   21.308   21.308  1   36.078   36.078  1
  222.0  222.5  1   21.247   21.247  1   36.063   36.063  1
  224.0  224.5  1   21.169   21.169  1   36.048   36.048  1
  226.0  226.5  1   21.109   21.109  1   36.035   36.035  1
  228.0  228.5  1   20.938   20.938  1   36.006   36.006  1
  230.0  230.5  1   20.738   20.738  1   35.972   35.972  1
  232.0  232.5  1   20.628   20.628  1   35.949   35.949  1
  234.0  234.5  1   20.532   20.532  1   35.929   35.929  1
  236.0  236.5  1   20.444   20.444  1   35.910   35.910  1
  238.0  238.5  1   20.397   20.397  1   35.900   35.900  1
  240.0  240.5  1   20.330   20.330  1   35.888   35.888  1
  242.0  242.5  1   20.292   20.292  1   35.877   35.877  1
  243.9  244.4  1   20.236   20.236  1   35.864   35.864  1
  245.9  246.4  1   19.953   19.953  1   35.822   35.822  1
  248.0  248.5  1   19.870   19.870  1   35.803   35.803  1
  250.0  250.5  1   19.661   19.661  1   35.769   35.769  1
  252.0  252.5  1   19.578   19.578  1   35.752   35.752  1
  254.0  254.5  1   19.492   19.492  1   35.735   35.735  1
  256.0  256.5  1   19.474   19.474  1   35.729   35.729  1
  258.0  258.5  1   19.412   19.412  1   35.716   35.716  1
  260.0  260.5  1   19.316   19.316  1   35.694   35.694  1
  262.0  262.5  1   19.123   19.123  1   35.662   35.662  1
  264.0  264.5  1   18.880   18.880  1   35.625   35.625  1
  266.0  266.5  1   18.600   18.600  1   35.579   35.579  1
  268.0  268.5  1   18.526   18.526  1   35.566   35.566  1
  270.0  270.5  1   18.485   18.485  1   35.558   35.558  1
  272.0  272.5  1   18.470   18.470  1   35.553   35.553  1
  274.0  274.5  1   18.391   18.391  1   35.540   35.540  1
  276.0  276.5  1   18.162   18.162  1   35.500   35.500  1
  278.0  278.5  1   18.055   18.055  1   35.477   35.477  1
  280.0  280.5  1   17.897   17.897  1   35.453   35.453  1
  282.0  282.5  1   17.588   17.588  1   35.414   35.414  1
  284.0  284.5  1   17.309   17.309  1   35.369   35.369  1
  286.1  286.6  1   17.185   17.185  1   35.350   35.350  1
  288.0  288.5  1   17.086   17.086  1   35.331   35.331  1
  290.0  290.5  1   17.016   17.016  1   35.319   35.319  1
  292.1  292.6  1   16.974   16.974  1   35.311   35.311  1
  294.0  294.5  1   16.841   16.841  1   35.293   35.293  1
  296.0  296.5  1   16.746   16.746  1   35.278   35.278  1
  298.0  298.5  1   16.595   16.595  1   35.255   35.255  1
  300.0  300.5  1   16.418   16.418  1   35.228   35.228  1
  302.1  302.6  1   16.167   16.167  1   35.191   35.191  1
  304.0  304.5  1   15.984   15.984  1   35.166   35.166  1
  306.0  306.5  1   15.797   15.797  1   35.136   35.136  1
  308.0  308.5  1   15.566   15.566  1   35.105   35.105  1
  310.0  310.5  1   15.370   15.370  1   35.076   35.076  1
  312.0  312.5  1   15.127   15.127  1   35.042   35.042  1
  314.0  314.5  1   14.765   14.765  1   34.998   34.998  1
  316.0  316.5  1   14.521   14.521  1   34.969   34.969  1
  318.0  318.5  1   14.363   14.363  1   34.947   34.947  1
  320.0  320.5  1   14.252   14.252  1   34.933   34.933  1
  322.0  322.5  1   14.014   14.014  1   34.906   34.906  1
  324.0  324.5  1   13.923   13.923  1   34.891   34.891  1
  326.0  326.5  1   13.674   13.674  1   34.867   34.867  1
  328.0  328.5  1   13.449   13.449  1   34.844   34.844  1
  330.0  330.5  1   13.350   13.350  1   34.831   34.831  1
  332.0  332.5  1   13.327   13.327  1   34.826   34.826  1
  334.0  334.5  1   13.177   13.177  1   34.812   34.812  1
  336.0  336.5  1   13.006   13.006  1   34.796   34.796  1
  338.0  338.5  1   12.836   12.836  1   34.777   34.777  1
  340.0  340.5  1   12.573   12.573  1   34.756   34.756  1
  342.0  342.5  1   12.227   12.227  1   34.732   34.732  1
  344.0  344.5  1   11.997   11.997  1   34.716   34.716  1
  346.0  346.5  1   11.830   11.830  1   34.705   34.705  1
  348.0  348.5  1   11.557   11.557  1   34.695   34.695  1
  350.0  350.5  1   11.476   11.476  1   34.689   34.689  1
  352.0  352.5  1   11.419   11.419  1   34.686   34.686  1
  354.0  354.5  1   11.332   11.332  1   34.683   34.683  1
  356.0  356.5  1   11.193   11.193  1   34.681   34.681  1
  358.0  358.5  1   11.105   11.105  1   34.677   34.677  1
  360.0  360.5  1   10.971   10.971  1   34.674   34.674  1
  362.0  362.5  1   10.782   10.782  1   34.671   34.671  1
  364.0  364.5  1   10.699   10.699  1   34.668   34.668  1
  366.0  366.5  1   10.668   10.668  1   34.666   34.666  1
  368.1  368.6  1   10.630   10.630  1   34.665   34.665  1
  370.1  370.6  1   10.572   10.572  1   34.663   34.663  1
  372.0  372.5  1   10.524   10.524  1   34.661   34.661  1
  374.0  374.5  1   10.479   10.479  1   34.660   34.660  1
  376.0  376.5  1   10.456   10.456  1   34.658   34.658  1
  378.0  378.5  1   10.400   10.400  1   34.655   34.655  1
  380.0  380.5  1   10.332   10.332  1   34.651   34.651  1
  382.0  382.5  1   10.278   10.278  1   34.647   34.647  1
  384.0  384.5  1   10.173   10.173  1   34.641   34.641  1
  386.0  386.5  1   10.084   10.084  1   34.632   34.632  1
  388.0  388.5  1    9.943    9.943  1   34.617   34.617  1
  390.0  390.5  1    9.840    9.840  1   34.610   34.610  1
  392.0  392.5  1    9.754    9.754  1   34.608   34.608  1
  394.0  394.5  1    9.642    9.642  1   34.608   34.608  1
  396.0  396.5  1    9.621    9.621  1   34.605   34.605  1
  398.1  398.6  1    9.535    9.535  1   34.605   34.605  1
  400.0  400.5  1    9.412    9.412  1   34.603   34.603  1
  402.0  402.5  1    9.372    9.372  1   34.603   34.603  1
  404.0  404.5  1    9.351    9.351  1   34.602   34.602  1
  406.0  406.5  1    9.333    9.333  1   34.602   34.602  1
  408.0  408.5  1    9.322    9.322  1   34.613   34.613  1
  410.0  410.5  1    9.239    9.239  1   34.615   34.615  1
  412.0  412.5  1    9.193    9.193  1   34.614   34.614  1
  414.0  414.5  1    9.173    9.173  1   34.614   34.614  1
  416.0  416.5  1    9.163    9.163  1   34.614   34.614  1
  418.0  418.5  1    9.160    9.160  1   34.613   34.613  1
  420.0  420.5  1    9.144    9.144  1   34.611   34.611  1
  422.0  422.5  1    9.108    9.108  1   34.608   34.608  1
  424.0  424.5  1    9.040    9.040  1   34.605   34.605  1
  426.0  426.5  1    8.904    8.904  1   34.597   34.597  1
  428.0  428.5  1    8.794    8.794  1   34.595   34.595  1
  430.0  430.5  1    8.791    8.791  1   34.596   34.596  1
  432.0  432.5  1    8.795    8.795  1   34.598   34.598  1
  434.0  434.5  1    8.778    8.778  1   34.602   34.602  1
  436.0  436.5  1    8.744    8.744  1   34.601   34.601  1
  438.0  438.5  1    8.700    8.700  1   34.600   34.600  1
  440.0  440.5  1    8.673    8.673  1   34.599   34.599  1
  441.9  442.4  1    8.652    8.652  1   34.598   34.598  1
  444.0  444.5  1    8.600    8.600  1   34.597   34.597  1
  446.0  446.5  1    8.535    8.535  1   34.597   34.597  1
  448.0  448.5  1    8.529    8.529  1   34.598   34.598  1
  450.0  450.5  1    8.521    8.521  1   34.598   34.598  1
  452.0  452.5  1    8.514    8.514  1   34.599   34.599  1
  454.0  454.5  1    8.506    8.506  1   34.598   34.598  1
  456.0  456.5  1    8.488    8.488  1   34.597   34.597  1
  458.0  458.5  1    8.427    8.427  1   34.597   34.597  1
  460.0  460.5  1    8.356    8.356  1   34.596   34.596  1
  462.0  462.5  1    8.302    8.302  1   34.596   34.596  1
  464.0  464.5  1    8.290    8.290  1   34.595   34.595  1
  466.0  466.5  1    8.260    8.260  1   34.594   34.594  1
  468.0  468.5  1    8.198    8.198  1   34.594   34.594  1
  470.0  470.5  1    8.167    8.167  1   34.593   34.593  1
  472.0  472.5  1    8.147    8.147  1   34.593   34.593  1
  474.0  474.5  1    8.131    8.131  1   34.593   34.593  1
  476.1  476.6  1    8.117    8.117  1   34.592   34.592  1
  478.0  478.5  1    8.105    8.105  1   34.591   34.591  1
  480.0  480.5  1    8.073    8.073  1   34.591   34.591  1
  482.0  482.5  1    8.025    8.025  1   34.590   34.590  1
  484.0  484.5  1    7.994    7.994  1   34.589   34.589  1
  486.0  486.5  1    7.974    7.974  1   34.588   34.588  1
  488.0  488.5  1    7.939    7.939  1   34.587   34.587  1
  490.0  490.5  1    7.846    7.846  1   34.585   34.585  1
  492.0  492.5  1    7.809    7.809  1   34.583   34.583  1
  494.0  494.5  1    7.759    7.759  1   34.581   34.581  1
  496.1  496.6  1    7.710    7.710  1   34.579   34.579  1
  498.0  498.5  1    7.685    7.685  1   34.578   34.578  1
  500.0  500.5  1    7.606    7.606  1   34.577   34.577  1
  502.0  502.5  1    7.575    7.575  1   34.577   34.577  1
  504.0  504.5  1    7.557    7.557  1   34.576   34.576  1
  506.0  506.5  1    7.545    7.545  1   34.575   34.575  1
  508.0  508.5  1    7.529    7.529  1   34.574   34.574  1
  510.0  510.5  1    7.512    7.512  1   34.573   34.573  1
  512.0  512.5  1    7.495    7.495  1   34.573   34.573  1
  514.0  514.5  1    7.478    7.478  1   34.574   34.574  1
  516.0  516.5  1    7.464    7.464  1   34.574   34.574  1
  518.0  518.5  1    7.458    7.458  1   34.574   34.574  1
  520.0  520.5  1    7.452    7.452  1   34.573   34.573  1
  521.9  522.4  1    7.445    7.445  1   34.573   34.573  1
  524.0  524.5  1    7.437    7.437  1   34.572   34.572  1
  526.0  526.5  1    7.406    7.406  1   34.572   34.572  1
  528.0  528.5  1    7.384    7.384  1   34.571   34.571  1
  530.0  530.5  1    7.365    7.365  1   34.570   34.570  1
  532.0  532.5  1    7.353    7.353  1   34.570   34.570  1
  534.0  534.5  1    7.341    7.341  1   34.569   34.569  1
  536.0  536.5  1    7.330    7.330  1   34.569   34.569  1
  538.0  538.5  1    7.311    7.311  1   34.568   34.568  1
  540.0  540.5  1    7.304    7.304  1   34.567   34.567  1
  542.0  542.5  1    7.294    7.294  1   34.566   34.566  1
  544.0  544.5  1    7.273    7.273  1   34.565   34.565  1
  546.0  546.5  1    7.210    7.210  1   34.564   34.564  1
  548.0  548.5  1    7.169    7.169  1   34.563   34.563  1
  550.0  550.5  1    7.129    7.129  1   34.562   34.562  1
  552.0  552.5  1    7.104    7.104  1   34.561   34.561  1
  554.0  554.5  1    7.077    7.077  1   34.561   34.561  1
  556.0  556.5  1    7.064    7.064  1   34.561   34.561  1
  558.0  558.5  1    7.056    7.056  1   34.560   34.560  1
  560.0  560.5  1    7.047    7.047  1   34.560   34.560  1
  562.0  562.5  1    7.031    7.031  1   34.560   34.560  1
  564.0  564.5  1    7.021    7.021  1   34.559   34.559  1
  566.0  566.5  1    7.016    7.016  1   34.559   34.559  1
  568.0  568.5  1    7.005    7.005  1   34.558   34.558  1
  570.0  570.5  1    6.971    6.971  1   34.558   34.558  1
  572.0  572.5  1    6.953    6.953  1   34.556   34.556  1
  574.0  574.5  1    6.918    6.918  1   34.555   34.555  1
  576.0  576.5  1    6.888    6.888  1   34.554   34.554  1
  578.0  578.5  1    6.882    6.882  1   34.553   34.553  1
  580.0  580.5  1    6.869    6.869  1   34.552   34.552  1
  582.0  582.5  1    6.832    6.832  1   34.550   34.550  1
  584.0  584.5  1    6.814    6.814  1   34.548   34.548  1
  586.0  586.5  1    6.789    6.789  1   34.548   34.548  1
  588.0  588.5  1    6.764    6.764  1   34.547   34.547  1
  590.0  590.5  1    6.742    6.742  1   34.546   34.546  1
  592.0  592.5  1    6.726    6.726  1   34.546   34.546  1
  594.0  594.5  1    6.719    6.719  1   34.546   34.546  1
  596.0  596.5  1    6.706    6.706  1   34.546   34.546  1
  598.0  598.5  1    6.694    6.694  1   34.546   34.546  1
  600.0  600.5  1    6.683    6.683  1   34.547   34.547  1
  602.0  602.5  1    6.663    6.663  1   34.547   34.547  1
  604.0  604.5  1    6.656    6.656  1   34.547   34.547  1
  606.0  606.5  1    6.638    6.638  1   34.547   34.547  1
  608.0  608.5  1    6.614    6.614  1   34.547   34.547  1
  610.0  610.5  1    6.610    6.610  1   34.547   34.547  1
  612.0  612.5  1    6.598    6.598  1   34.547   34.547  1
  614.0  614.5  1    6.585    6.585  1   34.547   34.547  1
  616.0  616.5  1    6.573    6.573  1   34.546   34.546  1
  618.0  618.5  1    6.565    6.565  1   34.546   34.546  1
  620.0  620.5  1    6.551    6.551  1   34.546   34.546  1
  622.0  622.5  1    6.544    6.544  1   34.546   34.546  1
  624.0  624.5  1    6.540    6.540  1   34.546   34.546  1
  626.0  626.5  1    6.525    6.525  1   34.545   34.545  1
  628.0  628.5  1    6.506    6.506  1   34.545   34.545  1
  630.0  630.5  1    6.503    6.503  1   34.545   34.545  1
  632.0  632.5  1    6.479    6.479  1   34.545   34.545  1
  634.0  634.5  1    6.469    6.469  1   34.545   34.545  1
  636.0  636.5  1    6.465    6.465  1   34.545   34.545  1
  638.0  638.5  1    6.460    6.460  1   34.544   34.544  1
  640.0  640.5  1    6.423    6.423  1   34.544   34.544  1
  642.0  642.5  1    6.406    6.406  1   34.543   34.543  1
  644.0  644.5  1    6.395    6.395  1   34.542   34.542  1
  646.0  646.5  1    6.375    6.375  1   34.541   34.541  1
  648.0  648.5  1    6.364    6.364  1   34.541   34.541  1
  650.0  650.5  1    6.358    6.358  1   34.540   34.540  1
  652.0  652.5  1    6.347    6.347  1   34.540   34.540  1
  654.0  654.5  1    6.329    6.329  1   34.540   34.540  1
  656.0  656.5  1    6.307    6.307  1   34.541   34.541  1
  658.0  658.5  1    6.302    6.302  1   34.541   34.541  1
  660.0  660.5  1    6.300    6.300  1   34.541   34.541  1
  662.0  662.5  1    6.294    6.294  1   34.540   34.540  1
  664.0  664.5  1    6.283    6.283  1   34.540   34.540  1
  666.0  666.5  1    6.263    6.263  1   34.540   34.540  1
  668.0  668.5  1    6.254    6.254  1   34.539   34.539  1
  670.0  670.5  1    6.241    6.241  1   34.539   34.539  1
  672.0  672.5  1    6.226    6.226  1   34.538   34.538  1
  674.0  674.5  1    6.200    6.200  1   34.536   34.536  1
  676.0  676.5  1    6.169    6.169  1   34.535   34.535  1
  678.0  678.5  1    6.169    6.169  1   34.534   34.534  1
  680.0  680.5  1    6.157    6.157  1   34.533   34.533  1
  682.0  682.5  1    6.124    6.124  1   34.532   34.532  1
  684.0  684.5  1    6.102    6.102  1   34.532   34.532  1
  686.0  686.5  1    6.080    6.080  1   34.531   34.531  1
  688.0  688.5  1    6.061    6.061  1   34.532   34.532  1
  690.0  690.5  1    6.024    6.024  1   34.533   34.533  1
  692.0  692.5  1    6.003    6.003  1   34.532   34.532  1
  694.0  694.5  1    5.994    5.994  1   34.531   34.531  1
  696.0  696.5  1    5.969    5.969  1   34.530   34.530  1
  698.0  698.5  1    5.954    5.954  1   34.530   34.530  1
  700.0  700.5  1    5.948    5.948  1   34.529   34.529  1
  702.0  702.5  1    5.927    5.927  1   34.528   34.528  1
  704.0  704.5  1    5.882    5.882  1   34.528   34.528  1
  706.0  706.5  1    5.867    5.867  1   34.528   34.528  1
  708.0  708.5  1    5.857    5.857  1   34.528   34.528  1
  710.0  710.5  1    5.850    5.850  1   34.528   34.528  1
  712.0  712.5  1    5.846    5.846  1   34.528   34.528  1
  714.0  714.5  1    5.843    5.843  1   34.528   34.528  1
  716.0  716.5  1    5.840    5.840  1   34.528   34.528  1
  718.0  718.5  1    5.838    5.838  1   34.528   34.528  1
  720.0  720.5  1    5.836    5.836  1   34.528   34.528  1
  722.0  722.5  1    5.831    5.831  1   34.528   34.528  1
  724.0  724.5  1    5.813    5.813  1   34.529   34.529  1
  726.0  726.5  1    5.791    5.791  1   34.529   34.529  1
  728.0  728.5  1    5.779    5.779  1   34.529   34.529  1
  730.0  730.5  1    5.773    5.773  1   34.530   34.530  1
  732.0  732.5  1    5.770    5.770  1   34.529   34.529  1
  734.0  734.5  1    5.762    5.762  1   34.530   34.530  1
  736.0  736.5  1    5.760    5.760  1   34.529   34.529  1
  738.0  738.5  1    5.758    5.758  1   34.529   34.529  1
  740.0  740.5  1    5.756    5.756  1   34.529   34.529  1
  742.0  742.5  1    5.754    5.754  1   34.529   34.529  1
  744.0  744.5  1    5.753    5.753  1   34.529   34.529  1
  746.0  746.5  1    5.751    5.751  1   34.529   34.529  1
  747.9  748.4  1    5.750    5.750  1   34.529   34.529  1
  749.9  750.4  1    5.748    5.748  1   34.529   34.529  1
  752.0  752.5  1    5.746    5.746  1   34.529   34.529  1
  754.0  754.5  1    5.745    5.745  1   34.528   34.528  1
  756.0  756.5  1    5.728    5.728  1   34.529   34.529  1
  758.0  758.5  1    5.711    5.711  1   34.529   34.529  1
  760.0  760.5  1    5.690    5.690  1   34.529   34.529  1
  762.0  762.5  1    5.678    5.678  1   34.528   34.528  1
  764.0  764.5  1    5.674    5.674  1   34.528   34.528  1
  766.0  766.5  1    5.669    5.669  1   34.528   34.528  1
  768.0  768.5  1    5.664    5.664  1   34.528   34.528  1
  770.0  770.5  1    5.661    5.661  1   34.528   34.528  1
  772.0  772.5  1    5.653    5.653  1   34.529   34.529  1
  774.0  774.5  1    5.632    5.632  1   34.530   34.530  1
  776.0  776.5  1    5.618    5.618  1   34.530   34.530  1
  778.0  778.5  1    5.603    5.603  1   34.530   34.530  1
  780.0  780.5  1    5.596    5.596  1   34.530   34.530  1
  782.0  782.5  1    5.579    5.579  1   34.530   34.530  1
  784.0  784.5  1    5.571    5.571  1   34.530   34.530  1
  786.0  786.5  1    5.567    5.567  1   34.530   34.530  1
  788.0  788.5  1    5.560    5.560  1   34.530   34.530  1
  790.0  790.5  1    5.528    5.528  1   34.530   34.530  1
  792.0  792.5  1    5.497    5.497  1   34.530   34.530  1
  794.0  794.5  1    5.474    5.474  1   34.530   34.530  1
  796.0  796.5  1    5.468    5.468  1   34.530   34.530  1
  798.0  798.5  1    5.463    5.463  1   34.529   34.529  1
  800.0  800.5  1    5.462    5.462  1   34.529   34.529  1
  802.0  802.5  1    5.458    5.458  1   34.529   34.529  1
  804.0  804.5  1    5.445    5.445  1   34.529   34.529  1
  806.0  806.5  1    5.437    5.437  1   34.529   34.529  1
  808.0  808.5  1    5.426    5.426  1   34.528   34.528  1
  810.0  810.5  1    5.399    5.399  1   34.528   34.528  1
  812.0  812.5  1    5.363    5.363  1   34.530   34.530  1
  814.0  814.5  1    5.349    5.349  1   34.531   34.531  1
  816.0  816.5  1    5.347    5.347  1   34.530   34.530  1
  818.0  818.5  1    5.341    5.341  1   34.530   34.530  1
  820.0  820.5  1    5.314    5.314  1   34.531   34.531  1
  822.0  822.5  1    5.302    5.302  1   34.532   34.532  1
  824.0  824.5  1    5.297    5.297  1   34.531   34.531  1
  826.0  826.5  1    5.295    5.295  1   34.531   34.531  1
  828.0  828.5  1    5.290    5.290  1   34.531   34.531  1
  830.0  830.5  1    5.278    5.278  1   34.531   34.531  1
  832.0  832.5  1    5.268    5.268  1   34.531   34.531  1
  833.9  834.4  1    5.264    5.264  1   34.531   34.531  1
  836.0  836.5  1    5.253    5.253  1   34.531   34.531  1
  838.0  838.5  1    5.235    5.235  1   34.531   34.531  1
  840.0  840.5  1    5.232    5.232  1   34.531   34.531  1
  842.0  842.5  1    5.228    5.228  1   34.531   34.531  1
  844.0  844.5  1    5.227    5.227  1   34.531   34.531  1
  846.0  846.5  1    5.224    5.224  1   34.531   34.531  1
  848.0  848.5  1    5.220    5.220  1   34.531   34.531  1
  850.0  850.5  1    5.214    5.214  1   34.531   34.531  1
  852.0  852.5  1    5.209    5.209  1   34.531   34.531  1
  854.0  854.5  1    5.206    5.206  1   34.531   34.531  1
  856.0  856.5  1    5.198    5.198  1   34.530   34.530  1
  858.0  858.5  1    5.166    5.166  1   34.531   34.531  1
  860.0  860.5  1    5.149    5.149  1   34.531   34.531  1
  862.0  862.5  1    5.133    5.133  1   34.531   34.531  1
  864.0  864.5  1    5.125    5.125  1   34.531   34.531  1
  866.0  866.5  1    5.115    5.115  1   34.531   34.531  1
  868.0  868.5  1    5.101    5.101  1   34.531   34.531  1
  870.0  870.5  1    5.094    5.094  1   34.530   34.530  1
  872.0  872.5  1    5.090    5.090  1   34.530   34.530  1
  874.0  874.5  1    5.081    5.081  1   34.530   34.530  1
  876.0  876.5  1    5.064    5.064  1   34.530   34.530  1
  878.0  878.5  1    5.052    5.052  1   34.530   34.530  1
  880.0  880.5  1    5.043    5.043  1   34.529   34.529  1
  882.0  882.5  1    5.027    5.027  1   34.529   34.529  1
  884.0  884.5  1    5.018    5.018  1   34.528   34.528  1
  886.0  886.5  1    5.012    5.012  1   34.528   34.528  1
  888.0  888.5  1    5.002    5.002  1   34.528   34.528  1
  890.0  890.5  1    4.993    4.993  1   34.528   34.528  1
  892.0  892.5  1    4.981    4.981  1   34.529   34.529  1
  894.0  894.5  1    4.972    4.972  1   34.529   34.529  1
  896.0  896.5  1    4.966    4.966  1   34.529   34.529  1
  898.0  898.5  1    4.956    4.956  1   34.529   34.529  1
  900.0  900.5  1    4.945    4.945  1   34.530   34.530  1
  902.0  902.5  1    4.930    4.930  1   34.530   34.530  1
  904.0  904.5  1    4.911    4.911  1   34.530   34.530  1
  906.0  906.5  1    4.907    4.907  1   34.530   34.530  1
  908.0  908.5  1    4.904    4.904  1   34.530   34.530  1
  910.0  910.5  1    4.895    4.895  1   34.530   34.530  1
  912.0  912.5  1    4.886    4.886  1   34.530   34.530  1
  914.0  914.5  1    4.865    4.865  1   34.531   34.531  1
  916.0  916.5  1    4.863    4.863  1   34.531   34.531  1
  918.0  918.5  1    4.860    4.860  1   34.531   34.531  1
  920.0  920.5  1    4.861    4.861  1   34.531   34.531  1
  922.0  922.5  1    4.860    4.860  1   34.531   34.531  1
  924.0  924.5  1    4.858    4.858  1   34.531   34.531  1
  926.0  926.5  1    4.853    4.853  1   34.531   34.531  1
  928.0  928.5  1    4.849    4.849  1   34.531   34.531  1
  930.0  930.5  1    4.835    4.835  1   34.531   34.531  1
  932.0  932.5  1    4.831    4.831  1   34.531   34.531  1
  934.0  934.5  1    4.824    4.824  1   34.531   34.531  1
  936.0  936.5  1    4.809    4.809  1   34.531   34.531  1
  938.0  938.5  1    4.776    4.776  1   34.533   34.533  1
  940.0  940.5  1    4.763    4.763  1   34.533   34.533  1
  942.0  942.5  1    4.762    4.762  1   34.533   34.533  1
  944.0  944.5  1    4.752    4.752  1   34.533   34.533  1
  946.0  946.5  1    4.740    4.740  1   34.534   34.534  1
  948.0  948.5  1    4.719    4.719  1   34.535   34.535  1
  950.0  950.5  1    4.695    4.695  1   34.536   34.536  1
  952.0  952.5  1    4.687    4.687  1   34.536   34.536  1
  954.0  954.5  1    4.682    4.682  1   34.536   34.536  1
  956.0  956.5  1    4.674    4.674  1   34.536   34.536  1
  958.0  958.5  1    4.661    4.661  1   34.537   34.537  1
  960.0  960.5  1    4.656    4.656  1   34.537   34.537  1
  962.0  962.5  1    4.653    4.653  1   34.537   34.537  1
  964.0  964.5  1    4.649    4.649  1   34.538   34.538  1
  966.0  966.5  1    4.647    4.647  1   34.538   34.538  1
  968.0  968.5  1    4.642    4.642  1   34.538   34.538  1
  970.0  970.5  1    4.640    4.640  1   34.538   34.538  1
  972.0  972.5  1    4.636    4.636  1   34.538   34.538  1
  974.0  974.5  1    4.631    4.631  1   34.538   34.538  1
  976.0  976.5  1    4.627    4.627  1   34.538   34.538  1
  978.0  978.5  1    4.619    4.619  1   34.538   34.538  1
  979.6  980.1  1    4.605    4.605  1   34.539   34.539  1
  998.5  999.0  1    4.512    4.512  1   34.541   34.541  1
 1048.6 1049.1  1    4.328    4.328  1   34.545   34.545  1
 1098.4 1098.9  1    4.138    4.138  1   34.551   34.551  1
 1148.7 1149.2  1    3.990    3.990  1   34.553   34.553  1
 1198.2 1198.7  1    3.833    3.833  1   34.559   34.559  1
 1247.9 1248.4  1    3.661    3.661  1   34.565   34.565  1
 1297.1 1297.6  1    3.510    3.510  1   34.568   34.568  1
 1348.4 1348.9  1    3.351    3.351  1   34.576   34.576  1
 1398.3 1398.8  1    3.201    3.201  1   34.582   34.582  1
 1447.9 1448.4  1    3.048    3.048  1   34.590   34.590  1
 1494.6 1495.1  1    2.946    2.946  1   34.596   34.596  1
 1548.7 1549.2  1    2.871    2.871  1   34.600   34.600  1
 1598.4 1598.9  1    2.797    2.797  1   34.604   34.604  1
 1647.7 1648.2  1    2.689    2.689  1   34.611   34.611  1
 1697.3 1697.8  1    2.604    2.604  1   34.616   34.616  1
 1748.1 1748.6  1    2.516    2.516  1   34.622   34.622  1
 1798.4 1798.9  1    2.441    2.441  1   34.627   34.627  1
 1848.5 1849.0  1    2.357    2.357  1   34.634   34.634  1
 1898.4 1898.9  1    2.273    2.273  1   34.640   34.640  1
 1947.9 1948.4  1    2.209    2.209  1   34.644   34.644  1
 1997.0 1997.5  1    2.161    2.161  1   34.650   34.650  1
