*SoftWare Version 3.0  2018/12/27

*HEADER
     PLATFORM NUMBER       :5904654
     CYCLE NUMBER          :151
     DATE CREATION         :20191204230032
     DATE UPDATE           :20191204230032
     PROJECT NAME          :UW, Argo
     PI NAME               :STEPHEN RISER
     INSTRUMENT TYPE       :APEX
     FLOAT SERIAL NO       :7358
     FIRMWARE VERSION      :030715
     WMO INSTRUMENT TYPE   :846
     TRANSMISSION SYSTEM   :IRIDIUM
     POSITIONING SYSTEM    :GPS
     SAMPLE DIRECTION      :A(A=Ascend; D=Descend)
     DATA MODE             :A(R=Real Time; D=Delayed Mode; A=Real Time Adjusted)
     JULIAN DAY            :25539.8540 (days since 1950-01-01 00:00:00 UTC)
     DATE                  :2019-12-04
     QC FLAG FOR DATE      :1
*LOCATION
     LATITUDE              :-19.966
     LONGITUDE             :177.655
     QC FLAG FOR LOCATION  :1
*FILE
     COLUMN 1              :Pressure (dbar)                             F7.1
     COLUMN 2              :Corrected Pressure (dbar)                   F7.1
     COLUMN 3              :Quality on Pressure                         I3
     COLUMN 4              :Temperature (degree_Celsius)                F9.3
     COLUMN 5              :Corrected Temperature (degree_Celsius)      F9.3
     COLUMN 6              :Quality on Temperature                      I3
     COLUMN 7              :Salinity (PSU)                              F9.3
     COLUMN 8              :Corrected Salinity (PSU)                    F9.3
     COLUMN 9              :Quality on Salinity                         I3
==========================================================================
    4.1    4.1  1   25.808   25.808  1   35.234   35.234  2
    6.0    6.0  1   25.803   25.803  1   35.234   35.234  2
    8.0    8.0  1   25.794   25.794  1   35.234   35.234  2
   10.0   10.0  1   25.795   25.795  1   35.234   35.234  2
   12.0   12.0  1   25.794   25.794  1   35.234   35.234  2
   14.0   14.0  1   25.788   25.788  1   35.233   35.233  2
   16.0   16.0  1   25.780   25.780  1   35.233   35.233  2
   18.0   18.0  1   25.761   25.761  1   35.233   35.233  2
   20.0   20.0  1   25.674   25.674  1   35.236   35.236  2
   22.0   22.0  1   25.446   25.446  1   35.245   35.245  2
   24.0   24.0  1   25.430   25.430  1   35.245   35.245  2
   26.0   26.0  1   25.427   25.427  1   35.245   35.245  2
   28.0   28.0  1   25.426   25.426  1   35.245   35.245  2
   30.0   30.0  1   25.411   25.411  1   35.245   35.245  2
   32.0   32.0  1   25.400   25.400  1   35.245   35.245  2
   34.0   34.0  1   25.387   25.387  1   35.244   35.244  2
   36.0   36.0  1   25.355   25.355  1   35.244   35.244  2
   38.0   38.0  1   25.314   25.314  1   35.244   35.244  2
   40.0   40.0  1   25.289   25.289  1   35.243   35.243  2
   42.0   42.0  1   25.277   25.277  1   35.242   35.242  2
   44.0   44.0  1   25.250   25.250  1   35.241   35.241  2
   46.0   46.0  1   25.220   25.220  1   35.241   35.241  2
   48.0   48.0  1   25.208   25.208  1   35.241   35.241  2
   50.0   50.0  1   25.144   25.144  1   35.246   35.246  2
   52.0   52.0  1   25.037   25.037  1   35.260   35.260  2
   54.0   54.0  1   24.949   24.949  1   35.273   35.273  2
   56.0   56.0  1   24.936   24.936  1   35.275   35.275  2
   58.0   58.0  1   24.928   24.928  1   35.276   35.276  2
   60.0   60.0  1   24.890   24.890  1   35.281   35.281  2
   62.0   62.0  1   24.779   24.779  1   35.296   35.296  2
   64.0   64.0  1   24.578   24.578  1   35.325   35.325  2
   66.0   66.0  1   24.501   24.501  1   35.333   35.333  2
   68.0   68.0  1   24.317   24.317  1   35.360   35.360  2
   70.0   70.0  1   24.260   24.260  1   35.366   35.366  2
   72.0   72.0  1   24.247   24.247  1   35.367   35.367  2
   74.0   74.0  1   24.198   24.198  1   35.368   35.368  2
   76.0   76.0  1   24.126   24.126  1   35.375   35.375  2
   78.0   78.0  1   24.089   24.089  1   35.378   35.378  2
   80.0   80.0  1   24.059   24.059  1   35.382   35.382  2
   82.0   82.0  1   24.027   24.027  1   35.388   35.388  2
   84.0   84.0  1   23.995   23.995  1   35.394   35.394  2
   86.0   86.0  1   23.962   23.962  1   35.402   35.402  2
   88.0   88.0  1   23.909   23.909  1   35.416   35.416  2
   90.0   90.0  1   23.877   23.877  1   35.426   35.426  2
   92.0   92.0  1   23.859   23.859  1   35.462   35.462  2
   94.0   94.0  1   23.832   23.832  1   35.481   35.481  2
   96.0   96.0  1   23.810   23.810  1   35.489   35.489  2
   98.0   98.0  1   23.801   23.801  1   35.492   35.492  2
  100.0  100.0  1   23.755   23.755  1   35.505   35.505  2
  102.0  102.0  1   23.700   23.700  1   35.521   35.521  2
  104.0  104.0  1   23.649   23.649  1   35.523   35.523  2
  106.0  106.0  1   23.615   23.615  1   35.527   35.527  2
  108.0  108.0  1   23.575   23.575  1   35.543   35.543  2
  110.0  110.0  1   23.526   23.526  1   35.560   35.560  2
  112.0  112.0  1   23.497   23.497  1   35.564   35.564  2
  114.0  114.0  1   23.402   23.402  1   35.571   35.571  2
  116.0  116.0  1   23.310   23.310  1   35.577   35.577  2
  118.0  118.0  1   23.235   23.235  1   35.580   35.580  2
  120.0  120.0  1   23.171   23.171  1   35.580   35.580  2
  122.0  122.0  1   23.042   23.042  1   35.577   35.577  2
  124.0  124.0  1   22.884   22.884  1   35.573   35.573  2
  126.0  126.0  1   22.819   22.819  1   35.580   35.580  2
  128.0  128.0  1   22.790   22.790  1   35.585   35.585  2
  130.1  130.1  1   22.778   22.778  1   35.590   35.590  2
  132.0  132.0  1   22.769   22.769  1   35.594   35.594  2
  134.0  134.0  1   22.728   22.728  1   35.599   35.599  2
  136.0  136.0  1   22.648   22.648  1   35.621   35.621  2
  138.0  138.0  1   22.562   22.562  1   35.655   35.655  2
  140.0  140.0  1   22.517   22.517  1   35.656   35.656  2
  142.0  142.0  1   22.469   22.469  1   35.662   35.662  2
  144.0  144.0  1   22.420   22.420  1   35.672   35.672  2
  146.0  146.0  1   22.379   22.379  1   35.679   35.679  2
  148.0  148.0  1   22.363   22.363  1   35.677   35.677  2
  150.0  150.0  1   22.265   22.265  1   35.697   35.697  2
  152.0  152.0  1   22.185   22.185  1   35.716   35.716  2
  154.0  154.0  1   22.171   22.171  1   35.718   35.718  2
  156.0  156.0  1   22.164   22.164  1   35.719   35.719  2
  158.0  158.0  1   22.116   22.116  1   35.723   35.723  2
  160.0  160.0  1   22.046   22.046  1   35.723   35.723  2
  162.0  162.0  1   21.957   21.957  1   35.722   35.722  2
  164.0  164.0  1   21.749   21.749  1   35.729   35.729  2
  166.0  166.0  1   21.666   21.666  1   35.731   35.731  2
  168.0  168.0  1   21.640   21.640  1   35.732   35.732  2
  170.0  170.0  1   21.578   21.578  1   35.733   35.733  2
  172.0  172.0  1   21.518   21.518  1   35.736   35.736  2
  174.0  174.0  1   21.456   21.456  1   35.744   35.744  2
  176.0  176.0  1   21.438   21.438  1   35.745   35.745  2
  178.0  178.0  1   21.411   21.411  1   35.745   35.745  2
  180.0  180.0  1   21.398   21.398  1   35.746   35.746  2
  182.0  182.0  1   21.382   21.382  1   35.746   35.746  2
  184.0  184.0  1   21.373   21.373  1   35.746   35.746  2
  186.0  186.0  1   21.360   21.360  1   35.745   35.745  2
  188.0  188.0  1   21.340   21.340  1   35.745   35.745  2
  190.0  190.0  1   21.263   21.263  1   35.748   35.748  2
  192.0  192.0  1   21.224   21.224  1   35.750   35.750  2
  194.0  194.0  1   21.171   21.171  1   35.750   35.750  2
  196.0  196.0  1   21.130   21.130  1   35.747   35.747  2
  198.0  198.0  1   21.110   21.110  1   35.744   35.744  2
  200.0  200.0  1   21.094   21.094  1   35.742   35.742  2
  202.0  202.0  1   21.093   21.093  1   35.741   35.741  2
  204.0  204.0  1   21.093   21.093  1   35.741   35.741  2
  206.0  206.0  1   21.093   21.093  1   35.741   35.741  2
  208.0  208.0  1   21.053   21.053  1   35.750   35.750  2
  210.0  210.0  1   21.014   21.014  1   35.757   35.757  2
  212.1  212.1  1   21.007   21.007  1   35.757   35.757  2
  214.0  214.0  1   20.998   20.998  1   35.757   35.757  2
  216.0  216.0  1   20.961   20.961  1   35.756   35.756  2
  218.0  218.0  1   20.940   20.940  1   35.756   35.756  2
  220.0  220.0  1   20.847   20.847  1   35.760   35.760  2
  222.0  222.0  1   20.792   20.792  1   35.763   35.763  2
  224.0  224.0  1   20.786   20.786  1   35.762   35.762  2
  226.0  226.0  1   20.766   20.766  1   35.763   35.763  2
  228.0  228.0  1   20.733   20.733  1   35.763   35.763  2
  230.0  230.0  1   20.715   20.715  1   35.764   35.764  2
  232.0  232.0  1   20.692   20.692  1   35.764   35.764  2
  234.0  234.0  1   20.670   20.670  1   35.764   35.764  2
  236.0  236.0  1   20.629   20.629  1   35.764   35.764  2
  238.0  238.0  1   20.548   20.548  1   35.762   35.762  2
  240.0  240.0  1   20.435   20.435  1   35.758   35.758  2
  242.0  242.0  1   20.367   20.367  1   35.754   35.754  2
  244.0  244.0  1   20.280   20.280  1   35.749   35.749  2
  246.0  246.0  1   20.103   20.103  1   35.745   35.745  2
  248.0  248.0  1   19.992   19.992  1   35.738   35.738  2
  250.0  250.0  1   19.859   19.859  1   35.726   35.726  2
  252.0  252.0  1   19.801   19.801  1   35.718   35.718  2
  254.0  254.0  1   19.742   19.742  1   35.710   35.710  2
  256.0  256.0  1   19.672   19.672  1   35.702   35.702  2
  258.0  258.0  1   19.553   19.553  1   35.693   35.693  2
  260.0  260.0  1   19.478   19.478  1   35.688   35.688  2
  262.0  262.0  1   19.438   19.438  1   35.683   35.683  2
  264.0  264.0  1   19.339   19.339  1   35.672   35.672  2
  266.0  266.0  1   19.118   19.118  1   35.654   35.654  2
  268.0  268.0  1   19.031   19.031  1   35.647   35.647  2
  270.0  270.0  1   18.973   18.973  1   35.642   35.642  2
  272.0  272.0  1   18.941   18.941  1   35.638   35.638  2
  274.0  274.0  1   18.924   18.924  1   35.637   35.637  2
  276.0  276.0  1   18.898   18.898  1   35.635   35.635  2
  278.0  278.0  1   18.862   18.862  1   35.633   35.633  2
  280.0  280.0  1   18.827   18.827  1   35.629   35.629  2
  282.0  282.0  1   18.737   18.737  1   35.622   35.622  2
  284.0  284.0  1   18.625   18.625  1   35.613   35.613  2
  286.0  286.0  1   18.503   18.503  1   35.606   35.606  2
  288.0  288.0  1   18.388   18.388  1   35.600   35.600  2
  290.0  290.0  1   18.339   18.339  1   35.595   35.595  2
  292.0  292.0  1   18.306   18.306  1   35.591   35.591  2
  294.0  294.0  1   18.276   18.276  1   35.587   35.587  2
  296.0  296.0  1   18.161   18.161  1   35.578   35.578  2
  298.0  298.0  1   18.100   18.100  1   35.572   35.572  2
  300.0  300.0  1   18.072   18.072  1   35.568   35.568  2
  302.0  302.0  1   18.034   18.034  1   35.564   35.564  2
  304.0  304.0  1   17.981   17.981  1   35.560   35.560  2
  306.0  306.0  1   17.932   17.932  1   35.555   35.555  2
  308.0  308.0  1   17.918   17.918  1   35.553   35.553  2
  310.0  310.0  1   17.906   17.906  1   35.551   35.551  2
  312.0  312.0  1   17.864   17.864  1   35.548   35.548  2
  314.0  314.0  1   17.839   17.839  1   35.547   35.547  2
  316.0  316.0  1   17.813   17.813  1   35.547   35.547  2
  318.0  318.0  1   17.710   17.710  1   35.542   35.542  2
  320.0  320.0  1   17.663   17.663  1   35.538   35.538  2
  322.0  322.0  1   17.644   17.644  1   35.535   35.535  2
  324.0  324.0  1   17.558   17.558  1   35.526   35.526  2
  326.0  326.0  1   17.438   17.438  1   35.514   35.514  2
  328.0  328.0  1   17.357   17.357  1   35.504   35.504  2
  330.0  330.0  1   17.257   17.257  1   35.490   35.490  2
  332.0  332.0  1   17.059   17.059  1   35.463   35.463  2
  334.0  334.0  1   16.953   16.953  1   35.453   35.453  2
  336.0  336.0  1   16.906   16.906  1   35.450   35.450  2
  338.0  338.0  1   16.815   16.815  1   35.441   35.441  2
  340.0  340.0  1   16.729   16.729  1   35.430   35.430  2
  342.0  342.0  1   16.625   16.625  1   35.418   35.418  2
  344.0  344.0  1   16.497   16.497  1   35.404   35.404  2
  346.0  346.0  1   16.445   16.445  1   35.398   35.398  2
  348.0  348.0  1   16.400   16.400  1   35.393   35.393  2
  350.0  350.0  1   16.347   16.347  1   35.388   35.388  2
  352.0  352.0  1   16.299   16.299  1   35.384   35.384  2
  354.0  354.0  1   16.238   16.238  1   35.376   35.376  2
  356.0  356.0  1   16.152   16.152  1   35.365   35.365  2
  358.0  358.0  1   16.048   16.048  1   35.350   35.350  2
  360.0  360.0  1   16.008   16.008  1   35.344   35.344  2
  362.0  362.0  1   15.980   15.980  1   35.340   35.340  2
  364.0  364.0  1   15.916   15.916  1   35.334   35.334  2
  366.0  366.0  1   15.876   15.876  1   35.328   35.328  2
  368.0  368.0  1   15.848   15.848  1   35.322   35.322  2
  370.0  370.0  1   15.744   15.744  1   35.306   35.306  2
  372.0  372.0  1   15.687   15.687  1   35.296   35.296  2
  374.0  374.0  1   15.619   15.619  1   35.285   35.285  2
  376.0  376.0  1   15.504   15.504  1   35.269   35.269  2
  378.0  378.0  1   15.371   15.371  1   35.250   35.250  2
  380.0  380.0  1   15.316   15.316  1   35.243   35.243  2
  382.0  382.0  1   15.256   15.256  1   35.237   35.237  2
  384.0  384.0  1   15.221   15.221  1   35.233   35.233  2
  386.0  386.0  1   15.183   15.183  1   35.229   35.229  2
  388.0  388.0  1   15.115   15.115  1   35.223   35.223  2
  390.0  390.0  1   15.003   15.003  1   35.209   35.209  2
  392.0  392.0  1   14.848   14.848  1   35.196   35.196  2
  394.0  394.0  1   14.745   14.745  1   35.185   35.185  2
  396.0  396.0  1   14.528   14.528  1   35.171   35.171  2
  398.0  398.0  1   14.457   14.457  1   35.162   35.162  2
  400.0  400.0  1   14.401   14.401  1   35.156   35.156  2
  402.0  402.0  1   14.361   14.361  1   35.152   35.152  2
  404.0  404.0  1   14.348   14.348  1   35.149   35.149  2
  406.0  406.0  1   14.335   14.335  1   35.147   35.147  2
  408.0  408.0  1   14.241   14.241  1   35.137   35.137  2
  410.0  410.0  1   14.152   14.152  1   35.129   35.129  2
  412.0  412.0  1   14.133   14.133  1   35.125   35.125  2
  414.0  414.0  1   14.028   14.028  1   35.115   35.115  2
  416.0  416.0  1   13.954   13.954  1   35.105   35.105  2
  418.0  418.0  1   13.868   13.868  1   35.094   35.094  2
  420.0  420.0  1   13.789   13.789  1   35.086   35.086  2
  422.0  422.0  1   13.727   13.727  1   35.080   35.080  2
  424.0  424.0  1   13.658   13.658  1   35.070   35.070  2
  426.0  426.0  1   13.600   13.600  1   35.061   35.061  2
  428.0  428.0  1   13.435   13.435  1   35.038   35.038  2
  430.0  430.0  1   13.372   13.372  1   35.028   35.028  2
  432.0  432.0  1   13.267   13.267  1   35.013   35.013  2
  434.0  434.0  1   13.085   13.085  1   34.992   34.992  2
  436.0  436.0  1   13.019   13.019  1   34.982   34.982  2
  438.0  438.0  1   12.918   12.918  1   34.968   34.968  2
  440.0  440.0  1   12.744   12.744  1   34.948   34.948  2
  442.0  442.0  1   12.543   12.543  1   34.929   34.929  2
  444.0  444.0  1   12.474   12.474  1   34.922   34.922  2
  446.0  446.0  1   12.446   12.446  1   34.918   34.918  2
  448.0  448.0  1   12.378   12.378  1   34.911   34.911  2
  450.0  450.0  1   12.249   12.249  1   34.899   34.899  2
  452.0  452.0  1   12.192   12.192  1   34.893   34.893  2
  454.0  454.0  1   12.164   12.164  1   34.889   34.889  2
  456.0  456.0  1   12.060   12.060  1   34.878   34.878  2
  458.0  458.0  1   11.871   11.871  1   34.861   34.861  2
  460.0  460.0  1   11.799   11.799  1   34.854   34.854  2
  462.0  462.0  1   11.776   11.776  1   34.850   34.850  2
  464.0  464.0  1   11.736   11.736  1   34.844   34.844  2
  466.0  466.0  1   11.570   11.570  1   34.826   34.826  2
  468.0  468.0  1   11.386   11.386  1   34.809   34.809  2
  470.0  470.0  1   11.319   11.319  1   34.802   34.802  2
  472.0  472.0  1   11.251   11.251  1   34.795   34.795  2
  474.0  474.0  1   11.172   11.172  1   34.788   34.788  2
  476.0  476.0  1   11.124   11.124  1   34.783   34.783  2
  478.0  478.0  1   11.061   11.061  1   34.777   34.777  2
  480.0  480.0  1   10.970   10.970  1   34.769   34.769  2
  482.0  482.0  1   10.957   10.957  1   34.768   34.768  2
  484.0  484.0  1   10.942   10.942  1   34.765   34.765  2
  486.0  486.0  1   10.915   10.915  1   34.760   34.760  2
  488.0  488.0  1   10.773   10.773  1   34.747   34.747  2
  490.0  490.0  1   10.615   10.615  1   34.735   34.735  2
  492.0  492.0  1   10.593   10.593  1   34.732   34.732  2
  494.0  494.0  1   10.575   10.575  1   34.730   34.730  2
  496.0  496.0  1   10.556   10.556  1   34.728   34.728  2
  498.0  498.0  1   10.540   10.540  1   34.726   34.726  2
  500.0  500.0  1   10.527   10.527  1   34.724   34.724  2
  502.0  502.0  1   10.478   10.478  1   34.718   34.718  2
  504.0  504.0  1   10.320   10.320  1   34.706   34.706  2
  506.0  506.0  1   10.287   10.287  1   34.702   34.702  2
  508.0  508.0  1   10.278   10.278  1   34.701   34.701  2
  510.0  510.0  1   10.249   10.249  1   34.697   34.697  2
  512.0  512.0  1   10.205   10.205  1   34.691   34.691  2
  514.0  514.0  1   10.071   10.071  1   34.678   34.678  2
  516.0  516.0  1    9.915    9.915  1   34.666   34.666  2
  518.0  518.0  1    9.815    9.815  1   34.656   34.656  2
  520.0  520.0  1    9.707    9.707  1   34.648   34.648  2
  522.0  522.0  1    9.621    9.621  1   34.639   34.639  2
  524.0  524.0  1    9.529    9.529  1   34.632   34.632  2
  526.0  526.0  1    9.463    9.463  1   34.626   34.626  2
  528.0  528.0  1    9.417    9.417  1   34.621   34.621  2
  530.0  530.0  1    9.346    9.346  1   34.614   34.614  2
  532.0  532.0  1    9.227    9.227  1   34.604   34.604  2
  534.0  534.0  1    9.139    9.139  1   34.594   34.594  2
  536.0  536.0  1    8.963    8.963  1   34.579   34.579  2
  538.0  538.0  1    8.749    8.749  1   34.565   34.565  2
  540.0  540.0  1    8.654    8.654  1   34.559   34.559  2
  542.0  542.0  1    8.636    8.636  1   34.556   34.556  2
  544.0  544.0  1    8.601    8.601  1   34.553   34.553  2
  546.0  546.0  1    8.548    8.548  1   34.548   34.548  2
  548.1  548.1  1    8.458    8.458  1   34.541   34.541  2
  550.0  550.0  1    8.384    8.384  1   34.535   34.535  2
  552.0  552.0  1    8.336    8.336  1   34.531   34.531  2
  554.0  554.0  1    8.284    8.284  1   34.526   34.526  2
  556.0  556.0  1    8.209    8.209  1   34.520   34.520  2
  558.0  558.0  1    8.065    8.065  1   34.511   34.511  2
  560.0  560.0  1    7.976    7.976  1   34.506   34.506  2
  562.0  562.0  1    7.949    7.949  1   34.504   34.504  2
  564.0  564.0  1    7.920    7.920  1   34.502   34.502  2
  566.0  566.0  1    7.863    7.863  1   34.499   34.499  2
  568.0  568.0  1    7.836    7.836  1   34.498   34.498  2
  570.0  570.0  1    7.828    7.828  1   34.497   34.497  2
  572.0  572.0  1    7.811    7.811  1   34.494   34.494  2
  574.0  574.0  1    7.741    7.741  1   34.490   34.490  2
  576.0  576.0  1    7.674    7.674  1   34.487   34.487  2
  578.0  578.0  1    7.594    7.594  1   34.483   34.483  2
  580.0  580.0  1    7.551    7.551  1   34.480   34.480  2
  582.0  582.0  1    7.527    7.527  1   34.478   34.478  2
  584.0  584.0  1    7.512    7.512  1   34.476   34.476  2
  586.0  586.0  1    7.498    7.498  1   34.475   34.475  2
  588.0  588.0  1    7.456    7.456  1   34.473   34.473  2
  590.0  590.0  1    7.417    7.417  1   34.470   34.470  2
  592.0  592.0  1    7.409    7.409  1   34.470   34.470  2
  594.0  594.0  1    7.408    7.408  1   34.470   34.470  2
  596.0  596.0  1    7.408    7.408  1   34.470   34.470  2
  598.0  598.0  1    7.408    7.408  1   34.470   34.470  2
  600.0  600.0  1    7.408    7.408  1   34.470   34.470  2
  602.0  602.0  1    7.408    7.408  1   34.470   34.470  2
  604.0  604.0  1    7.409    7.409  1   34.470   34.470  2
  606.0  606.0  1    7.411    7.411  1   34.470   34.470  2
  608.0  608.0  1    7.411    7.411  1   34.470   34.470  2
  610.0  610.0  1    7.411    7.411  1   34.470   34.470  2
  612.0  612.0  1    7.411    7.411  1   34.470   34.470  2
  614.0  614.0  1    7.409    7.409  1   34.469   34.469  2
  616.0  616.0  1    7.403    7.403  1   34.468   34.468  2
  618.0  618.0  1    7.366    7.366  1   34.465   34.465  2
  620.0  620.0  1    7.295    7.295  1   34.461   34.461  2
  622.0  622.0  1    7.223    7.223  1   34.457   34.457  2
  624.0  624.0  1    7.162    7.162  1   34.453   34.453  2
  626.0  626.0  1    7.124    7.124  1   34.450   34.450  2
  628.0  628.0  1    7.059    7.059  1   34.445   34.445  2
  630.0  630.0  1    6.928    6.928  1   34.439   34.439  2
  632.0  632.0  1    6.899    6.899  1   34.436   34.436  2
  634.0  634.0  1    6.858    6.858  1   34.431   34.431  2
  636.0  636.0  1    6.785    6.785  1   34.425   34.425  2
  638.0  638.0  1    6.736    6.736  1   34.422   34.422  2
  640.0  640.0  1    6.706    6.706  1   34.421   34.421  2
  642.0  642.0  1    6.692    6.692  1   34.419   34.419  2
  644.0  644.0  1    6.645    6.645  1   34.417   34.417  2
  646.0  646.0  1    6.581    6.581  1   34.415   34.415  2
  648.0  648.0  1    6.532    6.532  1   34.412   34.412  2
  650.0  650.0  1    6.489    6.489  1   34.411   34.411  2
  652.0  652.0  1    6.456    6.456  1   34.409   34.409  2
  654.0  654.0  1    6.415    6.415  1   34.407   34.407  2
  656.0  656.0  1    6.388    6.388  1   34.407   34.407  2
  658.0  658.0  1    6.378    6.378  1   34.407   34.407  2
  660.0  660.0  1    6.368    6.368  1   34.406   34.406  2
  662.0  662.0  1    6.359    6.359  1   34.406   34.406  2
  664.0  664.0  1    6.348    6.348  1   34.405   34.405  2
  666.0  666.0  1    6.341    6.341  1   34.404   34.404  2
  668.0  668.0  1    6.318    6.318  1   34.404   34.404  2
  670.0  670.0  1    6.284    6.284  1   34.403   34.403  2
  672.0  672.0  1    6.268    6.268  1   34.403   34.403  2
  674.0  674.0  1    6.261    6.261  1   34.402   34.402  2
  676.0  676.0  1    6.248    6.248  1   34.401   34.401  2
  678.0  678.0  1    6.190    6.190  1   34.400   34.400  2
  680.0  680.0  1    6.161    6.161  1   34.399   34.399  2
  682.0  682.0  1    6.157    6.157  1   34.399   34.399  2
  684.0  684.0  1    6.155    6.155  1   34.399   34.399  2
  686.0  686.0  1    6.152    6.152  1   34.398   34.398  2
  688.0  688.0  1    6.133    6.133  1   34.398   34.398  2
  690.0  690.0  1    6.110    6.110  1   34.397   34.397  2
  692.0  692.0  1    6.093    6.093  1   34.396   34.396  2
  694.0  694.0  1    6.064    6.064  1   34.395   34.395  2
  696.0  696.0  1    6.054    6.054  1   34.394   34.394  2
  698.0  698.0  1    6.039    6.039  1   34.393   34.393  2
  700.0  700.0  1    6.025    6.025  1   34.392   34.392  2
  702.0  702.0  1    5.996    5.996  1   34.391   34.391  2
  704.0  704.0  1    5.990    5.990  1   34.390   34.390  2
  706.0  706.0  1    5.986    5.986  1   34.390   34.390  2
  708.0  708.0  1    5.975    5.975  1   34.389   34.389  2
  710.0  710.0  1    5.932    5.932  1   34.388   34.388  2
  712.0  712.0  1    5.885    5.885  1   34.387   34.387  2
  714.0  714.0  1    5.849    5.849  1   34.387   34.387  2
  716.0  716.0  1    5.788    5.788  1   34.386   34.386  2
  718.0  718.0  1    5.706    5.706  1   34.388   34.388  2
  720.1  720.1  1    5.682    5.682  1   34.388   34.388  2
  722.0  722.0  1    5.661    5.661  1   34.389   34.389  2
  724.0  724.0  1    5.648    5.648  1   34.389   34.389  2
  726.0  726.0  1    5.636    5.636  1   34.389   34.389  2
  728.0  728.0  1    5.604    5.604  1   34.391   34.391  2
  730.0  730.0  1    5.585    5.585  1   34.391   34.391  2
  732.0  732.0  1    5.580    5.580  1   34.391   34.391  2
  734.0  734.0  1    5.581    5.581  1   34.391   34.391  2
  736.0  736.0  1    5.579    5.579  1   34.391   34.391  2
  738.0  738.0  1    5.580    5.580  1   34.391   34.391  2
  740.0  740.0  1    5.580    5.580  1   34.391   34.391  2
  742.0  742.0  1    5.576    5.576  1   34.390   34.390  2
  744.0  744.0  1    5.566    5.566  1   34.390   34.390  2
  746.0  746.0  1    5.554    5.554  1   34.390   34.390  2
  748.0  748.0  1    5.533    5.533  1   34.390   34.390  2
  750.0  750.0  1    5.524    5.524  1   34.390   34.390  2
  752.0  752.0  1    5.516    5.516  1   34.390   34.390  2
  754.0  754.0  1    5.510    5.510  1   34.389   34.389  2
  756.0  756.0  1    5.487    5.487  1   34.389   34.389  2
  758.0  758.0  1    5.458    5.458  1   34.390   34.390  2
  760.0  760.0  1    5.445    5.445  1   34.391   34.391  2
  762.0  762.0  1    5.442    5.442  1   34.391   34.391  2
  764.0  764.0  1    5.441    5.441  1   34.391   34.391  2
  766.0  766.0  1    5.438    5.438  1   34.391   34.391  2
  768.0  768.0  1    5.433    5.433  1   34.391   34.391  2
  770.0  770.0  1    5.412    5.412  1   34.391   34.391  2
  772.0  772.0  1    5.393    5.393  1   34.391   34.391  2
  774.0  774.0  1    5.377    5.377  1   34.393   34.393  2
  776.0  776.0  1    5.345    5.345  1   34.393   34.393  2
  778.0  778.0  1    5.341    5.341  1   34.394   34.394  2
  780.0  780.0  1    5.340    5.340  1   34.394   34.394  2
  782.0  782.0  1    5.338    5.338  1   34.394   34.394  2
  784.0  784.0  1    5.319    5.319  1   34.394   34.394  2
  786.0  786.0  1    5.305    5.305  1   34.395   34.395  2
  788.0  788.0  1    5.294    5.294  1   34.395   34.395  2
  790.0  790.0  1    5.289    5.289  1   34.395   34.395  2
  792.0  792.0  1    5.284    5.284  1   34.394   34.394  2
  794.0  794.0  1    5.274    5.274  1   34.395   34.395  2
  796.0  796.0  1    5.251    5.251  1   34.395   34.395  2
  798.0  798.0  1    5.225    5.225  1   34.396   34.396  2
  800.0  800.0  1    5.211    5.211  1   34.396   34.396  2
  802.0  802.0  1    5.197    5.197  1   34.397   34.397  2
  804.0  804.0  1    5.193    5.193  1   34.397   34.397  2
  806.0  806.0  1    5.188    5.188  1   34.397   34.397  2
  808.0  808.0  1    5.176    5.176  1   34.397   34.397  2
  810.0  810.0  1    5.164    5.164  1   34.397   34.397  2
  812.0  812.0  1    5.158    5.158  1   34.397   34.397  2
  814.0  814.0  1    5.146    5.146  1   34.398   34.398  2
  816.0  816.0  1    5.132    5.132  1   34.398   34.398  2
  818.0  818.0  1    5.116    5.116  1   34.399   34.399  2
  820.0  820.0  1    5.097    5.097  1   34.400   34.400  2
  822.0  822.0  1    5.088    5.088  1   34.400   34.400  2
  824.0  824.0  1    5.079    5.079  1   34.401   34.401  2
  826.0  826.0  1    5.073    5.073  1   34.401   34.401  2
  828.0  828.0  1    5.072    5.072  1   34.401   34.401  2
  830.0  830.0  1    5.065    5.065  1   34.401   34.401  2
  832.0  832.0  1    5.062    5.062  1   34.401   34.401  2
  834.0  834.0  1    5.050    5.050  1   34.401   34.401  2
  836.0  836.0  1    5.030    5.030  1   34.403   34.403  2
  838.0  838.0  1    5.026    5.026  1   34.403   34.403  2
  840.0  840.0  1    5.023    5.023  1   34.403   34.403  2
  842.0  842.0  1    5.020    5.020  1   34.403   34.403  2
  844.0  844.0  1    5.016    5.016  1   34.404   34.404  2
  846.0  846.0  1    5.014    5.014  1   34.403   34.403  2
  848.0  848.0  1    5.010    5.010  1   34.404   34.404  2
  850.0  850.0  1    5.007    5.007  1   34.404   34.404  2
  852.0  852.0  1    5.003    5.003  1   34.403   34.403  2
  854.0  854.0  1    4.978    4.978  1   34.405   34.405  2
  856.0  856.0  1    4.966    4.966  1   34.405   34.405  2
  858.0  858.0  1    4.965    4.965  1   34.405   34.405  2
  860.0  860.0  1    4.959    4.959  1   34.406   34.406  2
  862.0  862.0  1    4.949    4.949  1   34.406   34.406  2
  864.0  864.0  1    4.943    4.943  1   34.406   34.406  2
  866.0  866.0  1    4.938    4.938  1   34.406   34.406  2
  868.0  868.0  1    4.930    4.930  1   34.407   34.407  2
  870.0  870.0  1    4.922    4.922  1   34.407   34.407  2
  872.0  872.0  1    4.903    4.903  1   34.408   34.408  2
  874.0  874.0  1    4.888    4.888  1   34.409   34.409  2
  876.0  876.0  1    4.876    4.876  1   34.409   34.409  2
  878.0  878.0  1    4.874    4.874  1   34.409   34.409  2
  880.0  880.0  1    4.864    4.864  1   34.410   34.410  2
  882.0  882.0  1    4.852    4.852  1   34.410   34.410  2
  884.0  884.0  1    4.841    4.841  1   34.411   34.411  2
  886.0  886.0  1    4.829    4.829  1   34.412   34.412  2
  888.0  888.0  1    4.824    4.824  1   34.412   34.412  2
  890.0  890.0  1    4.824    4.824  1   34.412   34.412  2
  892.0  892.0  1    4.818    4.818  1   34.412   34.412  2
  894.0  894.0  1    4.808    4.808  1   34.413   34.413  2
  896.0  896.0  1    4.798    4.798  1   34.413   34.413  2
  898.0  898.0  1    4.785    4.785  1   34.414   34.414  2
  900.0  900.0  1    4.758    4.758  1   34.416   34.416  2
  902.0  902.0  1    4.743    4.743  1   34.417   34.417  2
  904.0  904.0  1    4.738    4.738  1   34.417   34.417  2
  906.0  906.0  1    4.734    4.734  1   34.417   34.417  2
  908.0  908.0  1    4.710    4.710  1   34.419   34.419  2
  910.0  910.0  1    4.699    4.699  1   34.419   34.419  2
  912.0  912.0  1    4.683    4.683  1   34.421   34.421  2
  914.0  914.0  1    4.676    4.676  1   34.421   34.421  2
  916.0  916.0  1    4.659    4.659  1   34.422   34.422  2
  918.0  918.0  1    4.649    4.649  1   34.423   34.423  2
  920.0  920.0  1    4.646    4.646  1   34.423   34.423  2
  922.0  922.0  1    4.647    4.647  1   34.423   34.423  2
  924.0  924.0  1    4.649    4.649  1   34.423   34.423  2
  926.0  926.0  1    4.647    4.647  1   34.422   34.422  2
  928.0  928.0  1    4.614    4.614  1   34.425   34.425  2
  930.0  930.0  1    4.599    4.599  1   34.426   34.426  2
  932.0  932.0  1    4.586    4.586  1   34.427   34.427  2
  934.0  934.0  1    4.580    4.580  1   34.427   34.427  2
  936.0  936.0  1    4.566    4.566  1   34.428   34.428  2
  938.0  938.0  1    4.557    4.557  1   34.429   34.429  2
  940.0  940.0  1    4.546    4.546  1   34.430   34.430  2
  942.0  942.0  1    4.544    4.544  1   34.429   34.429  2
  944.0  944.0  1    4.540    4.540  1   34.430   34.430  2
  946.0  946.0  1    4.533    4.533  1   34.430   34.430  2
  948.0  948.0  1    4.526    4.526  1   34.430   34.430  2
  950.0  950.0  1    4.516    4.516  1   34.431   34.431  2
  952.0  952.0  1    4.505    4.505  1   34.431   34.431  2
  954.0  954.0  1    4.488    4.488  1   34.433   34.433  2
  956.0  956.0  1    4.470    4.470  1   34.434   34.434  2
  958.0  958.0  1    4.455    4.455  1   34.435   34.435  2
  960.0  960.0  1    4.443    4.443  1   34.436   34.436  2
  962.0  962.0  1    4.420    4.420  1   34.438   34.438  2
  964.0  964.0  1    4.402    4.402  1   34.441   34.441  2
  966.0  966.0  1    4.392    4.392  1   34.445   34.445  2
  968.0  968.0  1    4.383    4.383  1   34.446   34.446  2
  970.0  970.0  1    4.378    4.378  1   34.446   34.446  2
  971.9  971.9  1    4.370    4.370  1   34.447   34.447  2
  974.0  974.0  1    4.362    4.362  1   34.448   34.448  2
  976.0  976.0  1    4.351    4.351  1   34.449   34.449  2
  977.9  977.9  1    4.342    4.342  1   34.451   34.451  2
  997.4  997.4  1    4.248    4.248  1   34.456   34.456  2
 1048.7 1048.7  1    4.015    4.015  1   34.476   34.476  2
 1098.2 1098.2  1    3.863    3.863  1   34.491   34.491  2
 1147.8 1147.8  1    3.653    3.653  1   34.518   34.518  2
 1197.4 1197.4  1    3.534    3.534  1   34.535   34.535  2
 1248.8 1248.8  1    3.354    3.354  1   34.556   34.556  2
 1298.3 1298.3  1    3.243    3.243  1   34.567   34.567  2
 1346.6 1346.6  1    3.183    3.183  1   34.573   34.573  2
 1398.7 1398.7  1    3.020    3.020  1   34.590   34.590  2
 1447.9 1447.9  1    2.919    2.919  1   34.600   34.600  2
 1497.7 1497.7  1    2.861    2.861  1   34.607   34.607  2
 1548.1 1548.1  1    2.821    2.821  1   34.611   34.611  2
 1595.8 1595.8  1    2.720    2.720  1   34.621   34.621  2
 1648.3 1648.3  1    2.652    2.652  1   34.627   34.627  2
 1697.8 1697.8  1    2.590    2.590  1   34.634   34.634  2
 1748.5 1748.5  1    2.543    2.543  1   34.638   34.638  2
 1797.6 1797.6  1    2.480    2.480  1   34.645   34.645  2
 1848.6 1848.6  1    2.447    2.447  1   34.648   34.648  2
 1898.2 1898.2  1    2.377    2.377  1   34.655   34.655  2
 1948.3 1948.3  1    2.332    2.332  1   34.659   34.659  2
 1998.2 1998.2  1    2.294    2.294  1   34.663   34.663  2
