*SoftWare Version 3.0  2018/12/27

*HEADER
     PLATFORM NUMBER       :5904941
     CYCLE NUMBER          :103
     DATE CREATION         :20191213180403
     DATE UPDATE           :20191213180403
     PROJECT NAME          :US ARGO PROJECT
     PI NAME               :GREGORY C. JOHNSON
     INSTRUMENT TYPE       :NAVIS_A
     FLOAT SERIAL NO       :0755
     FIRMWARE VERSION      :102115
     WMO INSTRUMENT TYPE   :863
     TRANSMISSION SYSTEM   :IRIDIUM
     POSITIONING SYSTEM    :GPS
     SAMPLE DIRECTION      :A(A=Ascend; D=Descend)
     DATA MODE             :A(R=Real Time; D=Delayed Mode; A=Real Time Adjusted)
     JULIAN DAY            :25548.6927 (days since 1950-01-01 00:00:00 UTC)
     DATE                  :2019-12-13
     QC FLAG FOR DATE      :1
*LOCATION
     LATITUDE              :-10.480 
     LONGITUDE             :83.019  
     QC FLAG FOR LOCATION  :1
*FILE
     COLUMN 1              :Pressure (dbar)                             F7.1
     COLUMN 2              :Corrected Pressure (dbar)                   F7.1
     COLUMN 3              :Quality on Pressure                         I3
     COLUMN 4              :Temperature (degree_Celsius)                F9.3
     COLUMN 5              :Corrected Temperature (degree_Celsius)      F9.3
     COLUMN 6              :Quality on Temperature                      I3
     COLUMN 7              :Salinity (PSU)                              F9.3
     COLUMN 8              :Corrected Salinity (PSU)                    F9.3
     COLUMN 9              :Quality on Salinity                         I3
==========================================================================
    4.3    4.2  1   27.878   27.878  1   34.604   34.604  1
    6.0    5.9  1   27.880   27.880  1   34.604   34.604  1
    8.0    7.9  1   27.884   27.884  1   34.604   34.604  1
   10.0    9.9  1   27.884   27.884  1   34.604   34.604  1
   11.9   11.8  1   27.885   27.885  1   34.604   34.604  1
   14.0   13.9  1   27.886   27.886  1   34.604   34.604  1
   16.0   15.9  1   27.886   27.886  1   34.604   34.604  1
   18.0   17.9  1   27.886   27.886  1   34.603   34.603  1
   20.0   19.9  1   27.887   27.887  1   34.604   34.604  1
   22.0   21.9  1   27.890   27.890  1   34.604   34.604  1
   24.0   23.9  1   27.892   27.892  1   34.604   34.604  1
   26.0   25.9  1   27.890   27.890  1   34.604   34.604  1
   28.0   27.9  1   27.891   27.891  1   34.604   34.604  1
   29.9   29.8  1   27.889   27.889  1   34.604   34.604  1
   32.0   31.9  1   27.883   27.883  1   34.603   34.603  1
   34.0   33.9  1   27.882   27.882  1   34.603   34.603  1
   36.0   35.9  1   27.885   27.885  1   34.603   34.603  1
   38.0   37.9  1   27.882   27.882  1   34.603   34.603  1
   40.0   39.9  1   27.861   27.861  1   34.603   34.603  1
   42.0   41.9  1   27.847   27.847  1   34.602   34.602  1
   44.0   43.9  1   27.844   27.844  1   34.602   34.602  1
   46.0   45.9  1   27.837   27.837  1   34.601   34.601  1
   48.0   47.9  1   27.827   27.827  1   34.601   34.601  1
   50.0   49.9  1   27.827   27.827  1   34.601   34.601  1
   52.0   51.9  1   27.826   27.826  1   34.601   34.601  1
   54.0   53.9  1   27.823   27.823  1   34.601   34.601  1
   56.0   55.9  1   27.822   27.822  1   34.601   34.601  1
   58.0   57.9  1   27.821   27.821  1   34.601   34.601  1
   60.0   59.9  1   27.818   27.818  1   34.600   34.600  1
   62.0   61.9  1   27.817   27.817  1   34.600   34.600  1
   64.0   63.9  1   27.817   27.817  1   34.601   34.601  1
   66.0   65.9  1   27.816   27.816  1   34.600   34.600  1
   68.0   67.9  1   27.814   27.814  1   34.600   34.600  1
   70.0   69.9  1   27.815   27.815  1   34.600   34.600  1
   72.0   71.9  1   27.814   27.814  1   34.600   34.600  1
   74.0   73.9  1   27.813   27.813  1   34.600   34.600  1
   76.0   75.9  1   27.813   27.813  1   34.600   34.600  1
   78.0   77.9  1   27.811   27.811  1   34.599   34.599  1
   80.0   79.9  1   27.808   27.808  1   34.598   34.598  1
   82.0   81.9  1   27.804   27.804  1   34.597   34.597  1
   84.0   83.9  1   27.792   27.792  1   34.594   34.594  1
   86.1   86.0  1   27.784   27.784  1   34.590   34.590  1
   88.0   87.9  1   27.783   27.783  1   34.589   34.589  1
   90.0   89.9  1   27.694   27.694  1   34.568   34.568  1
   92.0   91.9  1   27.533   27.533  1   34.533   34.533  1
   94.0   93.9  1   27.348   27.348  1   34.504   34.504  1
   96.0   95.9  1   27.248   27.248  1   34.494   34.494  1
   98.0   97.9  1   27.159   27.159  1   34.490   34.490  1
  100.0   99.9  1   27.106   27.106  1   34.489   34.489  1
  102.0  101.9  1   27.060   27.060  1   34.488   34.488  1
  104.0  103.9  1   26.936   26.936  1   34.485   34.485  1
  106.0  105.9  1   26.677   26.677  1   34.477   34.477  1
  108.0  107.9  1   26.516   26.516  1   34.459   34.459  1
  110.0  109.9  1   26.291   26.291  1   34.428   34.428  1
  112.0  111.9  1   26.056   26.056  1   34.405   34.405  1
  114.0  113.9  1   25.844   25.844  1   34.396   34.396  1
  116.0  115.9  1   25.573   25.573  1   34.390   34.390  1
  118.0  117.9  1   25.382   25.382  1   34.393   34.393  1
  120.0  119.9  1   25.320   25.320  1   34.397   34.397  1
  122.0  121.9  1   25.151   25.151  1   34.413   34.413  1
  124.0  123.9  1   24.997   24.997  1   34.424   34.424  1
  126.0  125.9  1   24.708   24.708  1   34.435   34.435  1
  128.0  127.9  1   24.656   24.656  1   34.437   34.437  1
  130.0  129.9  1   24.616   24.616  1   34.438   34.438  1
  132.1  132.0  1   24.404   24.404  1   34.451   34.451  1
  134.0  133.9  1   24.127   24.127  1   34.469   34.469  1
  136.0  135.9  1   23.840   23.840  1   34.478   34.478  1
  138.0  137.9  1   23.739   23.739  1   34.479   34.479  1
  139.9  139.8  1   23.362   23.362  1   34.489   34.489  1
  141.9  141.8  1   22.580   22.580  1   34.506   34.506  1
  144.0  143.9  1   21.738   21.738  1   34.512   34.512  1
  146.0  145.9  1   21.581   21.581  1   34.530   34.530  1
  148.0  147.9  1   21.476   21.476  1   34.591   34.591  1
  150.0  149.9  1   21.108   21.108  1   34.620   34.620  1
  152.0  151.9  1   20.944   20.944  1   34.616   34.616  1
  154.0  153.9  1   20.792   20.792  1   34.616   34.616  1
  156.0  155.9  1   20.586   20.586  1   34.622   34.622  1
  158.0  157.9  1   20.336   20.336  1   34.618   34.618  1
  160.0  159.9  1   20.117   20.117  1   34.605   34.605  1
  162.0  161.9  1   19.950   19.950  1   34.592   34.592  1
  164.0  163.9  1   19.816   19.816  1   34.619   34.619  1
  166.0  165.9  1   19.553   19.553  1   34.659   34.659  1
  168.0  167.9  1   19.313   19.313  1   34.670   34.670  1
  170.0  169.9  1   18.968   18.968  1   34.666   34.666  1
  172.0  171.9  1   18.586   18.586  1   34.651   34.651  1
  174.0  173.9  1   18.495   18.495  1   34.646   34.646  1
  176.0  175.9  1   18.458   18.458  1   34.643   34.643  1
  178.0  177.9  1   18.295   18.295  1   34.642   34.642  1
  180.0  179.9  1   17.937   17.937  1   34.641   34.641  1
  182.0  181.9  1   17.587   17.587  1   34.644   34.644  1
  184.0  183.9  1   17.272   17.272  1   34.632   34.632  1
  186.0  185.9  1   17.184   17.184  1   34.629   34.629  1
  188.0  187.9  1   17.171   17.171  1   34.628   34.628  1
  190.0  189.9  1   17.073   17.073  1   34.631   34.631  1
  192.0  191.9  1   16.964   16.964  1   34.630   34.630  1
  194.0  193.9  1   16.854   16.854  1   34.632   34.632  1
  196.0  195.9  1   16.588   16.588  1   34.637   34.637  1
  198.0  197.9  1   16.479   16.479  1   34.631   34.631  1
  200.0  199.9  1   16.354   16.354  1   34.632   34.632  1
  202.0  201.9  1   16.128   16.128  1   34.627   34.627  1
  204.0  203.9  1   15.966   15.966  1   34.621   34.621  1
  206.0  205.9  1   15.690   15.690  1   34.621   34.621  1
  208.0  207.9  1   15.410   15.410  1   34.618   34.618  1
  210.0  209.9  1   15.263   15.263  1   34.618   34.618  1
  212.0  211.9  1   15.195   15.195  1   34.618   34.618  1
  214.0  213.9  1   15.017   15.017  1   34.609   34.609  1
  216.0  215.9  1   14.995   14.995  1   34.608   34.608  1
  218.0  217.9  1   14.852   14.852  1   34.608   34.608  1
  220.0  219.9  1   14.619   14.619  1   34.604   34.604  1
  222.0  221.9  1   14.409   14.409  1   34.604   34.604  1
  224.0  223.9  1   14.318   14.318  1   34.605   34.605  1
  226.0  225.9  1   14.254   14.254  1   34.607   34.607  1
  228.0  227.9  1   14.180   14.180  1   34.625   34.625  1
  230.0  229.9  1   14.063   14.063  1   34.642   34.642  1
  232.0  231.9  1   13.916   13.916  1   34.645   34.645  1
  234.0  233.9  1   13.817   13.817  1   34.642   34.642  1
  236.0  235.9  1   13.744   13.744  1   34.640   34.640  1
  238.0  237.9  1   13.699   13.699  1   34.640   34.640  1
  240.0  239.9  1   13.628   13.628  1   34.642   34.642  1
  242.0  241.9  1   13.522   13.522  1   34.639   34.639  1
  244.0  243.9  1   13.410   13.410  1   34.645   34.645  1
  246.0  245.9  1   13.365   13.365  1   34.644   34.644  1
  248.0  247.9  1   13.302   13.302  1   34.646   34.646  1
  250.0  249.9  1   13.205   13.205  1   34.651   34.651  1
  252.0  251.9  1   13.043   13.043  1   34.652   34.652  1
  254.0  253.9  1   12.999   12.999  1   34.651   34.651  1
  256.0  255.9  1   12.964   12.964  1   34.652   34.652  1
  258.0  257.9  1   12.836   12.836  1   34.655   34.655  1
  260.0  259.9  1   12.782   12.782  1   34.655   34.655  1
  262.0  261.9  1   12.743   12.743  1   34.655   34.655  1
  264.0  263.9  1   12.706   12.706  1   34.655   34.655  1
  266.0  265.9  1   12.665   12.665  1   34.655   34.655  1
  268.0  267.9  1   12.608   12.608  1   34.658   34.658  1
  270.0  269.9  1   12.561   12.561  1   34.658   34.658  1
  272.0  271.9  1   12.485   12.485  1   34.660   34.660  1
  274.0  273.9  1   12.436   12.436  1   34.663   34.663  1
  276.0  275.9  1   12.407   12.407  1   34.666   34.666  1
  278.0  277.9  1   12.354   12.354  1   34.665   34.665  1
  280.0  279.9  1   12.276   12.276  1   34.669   34.669  1
  282.0  281.9  1   12.247   12.247  1   34.682   34.682  1
  284.0  283.9  1   12.279   12.279  1   34.720   34.720  1
  286.0  285.9  1   12.280   12.280  1   34.731   34.731  1
  288.0  287.9  1   12.313   12.313  1   34.762   34.762  1
  290.0  289.9  1   12.242   12.242  1   34.750   34.750  1
  292.0  291.9  1   12.196   12.196  1   34.753   34.753  1
  294.0  293.9  1   12.212   12.212  1   34.789   34.789  1
  296.0  295.9  1   12.207   12.207  1   34.810   34.810  1
  298.0  297.9  1   12.193   12.193  1   34.819   34.819  1
  300.0  299.9  1   12.144   12.144  1   34.822   34.822  1
  302.0  301.9  1   12.088   12.088  1   34.829   34.829  1
  304.0  303.9  1   12.069   12.069  1   34.833   34.833  1
  306.0  305.9  1   12.085   12.085  1   34.840   34.840  1
  308.0  307.9  1   12.090   12.090  1   34.853   34.853  1
  310.0  309.9  1   12.065   12.065  1   34.851   34.851  1
  312.0  311.9  1   12.025   12.025  1   34.848   34.848  1
  314.0  313.9  1   11.954   11.954  1   34.847   34.847  1
  316.0  315.9  1   11.956   11.956  1   34.855   34.855  1
  318.0  317.9  1   11.953   11.953  1   34.861   34.861  1
  320.0  319.9  1   11.955   11.955  1   34.865   34.865  1
  322.0  321.9  1   11.953   11.953  1   34.868   34.868  1
  324.0  323.9  1   11.949   11.949  1   34.875   34.875  1
  326.0  325.9  1   11.959   11.959  1   34.887   34.887  1
  328.0  327.9  1   11.954   11.954  1   34.892   34.892  1
  330.0  329.9  1   11.941   11.941  1   34.895   34.895  1
  332.0  331.9  1   11.928   11.928  1   34.895   34.895  1
  334.0  333.9  1   11.925   11.925  1   34.897   34.897  1
  336.0  335.9  1   11.903   11.903  1   34.902   34.902  1
  338.0  337.9  1   11.845   11.845  1   34.907   34.907  1
  340.0  339.9  1   11.825   11.825  1   34.907   34.907  1
  342.0  341.9  1   11.799   11.799  1   34.906   34.906  1
  344.0  343.9  1   11.736   11.736  1   34.903   34.903  1
  346.0  345.9  1   11.665   11.665  1   34.899   34.899  1
  348.0  347.9  1   11.618   11.618  1   34.895   34.895  1
  350.0  349.9  1   11.613   11.613  1   34.900   34.900  1
  352.0  351.9  1   11.530   11.530  1   34.894   34.894  1
  354.0  353.9  1   11.490   11.490  1   34.891   34.891  1
  356.0  355.9  1   11.441   11.441  1   34.888   34.888  1
  358.0  357.9  1   11.394   11.394  1   34.886   34.886  1
  360.0  359.9  1   11.359   11.359  1   34.883   34.883  1
  362.0  361.9  1   11.347   11.347  1   34.882   34.882  1
  364.0  363.9  1   11.327   11.327  1   34.880   34.880  1
  366.0  365.9  1   11.278   11.278  1   34.877   34.877  1
  368.0  367.9  1   11.245   11.245  1   34.875   34.875  1
  370.0  369.9  1   11.193   11.193  1   34.873   34.873  1
  372.0  371.9  1   11.159   11.159  1   34.872   34.872  1
  374.0  373.9  1   11.122   11.122  1   34.869   34.869  1
  375.9  375.8  1   11.073   11.073  1   34.868   34.868  1
  378.0  377.9  1   11.045   11.045  1   34.865   34.865  1
  380.0  379.9  1   11.038   11.038  1   34.864   34.864  1
  382.0  381.9  1   11.008   11.008  1   34.865   34.865  1
  384.0  383.9  1   10.960   10.960  1   34.863   34.863  1
  386.0  385.9  1   10.941   10.941  1   34.864   34.864  1
  388.0  387.9  1   10.888   10.888  1   34.862   34.862  1
  390.0  389.9  1   10.865   10.865  1   34.861   34.861  1
  392.0  391.9  1   10.841   10.841  1   34.860   34.860  1
  394.0  393.9  1   10.811   10.811  1   34.858   34.858  1
  396.0  395.9  1   10.791   10.791  1   34.857   34.857  1
  398.0  397.9  1   10.768   10.768  1   34.856   34.856  1
  400.0  399.9  1   10.730   10.730  1   34.854   34.854  1
  402.0  401.9  1   10.682   10.682  1   34.851   34.851  1
  404.0  403.9  1   10.654   10.654  1   34.849   34.849  1
  406.0  405.9  1   10.616   10.616  1   34.847   34.847  1
  408.0  407.9  1   10.576   10.576  1   34.844   34.844  1
  410.0  409.9  1   10.539   10.539  1   34.843   34.843  1
  412.0  411.9  1   10.483   10.483  1   34.839   34.839  1
  414.0  413.9  1   10.437   10.437  1   34.836   34.836  1
  416.0  415.9  1   10.399   10.399  1   34.832   34.832  1
  418.0  417.9  1   10.317   10.317  1   34.827   34.827  1
  420.0  419.9  1   10.255   10.255  1   34.820   34.820  1
  422.0  421.9  1   10.212   10.212  1   34.816   34.816  1
  424.0  423.9  1   10.169   10.169  1   34.813   34.813  1
  426.0  425.9  1   10.151   10.151  1   34.810   34.810  1
  428.0  427.9  1   10.137   10.137  1   34.809   34.809  1
  430.0  429.9  1   10.107   10.107  1   34.807   34.807  1
  432.0  431.9  1   10.065   10.065  1   34.804   34.804  1
  434.0  433.9  1   10.042   10.042  1   34.802   34.802  1
  436.0  435.9  1   10.018   10.018  1   34.801   34.801  1
  438.0  437.9  1    9.989    9.989  1   34.799   34.799  1
  440.0  439.9  1    9.967    9.967  1   34.797   34.797  1
  442.0  441.9  1    9.930    9.930  1   34.795   34.795  1
  444.0  443.9  1    9.890    9.890  1   34.793   34.793  1
  446.0  445.9  1    9.828    9.828  1   34.790   34.790  1
  448.0  447.9  1    9.811    9.811  1   34.788   34.788  1
  450.0  449.9  1    9.804    9.804  1   34.788   34.788  1
  452.0  451.9  1    9.783    9.783  1   34.788   34.788  1
  454.0  453.9  1    9.759    9.759  1   34.787   34.787  1
  456.0  455.9  1    9.742    9.742  1   34.785   34.785  1
  458.0  457.9  1    9.724    9.724  1   34.784   34.784  1
  460.0  459.9  1    9.700    9.700  1   34.782   34.782  1
  462.0  461.9  1    9.676    9.676  1   34.781   34.781  1
  464.0  463.9  1    9.642    9.642  1   34.779   34.779  1
  466.0  465.9  1    9.617    9.617  1   34.777   34.777  1
  468.0  467.9  1    9.590    9.590  1   34.775   34.775  1
  470.0  469.9  1    9.567    9.567  1   34.773   34.773  1
  472.0  471.9  1    9.545    9.545  1   34.771   34.771  1
  474.0  473.9  1    9.507    9.507  1   34.769   34.769  1
  476.0  475.9  1    9.479    9.479  1   34.767   34.767  1
  478.0  477.9  1    9.460    9.460  1   34.765   34.765  1
  480.0  479.9  1    9.436    9.436  1   34.764   34.764  1
  482.0  481.9  1    9.416    9.416  1   34.763   34.763  1
  484.0  483.9  1    9.403    9.403  1   34.763   34.763  1
  486.0  485.9  1    9.375    9.375  1   34.761   34.761  1
  488.0  487.9  1    9.318    9.318  1   34.756   34.756  1
  490.0  489.9  1    9.290    9.290  1   34.753   34.753  1
  492.0  491.9  1    9.257    9.257  1   34.753   34.753  1
  494.0  493.9  1    9.204    9.204  1   34.750   34.750  1
  496.0  495.9  1    9.174    9.174  1   34.746   34.746  1
  498.0  497.9  1    9.172    9.172  1   34.747   34.747  1
  500.0  499.9  1    9.161    9.161  1   34.749   34.749  1
  502.0  501.9  1    9.153    9.153  1   34.751   34.751  1
  504.0  503.9  1    9.132    9.132  1   34.749   34.749  1
  506.0  505.9  1    9.112    9.112  1   34.748   34.748  1
  508.0  507.9  1    9.098    9.098  1   34.747   34.747  1
  510.0  509.9  1    9.065    9.065  1   34.747   34.747  1
  512.0  511.9  1    9.026    9.026  1   34.744   34.744  1
  514.0  513.9  1    9.020    9.020  1   34.745   34.745  1
  516.0  515.9  1    8.987    8.987  1   34.743   34.743  1
  518.0  517.9  1    8.973    8.973  1   34.743   34.743  1
  520.0  519.9  1    8.961    8.961  1   34.743   34.743  1
  522.0  521.9  1    8.911    8.911  1   34.741   34.741  1
  524.0  523.9  1    8.878    8.878  1   34.737   34.737  1
  526.0  525.9  1    8.837    8.837  1   34.734   34.734  1
  528.0  527.9  1    8.788    8.788  1   34.729   34.729  1
  530.0  529.9  1    8.762    8.762  1   34.727   34.727  1
  532.0  531.9  1    8.726    8.726  1   34.725   34.725  1
  534.0  533.9  1    8.714    8.714  1   34.726   34.726  1
  536.0  535.9  1    8.704    8.704  1   34.725   34.725  1
  538.0  537.9  1    8.685    8.685  1   34.723   34.723  1
  540.0  539.9  1    8.630    8.630  1   34.721   34.721  1
  542.0  541.9  1    8.613    8.613  1   34.720   34.720  1
  544.0  543.9  1    8.586    8.586  1   34.720   34.720  1
  546.0  545.9  1    8.555    8.555  1   34.719   34.719  1
  548.0  547.9  1    8.510    8.510  1   34.715   34.715  1
  550.0  549.9  1    8.500    8.500  1   34.717   34.717  1
  552.0  551.9  1    8.465    8.465  1   34.715   34.715  1
  554.0  553.9  1    8.445    8.445  1   34.714   34.714  1
  556.0  555.9  1    8.427    8.427  1   34.713   34.713  1
  558.0  557.9  1    8.402    8.402  1   34.712   34.712  1
  560.0  559.9  1    8.383    8.383  1   34.712   34.712  1
  562.0  561.9  1    8.357    8.357  1   34.714   34.714  1
  564.0  563.9  1    8.336    8.336  1   34.713   34.713  1
  566.0  565.9  1    8.320    8.320  1   34.712   34.712  1
  568.0  567.9  1    8.304    8.304  1   34.712   34.712  1
  570.0  569.9  1    8.285    8.285  1   34.713   34.713  1
  572.0  571.9  1    8.269    8.269  1   34.714   34.714  1
  574.0  573.9  1    8.252    8.252  1   34.714   34.714  1
  576.0  575.9  1    8.234    8.234  1   34.715   34.715  1
  578.0  577.9  1    8.217    8.217  1   34.715   34.715  1
  580.0  579.9  1    8.206    8.206  1   34.716   34.716  1
  582.0  581.9  1    8.190    8.190  1   34.717   34.717  1
  584.0  583.9  1    8.170    8.170  1   34.717   34.717  1
  586.1  586.0  1    8.154    8.154  1   34.716   34.716  1
  588.0  587.9  1    8.139    8.139  1   34.717   34.717  1
  590.0  589.9  1    8.118    8.118  1   34.715   34.715  1
  592.0  591.9  1    8.090    8.090  1   34.715   34.715  1
  594.0  593.9  1    8.054    8.054  1   34.715   34.715  1
  596.0  595.9  1    8.019    8.019  1   34.714   34.714  1
  598.0  597.9  1    8.004    8.004  1   34.714   34.714  1
  600.0  599.9  1    7.993    7.993  1   34.714   34.714  1
  602.0  601.9  1    7.986    7.986  1   34.713   34.713  1
  604.0  603.9  1    7.966    7.966  1   34.713   34.713  1
  606.0  605.9  1    7.927    7.927  1   34.712   34.712  1
  608.0  607.9  1    7.904    7.904  1   34.712   34.712  1
  610.0  609.9  1    7.887    7.887  1   34.712   34.712  1
  612.0  611.9  1    7.869    7.869  1   34.712   34.712  1
  614.0  613.9  1    7.866    7.866  1   34.711   34.711  1
  616.0  615.9  1    7.857    7.857  1   34.711   34.711  1
  618.0  617.9  1    7.843    7.843  1   34.711   34.711  1
  620.0  619.9  1    7.827    7.827  1   34.711   34.711  1
  622.0  621.9  1    7.780    7.780  1   34.709   34.709  1
  624.0  623.9  1    7.734    7.734  1   34.703   34.703  1
  626.0  625.9  1    7.719    7.719  1   34.703   34.703  1
  628.0  627.9  1    7.702    7.702  1   34.702   34.702  1
  630.0  629.9  1    7.688    7.688  1   34.702   34.702  1
  632.0  631.9  1    7.654    7.654  1   34.701   34.701  1
  634.0  633.9  1    7.629    7.629  1   34.700   34.700  1
  636.0  635.9  1    7.617    7.617  1   34.699   34.699  1
  638.0  637.9  1    7.604    7.604  1   34.699   34.699  1
  640.0  639.9  1    7.589    7.589  1   34.698   34.698  1
  642.0  641.9  1    7.574    7.574  1   34.697   34.697  1
  644.0  643.9  1    7.555    7.555  1   34.698   34.698  1
  646.0  645.9  1    7.542    7.542  1   34.698   34.698  1
  648.0  647.9  1    7.531    7.531  1   34.701   34.701  1
  650.0  649.9  1    7.510    7.510  1   34.700   34.700  1
  652.0  651.9  1    7.484    7.484  1   34.701   34.701  1
  654.0  653.9  1    7.480    7.480  1   34.701   34.701  1
  656.0  655.9  1    7.491    7.491  1   34.705   34.705  1
  658.0  657.9  1    7.486    7.486  1   34.706   34.706  1
  660.0  659.9  1    7.476    7.476  1   34.706   34.706  1
  662.0  661.9  1    7.468    7.468  1   34.705   34.705  1
  664.0  663.9  1    7.456    7.456  1   34.705   34.705  1
  666.0  665.9  1    7.441    7.441  1   34.704   34.704  1
  668.0  667.9  1    7.429    7.429  1   34.704   34.704  1
  670.0  669.9  1    7.425    7.425  1   34.705   34.705  1
  672.0  671.9  1    7.407    7.407  1   34.705   34.705  1
  674.0  673.9  1    7.393    7.393  1   34.704   34.704  1
  676.0  675.9  1    7.383    7.383  1   34.704   34.704  1
  678.0  677.9  1    7.360    7.360  1   34.704   34.704  1
  680.0  679.9  1    7.344    7.344  1   34.704   34.704  1
  682.0  681.9  1    7.326    7.326  1   34.703   34.703  1
  684.0  683.9  1    7.328    7.328  1   34.705   34.705  1
  686.0  685.9  1    7.332    7.332  1   34.709   34.709  1
  688.0  687.9  1    7.331    7.331  1   34.709   34.709  1
  690.0  689.9  1    7.317    7.317  1   34.709   34.709  1
  692.0  691.9  1    7.297    7.297  1   34.707   34.707  1
  694.0  693.9  1    7.276    7.276  1   34.706   34.706  1
  696.0  695.9  1    7.259    7.259  1   34.704   34.704  1
  698.0  697.9  1    7.242    7.242  1   34.705   34.705  1
  700.0  699.9  1    7.227    7.227  1   34.703   34.703  1
  702.0  701.9  1    7.220    7.220  1   34.704   34.704  1
  704.0  703.9  1    7.205    7.205  1   34.703   34.703  1
  706.0  705.9  1    7.192    7.192  1   34.703   34.703  1
  708.0  707.9  1    7.171    7.171  1   34.701   34.701  1
  710.0  709.9  1    7.165    7.165  1   34.702   34.702  1
  712.0  711.9  1    7.160    7.160  1   34.702   34.702  1
  714.0  713.9  1    7.159    7.159  1   34.703   34.703  1
  716.0  715.9  1    7.143    7.143  1   34.703   34.703  1
  718.0  717.9  1    7.118    7.118  1   34.701   34.701  1
  720.0  719.9  1    7.108    7.108  1   34.700   34.700  1
  722.0  721.9  1    7.096    7.096  1   34.699   34.699  1
  724.0  723.9  1    7.090    7.090  1   34.699   34.699  1
  726.0  725.9  1    7.078    7.078  1   34.699   34.699  1
  728.0  727.9  1    7.063    7.063  1   34.699   34.699  1
  730.0  729.9  1    7.031    7.031  1   34.699   34.699  1
  732.0  731.9  1    7.026    7.026  1   34.698   34.698  1
  734.0  733.9  1    7.018    7.018  1   34.698   34.698  1
  736.0  735.9  1    7.006    7.006  1   34.697   34.697  1
  738.0  737.9  1    6.982    6.982  1   34.698   34.698  1
  740.0  739.9  1    6.970    6.970  1   34.698   34.698  1
  742.0  741.9  1    6.959    6.959  1   34.698   34.698  1
  744.0  743.9  1    6.945    6.945  1   34.698   34.698  1
  746.0  745.9  1    6.937    6.937  1   34.698   34.698  1
  748.0  747.9  1    6.928    6.928  1   34.698   34.698  1
  750.0  749.9  1    6.914    6.914  1   34.700   34.700  1
  752.0  751.9  1    6.902    6.902  1   34.700   34.700  1
  754.0  753.9  1    6.885    6.885  1   34.699   34.699  1
  756.0  755.9  1    6.852    6.852  1   34.698   34.698  1
  758.0  757.9  1    6.838    6.838  1   34.698   34.698  1
  760.0  759.9  1    6.811    6.811  1   34.696   34.696  1
  762.0  761.9  1    6.785    6.785  1   34.693   34.693  1
  764.0  763.9  1    6.777    6.777  1   34.693   34.693  1
  766.0  765.9  1    6.759    6.759  1   34.693   34.693  1
  768.0  767.9  1    6.752    6.752  1   34.692   34.692  1
  770.0  769.9  1    6.734    6.734  1   34.692   34.692  1
  772.0  771.9  1    6.716    6.716  1   34.693   34.693  1
  774.0  773.9  1    6.700    6.700  1   34.692   34.692  1
  776.0  775.9  1    6.685    6.685  1   34.692   34.692  1
  778.0  777.9  1    6.660    6.660  1   34.691   34.691  1
  780.0  779.9  1    6.630    6.630  1   34.690   34.690  1
  782.0  781.9  1    6.619    6.619  1   34.689   34.689  1
  784.0  783.9  1    6.596    6.596  1   34.688   34.688  1
  786.0  785.9  1    6.581    6.581  1   34.688   34.688  1
  788.0  787.9  1    6.569    6.569  1   34.687   34.687  1
  790.0  789.9  1    6.547    6.547  1   34.686   34.686  1
  792.0  791.9  1    6.537    6.537  1   34.685   34.685  1
  794.0  793.9  1    6.540    6.540  1   34.686   34.686  1
  796.0  795.9  1    6.534    6.534  1   34.686   34.686  1
  798.0  797.9  1    6.525    6.525  1   34.687   34.687  1
  800.0  799.9  1    6.507    6.507  1   34.688   34.688  1
  802.0  801.9  1    6.479    6.479  1   34.686   34.686  1
  804.0  803.9  1    6.456    6.456  1   34.685   34.685  1
  806.0  805.9  1    6.454    6.454  1   34.685   34.685  1
  808.0  807.9  1    6.449    6.449  1   34.684   34.684  1
  810.0  809.9  1    6.441    6.441  1   34.684   34.684  1
  812.0  811.9  1    6.414    6.414  1   34.684   34.684  1
  814.0  813.9  1    6.398    6.398  1   34.683   34.683  1
  816.0  815.9  1    6.385    6.385  1   34.683   34.683  1
  818.0  817.9  1    6.374    6.374  1   34.684   34.684  1
  820.0  819.9  1    6.359    6.359  1   34.683   34.683  1
  822.0  821.9  1    6.330    6.330  1   34.682   34.682  1
  824.0  823.9  1    6.321    6.321  1   34.681   34.681  1
  826.0  825.9  1    6.314    6.314  1   34.681   34.681  1
  828.0  827.9  1    6.298    6.298  1   34.680   34.680  1
  830.0  829.9  1    6.281    6.281  1   34.679   34.679  1
  832.0  831.9  1    6.261    6.261  1   34.677   34.677  1
  834.0  833.9  1    6.221    6.221  1   34.675   34.675  1
  836.0  835.9  1    6.191    6.191  1   34.671   34.671  1
  838.0  837.9  1    6.182    6.182  1   34.670   34.670  1
  840.0  839.9  1    6.169    6.169  1   34.670   34.670  1
  842.0  841.9  1    6.169    6.169  1   34.671   34.671  1
  844.0  843.9  1    6.165    6.165  1   34.674   34.674  1
  846.0  845.9  1    6.164    6.164  1   34.674   34.674  1
  848.0  847.9  1    6.154    6.154  1   34.674   34.674  1
  850.0  849.9  1    6.142    6.142  1   34.673   34.673  1
  852.0  851.9  1    6.137    6.137  1   34.673   34.673  1
  854.0  853.9  1    6.148    6.148  1   34.676   34.676  1
  856.0  855.9  1    6.155    6.155  1   34.680   34.680  1
  858.0  857.9  1    6.143    6.143  1   34.680   34.680  1
  860.0  859.9  1    6.147    6.147  1   34.683   34.683  1
  862.0  861.9  1    6.148    6.148  1   34.684   34.684  1
  864.0  863.9  1    6.146    6.146  1   34.686   34.686  1
  866.0  865.9  1    6.149    6.149  1   34.690   34.690  1
  868.0  867.9  1    6.134    6.134  1   34.690   34.690  1
  870.0  869.9  1    6.102    6.102  1   34.686   34.686  1
  872.0  871.9  1    6.099    6.099  1   34.686   34.686  1
  874.0  873.9  1    6.062    6.062  1   34.683   34.683  1
  876.0  875.9  1    6.053    6.053  1   34.681   34.681  1
  878.0  877.9  1    6.047    6.047  1   34.682   34.682  1
  880.0  879.9  1    6.031    6.031  1   34.681   34.681  1
  882.0  881.9  1    6.022    6.022  1   34.682   34.682  1
  884.0  883.9  1    6.016    6.016  1   34.684   34.684  1
  886.0  885.9  1    6.010    6.010  1   34.685   34.685  1
  888.0  887.9  1    6.016    6.016  1   34.686   34.686  1
  890.0  889.9  1    6.029    6.029  1   34.691   34.691  1
  892.0  891.9  1    6.012    6.012  1   34.693   34.693  1
  894.0  893.9  1    5.978    5.978  1   34.690   34.690  1
  896.0  895.9  1    5.985    5.985  1   34.691   34.691  1
  898.0  897.9  1    5.991    5.991  1   34.694   34.694  1
  900.0  899.9  1    5.950    5.950  1   34.692   34.692  1
  902.0  901.9  1    5.917    5.917  1   34.689   34.689  1
  904.0  903.9  1    5.859    5.859  1   34.684   34.684  1
  906.0  905.9  1    5.843    5.843  1   34.682   34.682  1
  908.0  907.9  1    5.834    5.834  1   34.683   34.683  1
  910.0  909.9  1    5.820    5.820  1   34.682   34.682  1
  912.0  911.9  1    5.815    5.815  1   34.681   34.681  1
  914.0  913.9  1    5.804    5.804  1   34.680   34.680  1
  916.0  915.9  1    5.783    5.783  1   34.679   34.679  1
  918.0  917.9  1    5.750    5.750  1   34.676   34.676  1
  920.0  919.9  1    5.745    5.745  1   34.675   34.675  1
  922.0  921.9  1    5.757    5.757  1   34.680   34.680  1
  924.0  923.9  1    5.764    5.764  1   34.684   34.684  1
  926.0  925.9  1    5.762    5.762  1   34.686   34.686  1
  928.0  927.9  1    5.742    5.742  1   34.685   34.685  1
  930.0  929.9  1    5.736    5.736  1   34.687   34.687  1
  932.0  931.9  1    5.731    5.731  1   34.687   34.687  1
  934.0  933.9  1    5.739    5.739  1   34.689   34.689  1
  936.0  935.9  1    5.754    5.754  1   34.697   34.697  1
  938.0  937.9  1    5.762    5.762  1   34.699   34.699  1
  940.0  939.9  1    5.763    5.763  1   34.699   34.699  1
  942.0  941.9  1    5.762    5.762  1   34.699   34.699  1
  944.0  943.9  1    5.750    5.750  1   34.698   34.698  1
  946.0  945.9  1    5.730    5.730  1   34.695   34.695  1
  948.0  947.9  1    5.699    5.699  1   34.693   34.693  1
  950.0  949.9  1    5.692    5.692  1   34.692   34.692  1
  952.0  951.9  1    5.687    5.687  1   34.692   34.692  1
  954.0  953.9  1    5.669    5.669  1   34.690   34.690  1
  956.0  955.9  1    5.657    5.657  1   34.688   34.688  1
  958.0  957.9  1    5.646    5.646  1   34.686   34.686  1
  960.0  959.9  1    5.641    5.641  1   34.685   34.685  1
  962.0  961.9  1    5.594    5.594  1   34.682   34.682  1
  964.0  963.9  1    5.548    5.548  1   34.676   34.676  1
  966.0  965.9  1    5.524    5.524  1   34.673   34.673  1
  968.0  967.9  1    5.512    5.512  1   34.671   34.671  1
  970.0  969.9  1    5.504    5.504  1   34.671   34.671  1
  972.0  971.9  1    5.500    5.500  1   34.672   34.672  1
  974.0  973.9  1    5.496    5.496  1   34.672   34.672  1
  976.0  975.9  1    5.481    5.481  1   34.673   34.673  1
  978.0  977.9  1    5.455    5.455  1   34.671   34.671  1
  980.0  979.9  1    5.460    5.460  1   34.673   34.673  1
  982.0  981.9  1    5.474    5.474  1   34.677   34.677  1
  984.0  983.9  1    5.479    5.479  1   34.679   34.679  1
  986.0  985.9  1    5.481    5.481  1   34.679   34.679  1
  988.0  987.9  1    5.472    5.472  1   34.680   34.680  1
  990.0  989.9  1    5.463    5.463  1   34.680   34.680  1
  992.0  991.9  1    5.460    5.460  1   34.684   34.684  1
  994.0  993.9  1    5.465    5.465  1   34.687   34.687  1
  996.0  995.9  1    5.458    5.458  1   34.687   34.687  1
  998.0  997.9  1    5.464    5.464  1   34.689   34.689  1
 1000.0  999.9  1    5.473    5.473  1   34.693   34.693  1
 1002.0 1001.9  1    5.473    5.473  1   34.693   34.693  1
 1004.0 1003.9  1    5.471    5.471  1   34.693   34.693  1
 1006.0 1005.9  1    5.468    5.468  1   34.693   34.693  1
 1008.0 1007.9  1    5.465    5.465  1   34.693   34.693  1
 1010.0 1009.9  1    5.465    5.465  1   34.692   34.692  1
 1012.0 1011.9  1    5.462    5.462  1   34.692   34.692  1
 1014.0 1013.9  1    5.454    5.454  1   34.692   34.692  1
 1016.0 1015.9  1    5.448    5.448  1   34.692   34.692  1
 1018.0 1017.9  1    5.443    5.443  1   34.693   34.693  1
 1020.0 1019.9  1    5.427    5.427  1   34.693   34.693  1
 1022.0 1021.9  1    5.417    5.417  1   34.692   34.692  1
 1024.0 1023.9  1    5.411    5.411  1   34.691   34.691  1
 1026.0 1025.9  1    5.407    5.407  1   34.691   34.691  1
 1028.0 1027.9  1    5.393    5.393  1   34.691   34.691  1
 1030.0 1029.9  1    5.376    5.376  1   34.690   34.690  1
 1032.0 1031.9  1    5.359    5.359  1   34.690   34.690  1
 1034.0 1033.9  1    5.352    5.352  1   34.689   34.689  1
 1036.0 1035.9  1    5.351    5.351  1   34.689   34.689  1
 1038.0 1037.9  1    5.351    5.351  1   34.689   34.689  1
 1040.0 1039.9  1    5.350    5.350  1   34.689   34.689  1
 1042.0 1041.9  1    5.347    5.347  1   34.689   34.689  1
 1044.0 1043.9  1    5.344    5.344  1   34.690   34.690  1
 1046.0 1045.9  1    5.344    5.344  1   34.692   34.692  1
 1048.0 1047.9  1    5.345    5.345  1   34.694   34.694  1
 1050.0 1049.9  1    5.345    5.345  1   34.694   34.694  1
 1052.0 1051.9  1    5.346    5.346  1   34.695   34.695  1
 1054.0 1053.9  1    5.350    5.350  1   34.699   34.699  1
 1056.0 1055.9  1    5.351    5.351  1   34.702   34.702  1
 1058.0 1057.9  1    5.353    5.353  1   34.703   34.703  1
 1060.0 1059.9  1    5.351    5.351  1   34.706   34.706  1
 1062.0 1061.9  1    5.347    5.347  1   34.708   34.708  1
 1064.0 1063.9  1    5.345    5.345  1   34.708   34.708  1
 1066.0 1065.9  1    5.338    5.338  1   34.708   34.708  1
 1068.0 1067.9  1    5.333    5.333  1   34.709   34.709  1
 1070.0 1069.9  1    5.333    5.333  1   34.709   34.709  1
 1072.0 1071.9  1    5.333    5.333  1   34.709   34.709  1
 1074.0 1073.9  1    5.323    5.323  1   34.709   34.709  1
 1076.0 1075.9  1    5.309    5.309  1   34.709   34.709  1
 1078.0 1077.9  1    5.305    5.305  1   34.709   34.709  1
 1080.0 1079.9  1    5.303    5.303  1   34.709   34.709  1
 1082.0 1081.9  1    5.298    5.298  1   34.709   34.709  1
 1084.0 1083.9  1    5.293    5.293  1   34.709   34.709  1
 1086.0 1085.9  1    5.280    5.280  1   34.712   34.712  1
 1088.0 1087.9  1    5.272    5.272  1   34.712   34.712  1
 1090.0 1089.9  1    5.264    5.264  1   34.712   34.712  1
 1092.0 1091.9  1    5.261    5.261  1   34.712   34.712  1
 1094.0 1093.9  1    5.257    5.257  1   34.712   34.712  1
 1096.0 1095.9  1    5.242    5.242  1   34.710   34.710  1
 1098.0 1097.9  1    5.225    5.225  1   34.709   34.709  1
 1100.0 1099.9  1    5.205    5.205  1   34.707   34.707  1
 1102.0 1101.9  1    5.195    5.195  1   34.706   34.706  1
 1104.0 1103.9  1    5.185    5.185  1   34.706   34.706  1
 1106.0 1105.9  1    5.177    5.177  1   34.705   34.705  1
 1108.0 1107.9  1    5.170    5.170  1   34.705   34.705  1
 1110.0 1109.9  1    5.153    5.153  1   34.706   34.706  1
 1112.0 1111.9  1    5.141    5.141  1   34.706   34.706  1
 1114.0 1113.9  1    5.136    5.136  1   34.705   34.705  1
 1116.0 1115.9  1    5.125    5.125  1   34.705   34.705  1
 1118.0 1117.9  1    5.099    5.099  1   34.703   34.703  1
 1120.0 1119.9  1    5.089    5.089  1   34.702   34.702  1
 1122.0 1121.9  1    5.068    5.068  1   34.701   34.701  1
 1124.0 1123.9  1    5.047    5.047  1   34.700   34.700  1
 1126.0 1125.9  1    5.035    5.035  1   34.699   34.699  1
 1128.0 1127.9  1    5.018    5.018  1   34.699   34.699  1
 1130.0 1129.9  1    5.009    5.009  1   34.699   34.699  1
 1132.0 1131.9  1    4.993    4.993  1   34.699   34.699  1
 1134.0 1133.9  1    4.973    4.973  1   34.698   34.698  1
 1136.0 1135.9  1    4.973    4.973  1   34.698   34.698  1
 1138.0 1137.9  1    4.970    4.970  1   34.699   34.699  1
 1140.0 1139.9  1    4.967    4.967  1   34.699   34.699  1
 1142.0 1141.9  1    4.957    4.957  1   34.700   34.700  1
 1144.0 1143.9  1    4.948    4.948  1   34.700   34.700  1
 1146.0 1145.9  1    4.943    4.943  1   34.700   34.700  1
 1148.0 1147.9  1    4.939    4.939  1   34.700   34.700  1
 1150.0 1149.9  1    4.931    4.931  1   34.700   34.700  1
 1152.0 1151.9  1    4.910    4.910  1   34.700   34.700  1
 1154.0 1153.9  1    4.901    4.901  1   34.699   34.699  1
 1156.0 1155.9  1    4.893    4.893  1   34.699   34.699  1
 1158.0 1157.9  1    4.890    4.890  1   34.698   34.698  1
 1160.0 1159.9  1    4.868    4.868  1   34.696   34.696  1
 1162.0 1161.9  1    4.845    4.845  1   34.694   34.694  1
 1164.0 1163.9  1    4.843    4.843  1   34.694   34.694  1
 1166.0 1165.9  1    4.839    4.839  1   34.694   34.694  1
 1168.0 1167.9  1    4.832    4.832  1   34.694   34.694  1
 1170.0 1169.9  1    4.819    4.819  1   34.693   34.693  1
 1172.0 1171.9  1    4.795    4.795  1   34.692   34.692  1
 1174.0 1173.9  1    4.757    4.757  1   34.689   34.689  1
 1176.0 1175.9  1    4.739    4.739  1   34.687   34.687  1
 1178.0 1177.9  1    4.730    4.730  1   34.687   34.687  1
 1180.0 1179.9  1    4.723    4.723  1   34.686   34.686  1
 1182.0 1181.9  1    4.712    4.712  1   34.685   34.685  1
 1184.0 1183.9  1    4.705    4.705  1   34.685   34.685  1
 1186.0 1185.9  1    4.700    4.700  1   34.686   34.686  1
 1188.0 1187.9  1    4.688    4.688  1   34.684   34.684  1
 1190.0 1189.9  1    4.660    4.660  1   34.682   34.682  1
 1192.0 1191.9  1    4.638    4.638  1   34.680   34.680  1
 1194.0 1193.9  1    4.634    4.634  1   34.680   34.680  1
 1196.0 1195.9  1    4.631    4.631  1   34.680   34.680  1
 1198.0 1197.9  1    4.624    4.624  1   34.681   34.681  1
 1200.0 1199.9  1    4.607    4.607  1   34.680   34.680  1
 1202.0 1201.9  1    4.598    4.598  1   34.681   34.681  1
 1204.0 1203.9  1    4.613    4.613  1   34.686   34.686  1
 1206.0 1205.9  1    4.613    4.613  1   34.689   34.689  1
 1208.0 1207.9  1    4.604    4.604  1   34.689   34.689  1
 1210.0 1209.9  1    4.602    4.602  1   34.690   34.690  1
 1212.0 1211.9  1    4.598    4.598  1   34.690   34.690  1
 1214.0 1213.9  1    4.598    4.598  1   34.691   34.691  1
 1216.0 1215.9  1    4.598    4.598  1   34.691   34.691  1
 1218.0 1217.9  1    4.597    4.597  1   34.691   34.691  1
 1220.0 1219.9  1    4.597    4.597  1   34.692   34.692  1
 1222.0 1221.9  1    4.599    4.599  1   34.693   34.693  1
 1224.0 1223.9  1    4.598    4.598  1   34.693   34.693  1
 1226.0 1225.9  1    4.590    4.590  1   34.694   34.694  1
 1228.0 1227.9  1    4.581    4.581  1   34.695   34.695  1
 1230.0 1229.9  1    4.570    4.570  1   34.694   34.694  1
 1232.0 1231.9  1    4.559    4.559  1   34.694   34.694  1
 1234.0 1233.9  1    4.544    4.544  1   34.695   34.695  1
 1236.0 1235.9  1    4.535    4.535  1   34.696   34.696  1
 1238.0 1237.9  1    4.531    4.531  1   34.697   34.697  1
 1240.0 1239.9  1    4.528    4.528  1   34.697   34.697  1
 1242.0 1241.9  1    4.526    4.526  1   34.698   34.698  1
 1244.0 1243.9  1    4.521    4.521  1   34.698   34.698  1
 1246.0 1245.9  1    4.519    4.519  1   34.699   34.699  1
 1248.0 1247.9  1    4.518    4.518  1   34.699   34.699  1
 1250.0 1249.9  1    4.511    4.511  1   34.700   34.700  1
 1252.0 1251.9  1    4.503    4.503  1   34.701   34.701  1
 1254.0 1253.9  1    4.496    4.496  1   34.703   34.703  1
 1256.0 1255.9  1    4.493    4.493  1   34.704   34.704  1
 1258.0 1257.9  1    4.493    4.493  1   34.704   34.704  1
 1260.0 1259.9  1    4.492    4.492  1   34.704   34.704  1
 1262.0 1261.9  1    4.491    4.491  1   34.705   34.705  1
 1264.0 1263.9  1    4.495    4.495  1   34.706   34.706  1
 1266.0 1265.9  1    4.497    4.497  1   34.708   34.708  1
 1268.0 1267.9  1    4.504    4.504  1   34.712   34.712  1
 1270.0 1269.9  1    4.501    4.501  1   34.713   34.713  1
 1272.0 1271.9  1    4.496    4.496  1   34.713   34.713  1
 1274.0 1273.9  1    4.487    4.487  1   34.714   34.714  1
 1276.0 1275.9  1    4.475    4.475  1   34.714   34.714  1
 1278.0 1277.9  1    4.471    4.471  1   34.713   34.713  1
 1280.0 1279.9  1    4.472    4.472  1   34.714   34.714  1
 1282.0 1281.9  1    4.468    4.468  1   34.714   34.714  1
 1284.0 1283.9  1    4.457    4.457  1   34.714   34.714  1
 1286.0 1285.9  1    4.448    4.448  1   34.713   34.713  1
 1288.0 1287.9  1    4.440    4.440  1   34.713   34.713  1
 1290.0 1289.9  1    4.424    4.424  1   34.713   34.713  1
 1292.0 1291.9  1    4.422    4.422  1   34.713   34.713  1
 1294.0 1293.9  1    4.424    4.424  1   34.715   34.715  1
 1296.0 1295.9  1    4.433    4.433  1   34.718   34.718  1
 1298.0 1297.9  1    4.430    4.430  1   34.720   34.720  1
 1300.0 1299.9  1    4.428    4.428  1   34.720   34.720  1
 1302.0 1301.9  1    4.429    4.429  1   34.721   34.721  1
 1304.0 1303.9  1    4.432    4.432  1   34.721   34.721  1
 1306.0 1305.9  1    4.435    4.435  1   34.722   34.722  1
 1308.0 1307.9  1    4.436    4.436  1   34.724   34.724  1
 1310.0 1309.9  1    4.424    4.424  1   34.724   34.724  1
 1312.0 1311.9  1    4.414    4.414  1   34.724   34.724  1
 1314.0 1313.9  1    4.404    4.404  1   34.725   34.725  1
 1316.0 1315.9  1    4.403    4.403  1   34.725   34.725  1
 1318.0 1317.9  1    4.402    4.402  1   34.725   34.725  1
 1320.0 1319.9  1    4.398    4.398  1   34.728   34.728  1
 1322.0 1321.9  1    4.392    4.392  1   34.729   34.729  1
 1324.0 1323.9  1    4.383    4.383  1   34.729   34.729  1
 1326.0 1325.9  1    4.377    4.377  1   34.729   34.729  1
 1328.0 1327.9  1    4.375    4.375  1   34.729   34.729  1
 1330.0 1329.9  1    4.371    4.371  1   34.729   34.729  1
 1332.0 1331.9  1    4.369    4.369  1   34.729   34.729  1
 1334.0 1333.9  1    4.361    4.361  1   34.728   34.728  1
 1336.0 1335.9  1    4.347    4.347  1   34.727   34.727  1
 1338.0 1337.9  1    4.322    4.322  1   34.724   34.724  1
 1340.0 1339.9  1    4.303    4.303  1   34.722   34.722  1
 1342.0 1341.9  1    4.276    4.276  1   34.720   34.720  1
 1344.0 1343.9  1    4.265    4.265  1   34.719   34.719  1
 1346.0 1345.9  1    4.260    4.260  1   34.719   34.719  1
 1347.9 1347.8  1    4.258    4.258  1   34.718   34.718  1
 1350.0 1349.9  1    4.254    4.254  1   34.718   34.718  1
 1352.0 1351.9  1    4.231    4.231  1   34.717   34.717  1
 1354.0 1353.9  1    4.224    4.224  1   34.717   34.717  1
 1356.0 1355.9  1    4.222    4.222  1   34.717   34.717  1
 1358.0 1357.9  1    4.219    4.219  1   34.717   34.717  1
 1360.0 1359.9  1    4.210    4.210  1   34.716   34.716  1
 1362.0 1361.9  1    4.208    4.208  1   34.716   34.716  1
 1364.0 1363.9  1    4.196    4.196  1   34.717   34.717  1
 1366.0 1365.9  1    4.188    4.188  1   34.716   34.716  1
 1368.0 1367.9  1    4.186    4.186  1   34.717   34.717  1
 1370.0 1369.9  1    4.179    4.179  1   34.717   34.717  1
 1372.0 1371.9  1    4.170    4.170  1   34.717   34.717  1
 1374.0 1373.9  1    4.160    4.160  1   34.717   34.717  1
 1376.0 1375.9  1    4.147    4.147  1   34.718   34.718  1
 1378.0 1377.9  1    4.144    4.144  1   34.719   34.719  1
 1380.0 1379.9  1    4.136    4.136  1   34.719   34.719  1
 1382.0 1381.9  1    4.125    4.125  1   34.719   34.719  1
 1384.0 1383.9  1    4.117    4.117  1   34.718   34.718  1
 1386.0 1385.9  1    4.113    4.113  1   34.718   34.718  1
 1388.0 1387.9  1    4.112    4.112  1   34.718   34.718  1
 1390.0 1389.9  1    4.106    4.106  1   34.719   34.719  1
 1392.0 1391.9  1    4.099    4.099  1   34.719   34.719  1
 1394.0 1393.9  1    4.095    4.095  1   34.719   34.719  1
 1396.0 1395.9  1    4.092    4.092  1   34.719   34.719  1
 1398.0 1397.9  1    4.089    4.089  1   34.719   34.719  1
 1400.0 1399.9  1    4.088    4.088  1   34.719   34.719  1
 1402.0 1401.9  1    4.084    4.084  1   34.719   34.719  1
 1404.0 1403.9  1    4.081    4.081  1   34.720   34.720  1
 1406.0 1405.9  1    4.072    4.072  1   34.720   34.720  1
 1408.0 1407.9  1    4.065    4.065  1   34.720   34.720  1
 1410.0 1409.9  1    4.053    4.053  1   34.720   34.720  1
 1412.0 1411.9  1    4.048    4.048  1   34.720   34.720  1
 1414.0 1413.9  1    4.037    4.037  1   34.720   34.720  1
 1416.0 1415.9  1    4.027    4.027  1   34.720   34.720  1
 1418.0 1417.9  1    4.022    4.022  1   34.720   34.720  1
 1420.0 1419.9  1    4.020    4.020  1   34.720   34.720  1
 1422.0 1421.9  1    4.018    4.018  1   34.720   34.720  1
 1424.0 1423.9  1    4.011    4.011  1   34.721   34.721  1
 1426.0 1425.9  1    3.999    3.999  1   34.720   34.720  1
 1428.0 1427.9  1    3.995    3.995  1   34.720   34.720  1
 1430.0 1429.9  1    3.993    3.993  1   34.721   34.721  1
 1432.0 1431.9  1    3.993    3.993  1   34.722   34.722  1
 1434.0 1433.9  1    3.991    3.991  1   34.722   34.722  1
 1436.0 1435.9  1    3.983    3.983  1   34.722   34.722  1
 1438.0 1437.9  1    3.979    3.979  1   34.723   34.723  1
 1440.0 1439.9  1    3.973    3.973  1   34.723   34.723  1
 1442.0 1441.9  1    3.965    3.965  1   34.723   34.723  1
 1444.0 1443.9  1    3.959    3.959  1   34.723   34.723  1
 1446.0 1445.9  1    3.953    3.953  1   34.723   34.723  1
 1448.0 1447.9  1    3.947    3.947  1   34.723   34.723  1
 1450.0 1449.9  1    3.943    3.943  1   34.723   34.723  1
 1452.0 1451.9  1    3.930    3.930  1   34.723   34.723  1
 1454.0 1453.9  1    3.927    3.927  1   34.723   34.723  1
 1456.0 1455.9  1    3.926    3.926  1   34.723   34.723  1
 1458.0 1457.9  1    3.925    3.925  1   34.724   34.724  1
 1460.0 1459.9  1    3.919    3.919  1   34.724   34.724  1
 1462.0 1461.9  1    3.915    3.915  1   34.724   34.724  1
 1464.0 1463.9  1    3.911    3.911  1   34.724   34.724  1
 1466.0 1465.9  1    3.902    3.902  1   34.724   34.724  1
 1468.0 1467.9  1    3.893    3.893  1   34.724   34.724  1
 1470.0 1469.9  1    3.887    3.887  1   34.725   34.725  1
 1472.0 1471.9  1    3.879    3.879  1   34.725   34.725  1
 1474.0 1473.9  1    3.867    3.867  1   34.725   34.725  1
 1476.0 1475.9  1    3.856    3.856  1   34.725   34.725  1
 1478.0 1477.9  1    3.850    3.850  1   34.725   34.725  1
 1480.0 1479.9  1    3.849    3.849  1   34.725   34.725  1
 1482.0 1481.9  1    3.846    3.846  1   34.725   34.725  1
 1484.0 1483.9  1    3.839    3.839  1   34.725   34.725  1
 1486.0 1485.9  1    3.832    3.832  1   34.725   34.725  1
 1488.0 1487.9  1    3.819    3.819  1   34.726   34.726  1
 1490.0 1489.9  1    3.811    3.811  1   34.726   34.726  1
 1492.0 1491.9  1    3.796    3.796  1   34.726   34.726  1
 1494.0 1493.9  1    3.783    3.783  1   34.726   34.726  1
 1496.0 1495.9  1    3.777    3.777  1   34.726   34.726  1
 1498.0 1497.9  1    3.773    3.773  1   34.726   34.726  1
 1500.0 1499.9  1    3.769    3.769  1   34.726   34.726  1
 1502.0 1501.9  1    3.761    3.761  1   34.726   34.726  1
 1504.0 1503.9  1    3.752    3.752  1   34.727   34.727  1
 1506.0 1505.9  1    3.748    3.748  1   34.727   34.727  1
 1508.0 1507.9  1    3.743    3.743  1   34.727   34.727  1
 1510.0 1509.9  1    3.740    3.740  1   34.727   34.727  1
 1512.0 1511.9  1    3.738    3.738  1   34.727   34.727  1
 1514.0 1513.9  1    3.735    3.735  1   34.727   34.727  1
 1516.0 1515.9  1    3.731    3.731  1   34.728   34.728  1
 1518.0 1517.9  1    3.727    3.727  1   34.728   34.728  1
 1520.0 1519.9  1    3.727    3.727  1   34.728   34.728  1
 1522.0 1521.9  1    3.724    3.724  1   34.729   34.729  1
 1524.0 1523.9  1    3.716    3.716  1   34.729   34.729  1
 1526.0 1525.9  1    3.712    3.712  1   34.729   34.729  1
 1528.0 1527.9  1    3.709    3.709  1   34.730   34.730  1
 1530.0 1529.9  1    3.709    3.709  1   34.730   34.730  1
 1532.0 1531.9  1    3.709    3.709  1   34.730   34.730  1
 1534.0 1533.9  1    3.709    3.709  1   34.730   34.730  1
 1536.0 1535.9  1    3.700    3.700  1   34.731   34.731  1
 1538.0 1537.9  1    3.689    3.689  1   34.732   34.732  1
 1540.0 1539.9  1    3.673    3.673  1   34.731   34.731  1
 1542.0 1541.9  1    3.670    3.670  1   34.731   34.731  1
 1544.0 1543.9  1    3.662    3.662  1   34.731   34.731  1
 1546.0 1545.9  1    3.651    3.651  1   34.731   34.731  1
 1548.0 1547.9  1    3.640    3.640  1   34.731   34.731  1
 1550.0 1549.9  1    3.629    3.629  1   34.731   34.731  1
 1552.0 1551.9  1    3.624    3.624  1   34.731   34.731  1
 1554.0 1553.9  1    3.607    3.607  1   34.731   34.731  1
 1556.0 1555.9  1    3.591    3.591  1   34.731   34.731  1
 1558.0 1557.9  1    3.579    3.579  1   34.731   34.731  1
 1560.0 1559.9  1    3.563    3.563  1   34.731   34.731  1
 1562.0 1561.9  1    3.558    3.558  1   34.731   34.731  1
 1564.0 1563.9  1    3.556    3.556  1   34.731   34.731  1
 1566.0 1565.9  1    3.554    3.554  1   34.732   34.732  1
 1568.0 1567.9  1    3.553    3.553  1   34.732   34.732  1
 1570.0 1569.9  1    3.551    3.551  1   34.732   34.732  1
 1572.0 1571.9  1    3.546    3.546  1   34.733   34.733  1
 1574.0 1573.9  1    3.543    3.543  1   34.733   34.733  1
 1576.0 1575.9  1    3.542    3.542  1   34.734   34.734  1
 1578.0 1577.9  1    3.540    3.540  1   34.734   34.734  1
 1580.0 1579.9  1    3.526    3.526  1   34.734   34.734  1
 1582.0 1581.9  1    3.518    3.518  1   34.735   34.735  1
 1584.0 1583.9  1    3.521    3.521  1   34.737   34.737  1
 1586.0 1585.9  1    3.520    3.520  1   34.738   34.738  1
 1588.0 1587.9  1    3.513    3.513  1   34.738   34.738  1
 1590.0 1589.9  1    3.508    3.508  1   34.738   34.738  1
 1592.0 1591.9  1    3.502    3.502  1   34.738   34.738  1
 1594.0 1593.9  1    3.499    3.499  1   34.739   34.739  1
 1596.0 1595.9  1    3.497    3.497  1   34.739   34.739  1
 1598.0 1597.9  1    3.495    3.495  1   34.740   34.740  1
 1600.0 1599.9  1    3.489    3.489  1   34.741   34.741  1
 1602.0 1601.9  1    3.486    3.486  1   34.741   34.741  1
 1604.0 1603.9  1    3.480    3.480  1   34.741   34.741  1
 1606.0 1605.9  1    3.471    3.471  1   34.741   34.741  1
 1608.0 1607.9  1    3.466    3.466  1   34.741   34.741  1
 1610.0 1609.9  1    3.466    3.466  1   34.741   34.741  1
 1612.0 1611.9  1    3.466    3.466  1   34.742   34.742  1
 1614.0 1613.9  1    3.468    3.468  1   34.743   34.743  1
 1616.0 1615.9  1    3.465    3.465  1   34.743   34.743  1
 1618.0 1617.9  1    3.457    3.457  1   34.743   34.743  1
 1620.0 1619.9  1    3.455    3.455  1   34.743   34.743  1
 1622.0 1621.9  1    3.454    3.454  1   34.743   34.743  1
 1624.0 1623.9  1    3.451    3.451  1   34.743   34.743  1
 1626.0 1625.9  1    3.445    3.445  1   34.744   34.744  1
 1628.0 1627.9  1    3.442    3.442  1   34.744   34.744  1
 1630.0 1629.9  1    3.441    3.441  1   34.744   34.744  1
 1632.0 1631.9  1    3.440    3.440  1   34.744   34.744  1
 1634.0 1633.9  1    3.436    3.436  1   34.744   34.744  1
 1636.0 1635.9  1    3.433    3.433  1   34.744   34.744  1
 1638.0 1637.9  1    3.424    3.424  1   34.745   34.745  1
 1640.0 1639.9  1    3.415    3.415  1   34.744   34.744  1
 1642.0 1641.9  1    3.408    3.408  1   34.744   34.744  1
 1644.0 1643.9  1    3.401    3.401  1   34.744   34.744  1
 1646.0 1645.9  1    3.391    3.391  1   34.743   34.743  1
 1648.0 1647.9  1    3.386    3.386  1   34.743   34.743  1
 1650.0 1649.9  1    3.385    3.385  1   34.743   34.743  1
 1652.0 1651.9  1    3.379    3.379  1   34.744   34.744  1
 1654.0 1653.9  1    3.373    3.373  1   34.743   34.743  1
 1656.0 1655.9  1    3.369    3.369  1   34.743   34.743  1
 1658.0 1657.9  1    3.367    3.367  1   34.743   34.743  1
 1660.0 1659.9  1    3.363    3.363  1   34.743   34.743  1
 1662.0 1661.9  1    3.352    3.352  1   34.743   34.743  1
 1664.0 1663.9  1    3.339    3.339  1   34.741   34.741  1
 1666.0 1665.9  1    3.333    3.333  1   34.741   34.741  1
 1668.0 1667.9  1    3.327    3.327  1   34.741   34.741  1
 1670.0 1669.9  1    3.325    3.325  1   34.741   34.741  1
 1672.0 1671.9  1    3.317    3.317  1   34.741   34.741  1
 1674.0 1673.9  1    3.310    3.310  1   34.741   34.741  1
 1676.0 1675.9  1    3.301    3.301  1   34.740   34.740  1
 1678.0 1677.9  1    3.293    3.293  1   34.740   34.740  1
 1680.0 1679.9  1    3.285    3.285  1   34.740   34.740  1
 1682.0 1681.9  1    3.282    3.282  1   34.740   34.740  1
 1684.0 1683.9  1    3.281    3.281  1   34.740   34.740  1
 1686.0 1685.9  1    3.278    3.278  1   34.740   34.740  1
 1688.0 1687.9  1    3.270    3.270  1   34.740   34.740  1
 1690.0 1689.9  1    3.267    3.267  1   34.740   34.740  1
 1692.0 1691.9  1    3.265    3.265  1   34.740   34.740  1
 1694.0 1693.9  1    3.261    3.261  1   34.740   34.740  1
 1696.0 1695.9  1    3.257    3.257  1   34.740   34.740  1
 1698.0 1697.9  1    3.255    3.255  1   34.740   34.740  1
 1700.0 1699.9  1    3.252    3.252  1   34.740   34.740  1
 1702.0 1701.9  1    3.248    3.248  1   34.740   34.740  1
 1704.0 1703.9  1    3.248    3.248  1   34.740   34.740  1
 1706.0 1705.9  1    3.245    3.245  1   34.741   34.741  1
 1708.0 1707.9  1    3.243    3.243  1   34.741   34.741  1
 1710.0 1709.9  1    3.239    3.239  1   34.741   34.741  1
 1712.0 1711.9  1    3.233    3.233  1   34.741   34.741  1
 1714.0 1713.9  1    3.229    3.229  1   34.741   34.741  1
 1716.0 1715.9  1    3.226    3.226  1   34.741   34.741  1
 1718.0 1717.9  1    3.218    3.218  1   34.741   34.741  1
 1720.0 1719.9  1    3.213    3.213  1   34.741   34.741  1
 1722.0 1721.9  1    3.210    3.210  1   34.742   34.742  1
 1724.0 1723.9  1    3.210    3.210  1   34.742   34.742  1
 1726.0 1725.9  1    3.207    3.207  1   34.742   34.742  1
 1728.0 1727.9  1    3.204    3.204  1   34.742   34.742  1
 1730.0 1729.9  1    3.199    3.199  1   34.742   34.742  1
 1732.0 1731.9  1    3.191    3.191  1   34.742   34.742  1
 1734.0 1733.9  1    3.186    3.186  1   34.742   34.742  1
 1736.0 1735.9  1    3.180    3.180  1   34.742   34.742  1
 1738.0 1737.9  1    3.177    3.177  1   34.742   34.742  1
 1740.0 1739.9  1    3.177    3.177  1   34.742   34.742  1
 1742.0 1741.9  1    3.177    3.177  1   34.743   34.743  1
 1744.0 1743.9  1    3.177    3.177  1   34.743   34.743  1
 1746.0 1745.9  1    3.170    3.170  1   34.744   34.744  1
 1748.0 1747.9  1    3.161    3.161  1   34.744   34.744  1
 1750.0 1749.9  1    3.158    3.158  1   34.744   34.744  1
 1752.0 1751.9  1    3.154    3.154  1   34.744   34.744  1
 1754.0 1753.9  1    3.150    3.150  1   34.744   34.744  1
 1756.0 1755.9  1    3.148    3.148  1   34.744   34.744  1
 1758.0 1757.9  1    3.147    3.147  1   34.744   34.744  1
 1760.0 1759.9  1    3.146    3.146  1   34.745   34.745  1
 1762.0 1761.9  1    3.143    3.143  1   34.744   34.744  1
 1764.0 1763.9  1    3.140    3.140  1   34.744   34.744  1
 1766.0 1765.9  1    3.137    3.137  1   34.744   34.744  1
 1768.0 1767.9  1    3.130    3.130  1   34.744   34.744  1
 1770.0 1769.9  1    3.124    3.124  1   34.744   34.744  1
 1772.0 1771.9  1    3.118    3.118  1   34.744   34.744  1
 1774.0 1773.9  1    3.114    3.114  1   34.744   34.744  1
 1776.0 1775.9  1    3.112    3.112  1   34.744   34.744  1
 1778.0 1777.9  1    3.106    3.106  1   34.744   34.744  1
 1780.0 1779.9  1    3.101    3.101  1   34.745   34.745  1
 1782.0 1781.9  1    3.098    3.098  1   34.745   34.745  1
 1784.0 1783.9  1    3.096    3.096  1   34.745   34.745  1
 1786.0 1785.9  1    3.093    3.093  1   34.746   34.746  1
 1788.0 1787.9  1    3.088    3.088  1   34.746   34.746  1
 1790.0 1789.9  1    3.085    3.085  1   34.746   34.746  1
 1792.0 1791.9  1    3.082    3.082  1   34.746   34.746  1
 1794.0 1793.9  1    3.076    3.076  1   34.746   34.746  1
 1796.0 1795.9  1    3.070    3.070  1   34.746   34.746  1
 1798.0 1797.9  1    3.061    3.061  1   34.746   34.746  1
 1800.0 1799.9  1    3.055    3.055  1   34.746   34.746  1
 1802.0 1801.9  1    3.053    3.053  1   34.746   34.746  1
 1804.0 1803.9  1    3.046    3.046  1   34.746   34.746  1
 1806.0 1805.9  1    3.039    3.039  1   34.746   34.746  1
 1808.0 1807.9  1    3.037    3.037  1   34.746   34.746  1
 1810.0 1809.9  1    3.034    3.034  1   34.746   34.746  1
 1812.0 1811.9  1    3.031    3.031  1   34.746   34.746  1
 1814.0 1813.9  1    3.028    3.028  1   34.746   34.746  1
 1816.0 1815.9  1    3.021    3.021  1   34.746   34.746  1
 1818.0 1817.9  1    3.018    3.018  1   34.746   34.746  1
 1820.0 1819.9  1    3.014    3.014  1   34.746   34.746  1
 1822.0 1821.9  1    3.011    3.011  1   34.746   34.746  1
 1824.0 1823.9  1    3.007    3.007  1   34.746   34.746  1
 1826.0 1825.9  1    3.003    3.003  1   34.746   34.746  1
 1828.0 1827.9  1    3.001    3.001  1   34.746   34.746  1
 1830.0 1829.9  1    2.997    2.997  1   34.746   34.746  1
 1832.0 1831.9  1    2.995    2.995  1   34.746   34.746  1
 1834.0 1833.9  1    2.993    2.993  1   34.746   34.746  1
 1836.0 1835.9  1    2.990    2.990  1   34.747   34.747  1
 1838.0 1837.9  1    2.986    2.986  1   34.747   34.747  1
 1840.0 1839.9  1    2.983    2.983  1   34.746   34.746  1
 1842.0 1841.9  1    2.980    2.980  1   34.746   34.746  1
 1844.0 1843.9  1    2.972    2.972  1   34.747   34.747  1
 1846.0 1845.9  1    2.962    2.962  1   34.746   34.746  1
 1848.0 1847.9  1    2.957    2.957  1   34.746   34.746  1
 1850.0 1849.9  1    2.951    2.951  1   34.746   34.746  1
 1852.0 1851.9  1    2.942    2.942  1   34.746   34.746  1
 1854.0 1853.9  1    2.935    2.935  1   34.746   34.746  1
 1856.0 1855.9  1    2.932    2.932  1   34.746   34.746  1
 1858.0 1857.9  1    2.925    2.925  1   34.746   34.746  1
 1860.0 1859.9  1    2.922    2.922  1   34.746   34.746  1
 1862.0 1861.9  1    2.918    2.918  1   34.746   34.746  1
 1864.0 1863.9  1    2.911    2.911  1   34.746   34.746  1
 1866.0 1865.9  1    2.908    2.908  1   34.746   34.746  1
 1868.0 1867.9  1    2.904    2.904  1   34.746   34.746  1
 1870.0 1869.9  1    2.902    2.902  1   34.746   34.746  1
 1872.0 1871.9  1    2.900    2.900  1   34.747   34.747  1
 1874.0 1873.9  1    2.896    2.896  1   34.746   34.746  1
 1876.0 1875.9  1    2.892    2.892  1   34.746   34.746  1
 1878.0 1877.9  1    2.887    2.887  1   34.746   34.746  1
 1880.0 1879.9  1    2.884    2.884  1   34.746   34.746  1
 1882.0 1881.9  1    2.882    2.882  1   34.746   34.746  1
 1884.0 1883.9  1    2.881    2.881  1   34.746   34.746  1
 1886.0 1885.9  1    2.874    2.874  1   34.746   34.746  1
 1888.0 1887.9  1    2.866    2.866  1   34.747   34.747  1
 1890.0 1889.9  1    2.860    2.860  1   34.747   34.747  1
 1892.0 1891.9  1    2.857    2.857  1   34.747   34.747  1
 1894.0 1893.9  1    2.856    2.856  1   34.746   34.746  1
 1896.0 1895.9  1    2.853    2.853  1   34.746   34.746  1
 1898.0 1897.9  1    2.846    2.846  1   34.746   34.746  1
 1900.0 1899.9  1    2.835    2.835  1   34.746   34.746  1
 1902.0 1901.9  1    2.827    2.827  1   34.746   34.746  1
 1904.0 1903.9  1    2.821    2.821  1   34.746   34.746  1
 1906.0 1905.9  1    2.813    2.813  1   34.746   34.746  1
 1908.0 1907.9  1    2.811    2.811  1   34.746   34.746  1
 1910.0 1909.9  1    2.810    2.810  1   34.746   34.746  1
 1912.0 1911.9  1    2.808    2.808  1   34.747   34.747  1
 1914.0 1913.9  1    2.803    2.803  1   34.747   34.747  1
 1916.0 1915.9  1    2.796    2.796  1   34.747   34.747  1
 1918.0 1917.9  1    2.789    2.789  1   34.747   34.747  1
 1920.0 1919.9  1    2.782    2.782  1   34.747   34.747  1
 1922.0 1921.9  1    2.772    2.772  1   34.746   34.746  1
 1924.0 1923.9  1    2.766    2.766  1   34.746   34.746  1
 1926.0 1925.9  1    2.757    2.757  1   34.746   34.746  1
 1928.0 1927.9  1    2.752    2.752  1   34.746   34.746  1
 1930.0 1929.9  1    2.744    2.744  1   34.746   34.746  1
 1932.0 1931.9  1    2.741    2.741  1   34.746   34.746  1
 1934.0 1933.9  1    2.736    2.736  1   34.746   34.746  1
 1936.0 1935.9  1    2.734    2.734  1   34.746   34.746  1
 1938.0 1937.9  1    2.729    2.729  1   34.746   34.746  1
 1940.0 1939.9  1    2.721    2.721  1   34.746   34.746  1
 1942.0 1941.9  1    2.711    2.711  1   34.746   34.746  1
 1944.0 1943.9  1    2.707    2.707  1   34.746   34.746  1
 1946.0 1945.9  1    2.709    2.709  1   34.747   34.747  1
 1948.0 1947.9  1    2.705    2.705  1   34.748   34.748  1
 1950.0 1949.9  1    2.701    2.701  1   34.747   34.747  1
 1952.0 1951.9  1    2.694    2.694  1   34.747   34.747  1
 1954.0 1953.9  1    2.690    2.690  1   34.747   34.747  1
 1956.0 1955.9  1    2.683    2.683  1   34.747   34.747  1
 1958.0 1957.9  1    2.681    2.681  1   34.748   34.748  1
 1960.0 1959.9  1    2.680    2.680  1   34.748   34.748  1
 1962.0 1961.9  1    2.678    2.678  1   34.748   34.748  1
 1964.0 1963.9  1    2.672    2.672  1   34.748   34.748  1
 1966.0 1965.9  1    2.666    2.666  1   34.748   34.748  1
 1968.0 1967.9  1    2.661    2.661  1   34.747   34.747  1
 1970.0 1969.9  1    2.657    2.657  1   34.747   34.747  1
 1972.0 1971.9  1    2.652    2.652  1   34.747   34.747  1
 1974.0 1973.9  1    2.650    2.650  1   34.748   34.748  1
 1976.0 1975.9  1    2.647    2.647  1   34.747   34.747  1
 1978.0 1977.9  1    2.644    2.644  1   34.748   34.748  1
 1980.0 1979.9  1    2.642    2.642  1   34.747   34.747  1
 1982.0 1981.9  1    2.640    2.640  1   34.747   34.747  1
 1984.0 1983.9  1    2.637    2.637  1   34.747   34.747  1
 1986.0 1985.9  1    2.634    2.634  1   34.747   34.747  1
 1988.0 1987.9  1    2.629    2.629  1   34.747   34.747  1
 1990.0 1989.9  1    2.626    2.626  1   34.747   34.747  1
 1992.0 1991.9  1    2.620    2.620  1   34.747   34.747  1
 1994.0 1993.9  1    2.616    2.616  1   34.747   34.747  1
 1996.0 1995.9  1    2.617    2.617  1   34.747   34.747  1
 1998.0 1997.9  1    2.615    2.615  1   34.747   34.747  1
 2000.0 1999.9  1    2.614    2.614  1   34.747   34.747  1
 2002.5 2002.4  1    2.613    2.613  1   34.747   34.747  1
 2003.0 2002.9  1    2.614    2.614  1   34.746   34.746  1
