*SoftWare Version 3.0  2018/12/27

*HEADER
     PLATFORM NUMBER       :5904664
     CYCLE NUMBER          :287
     DATE CREATION         :20191206080038
     DATE UPDATE           :20191206080038
     PROJECT NAME          :UW Argo
     PI NAME               :STEPHEN RISER
     INSTRUMENT TYPE       :APEX
     FLOAT SERIAL NO       :7441
     FIRMWARE VERSION      :020915
     WMO INSTRUMENT TYPE   :846
     TRANSMISSION SYSTEM   :IRIDIUM
     POSITIONING SYSTEM    :GPS
     SAMPLE DIRECTION      :A(A=Ascend; D=Descend)
     DATA MODE             :A(R=Real Time; D=Delayed Mode; A=Real Time Adjusted)
     JULIAN DAY            :25541.1649 (days since 1950-01-01 00:00:00 UTC)
     DATE                  :2019-12-06
     QC FLAG FOR DATE      :1
*LOCATION
     LATITUDE              :26.367
     LONGITUDE             :-50.392
     QC FLAG FOR LOCATION  :1
*FILE
     COLUMN 1              :Pressure (dbar)                             F7.1
     COLUMN 2              :Corrected Pressure (dbar)                   F7.1
     COLUMN 3              :Quality on Pressure                         I3
     COLUMN 4              :Temperature (degree_Celsius)                F9.3
     COLUMN 5              :Corrected Temperature (degree_Celsius)      F9.3
     COLUMN 6              :Quality on Temperature                      I3
     COLUMN 7              :Salinity (PSU)                              F9.3
     COLUMN 8              :Corrected Salinity (PSU)                    F9.3
     COLUMN 9              :Quality on Salinity                         I3
==========================================================================
    2.9    3.1  1   25.393   25.393  1   31.988   31.988  3
    3.9    4.1  1   25.390   25.390  1   31.993   31.993  3
    6.0    6.2  1   25.393   25.393  1   31.991   31.991  3
    8.0    8.2  1   25.396   25.396  1   31.994   31.994  3
   10.0   10.2  1   25.396   25.396  1   31.995   31.995  3
   12.0   12.2  1   25.397   25.397  1   31.997   31.997  3
   14.0   14.2  1   25.396   25.396  1   32.004   32.004  3
   16.0   16.2  1   25.396   25.396  1   32.012   32.012  3
   18.0   18.2  1   25.397   25.397  1   32.017   32.017  3
   20.0   20.2  1   25.398   25.398  1   32.011   32.011  3
   22.0   22.2  1   25.398   25.398  1   32.004   32.004  3
   24.0   24.2  1   25.398   25.398  1   32.008   32.008  3
   26.0   26.2  1   25.398   25.398  1   32.012   32.012  3
   28.0   28.2  1   25.398   25.398  1   32.018   32.018  3
   30.0   30.2  1   25.398   25.398  1   32.016   32.016  3
   32.0   32.2  1   25.395   25.395  1   32.019   32.019  3
   34.0   34.2  1   25.391   25.391  1   32.019   32.019  3
   36.0   36.2  1   25.388   25.388  1   32.014   32.014  3
   38.0   38.2  1   25.387   25.387  1   32.014   32.014  3
   40.0   40.2  1   25.386   25.386  1   32.020   32.020  3
   42.0   42.2  1   25.380   25.380  1   32.025   32.025  3
   44.0   44.2  1   25.374   25.374  1   32.028   32.028  3
   46.0   46.2  1   25.369   25.369  1   32.012   32.012  3
   48.0   48.2  1   25.361   25.361  1   32.018   32.018  3
   50.0   50.2  1   25.342   25.342  1   32.023   32.023  3
   52.0   52.2  1   25.335   25.335  1   32.016   32.016  3
   54.0   54.2  1   25.343   25.343  1   32.009   32.009  3
   56.0   56.2  1   25.348   25.348  1   32.013   32.013  3
   58.0   58.2  1   25.356   25.356  1   32.025   32.025  3
   60.0   60.2  1   25.358   25.358  1   32.034   32.034  3
   62.1   62.3  1   25.379   25.379  1   32.052   32.052  3
   64.0   64.2  1   25.410   25.410  1   32.078   32.078  3
   66.0   66.2  1   25.423   25.423  1   32.097   32.097  3
   68.0   68.2  1   25.409   25.409  1   32.104   32.104  3
   70.0   70.2  1   25.405   25.405  1   32.112   32.112  3
   72.0   72.2  1   25.392   25.392  1   32.119   32.119  3
   74.0   74.2  1   25.341   25.341  1   32.128   32.128  3
   76.0   76.2  1   25.304   25.304  1   32.121   32.121  3
   78.0   78.2  1   25.115   25.115  1   32.088   32.088  3
   80.0   80.2  1   24.894   24.894  1   32.064   32.064  3
   82.0   82.2  1   24.703   24.703  1   32.048   32.048  3
   83.9   84.1  1   24.616   24.616  1   32.040   32.040  3
   86.0   86.2  1   24.334   24.334  1   32.026   32.026  3
   88.0   88.2  1   24.101   24.101  1   32.051   32.051  3
   90.0   90.2  1   23.762   23.762  1   32.030   32.030  3
   92.0   92.2  1   23.473   23.473  1   32.012   32.012  3
   94.0   94.2  1   23.354   23.354  1   32.008   32.008  3
   96.0   96.2  1   23.232   23.232  1   31.996   31.996  3
   98.0   98.2  1   23.052   23.052  1   31.981   31.981  3
  100.0  100.2  1   22.977   22.977  1   31.983   31.983  3
  102.0  102.2  1   22.864   22.864  1   31.984   31.984  3
  104.0  104.2  1   22.693   22.693  1   31.986   31.986  3
  106.0  106.2  1   22.625   22.625  1   31.981   31.981  3
  108.0  108.2  1   22.309   22.309  1   31.957   31.957  3
  110.0  110.2  1   22.138   22.138  1   31.922   31.922  3
  112.0  112.2  1   22.124   22.124  1   31.925   31.925  3
  114.0  114.2  1   22.110   22.110  1   31.917   31.917  3
  116.0  116.2  1   22.047   22.047  1   31.903   31.903  3
  118.0  118.2  1   21.944   21.944  1   31.888   31.888  3
  120.0  120.2  1   21.750   21.750  1   31.870   31.870  3
  122.0  122.2  1   21.608   21.608  1   31.866   31.866  3
  124.0  124.2  1   21.489   21.489  1   31.867   31.867  3
  126.0  126.2  1   21.416   21.416  1   31.866   31.866  3
  128.0  128.2  1   21.331   21.331  1   31.868   31.868  3
  130.0  130.2  1   21.297   21.297  1   31.871   31.871  3
  132.0  132.2  1   21.265   21.265  1   31.872   31.872  3
  134.0  134.2  1   21.251   21.251  1   31.870   31.870  3
  136.0  136.2  1   21.162   21.162  1   31.864   31.864  3
  138.0  138.2  1   21.047   21.047  1   31.858   31.858  3
  140.0  140.2  1   20.951   20.951  1   31.847   31.847  3
  142.0  142.2  1   20.896   20.896  1   31.843   31.843  3
  144.0  144.2  1   20.803   20.803  1   31.839   31.839  3
  146.0  146.2  1   20.729   20.729  1   31.837   31.837  3
  148.0  148.2  1   20.673   20.673  1   31.838   31.838  3
  150.0  150.2  1   20.577   20.577  1   31.835   31.835  3
  152.0  152.2  1   20.435   20.435  1   31.826   31.826  3
  154.0  154.2  1   20.401   20.401  1   31.826   31.826  3
  156.0  156.2  1   20.407   20.407  1   31.838   31.838  3
  158.0  158.2  1   20.389   20.389  1   31.815   31.815  3
  160.0  160.2  1   20.326   20.326  1   31.818   31.818  3
  162.0  162.2  1   20.284   20.284  1   31.813   31.813  3
  164.0  164.2  1   20.164   20.164  1   31.804   31.804  3
  166.0  166.2  1   20.054   20.054  1   31.798   31.798  3
  168.0  168.2  1   19.987   19.987  1   31.793   31.793  3
  170.0  170.2  1   19.907   19.907  1   31.791   31.791  3
  172.0  172.2  1   19.882   19.882  1   31.798   31.798  3
  174.0  174.2  1   19.891   19.891  1   31.807   31.807  3
  176.0  176.2  1   19.879   19.879  1   31.816   31.816  3
  178.0  178.2  1   19.853   19.853  1   31.820   31.820  3
  180.0  180.2  1   19.806   19.806  1   31.825   31.825  3
  182.0  182.2  1   19.757   19.757  1   31.833   31.833  3
  184.0  184.2  1   19.730   19.730  1   31.837   31.837  3
  186.0  186.2  1   19.715   19.715  1   31.839   31.839  3
  188.0  188.2  1   19.692   19.692  1   31.838   31.838  3
  189.9  190.1  1   19.673   19.673  1   31.841   31.841  3
  191.9  192.1  1   19.655   19.655  1   31.843   31.843  3
  194.0  194.2  1   19.629   19.629  1   31.843   31.843  3
  196.0  196.2  1   19.597   19.597  1   31.837   31.837  3
  198.0  198.2  1   19.567   19.567  1   31.839   31.839  3
  200.0  200.2  1   19.519   19.519  1   31.837   31.837  3
  202.0  202.2  1   19.505   19.505  1   31.834   31.834  3
  204.0  204.2  1   19.495   19.495  1   31.838   31.838  3
  206.0  206.2  1   19.464   19.464  1   31.837   31.837  3
  208.0  208.2  1   19.456   19.456  1   31.845   31.845  3
  210.0  210.2  1   19.437   19.437  1   31.897   31.897  3
  212.0  212.2  1   19.376   19.376  1   32.084   32.084  3
  214.0  214.2  1   19.368   19.368  1   32.240   32.240  3
  216.0  216.2  1   19.326   19.326  1   32.296   32.296  3
  218.0  218.2  1   19.290   19.290  1   32.267   32.267  3
  220.0  220.2  1   19.272   19.272  1   32.289   32.289  3
  222.0  222.2  1   19.249   19.249  1   32.315   32.315  3
  224.0  224.2  1   19.241   19.241  1   32.326   32.326  3
  226.0  226.2  1   19.225   19.225  1   32.324   32.324  3
  228.0  228.2  1   19.215   19.215  1   32.325   32.325  3
  230.0  230.2  1   19.153   19.153  1   32.323   32.323  3
  232.0  232.2  1   19.094   19.094  1   32.312   32.312  3
  234.0  234.2  1   19.063   19.063  1   32.314   32.314  3
  236.0  236.2  1   19.043   19.043  1   32.331   32.331  3
  238.0  238.2  1   18.960   18.960  1   32.325   32.325  3
  240.0  240.2  1   18.922   18.922  1   32.319   32.319  3
  242.0  242.2  1   18.917   18.917  1   32.321   32.321  3
  244.0  244.2  1   18.864   18.864  1   32.318   32.318  3
  246.0  246.2  1   18.813   18.813  1   32.314   32.314  3
  248.0  248.2  1   18.798   18.798  1   32.313   32.313  3
  250.0  250.2  1   18.753   18.753  1   32.309   32.309  3
  252.0  252.2  1   18.724   18.724  1   32.303   32.303  3
  254.0  254.2  1   18.686   18.686  1   32.301   32.301  3
  256.0  256.2  1   18.679   18.679  1   32.300   32.300  3
  258.0  258.2  1   18.657   18.657  1   32.297   32.297  3
  260.0  260.2  1   18.615   18.615  1   32.293   32.293  3
  262.0  262.2  1   18.586   18.586  1   32.291   32.291  3
  264.0  264.2  1   18.564   18.564  1   32.287   32.287  3
  266.0  266.2  1   18.537   18.537  1   32.285   32.285  3
  268.0  268.2  1   18.520   18.520  1   32.283   32.283  3
  270.0  270.2  1   18.503   18.503  1   32.282   32.282  3
  272.0  272.2  1   18.486   18.486  1   32.279   32.279  3
  274.0  274.2  1   18.452   18.452  1   32.274   32.274  3
  276.0  276.2  1   18.393   18.393  1   32.270   32.270  3
  278.0  278.2  1   18.373   18.373  1   32.266   32.266  3
  280.0  280.2  1   18.353   18.353  1   32.264   32.264  3
  282.0  282.2  1   18.322   18.322  1   32.261   32.261  3
  284.0  284.2  1   18.299   18.299  1   32.258   32.258  3
  286.0  286.2  1   18.239   18.239  1   32.253   32.253  3
  288.0  288.2  1   18.207   18.207  1   32.251   32.251  3
  290.0  290.2  1   18.147   18.147  1   32.248   32.248  3
  292.0  292.2  1   18.111   18.111  1   32.245   32.245  3
  294.0  294.2  1   18.072   18.072  1   32.244   32.244  3
  296.0  296.2  1   18.034   18.034  1   32.252   32.252  3
  298.0  298.2  1   17.984   17.984  1   32.454   32.454  3
  300.0  300.2  1   17.967   17.967  1   32.866   32.866  3
  302.0  302.2  1   17.954   17.954  1   33.108   33.108  3
  304.0  304.2  1   17.926   17.926  1   33.241   33.241  3
  306.0  306.2  1   17.888   17.888  1   33.343   33.343  3
  308.0  308.2  1   17.862   17.862  1   33.443   33.443  3
  310.0  310.2  1   17.839   17.839  1   33.556   33.556  3
  312.0  312.2  1   17.813   17.813  1   33.680   33.680  3
  314.0  314.2  1   17.798   17.798  1   33.767   33.767  3
  316.0  316.2  1   17.773   17.773  1   33.875   33.875  3
  318.0  318.2  1   17.734   17.734  1   33.942   33.942  3
  320.0  320.2  1   17.712   17.712  1   34.000   34.000  3
  322.0  322.2  1   17.665   17.665  1   34.019   34.019  3
  324.0  324.2  1   17.647   17.647  1   34.036   34.036  3
  326.0  326.2  1   17.642   17.642  1   34.060   34.060  3
  328.0  328.2  1   17.576   17.576  1   34.063   34.063  3
  330.0  330.2  1   17.536   17.536  1   34.067   34.067  3
  332.0  332.2  1   17.529   17.529  1   34.069   34.069  3
  334.0  334.2  1   17.502   17.502  1   34.074   34.074  3
  336.0  336.2  1   17.454   17.454  1   34.070   34.070  3
  338.0  338.2  1   17.439   17.439  1   34.069   34.069  3
  340.0  340.2  1   17.415   17.415  1   34.071   34.071  3
  342.0  342.2  1   17.402   17.402  1   34.072   34.072  3
  344.0  344.2  1   17.378   17.378  1   34.076   34.076  3
  346.0  346.2  1   17.356   17.356  1   34.076   34.076  3
  348.0  348.2  1   17.338   17.338  1   34.080   34.080  3
  350.0  350.2  1   17.318   17.318  1   34.081   34.081  3
  352.0  352.2  1   17.295   17.295  1   34.081   34.081  3
  354.0  354.2  1   17.280   17.280  1   34.087   34.087  3
  356.0  356.2  1   17.274   17.274  1   34.083   34.083  3
  358.0  358.2  1   17.264   17.264  1   34.079   34.079  3
  360.0  360.2  1   17.246   17.246  1   34.077   34.077  3
  362.0  362.2  1   17.221   17.221  1   34.074   34.074  3
  364.0  364.2  1   17.168   17.168  1   34.069   34.069  3
  366.0  366.2  1   17.127   17.127  1   34.064   34.064  3
  368.0  368.2  1   17.100   17.100  1   34.061   34.061  3
  370.0  370.2  1   17.085   17.085  1   34.061   34.061  3
  372.0  372.2  1   17.077   17.077  1   34.059   34.059  3
  374.0  374.2  1   17.071   17.071  1   34.058   34.058  3
  376.0  376.2  1   17.050   17.050  1   34.055   34.055  3
  378.0  378.2  1   17.002   17.002  1   34.049   34.049  3
  380.0  380.2  1   16.917   16.917  1   34.043   34.043  3
  382.0  382.2  1   16.895   16.895  1   34.041   34.041  3
  384.0  384.2  1   16.886   16.886  1   34.041   34.041  3
  386.0  386.2  1   16.873   16.873  1   34.038   34.038  3
  388.0  388.2  1   16.857   16.857  1   34.035   34.035  3
  390.0  390.2  1   16.847   16.847  1   34.034   34.034  3
  392.0  392.2  1   16.838   16.838  1   34.033   34.033  3
  394.0  394.2  1   16.832   16.832  1   34.032   34.032  3
  396.0  396.2  1   16.798   16.798  1   34.029   34.029  3
  398.0  398.2  1   16.740   16.740  1   34.024   34.024  3
  400.0  400.2  1   16.706   16.706  1   34.021   34.021  3
  402.0  402.2  1   16.683   16.683  1   34.017   34.017  3
  404.0  404.2  1   16.655   16.655  1   34.013   34.013  3
  406.0  406.2  1   16.614   16.614  1   34.009   34.009  3
  408.0  408.2  1   16.542   16.542  1   34.002   34.002  3
  410.0  410.2  1   16.508   16.508  1   33.998   33.998  3
  412.0  412.2  1   16.481   16.481  1   33.993   33.993  3
  414.0  414.2  1   16.447   16.447  1   33.990   33.990  3
  416.0  416.2  1   16.416   16.416  1   33.986   33.986  3
  418.0  418.2  1   16.363   16.363  1   33.981   33.981  3
  420.0  420.2  1   16.300   16.300  1   33.975   33.975  3
  422.0  422.2  1   16.271   16.271  1   33.973   33.973  3
  424.0  424.2  1   16.267   16.267  1   33.974   33.974  3
  426.0  426.2  1   16.264   16.264  1   33.974   33.974  3
  428.0  428.2  1   16.259   16.259  1   33.973   33.973  3
  430.0  430.2  1   16.249   16.249  1   33.971   33.971  3
  432.0  432.2  1   16.212   16.212  1   33.966   33.966  3
  434.0  434.2  1   16.151   16.151  1   33.961   33.961  3
  436.0  436.2  1   16.121   16.121  1   33.958   33.958  3
  438.0  438.2  1   16.112   16.112  1   33.956   33.956  3
  440.0  440.2  1   16.086   16.086  1   33.954   33.954  3
  442.0  442.2  1   16.036   16.036  1   33.948   33.948  3
  444.0  444.2  1   15.990   15.990  1   33.944   33.944  3
  446.0  446.2  1   15.967   15.967  1   33.941   33.941  3
  448.0  448.2  1   15.892   15.892  1   33.936   33.936  3
  449.9  450.1  1   15.869   15.869  1   33.933   33.933  3
  452.0  452.2  1   15.859   15.859  1   33.931   33.931  3
  454.0  454.2  1   15.831   15.831  1   33.929   33.929  3
  456.0  456.2  1   15.791   15.791  1   33.925   33.925  3
  458.0  458.2  1   15.763   15.763  1   33.922   33.922  3
  460.0  460.2  1   15.703   15.703  1   33.917   33.917  3
  462.0  462.2  1   15.680   15.680  1   33.915   33.915  3
  464.0  464.2  1   15.656   15.656  1   33.913   33.913  3
  466.0  466.2  1   15.626   15.626  1   33.910   33.910  3
  468.0  468.2  1   15.570   15.570  1   33.905   33.905  3
  470.0  470.2  1   15.541   15.541  1   33.902   33.902  3
  472.0  472.2  1   15.515   15.515  1   33.899   33.899  3
  474.0  474.2  1   15.466   15.466  1   33.895   33.895  3
  476.0  476.2  1   15.435   15.435  1   33.893   33.893  3
  478.0  478.2  1   15.417   15.417  1   33.892   33.892  3
  480.0  480.2  1   15.398   15.398  1   33.890   33.890  3
  482.0  482.2  1   15.385   15.385  1   33.888   33.888  3
  484.0  484.2  1   15.354   15.354  1   33.884   33.884  3
  486.0  486.2  1   15.280   15.280  1   33.877   33.877  3
  488.0  488.2  1   15.216   15.216  1   33.873   33.873  3
  490.0  490.2  1   15.175   15.175  1   33.869   33.869  3
  492.0  492.2  1   15.151   15.151  1   33.865   33.865  3
  494.0  494.2  1   15.124   15.124  1   33.863   33.863  3
  496.0  496.2  1   15.094   15.094  1   33.859   33.859  3
  498.0  498.2  1   15.073   15.073  1   33.856   33.856  3
  500.0  500.2  1   15.035   15.035  1   33.853   33.853  3
  502.0  502.2  1   14.992   14.992  1   33.848   33.848  3
  504.0  504.2  1   14.967   14.967  1   33.846   33.846  3
  506.0  506.2  1   14.947   14.947  1   33.842   33.842  3
  508.0  508.2  1   14.913   14.913  1   33.838   33.838  3
  510.0  510.2  1   14.865   14.865  1   33.835   33.835  3
  512.0  512.2  1   14.842   14.842  1   33.830   33.830  3
  514.0  514.2  1   14.798   14.798  1   33.827   33.827  3
  516.0  516.2  1   14.750   14.750  1   33.823   33.823  3
  518.0  518.2  1   14.700   14.700  1   33.819   33.819  3
  520.0  520.2  1   14.673   14.673  1   33.813   33.813  3
  522.0  522.2  1   14.637   14.637  1   33.810   33.810  3
  524.0  524.2  1   14.600   14.600  1   33.806   33.806  3
  526.0  526.2  1   14.593   14.593  1   33.806   33.806  3
  528.0  528.2  1   14.566   14.566  1   33.805   33.805  3
  530.0  530.2  1   14.534   14.534  1   33.801   33.801  3
  532.0  532.2  1   14.502   14.502  1   33.797   33.797  3
  534.0  534.2  1   14.477   14.477  1   33.795   33.795  3
  536.0  536.2  1   14.447   14.447  1   33.792   33.792  3
  538.0  538.2  1   14.410   14.410  1   33.788   33.788  3
  540.0  540.2  1   14.350   14.350  1   33.783   33.783  3
  542.0  542.2  1   14.276   14.276  1   33.776   33.776  3
  544.0  544.2  1   14.226   14.226  1   33.770   33.770  3
  546.0  546.2  1   14.159   14.159  1   33.764   33.764  3
  548.0  548.2  1   14.087   14.087  1   33.758   33.758  3
  550.0  550.2  1   14.004   14.004  1   33.753   33.753  3
  552.0  552.2  1   13.973   13.973  1   33.751   33.751  3
  554.0  554.2  1   13.960   13.960  1   33.751   33.751  3
  556.0  556.2  1   13.954   13.954  1   33.750   33.750  3
  558.0  558.2  1   13.951   13.951  1   33.750   33.750  3
  560.0  560.2  1   13.944   13.944  1   33.749   33.749  3
  562.0  562.2  1   13.878   13.878  1   33.743   33.743  3
  564.0  564.2  1   13.811   13.811  1   33.738   33.738  3
  566.0  566.2  1   13.771   13.771  1   33.732   33.732  3
  568.0  568.2  1   13.698   13.698  1   33.725   33.725  3
  570.0  570.2  1   13.642   13.642  1   33.718   33.718  3
  572.0  572.2  1   13.582   13.582  1   33.713   33.713  3
  574.0  574.2  1   13.526   13.526  1   33.710   33.710  3
  576.0  576.2  1   13.488   13.488  1   33.706   33.706  3
  578.0  578.2  1   13.469   13.469  1   33.704   33.704  3
  580.0  580.2  1   13.443   13.443  1   33.701   33.701  3
  582.0  582.2  1   13.418   13.418  1   33.698   33.698  3
  584.0  584.2  1   13.375   13.375  1   33.695   33.695  3
  586.0  586.2  1   13.344   13.344  1   33.691   33.691  3
  588.0  588.2  1   13.315   13.315  1   33.686   33.686  3
  590.0  590.2  1   13.285   13.285  1   33.684   33.684  3
  592.0  592.2  1   13.248   13.248  1   33.681   33.681  3
  594.0  594.2  1   13.221   13.221  1   33.678   33.678  3
  596.0  596.2  1   13.206   13.206  1   33.676   33.676  3
  598.0  598.2  1   13.177   13.177  1   33.674   33.674  3
  600.0  600.2  1   13.147   13.147  1   33.673   33.673  3
  602.0  602.2  1   13.118   13.118  1   33.671   33.671  3
  604.0  604.2  1   13.088   13.088  1   33.669   33.669  3
  606.0  606.2  1   13.058   13.058  1   33.666   33.666  3
  608.0  608.2  1   13.032   13.032  1   33.663   33.663  3
  610.0  610.2  1   13.025   13.025  1   33.662   33.662  3
  612.0  612.2  1   13.008   13.008  1   33.660   33.660  3
  614.0  614.2  1   12.945   12.945  1   33.654   33.654  3
  616.0  616.2  1   12.911   12.911  1   33.651   33.651  3
  618.0  618.2  1   12.894   12.894  1   33.650   33.650  3
  620.0  620.2  1   12.864   12.864  1   33.647   33.647  3
  622.0  622.2  1   12.837   12.837  1   33.645   33.645  3
  624.0  624.2  1   12.821   12.821  1   33.644   33.644  3
  626.0  626.2  1   12.810   12.810  1   33.643   33.643  3
  628.0  628.2  1   12.809   12.809  1   33.642   33.642  3
  630.0  630.2  1   12.783   12.783  1   33.641   33.641  3
  632.0  632.2  1   12.730   12.730  1   33.635   33.635  3
  634.0  634.2  1   12.674   12.674  1   33.631   33.631  3
  636.0  636.2  1   12.646   12.646  1   33.629   33.629  3
  638.0  638.2  1   12.627   12.627  1   33.627   33.627  3
  640.0  640.2  1   12.614   12.614  1   33.626   33.626  3
  642.0  642.2  1   12.598   12.598  1   33.624   33.624  3
  644.0  644.2  1   12.574   12.574  1   33.623   33.623  3
  646.0  646.2  1   12.530   12.530  1   33.619   33.619  3
  648.0  648.2  1   12.500   12.500  1   33.616   33.616  3
  650.0  650.2  1   12.485   12.485  1   33.615   33.615  3
  652.0  652.2  1   12.466   12.466  1   33.614   33.614  3
  654.0  654.2  1   12.422   12.422  1   33.611   33.611  3
  656.0  656.2  1   12.398   12.398  1   33.610   33.610  3
  658.0  658.2  1   12.392   12.392  1   33.611   33.611  3
  660.0  660.2  1   12.385   12.385  1   33.611   33.611  3
  662.0  662.2  1   12.377   12.377  1   33.612   33.612  3
  664.0  664.2  1   12.376   12.376  1   33.613   33.613  3
  666.0  666.2  1   12.370   12.370  1   33.613   33.613  3
  668.0  668.2  1   12.345   12.345  1   33.613   33.613  3
  670.0  670.2  1   12.327   12.327  1   33.611   33.611  3
  672.0  672.2  1   12.298   12.298  1   33.610   33.610  3
  674.0  674.2  1   12.261   12.261  1   33.608   33.608  3
  676.0  676.2  1   12.218   12.218  1   33.606   33.606  3
  678.0  678.2  1   12.181   12.181  1   33.603   33.603  3
  680.0  680.2  1   12.148   12.148  1   33.602   33.602  3
  682.0  682.2  1   12.143   12.143  1   33.601   33.601  3
  684.0  684.2  1   12.138   12.138  1   33.600   33.600  3
  686.0  686.2  1   12.118   12.118  1   33.598   33.598  3
  688.0  688.2  1   12.087   12.087  1   33.596   33.596  3
  690.0  690.2  1   12.041   12.041  1   33.592   33.592  3
  692.0  692.2  1   12.008   12.008  1   33.589   33.589  3
  694.0  694.2  1   11.979   11.979  1   33.585   33.585  3
  696.0  696.2  1   11.945   11.945  1   33.584   33.584  3
  698.0  698.2  1   11.937   11.937  1   33.586   33.586  3
  700.0  700.2  1   11.909   11.909  1   33.584   33.584  3
  702.0  702.2  1   11.869   11.869  1   33.582   33.582  3
  704.0  704.2  1   11.838   11.838  1   33.579   33.579  3
  706.0  706.2  1   11.784   11.784  1   33.576   33.576  3
  708.0  708.2  1   11.738   11.738  1   33.574   33.574  3
  710.0  710.2  1   11.711   11.711  1   33.572   33.572  3
  712.0  712.2  1   11.696   11.696  1   33.570   33.570  3
  714.0  714.2  1   11.683   11.683  1   33.569   33.569  3
  716.0  716.2  1   11.649   11.649  1   33.567   33.567  3
  718.0  718.2  1   11.636   11.636  1   33.565   33.565  3
  720.0  720.2  1   11.624   11.624  1   33.563   33.563  3
  722.0  722.2  1   11.583   11.583  1   33.559   33.559  3
  724.0  724.2  1   11.509   11.509  1   33.554   33.554  3
  726.0  726.2  1   11.442   11.442  1   33.550   33.550  3
  728.0  728.2  1   11.406   11.406  1   33.547   33.547  3
  730.0  730.2  1   11.353   11.353  1   33.543   33.543  3
  732.0  732.2  1   11.306   11.306  1   33.539   33.539  3
  734.0  734.2  1   11.286   11.286  1   33.540   33.540  3
  736.0  736.2  1   11.272   11.272  1   33.539   33.539  3
  738.0  738.2  1   11.266   11.266  1   33.539   33.539  3
  740.0  740.2  1   11.252   11.252  1   33.538   33.538  3
  742.0  742.2  1   11.217   11.217  1   33.537   33.537  3
  744.0  744.2  1   11.179   11.179  1   33.535   33.535  3
  746.0  746.2  1   11.163   11.163  1   33.533   33.533  3
  748.0  748.2  1   11.141   11.141  1   33.532   33.532  3
  750.0  750.2  1   11.114   11.114  1   33.531   33.531  3
  752.0  752.2  1   11.105   11.105  1   33.530   33.530  3
  754.0  754.2  1   11.080   11.080  1   33.529   33.529  3
  756.0  756.2  1   11.053   11.053  1   33.526   33.526  3
  758.0  758.2  1   11.031   11.031  1   33.524   33.524  3
  760.0  760.2  1   11.016   11.016  1   33.522   33.522  3
  762.0  762.2  1   11.006   11.006  1   33.521   33.521  3
  764.0  764.2  1   10.975   10.975  1   33.519   33.519  3
  766.0  766.2  1   10.962   10.962  1   33.517   33.517  3
  768.0  768.2  1   10.896   10.896  1   33.515   33.515  3
  770.0  770.2  1   10.865   10.865  1   33.513   33.513  3
  772.0  772.2  1   10.844   10.844  1   33.509   33.509  3
  774.0  774.2  1   10.830   10.830  1   33.507   33.507  3
  776.0  776.2  1   10.798   10.798  1   33.503   33.503  3
  778.0  778.2  1   10.752   10.752  1   33.499   33.499  3
  780.0  780.2  1   10.742   10.742  1   33.498   33.498  3
  782.0  782.2  1   10.731   10.731  1   33.497   33.497  3
  784.0  784.2  1   10.713   10.713  1   33.496   33.496  3
  786.0  786.2  1   10.710   10.710  1   33.494   33.494  3
  788.0  788.2  1   10.663   10.663  1   33.491   33.491  3
  790.0  790.2  1   10.606   10.606  1   33.485   33.485  3
  792.0  792.2  1   10.505   10.505  1   33.474   33.474  3
  794.0  794.2  1   10.386   10.386  1   33.460   33.460  3
  796.0  796.2  1   10.251   10.251  1   33.445   33.445  3
  798.0  798.2  1   10.208   10.208  1   33.438   33.438  3
  800.0  800.2  1   10.155   10.155  1   33.434   33.434  3
  802.0  802.2  1   10.149   10.149  1   33.432   33.432  3
  803.9  804.1  1   10.166   10.166  1   33.437   33.437  3
  806.0  806.2  1   10.169   10.169  1   33.439   33.439  3
  808.0  808.2  1   10.138   10.138  1   33.436   33.436  3
  810.0  810.2  1   10.063   10.063  1   33.429   33.429  3
  812.0  812.2  1   10.011   10.011  1   33.423   33.423  3
  814.0  814.2  1    9.947    9.947  1   33.417   33.417  3
  816.1  816.3  1    9.888    9.888  1   33.412   33.412  3
  818.0  818.2  1    9.858    9.858  1   33.409   33.409  3
  820.0  820.2  1    9.826    9.826  1   33.406   33.406  3
  822.0  822.2  1    9.782    9.782  1   33.402   33.402  3
  824.0  824.2  1    9.754    9.754  1   33.400   33.400  3
  826.0  826.2  1    9.746    9.746  1   33.400   33.400  3
  828.0  828.2  1    9.734    9.734  1   33.398   33.398  3
  830.0  830.2  1    9.680    9.680  1   33.395   33.395  3
  832.0  832.2  1    9.632    9.632  1   33.392   33.392  3
  834.0  834.2  1    9.606    9.606  1   33.389   33.389  3
  836.0  836.2  1    9.593    9.593  1   33.388   33.388  3
  838.0  838.2  1    9.583    9.583  1   33.386   33.386  3
  840.0  840.2  1    9.542    9.542  1   33.381   33.381  3
  842.0  842.2  1    9.430    9.430  1   33.374   33.374  3
  844.0  844.2  1    9.382    9.382  1   33.369   33.369  3
  846.0  846.2  1    9.336    9.336  1   33.363   33.363  3
  848.0  848.2  1    9.237    9.237  1   33.356   33.356  3
  850.0  850.2  1    9.168    9.168  1   33.350   33.350  3
  852.0  852.2  1    9.112    9.112  1   33.346   33.346  3
  854.0  854.2  1    9.088    9.088  1   33.344   33.344  3
  856.0  856.2  1    9.077    9.077  1   33.343   33.343  3
  858.0  858.2  1    9.071    9.071  1   33.342   33.342  3
  860.0  860.2  1    9.061    9.061  1   33.341   33.341  3
  862.0  862.2  1    9.050    9.050  1   33.340   33.340  3
  864.0  864.2  1    9.028    9.028  1   33.338   33.338  3
  866.0  866.2  1    8.996    8.996  1   33.336   33.336  3
  868.0  868.2  1    8.975    8.975  1   33.334   33.334  3
  870.0  870.2  1    8.970    8.970  1   33.334   33.334  3
  872.0  872.2  1    8.960    8.960  1   33.332   33.332  3
  874.1  874.3  1    8.925    8.925  1   33.331   33.331  3
  876.0  876.2  1    8.899    8.899  1   33.332   33.332  3
  878.0  878.2  1    8.859    8.859  1   33.333   33.333  3
  880.0  880.2  1    8.839    8.839  1   33.333   33.333  3
  882.0  882.2  1    8.824    8.824  1   33.332   33.332  3
  884.0  884.2  1    8.809    8.809  1   33.330   33.330  3
  886.0  886.2  1    8.737    8.737  1   33.327   33.327  3
  888.0  888.2  1    8.692    8.692  1   33.324   33.324  3
  890.0  890.2  1    8.655    8.655  1   33.321   33.321  3
  892.0  892.2  1    8.637    8.637  1   33.319   33.319  3
  894.0  894.2  1    8.595    8.595  1   33.318   33.318  3
  896.0  896.2  1    8.555    8.555  1   33.316   33.316  3
  898.0  898.2  1    8.485    8.485  1   33.311   33.311  3
  900.0  900.2  1    8.429    8.429  1   33.308   33.308  3
  902.0  902.2  1    8.397    8.397  1   33.306   33.306  3
  904.0  904.2  1    8.390    8.390  1   33.305   33.305  3
  906.0  906.2  1    8.396    8.396  1   33.307   33.307  3
  908.0  908.2  1    8.384    8.384  1   33.307   33.307  3
  910.0  910.2  1    8.369    8.369  1   33.308   33.308  3
  912.0  912.2  1    8.352    8.352  1   33.307   33.307  3
  914.0  914.2  1    8.323    8.323  1   33.306   33.306  3
  916.0  916.2  1    8.304    8.304  1   33.304   33.304  3
  918.0  918.2  1    8.293    8.293  1   33.301   33.301  3
  920.0  920.2  1    8.231    8.231  1   33.297   33.297  3
  922.0  922.2  1    8.184    8.184  1   33.295   33.295  3
  924.0  924.2  1    8.177    8.177  1   33.294   33.294  3
  926.0  926.2  1    8.176    8.176  1   33.293   33.293  3
  928.0  928.2  1    8.175    8.175  1   33.293   33.293  3
  930.0  930.2  1    8.158    8.158  1   33.291   33.291  3
  932.0  932.2  1    8.147    8.147  1   33.289   33.289  3
  934.0  934.2  1    8.108    8.108  1   33.286   33.286  3
  936.0  936.2  1    8.045    8.045  1   33.281   33.281  3
  938.0  938.2  1    7.983    7.983  1   33.277   33.277  3
  940.0  940.2  1    7.928    7.928  1   33.274   33.274  3
  942.0  942.2  1    7.923    7.923  1   33.273   33.273  3
  944.0  944.2  1    7.871    7.871  1   33.269   33.269  3
  946.0  946.2  1    7.800    7.800  1   33.264   33.264  3
  948.0  948.2  1    7.781    7.781  1   33.262   33.262  3
  950.0  950.2  1    7.773    7.773  1   33.260   33.260  3
  952.0  952.2  1    7.738    7.738  1   33.258   33.258  3
  954.0  954.2  1    7.681    7.681  1   33.255   33.255  3
  956.0  956.2  1    7.660    7.660  1   33.253   33.253  3
  958.0  958.2  1    7.594    7.594  1   33.247   33.247  3
  960.0  960.2  1    7.521    7.521  1   33.243   33.243  3
  962.0  962.2  1    7.492    7.492  1   33.240   33.240  3
  964.0  964.2  1    7.475    7.475  1   33.239   33.239  3
  966.0  966.2  1    7.480    7.480  1   33.239   33.239  3
  968.0  968.2  1    7.474    7.474  1   33.238   33.238  3
  970.0  970.2  1    7.438    7.438  1   33.235   33.235  3
  972.0  972.2  1    7.385    7.385  1   33.232   33.232  3
  974.0  974.2  1    7.361    7.361  1   33.231   33.231  3
  976.0  976.2  1    7.344    7.344  1   33.228   33.228  3
  978.0  978.2  1    7.309    7.309  1   33.226   33.226  3
  979.5  979.7  1    7.281    7.281  1   33.232   33.232  3
  988.6  988.8  1    7.155    7.155  1   33.218   33.218  3
  998.1  998.3  1    7.090    7.090  1   33.215   33.215  3
 1008.0 1008.2  1    6.962    6.962  1   33.214   33.214  3
 1018.0 1018.2  1    6.805    6.805  1   33.213   33.213  3
 1028.3 1028.5  1    6.688    6.688  1   33.209   33.209  3
 1038.1 1038.4  1    6.648    6.648  1   33.211   33.211  3
 1047.9 1048.2  1    6.576    6.576  1   33.210   33.210  3
 1057.9 1058.1  1    6.537    6.537  1   33.214   33.214  3
 1068.3 1068.6  1    6.491    6.491  1   33.222   33.222  3
 1077.7 1077.9  1    6.493    6.493  1   33.231   33.231  3
 1088.2 1088.4  1    6.475    6.475  1   33.231   33.231  3
 1098.1 1098.3  1    6.416    6.416  1   33.237   33.237  3
 1107.7 1107.9  1    6.405    6.405  1   33.244   33.244  3
 1117.3 1117.6  1    6.395    6.395  1   33.257   33.257  3
 1127.4 1127.7  1    6.373    6.373  1   33.256   33.256  3
 1137.5 1137.7  1    6.337    6.337  1   33.259   33.259  3
 1147.8 1148.0  1    6.319    6.319  1   33.263   33.263  3
 1156.9 1157.2  1    6.309    6.309  1   33.271   33.271  3
 1167.6 1167.8  1    6.215    6.215  1   33.270   33.270  3
 1175.5 1175.7  1    6.223    6.223  1   33.274   33.274  3
 1186.6 1186.8  1    6.193    6.193  1   33.281   33.281  3
 1199.1 1199.3  1    6.141    6.141  1   33.287   33.287  3
 1208.6 1208.8  1    6.096    6.096  1   33.286   33.286  3
 1218.3 1218.6  1    6.078    6.078  1   33.290   33.290  3
 1228.8 1229.0  1    6.063    6.063  1   33.293   33.293  3
 1238.0 1238.2  1    6.023    6.023  1   33.296   33.296  3
 1248.5 1248.7  1    6.015    6.015  1   33.296   33.296  3
 1257.9 1258.2  1    5.944    5.944  1   33.301   33.301  3
 1267.9 1268.2  1    5.887    5.887  1   33.308   33.308  3
 1277.8 1278.0  1    5.847    5.847  1   33.315   33.315  3
 1288.1 1288.3  1    5.816    5.816  1   33.319   33.319  3
 1297.9 1298.1  1    5.789    5.789  1   33.321   33.321  3
 1308.5 1308.8  1    5.744    5.744  1   33.325   33.325  3
 1318.3 1318.6  1    5.712    5.712  1   33.327   33.327  3
 1328.4 1328.6  1    5.712    5.712  1   33.329   33.329  3
 1338.3 1338.5  1    5.663    5.663  1   33.331   33.331  3
 1348.5 1348.7  1    5.630    5.630  1   33.333   33.333  3
 1357.8 1358.1  1    5.595    5.595  1   33.336   33.336  3
 1367.9 1368.1  1    5.581    5.581  1   33.337   33.337  3
 1378.2 1378.4  1    5.567    5.567  1   33.338   33.338  3
 1387.5 1387.8  1    5.544    5.544  1   33.339   33.339  3
 1397.4 1397.6  1    5.528    5.528  1   33.341   33.341  3
 1408.0 1408.2  1    5.496    5.496  1   33.343   33.343  3
 1417.5 1417.7  1    5.467    5.467  1   33.347   33.347  3
 1427.5 1427.7  1    5.441    5.441  1   33.348   33.348  3
 1438.1 1438.3  1    5.418    5.418  1   33.351   33.351  3
 1447.7 1448.0  1    5.399    5.399  1   33.351   33.351  3
 1457.6 1457.8  1    5.365    5.365  1   33.350   33.350  3
 1468.1 1468.3  1    5.329    5.329  1   33.351   33.351  3
 1477.5 1477.8  1    5.316    5.316  1   33.350   33.350  3
 1488.4 1488.6  1    5.268    5.268  1   33.350   33.350  3
 1497.9 1498.2  1    5.239    5.239  1   33.349   33.349  3
 1523.3 1523.5  1    5.135    5.135  1   33.345   33.345  3
 1548.3 1548.6  1    5.016    5.016  1   33.343   33.343  3
 1573.2 1573.4  1    4.928    4.928  1   33.346   33.346  3
 1598.6 1598.8  1    4.887    4.887  1   33.345   33.345  3
 1623.5 1623.7  1    4.826    4.826  1   33.345   33.345  3
 1648.1 1648.3  1    4.748    4.748  1   33.343   33.343  3
 1673.3 1673.5  1    4.704    4.704  1   33.341   33.341  3
 1698.0 1698.2  1    4.627    4.627  1   33.337   33.337  3
 1723.6 1723.8  1    4.536    4.536  1   33.335   33.335  3
 1748.4 1748.7  1    4.475    4.475  1   33.332   33.332  3
 1773.1 1773.3  1    4.424    4.424  1   33.329   33.329  3
 1798.2 1798.4  1    4.331    4.331  1   33.327   33.327  3
 1822.2 1822.4  1    4.274    4.274  1   33.323   33.323  3
 1847.3 1847.6  1    4.249    4.249  1   33.320   33.320  3
 1872.3 1872.6  1    4.209    4.209  1   33.318   33.318  3
 1898.2 1898.4  1    4.114    4.114  1   33.314   33.314  3
 1922.3 1922.5  1    4.039    4.039  1   33.308   33.308  3
 1947.4 1947.6  1    3.939    3.939  1   33.301   33.301  3
 1972.3 1972.5  1    3.867    3.867  1   33.300   33.300  3
 1997.8 1998.0  1    3.818    3.818  1   33.298   33.298  3
