*SoftWare Version 3.0  2018/12/27

*HEADER
     PLATFORM NUMBER       :5904535
     CYCLE NUMBER          :214
     DATE CREATION         :20191207180034
     DATE UPDATE           :20191207180034
     PROJECT NAME          :US ARGO PROJECT
     PI NAME               :DEAN ROEMMICH
     INSTRUMENT TYPE       :SOLO_II
     FLOAT SERIAL NO       :8244
     FIRMWARE VERSION      :V01.50; SBE602 10Dec13
     WMO INSTRUMENT TYPE   :853
     TRANSMISSION SYSTEM   :IRIDIUM
     POSITIONING SYSTEM    :GPS
     SAMPLE DIRECTION      :A(A=Ascend; D=Descend)
     DATA MODE             :R(R=Real Time; D=Delayed Mode; A=Real Time Adjusted)
     JULIAN DAY            :25541.5839 (days since 1950-01-01 00:00:00 UTC)
     DATE                  :2019-12-06
     QC FLAG FOR DATE      :1
*LOCATION
     LATITUDE              :-47.624 
     LONGITUDE             :-168.841
     QC FLAG FOR LOCATION  :1
*FILE
     COLUMN 1              :Pressure (dbar)                             F7.1
     COLUMN 2              :Corrected Pressure (dbar)                   F7.1
     COLUMN 3              :Quality on Pressure                         I3
     COLUMN 4              :Temperature (degree_Celsius)                F9.3
     COLUMN 5              :Corrected Temperature (degree_Celsius)      F9.3
     COLUMN 6              :Quality on Temperature                      I3
     COLUMN 7              :Salinity (PSU)                              F9.3
     COLUMN 8              :Corrected Salinity (PSU)                    F9.3
     COLUMN 9              :Quality on Salinity                         I3
==========================================================================
    1.0    1.0  1   12.693   12.693  1   34.775   34.775  1
    2.0    2.0  1   12.693   12.693  1   34.775   34.775  1
    3.0    3.0  1   12.692   12.692  1   34.775   34.775  1
    4.0    4.0  1   12.692   12.692  1   34.775   34.775  1
    5.0    5.0  1   12.692   12.692  1   34.775   34.775  1
    6.0    6.0  1   12.692   12.692  1   34.774   34.774  1
    7.0    7.0  1   12.693   12.693  1   34.774   34.774  1
    8.0    8.0  1   12.693   12.693  1   34.774   34.774  1
    9.0    9.0  1   12.692   12.692  1   34.774   34.774  1
   10.0   10.0  1   12.692   12.692  1   34.774   34.774  1
   10.7   10.7  1   12.692   12.692  1   34.774   34.774  1
   11.9   11.9  1   12.691   12.691  1   34.774   34.774  1
   14.0   14.0  1   12.691   12.691  1   34.773   34.773  1
   16.0   16.0  1   12.691   12.691  1   34.772   34.772  1
   18.0   18.0  1   12.672   12.672  1   34.769   34.769  1
   20.0   20.0  1   12.561   12.561  1   34.766   34.766  1
   22.0   22.0  1   12.437   12.437  1   34.762   34.762  1
   24.0   24.0  1   12.356   12.356  1   34.759   34.759  1
   26.0   26.0  1   12.302   12.302  1   34.757   34.757  1
   28.0   28.0  1   12.275   12.275  1   34.755   34.755  1
   30.0   30.0  1   12.261   12.261  1   34.754   34.754  1
   32.0   32.0  1   12.255   12.255  1   34.753   34.753  1
   34.0   34.0  1   12.242   12.242  1   34.752   34.752  1
   36.0   36.0  1   12.222   12.222  1   34.752   34.752  1
   38.0   38.0  1   12.162   12.162  1   34.751   34.751  1
   40.0   40.0  1   12.120   12.120  1   34.750   34.750  1
   42.0   42.0  1   12.082   12.082  1   34.747   34.747  1
   44.0   44.0  1   12.052   12.052  1   34.745   34.745  1
   46.0   46.0  1   11.986   11.986  1   34.744   34.744  1
   48.0   48.0  1   11.864   11.864  1   34.741   34.741  1
   50.0   50.0  1   11.766   11.766  1   34.741   34.741  1
   52.0   52.0  1   11.700   11.700  1   34.742   34.742  1
   54.0   54.0  1   11.662   11.662  1   34.742   34.742  1
   56.0   56.0  1   11.572   11.572  1   34.743   34.743  1
   58.0   58.0  1   11.506   11.506  1   34.743   34.743  1
   60.0   60.0  1   11.464   11.464  1   34.743   34.743  1
   62.0   62.0  1   11.432   11.432  1   34.742   34.742  1
   64.0   64.0  1   11.360   11.360  1   34.741   34.741  1
   66.0   66.0  1   11.244   11.244  1   34.744   34.744  1
   68.0   68.0  1   11.124   11.124  1   34.760   34.760  1
   70.0   70.0  1   10.986   10.986  1   34.779   34.779  1
   72.0   72.0  1   10.914   10.914  1   34.782   34.782  1
   74.0   74.0  1   10.824   10.824  1   34.783   34.783  1
   76.0   76.0  1   10.790   10.790  1   34.786   34.786  1
   78.0   78.0  1   10.792   10.792  1   34.788   34.788  1
   80.0   80.0  1   10.802   10.802  1   34.794   34.794  1
   82.0   82.0  1   10.790   10.790  1   34.798   34.798  1
   84.0   84.0  1   10.778   10.778  1   34.798   34.798  1
   86.0   86.0  1   10.778   10.778  1   34.799   34.799  1
   88.1   88.1  1   10.776   10.776  1   34.800   34.800  1
   90.0   90.0  1   10.776   10.776  1   34.802   34.802  1
   92.0   92.0  1   10.757   10.757  1   34.800   34.800  1
   94.0   94.0  1   10.740   10.740  1   34.797   34.797  1
   96.0   96.0  1   10.740   10.740  1   34.797   34.797  1
   98.0   98.0  1   10.736   10.736  1   34.797   34.797  1
   99.9   99.9  1   10.753   10.753  1   34.802   34.802  1
  102.0  102.0  1   10.767   10.767  1   34.807   34.807  1
  103.9  103.9  1   10.776   10.776  1   34.809   34.809  1
  106.0  106.0  1   10.776   10.776  1   34.809   34.809  1
  108.0  108.0  1   10.779   10.779  1   34.810   34.810  1
  110.0  110.0  1   10.772   10.772  1   34.809   34.809  1
  112.0  112.0  1   10.754   10.754  1   34.806   34.806  1
  114.0  114.0  1   10.748   10.748  1   34.806   34.806  1
  116.0  116.0  1   10.741   10.741  1   34.805   34.805  1
  118.0  118.0  1   10.720   10.720  1   34.801   34.801  1
  120.0  120.0  1   10.724   10.724  1   34.802   34.802  1
  122.0  122.0  1   10.736   10.736  1   34.805   34.805  1
  124.0  124.0  1   10.748   10.748  1   34.808   34.808  1
  126.0  126.0  1   10.734   10.734  1   34.806   34.806  1
  128.0  128.0  1   10.713   10.713  1   34.803   34.803  1
  130.0  130.0  1   10.717   10.717  1   34.804   34.804  1
  132.0  132.0  1   10.724   10.724  1   34.806   34.806  1
  134.0  134.0  1   10.729   10.729  1   34.807   34.807  1
  136.0  136.0  1   10.734   10.734  1   34.809   34.809  1
  138.0  138.0  1   10.737   10.737  1   34.809   34.809  1
  140.0  140.0  1   10.729   10.729  1   34.808   34.808  1
  141.9  141.9  1   10.724   10.724  1   34.806   34.806  1
  144.0  144.0  1   10.718   10.718  1   34.806   34.806  1
  146.0  146.0  1   10.715   10.715  1   34.805   34.805  1
  148.0  148.0  1   10.713   10.713  1   34.804   34.804  1
  150.0  150.0  1   10.701   10.701  1   34.801   34.801  1
  152.0  152.0  1   10.664   10.664  1   34.795   34.795  1
  154.0  154.0  1   10.635   10.635  1   34.790   34.790  1
  156.0  156.0  1   10.624   10.624  1   34.788   34.788  1
  158.0  158.0  1   10.622   10.622  1   34.788   34.788  1
  160.0  160.0  1   10.624   10.624  1   34.788   34.788  1
  162.0  162.0  1   10.625   10.625  1   34.788   34.788  1
  164.0  164.0  1   10.625   10.625  1   34.787   34.787  1
  166.0  166.0  1   10.616   10.616  1   34.785   34.785  1
  168.0  168.0  1   10.586   10.586  1   34.780   34.780  1
  170.0  170.0  1   10.556   10.556  1   34.775   34.775  1
  172.0  172.0  1   10.547   10.547  1   34.774   34.774  1
  174.0  174.0  1   10.541   10.541  1   34.772   34.772  1
  176.0  176.0  1   10.535   10.535  1   34.771   34.771  1
  178.0  178.0  1   10.520   10.520  1   34.769   34.769  1
  180.0  180.0  1   10.510   10.510  1   34.767   34.767  1
  182.0  182.0  1   10.492   10.492  1   34.765   34.765  1
  184.0  184.0  1   10.480   10.480  1   34.763   34.763  1
  186.0  186.0  1   10.474   10.474  1   34.763   34.763  1
  188.0  188.0  1   10.471   10.471  1   34.762   34.762  1
  190.0  190.0  1   10.465   10.465  1   34.761   34.761  1
  192.0  192.0  1   10.450   10.450  1   34.760   34.760  1
  194.0  194.0  1   10.440   10.440  1   34.759   34.759  1
  196.0  196.0  1   10.432   10.432  1   34.758   34.758  1
  198.0  198.0  1   10.428   10.428  1   34.757   34.757  1
  200.0  200.0  1   10.421   10.421  1   34.757   34.757  1
  202.0  202.0  1   10.410   10.410  1   34.755   34.755  1
  204.0  204.0  1   10.389   10.389  1   34.753   34.753  1
  206.0  206.0  1   10.376   10.376  1   34.752   34.752  1
  208.0  208.0  1   10.369   10.369  1   34.751   34.751  1
  210.0  210.0  1   10.359   10.359  1   34.751   34.751  1
  212.0  212.0  1   10.348   10.348  1   34.750   34.750  1
  214.0  214.0  1   10.329   10.329  1   34.747   34.747  1
  216.0  216.0  1   10.315   10.315  1   34.746   34.746  1
  218.0  218.0  1   10.294   10.294  1   34.744   34.744  1
  220.0  220.0  1   10.290   10.290  1   34.743   34.743  1
  222.0  222.0  1   10.289   10.289  1   34.742   34.742  1
  224.0  224.0  1   10.283   10.283  1   34.741   34.741  1
  226.0  226.0  1   10.267   10.267  1   34.739   34.739  1
  228.0  228.0  1   10.243   10.243  1   34.736   34.736  1
  230.0  230.0  1   10.219   10.219  1   34.733   34.733  1
  232.0  232.0  1   10.210   10.210  1   34.731   34.731  1
  234.0  234.0  1   10.191   10.191  1   34.729   34.729  1
  236.0  236.0  1   10.171   10.171  1   34.727   34.727  1
  238.0  238.0  1   10.167   10.167  1   34.728   34.728  1
  240.0  240.0  1   10.156   10.156  1   34.727   34.727  1
  242.0  242.0  1   10.151   10.151  1   34.726   34.726  1
  244.0  244.0  1   10.151   10.151  1   34.726   34.726  1
  246.0  246.0  1   10.149   10.149  1   34.726   34.726  1
  248.0  248.0  1   10.143   10.143  1   34.726   34.726  1
  250.0  250.0  1   10.137   10.137  1   34.726   34.726  1
  252.0  252.0  1   10.134   10.134  1   34.725   34.725  1
  254.0  254.0  1   10.137   10.137  1   34.727   34.727  1
  256.0  256.0  1   10.134   10.134  1   34.728   34.728  1
  258.0  258.0  1   10.114   10.114  1   34.725   34.725  1
  260.0  260.0  1   10.100   10.100  1   34.723   34.723  1
  262.0  262.0  1   10.081   10.081  1   34.720   34.720  1
  264.0  264.0  1   10.069   10.069  1   34.717   34.717  1
  266.0  266.0  1   10.044   10.044  1   34.713   34.713  1
  268.0  268.0  1   10.016   10.016  1   34.710   34.710  1
  270.0  270.0  1   10.002   10.002  1   34.707   34.707  1
  272.0  272.0  1    9.992    9.992  1   34.705   34.705  1
  274.1  274.1  1    9.939    9.939  1   34.698   34.698  1
  276.0  276.0  1    9.907    9.907  1   34.694   34.694  1
  278.0  278.0  1    9.895    9.895  1   34.692   34.692  1
  280.0  280.0  1    9.868    9.868  1   34.688   34.688  1
  282.0  282.0  1    9.831    9.831  1   34.683   34.683  1
  284.0  284.0  1    9.776    9.776  1   34.676   34.676  1
  286.0  286.0  1    9.761    9.761  1   34.672   34.672  1
  288.0  288.0  1    9.735    9.735  1   34.669   34.669  1
  290.0  290.0  1    9.723    9.723  1   34.667   34.667  1
  292.0  292.0  1    9.707    9.707  1   34.665   34.665  1
  294.0  294.0  1    9.679    9.679  1   34.662   34.662  1
  296.0  296.0  1    9.651    9.651  1   34.659   34.659  1
  298.0  298.0  1    9.641    9.641  1   34.657   34.657  1
  300.0  300.0  1    9.605    9.605  1   34.653   34.653  1
  302.0  302.0  1    9.586    9.586  1   34.651   34.651  1
  304.0  304.0  1    9.560    9.560  1   34.648   34.648  1
  306.0  306.0  1    9.529    9.529  1   34.645   34.645  1
  308.0  308.0  1    9.520    9.520  1   34.644   34.644  1
  310.0  310.0  1    9.514    9.514  1   34.643   34.643  1
  312.0  312.0  1    9.498    9.498  1   34.642   34.642  1
  314.0  314.0  1    9.488    9.488  1   34.641   34.641  1
  316.0  316.0  1    9.482    9.482  1   34.640   34.640  1
  318.0  318.0  1    9.476    9.476  1   34.639   34.639  1
  320.0  320.0  1    9.459    9.459  1   34.637   34.637  1
  322.0  322.0  1    9.446    9.446  1   34.636   34.636  1
  324.0  324.0  1    9.428    9.428  1   34.634   34.634  1
  326.0  326.0  1    9.414    9.414  1   34.632   34.632  1
  328.0  328.0  1    9.397    9.397  1   34.630   34.630  1
  330.0  330.0  1    9.363    9.363  1   34.626   34.626  1
  332.0  332.0  1    9.342    9.342  1   34.622   34.622  1
  334.0  334.0  1    9.314    9.314  1   34.620   34.620  1
  336.0  336.0  1    9.291    9.291  1   34.617   34.617  1
  338.0  338.0  1    9.265    9.265  1   34.614   34.614  1
  340.0  340.0  1    9.238    9.238  1   34.611   34.611  1
  342.0  342.0  1    9.209    9.209  1   34.609   34.609  1
  343.9  343.9  1    9.184    9.184  1   34.606   34.606  1
  346.0  346.0  1    9.165    9.165  1   34.604   34.604  1
  348.0  348.0  1    9.147    9.147  1   34.603   34.603  1
  350.0  350.0  1    9.137    9.137  1   34.602   34.602  1
  352.0  352.0  1    9.131    9.131  1   34.601   34.601  1
  354.0  354.0  1    9.126    9.126  1   34.600   34.600  1
  356.0  356.0  1    9.118    9.118  1   34.599   34.599  1
  358.0  358.0  1    9.106    9.106  1   34.597   34.597  1
  360.0  360.0  1    9.094    9.094  1   34.595   34.595  1
  362.0  362.0  1    9.067    9.067  1   34.592   34.592  1
  364.0  364.0  1    9.026    9.026  1   34.588   34.588  1
  366.0  366.0  1    9.009    9.009  1   34.586   34.586  1
  368.0  368.0  1    8.993    8.993  1   34.584   34.584  1
  370.0  370.0  1    8.973    8.973  1   34.581   34.581  1
  372.0  372.0  1    8.934    8.934  1   34.578   34.578  1
  374.0  374.0  1    8.916    8.916  1   34.576   34.576  1
  376.0  376.0  1    8.905    8.905  1   34.575   34.575  1
  378.0  378.0  1    8.897    8.897  1   34.574   34.574  1
  380.0  380.0  1    8.893    8.893  1   34.573   34.573  1
  382.0  382.0  1    8.873    8.873  1   34.571   34.571  1
  384.0  384.0  1    8.853    8.853  1   34.568   34.568  1
  386.0  386.0  1    8.837    8.837  1   34.567   34.567  1
  388.0  388.0  1    8.821    8.821  1   34.565   34.565  1
  390.0  390.0  1    8.795    8.795  1   34.562   34.562  1
  392.0  392.0  1    8.775    8.775  1   34.560   34.560  1
  394.0  394.0  1    8.761    8.761  1   34.558   34.558  1
  396.0  396.0  1    8.750    8.750  1   34.557   34.557  1
  398.0  398.0  1    8.730    8.730  1   34.555   34.555  1
  400.0  400.0  1    8.701    8.701  1   34.552   34.552  1
  402.0  402.0  1    8.693    8.693  1   34.551   34.551  1
  404.0  404.0  1    8.680    8.680  1   34.550   34.550  1
  406.0  406.0  1    8.674    8.674  1   34.549   34.549  1
  408.0  408.0  1    8.671    8.671  1   34.548   34.548  1
  410.0  410.0  1    8.650    8.650  1   34.546   34.546  1
  412.0  412.0  1    8.633    8.633  1   34.544   34.544  1
  414.0  414.0  1    8.624    8.624  1   34.542   34.542  1
  416.0  416.0  1    8.610    8.610  1   34.541   34.541  1
  418.0  418.0  1    8.600    8.600  1   34.539   34.539  1
  420.0  420.0  1    8.587    8.587  1   34.538   34.538  1
  422.0  422.0  1    8.572    8.572  1   34.536   34.536  1
  424.0  424.0  1    8.557    8.557  1   34.534   34.534  1
  426.0  426.0  1    8.544    8.544  1   34.532   34.532  1
  428.0  428.0  1    8.523    8.523  1   34.530   34.530  1
  430.0  430.0  1    8.502    8.502  1   34.527   34.527  1
  432.0  432.0  1    8.483    8.483  1   34.525   34.525  1
  434.0  434.0  1    8.459    8.459  1   34.522   34.522  1
  436.0  436.0  1    8.448    8.448  1   34.520   34.520  1
  438.0  438.0  1    8.442    8.442  1   34.519   34.519  1
  440.0  440.0  1    8.425    8.425  1   34.516   34.516  1
  442.0  442.0  1    8.415    8.415  1   34.514   34.514  1
  444.0  444.0  1    8.391    8.391  1   34.511   34.511  1
  446.0  446.0  1    8.364    8.364  1   34.507   34.507  1
  448.0  448.0  1    8.355    8.355  1   34.506   34.506  1
  450.0  450.0  1    8.347    8.347  1   34.505   34.505  1
  452.0  452.0  1    8.336    8.336  1   34.504   34.504  1
  454.0  454.0  1    8.328    8.328  1   34.504   34.504  1
  456.0  456.0  1    8.316    8.316  1   34.502   34.502  1
  458.0  458.0  1    8.311    8.311  1   34.502   34.502  1
  460.0  460.0  1    8.296    8.296  1   34.500   34.500  1
  462.0  462.0  1    8.279    8.279  1   34.498   34.498  1
  464.0  464.0  1    8.268    8.268  1   34.497   34.497  1
  466.0  466.0  1    8.254    8.254  1   34.495   34.495  1
  468.0  468.0  1    8.248    8.248  1   34.496   34.496  1
  470.0  470.0  1    8.257    8.257  1   34.498   34.498  1
  472.0  472.0  1    8.257    8.257  1   34.499   34.499  1
  474.0  474.0  1    8.253    8.253  1   34.498   34.498  1
  476.0  476.0  1    8.250    8.250  1   34.498   34.498  1
  478.0  478.0  1    8.242    8.242  1   34.497   34.497  1
  480.0  480.0  1    8.219    8.219  1   34.495   34.495  1
  482.0  482.0  1    8.205    8.205  1   34.493   34.493  1
  484.0  484.0  1    8.188    8.188  1   34.491   34.491  1
  486.0  486.0  1    8.176    8.176  1   34.490   34.490  1
  488.0  488.0  1    8.174    8.174  1   34.490   34.490  1
  490.0  490.0  1    8.165    8.165  1   34.489   34.489  1
  492.0  492.0  1    8.159    8.159  1   34.488   34.488  1
  494.0  494.0  1    8.152    8.152  1   34.486   34.486  1
  496.0  496.0  1    8.139    8.139  1   34.484   34.484  1
  498.0  498.0  1    8.108    8.108  1   34.481   34.481  1
  500.0  500.0  1    8.090    8.090  1   34.479   34.479  1
  502.0  502.0  1    8.077    8.077  1   34.478   34.478  1
  504.0  504.0  1    8.059    8.059  1   34.476   34.476  1
  506.0  506.0  1    8.042    8.042  1   34.474   34.474  1
  508.0  508.0  1    8.034    8.034  1   34.473   34.473  1
  510.0  510.0  1    8.022    8.022  1   34.472   34.472  1
  512.0  512.0  1    8.022    8.022  1   34.472   34.472  1
  514.0  514.0  1    8.012    8.012  1   34.471   34.471  1
  516.0  516.0  1    8.006    8.006  1   34.470   34.470  1
  518.0  518.0  1    8.000    8.000  1   34.469   34.469  1
  520.0  520.0  1    7.989    7.989  1   34.468   34.468  1
  522.0  522.0  1    7.971    7.971  1   34.466   34.466  1
  524.0  524.0  1    7.960    7.960  1   34.465   34.465  1
  526.0  526.0  1    7.947    7.947  1   34.464   34.464  1
  528.0  528.0  1    7.933    7.933  1   34.462   34.462  1
  530.0  530.0  1    7.929    7.929  1   34.462   34.462  1
  532.0  532.0  1    7.921    7.921  1   34.460   34.460  1
  534.0  534.0  1    7.906    7.906  1   34.458   34.458  1
  536.0  536.0  1    7.893    7.893  1   34.457   34.457  1
  538.0  538.0  1    7.878    7.878  1   34.455   34.455  1
  540.0  540.0  1    7.864    7.864  1   34.453   34.453  1
  542.0  542.0  1    7.854    7.854  1   34.452   34.452  1
  544.0  544.0  1    7.849    7.849  1   34.451   34.451  1
  546.0  546.0  1    7.834    7.834  1   34.449   34.449  1
  548.0  548.0  1    7.816    7.816  1   34.447   34.447  1
  550.0  550.0  1    7.810    7.810  1   34.446   34.446  1
  552.0  552.0  1    7.793    7.793  1   34.444   34.444  1
  554.0  554.0  1    7.784    7.784  1   34.443   34.443  1
  556.0  556.0  1    7.773    7.773  1   34.441   34.441  1
  558.0  558.0  1    7.770    7.770  1   34.441   34.441  1
  560.0  560.0  1    7.755    7.755  1   34.439   34.439  1
  562.0  562.0  1    7.748    7.748  1   34.439   34.439  1
  564.0  564.0  1    7.744    7.744  1   34.438   34.438  1
  566.0  566.0  1    7.735    7.735  1   34.438   34.438  1
  568.0  568.0  1    7.728    7.728  1   34.437   34.437  1
  570.0  570.0  1    7.726    7.726  1   34.437   34.437  1
  572.0  572.0  1    7.720    7.720  1   34.436   34.436  1
  574.0  574.0  1    7.711    7.711  1   34.435   34.435  1
  576.0  576.0  1    7.704    7.704  1   34.435   34.435  1
  578.0  578.0  1    7.701    7.701  1   34.435   34.435  1
  580.0  580.0  1    7.696    7.696  1   34.434   34.434  1
  582.0  582.0  1    7.694    7.694  1   34.434   34.434  1
  584.0  584.0  1    7.689    7.689  1   34.434   34.434  1
  586.0  586.0  1    7.685    7.685  1   34.433   34.433  1
  588.0  588.0  1    7.684    7.684  1   34.434   34.434  1
  590.0  590.0  1    7.685    7.685  1   34.434   34.434  1
  592.1  592.1  1    7.682    7.682  1   34.434   34.434  1
  594.0  594.0  1    7.681    7.681  1   34.434   34.434  1
  596.0  596.0  1    7.683    7.683  1   34.435   34.435  1
  598.0  598.0  1    7.677    7.677  1   34.435   34.435  1
  600.0  600.0  1    7.675    7.675  1   34.435   34.435  1
  602.0  602.0  1    7.675    7.675  1   34.436   34.436  1
  604.0  604.0  1    7.669    7.669  1   34.436   34.436  1
  606.0  606.0  1    7.670    7.670  1   34.435   34.435  1
  608.0  608.0  1    7.662    7.662  1   34.435   34.435  1
  610.0  610.0  1    7.650    7.650  1   34.433   34.433  1
  612.0  612.0  1    7.634    7.634  1   34.432   34.432  1
  614.0  614.0  1    7.626    7.626  1   34.431   34.431  1
  616.0  616.0  1    7.623    7.623  1   34.431   34.431  1
  618.0  618.0  1    7.617    7.617  1   34.431   34.431  1
  620.0  620.0  1    7.622    7.622  1   34.432   34.432  1
  621.9  621.9  1    7.626    7.626  1   34.434   34.434  1
  624.0  624.0  1    7.611    7.611  1   34.433   34.433  1
  626.0  626.0  1    7.599    7.599  1   34.431   34.431  1
  628.0  628.0  1    7.596    7.596  1   34.431   34.431  1
  630.0  630.0  1    7.596    7.596  1   34.432   34.432  1
  632.0  632.0  1    7.587    7.587  1   34.431   34.431  1
  634.0  634.0  1    7.578    7.578  1   34.431   34.431  1
  636.0  636.0  1    7.575    7.575  1   34.431   34.431  1
  638.0  638.0  1    7.570    7.570  1   34.431   34.431  1
  640.0  640.0  1    7.565    7.565  1   34.430   34.430  1
  642.0  642.0  1    7.558    7.558  1   34.430   34.430  1
  644.0  644.0  1    7.556    7.556  1   34.430   34.430  1
  646.0  646.0  1    7.545    7.545  1   34.428   34.428  1
  648.0  648.0  1    7.530    7.530  1   34.427   34.427  1
  650.0  650.0  1    7.516    7.516  1   34.426   34.426  1
  652.0  652.0  1    7.496    7.496  1   34.424   34.424  1
  654.0  654.0  1    7.485    7.485  1   34.423   34.423  1
  656.0  656.0  1    7.482    7.482  1   34.423   34.423  1
  658.0  658.0  1    7.475    7.475  1   34.422   34.422  1
  660.0  660.0  1    7.459    7.459  1   34.422   34.422  1
  662.0  662.0  1    7.458    7.458  1   34.421   34.421  1
  664.0  664.0  1    7.448    7.448  1   34.420   34.420  1
  666.1  666.1  1    7.435    7.435  1   34.418   34.418  1
  668.0  668.0  1    7.423    7.423  1   34.418   34.418  1
  670.0  670.0  1    7.398    7.398  1   34.416   34.416  1
  672.0  672.0  1    7.380    7.380  1   34.414   34.414  1
  674.0  674.0  1    7.374    7.374  1   34.413   34.413  1
  676.0  676.0  1    7.367    7.367  1   34.413   34.413  1
  677.9  677.9  1    7.357    7.357  1   34.412   34.412  1
  680.0  680.0  1    7.342    7.342  1   34.411   34.411  1
  682.0  682.0  1    7.335    7.335  1   34.411   34.411  1
  684.0  684.0  1    7.326    7.326  1   34.410   34.410  1
  686.0  686.0  1    7.319    7.319  1   34.409   34.409  1
  688.0  688.0  1    7.307    7.307  1   34.409   34.409  1
  690.0  690.0  1    7.294    7.294  1   34.408   34.408  1
  692.0  692.0  1    7.286    7.286  1   34.407   34.407  1
  694.0  694.0  1    7.275    7.275  1   34.406   34.406  1
  696.0  696.0  1    7.263    7.263  1   34.405   34.405  1
  698.0  698.0  1    7.252    7.252  1   34.404   34.404  1
  700.0  700.0  1    7.242    7.242  1   34.404   34.404  1
  702.0  702.0  1    7.237    7.237  1   34.403   34.403  1
  704.0  704.0  1    7.222    7.222  1   34.402   34.402  1
  706.0  706.0  1    7.211    7.211  1   34.402   34.402  1
  708.0  708.0  1    7.206    7.206  1   34.402   34.402  1
  710.0  710.0  1    7.201    7.201  1   34.402   34.402  1
  712.0  712.0  1    7.197    7.197  1   34.402   34.402  1
  714.0  714.0  1    7.193    7.193  1   34.401   34.401  1
  716.0  716.0  1    7.179    7.179  1   34.400   34.400  1
  718.0  718.0  1    7.172    7.172  1   34.399   34.399  1
  720.0  720.0  1    7.167    7.167  1   34.399   34.399  1
  722.0  722.0  1    7.160    7.160  1   34.399   34.399  1
  724.0  724.0  1    7.155    7.155  1   34.398   34.398  1
  726.0  726.0  1    7.145    7.145  1   34.398   34.398  1
  728.0  728.0  1    7.138    7.138  1   34.397   34.397  1
  730.0  730.0  1    7.129    7.129  1   34.396   34.396  1
  732.0  732.0  1    7.112    7.112  1   34.394   34.394  1
  734.0  734.0  1    7.087    7.087  1   34.391   34.391  1
  736.0  736.0  1    7.063    7.063  1   34.388   34.388  1
  738.0  738.0  1    7.051    7.051  1   34.387   34.387  1
  740.0  740.0  1    7.043    7.043  1   34.386   34.386  1
  742.0  742.0  1    7.029    7.029  1   34.385   34.385  1
  744.0  744.0  1    7.011    7.011  1   34.383   34.383  1
  746.0  746.0  1    6.992    6.992  1   34.381   34.381  1
  748.0  748.0  1    6.976    6.976  1   34.380   34.380  1
  750.0  750.0  1    6.984    6.984  1   34.383   34.383  1
  752.0  752.0  1    6.997    6.997  1   34.386   34.386  1
  754.0  754.0  1    6.989    6.989  1   34.385   34.385  1
  756.0  756.0  1    6.976    6.976  1   34.384   34.384  1
  758.0  758.0  1    6.960    6.960  1   34.383   34.383  1
  760.0  760.0  1    6.960    6.960  1   34.385   34.385  1
  762.0  762.0  1    6.966    6.966  1   34.387   34.387  1
  764.0  764.0  1    6.961    6.961  1   34.387   34.387  1
  766.0  766.0  1    6.949    6.949  1   34.387   34.387  1
  768.0  768.0  1    6.950    6.950  1   34.387   34.387  1
  770.0  770.0  1    6.948    6.948  1   34.387   34.387  1
  772.0  772.0  1    6.936    6.936  1   34.385   34.385  1
  774.0  774.0  1    6.934    6.934  1   34.385   34.385  1
  776.0  776.0  1    6.910    6.910  1   34.382   34.382  1
  778.0  778.0  1    6.892    6.892  1   34.380   34.380  1
  780.0  780.0  1    6.888    6.888  1   34.380   34.380  1
  782.0  782.0  1    6.890    6.890  1   34.381   34.381  1
  784.0  784.0  1    6.891    6.891  1   34.381   34.381  1
  786.0  786.0  1    6.888    6.888  1   34.380   34.380  1
  788.0  788.0  1    6.851    6.851  1   34.377   34.377  1
  790.0  790.0  1    6.843    6.843  1   34.376   34.376  1
  792.0  792.0  1    6.844    6.844  1   34.378   34.378  1
  794.0  794.0  1    6.838    6.838  1   34.378   34.378  1
  796.0  796.0  1    6.837    6.837  1   34.378   34.378  1
  798.0  798.0  1    6.825    6.825  1   34.378   34.378  1
  800.0  800.0  1    6.814    6.814  1   34.376   34.376  1
  802.0  802.0  1    6.796    6.796  1   34.374   34.374  1
  804.0  804.0  1    6.790    6.790  1   34.374   34.374  1
  806.0  806.0  1    6.788    6.788  1   34.374   34.374  1
  808.0  808.0  1    6.778    6.778  1   34.373   34.373  1
  810.0  810.0  1    6.773    6.773  1   34.373   34.373  1
  812.0  812.0  1    6.762    6.762  1   34.373   34.373  1
  814.0  814.0  1    6.749    6.749  1   34.371   34.371  1
  816.0  816.0  1    6.744    6.744  1   34.371   34.371  1
  818.0  818.0  1    6.742    6.742  1   34.372   34.372  1
  820.0  820.0  1    6.740    6.740  1   34.372   34.372  1
  822.0  822.0  1    6.737    6.737  1   34.372   34.372  1
  824.0  824.0  1    6.729    6.729  1   34.372   34.372  1
  826.0  826.0  1    6.721    6.721  1   34.371   34.371  1
  828.0  828.0  1    6.706    6.706  1   34.370   34.370  1
  830.0  830.0  1    6.701    6.701  1   34.370   34.370  1
  832.0  832.0  1    6.693    6.693  1   34.369   34.369  1
  834.0  834.0  1    6.685    6.685  1   34.370   34.370  1
  836.0  836.0  1    6.682    6.682  1   34.369   34.369  1
  838.0  838.0  1    6.676    6.676  1   34.369   34.369  1
  840.0  840.0  1    6.665    6.665  1   34.369   34.369  1
  842.0  842.0  1    6.660    6.660  1   34.369   34.369  1
  844.0  844.0  1    6.654    6.654  1   34.368   34.368  1
  846.0  846.0  1    6.650    6.650  1   34.368   34.368  1
  848.0  848.0  1    6.635    6.635  1   34.367   34.367  1
  850.0  850.0  1    6.626    6.626  1   34.367   34.367  1
  852.0  852.0  1    6.617    6.617  1   34.367   34.367  1
  854.0  854.0  1    6.599    6.599  1   34.366   34.366  1
  856.0  856.0  1    6.580    6.580  1   34.365   34.365  1
  858.0  858.0  1    6.575    6.575  1   34.364   34.364  1
  860.0  860.0  1    6.566    6.566  1   34.364   34.364  1
  862.0  862.0  1    6.558    6.558  1   34.363   34.363  1
  864.0  864.0  1    6.554    6.554  1   34.363   34.363  1
  866.0  866.0  1    6.551    6.551  1   34.362   34.362  1
  868.0  868.0  1    6.537    6.537  1   34.363   34.363  1
  870.0  870.0  1    6.532    6.532  1   34.363   34.363  1
  872.0  872.0  1    6.529    6.529  1   34.362   34.362  1
  874.0  874.0  1    6.516    6.516  1   34.361   34.361  1
  876.0  876.0  1    6.514    6.514  1   34.361   34.361  1
  878.0  878.0  1    6.508    6.508  1   34.361   34.361  1
  880.0  880.0  1    6.498    6.498  1   34.361   34.361  1
  882.0  882.0  1    6.481    6.481  1   34.360   34.360  1
  884.0  884.0  1    6.465    6.465  1   34.360   34.360  1
  886.0  886.0  1    6.456    6.456  1   34.359   34.359  1
  888.0  888.0  1    6.444    6.444  1   34.358   34.358  1
  890.0  890.0  1    6.437    6.437  1   34.358   34.358  1
  892.0  892.0  1    6.432    6.432  1   34.358   34.358  1
  894.0  894.0  1    6.429    6.429  1   34.358   34.358  1
  896.0  896.0  1    6.424    6.424  1   34.357   34.357  1
  898.0  898.0  1    6.415    6.415  1   34.357   34.357  1
  900.0  900.0  1    6.401    6.401  1   34.356   34.356  1
  902.0  902.0  1    6.397    6.397  1   34.356   34.356  1
  904.0  904.0  1    6.389    6.389  1   34.355   34.355  1
  906.0  906.0  1    6.375    6.375  1   34.354   34.354  1
  908.0  908.0  1    6.354    6.354  1   34.353   34.353  1
  910.0  910.0  1    6.347    6.347  1   34.353   34.353  1
  912.0  912.0  1    6.334    6.334  1   34.352   34.352  1
  914.0  914.0  1    6.319    6.319  1   34.351   34.351  1
  916.0  916.0  1    6.311    6.311  1   34.351   34.351  1
  918.0  918.0  1    6.292    6.292  1   34.349   34.349  1
  920.0  920.0  1    6.290    6.290  1   34.349   34.349  1
  922.0  922.0  1    6.278    6.278  1   34.349   34.349  1
  924.0  924.0  1    6.266    6.266  1   34.348   34.348  1
  926.0  926.0  1    6.263    6.263  1   34.349   34.349  1
  928.0  928.0  1    6.260    6.260  1   34.350   34.350  1
  930.0  930.0  1    6.251    6.251  1   34.349   34.349  1
  932.0  932.0  1    6.243    6.243  1   34.349   34.349  1
  934.0  934.0  1    6.233    6.233  1   34.349   34.349  1
  936.0  936.0  1    6.227    6.227  1   34.349   34.349  1
  938.0  938.0  1    6.220    6.220  1   34.349   34.349  1
  940.0  940.0  1    6.212    6.212  1   34.349   34.349  1
  942.0  942.0  1    6.204    6.204  1   34.349   34.349  1
  944.0  944.0  1    6.189    6.189  1   34.347   34.347  1
  946.0  946.0  1    6.174    6.174  1   34.347   34.347  1
  948.0  948.0  1    6.157    6.157  1   34.346   34.346  1
  950.0  950.0  1    6.150    6.150  1   34.346   34.346  1
  952.0  952.0  1    6.128    6.128  1   34.344   34.344  1
  954.0  954.0  1    6.111    6.111  1   34.343   34.343  1
  956.0  956.0  1    6.100    6.100  1   34.342   34.342  1
  958.0  958.0  1    6.089    6.089  1   34.341   34.341  1
  960.0  960.0  1    6.054    6.054  1   34.338   34.338  1
  962.0  962.0  1    6.048    6.048  1   34.338   34.338  1
  964.0  964.0  1    6.026    6.026  1   34.338   34.338  1
  966.0  966.0  1    6.009    6.009  1   34.337   34.337  1
  968.0  968.0  1    6.010    6.010  1   34.339   34.339  1
  970.0  970.0  1    6.004    6.004  1   34.340   34.340  1
  972.0  972.0  1    5.992    5.992  1   34.340   34.340  1
  974.0  974.0  1    5.975    5.975  1   34.338   34.338  1
  976.0  976.0  1    5.948    5.948  1   34.335   34.335  1
  978.0  978.0  1    5.937    5.937  1   34.333   34.333  1
  980.0  980.0  1    5.935    5.935  1   34.332   34.332  1
  982.0  982.0  1    5.918    5.918  1   34.331   34.331  1
  984.0  984.0  1    5.899    5.899  1   34.330   34.330  1
  986.0  986.0  1    5.871    5.871  1   34.329   34.329  1
  988.0  988.0  1    5.856    5.856  1   34.329   34.329  1
  990.0  990.0  1    5.841    5.841  1   34.329   34.329  1
  992.0  992.0  1    5.839    5.839  1   34.329   34.329  1
  994.0  994.0  1    5.828    5.828  1   34.328   34.328  1
  996.0  996.0  1    5.787    5.787  1   34.325   34.325  1
  998.0  998.0  1    5.772    5.772  1   34.323   34.323  1
 1000.0 1000.0  1    5.755    5.755  1   34.322   34.322  1
 1002.1 1002.1  1    5.738    5.738  1   34.321   34.321  1
 1004.0 1004.0  1    5.736    5.736  1   34.323   34.323  1
 1006.0 1006.0  1    5.757    5.757  1   34.326   34.326  1
 1008.0 1008.0  1    5.757    5.757  1   34.326   34.326  1
 1010.0 1010.0  1    5.744    5.744  1   34.325   34.325  1
 1012.0 1012.0  1    5.732    5.732  1   34.326   34.326  1
 1014.0 1014.0  1    5.719    5.719  1   34.327   34.327  1
 1016.0 1016.0  1    5.697    5.697  1   34.326   34.326  1
 1018.0 1018.0  1    5.700    5.700  1   34.327   34.327  1
 1020.0 1020.0  1    5.689    5.689  1   34.327   34.327  1
 1022.0 1022.0  1    5.666    5.666  1   34.325   34.325  1
 1024.0 1024.0  1    5.642    5.642  1   34.324   34.324  1
 1026.0 1026.0  1    5.623    5.623  1   34.323   34.323  1
 1028.0 1028.0  1    5.617    5.617  1   34.322   34.322  1
 1030.0 1030.0  1    5.582    5.582  1   34.319   34.319  1
 1032.0 1032.0  1    5.545    5.545  1   34.314   34.314  1
 1034.0 1034.0  1    5.505    5.505  1   34.309   34.309  1
 1036.0 1036.0  1    5.464    5.464  1   34.305   34.305  1
 1038.0 1038.0  1    5.450    5.450  1   34.304   34.304  1
 1040.0 1040.0  1    5.440    5.440  1   34.303   34.303  1
 1042.0 1042.0  1    5.430    5.430  1   34.304   34.304  1
 1044.0 1044.0  1    5.442    5.442  1   34.309   34.309  1
 1046.0 1046.0  1    5.425    5.425  1   34.308   34.308  1
 1048.0 1048.0  1    5.418    5.418  1   34.310   34.310  1
 1050.0 1050.0  1    5.432    5.432  1   34.316   34.316  1
 1052.0 1052.0  1    5.441    5.441  1   34.320   34.320  1
 1054.0 1054.0  1    5.438    5.438  1   34.322   34.322  1
 1056.0 1056.0  1    5.434    5.434  1   34.322   34.322  1
 1058.0 1058.0  1    5.432    5.432  1   34.321   34.321  1
 1060.0 1060.0  1    5.427    5.427  1   34.322   34.322  1
 1062.0 1062.0  1    5.390    5.390  1   34.320   34.320  1
 1064.0 1064.0  1    5.362    5.362  1   34.317   34.317  1
 1066.0 1066.0  1    5.360    5.360  1   34.319   34.319  1
 1068.0 1068.0  1    5.370    5.370  1   34.322   34.322  1
 1070.0 1070.0  1    5.386    5.386  1   34.328   34.328  1
 1072.0 1072.0  1    5.376    5.376  1   34.328   34.328  1
 1074.0 1074.0  1    5.368    5.368  1   34.328   34.328  1
 1076.0 1076.0  1    5.359    5.359  1   34.327   34.327  1
 1078.0 1078.0  1    5.343    5.343  1   34.326   34.326  1
 1080.0 1080.0  1    5.336    5.336  1   34.326   34.326  1
 1082.0 1082.0  1    5.322    5.322  1   34.324   34.324  1
 1084.0 1084.0  1    5.279    5.279  1   34.319   34.319  1
 1086.0 1086.0  1    5.252    5.252  1   34.319   34.319  1
 1088.0 1088.0  1    5.245    5.245  1   34.321   34.321  1
 1090.0 1090.0  1    5.239    5.239  1   34.321   34.321  1
 1092.0 1092.0  1    5.241    5.241  1   34.323   34.323  1
 1094.0 1094.0  1    5.245    5.245  1   34.326   34.326  1
 1096.0 1096.0  1    5.233    5.233  1   34.324   34.324  1
 1098.0 1098.0  1    5.219    5.219  1   34.324   34.324  1
 1100.0 1100.0  1    5.188    5.188  1   34.323   34.323  1
 1102.0 1102.0  1    5.200    5.200  1   34.327   34.327  1
 1104.0 1104.0  1    5.204    5.204  1   34.329   34.329  1
 1106.0 1106.0  1    5.199    5.199  1   34.330   34.330  1
 1108.0 1108.0  1    5.174    5.174  1   34.328   34.328  1
 1110.0 1110.0  1    5.151    5.151  1   34.326   34.326  1
 1112.0 1112.0  1    5.127    5.127  1   34.324   34.324  1
 1114.0 1114.0  1    5.134    5.134  1   34.326   34.326  1
 1116.0 1116.0  1    5.121    5.121  1   34.326   34.326  1
 1118.0 1118.0  1    5.105    5.105  1   34.325   34.325  1
 1120.0 1120.0  1    5.102    5.102  1   34.326   34.326  1
 1122.0 1122.0  1    5.090    5.090  1   34.326   34.326  1
 1124.0 1124.0  1    5.073    5.073  1   34.325   34.325  1
 1126.1 1126.1  1    5.050    5.050  1   34.323   34.323  1
 1128.0 1128.0  1    5.051    5.051  1   34.324   34.324  1
 1130.0 1130.0  1    5.033    5.033  1   34.322   34.322  1
 1132.0 1132.0  1    5.016    5.016  1   34.321   34.321  1
 1134.0 1134.0  1    4.999    4.999  1   34.321   34.321  1
 1136.0 1136.0  1    4.976    4.976  1   34.321   34.321  1
 1138.0 1138.0  1    4.957    4.957  1   34.321   34.321  1
 1140.0 1140.0  1    4.949    4.949  1   34.321   34.321  1
 1142.0 1142.0  1    4.940    4.940  1   34.320   34.320  1
 1144.0 1144.0  1    4.931    4.931  1   34.322   34.322  1
 1146.0 1146.0  1    4.922    4.922  1   34.325   34.325  1
 1148.0 1148.0  1    4.912    4.912  1   34.325   34.325  1
 1150.0 1150.0  1    4.905    4.905  1   34.325   34.325  1
 1152.0 1152.0  1    4.889    4.889  1   34.324   34.324  1
 1154.0 1154.0  1    4.869    4.869  1   34.323   34.323  1
 1156.0 1156.0  1    4.869    4.869  1   34.324   34.324  1
 1158.0 1158.0  1    4.858    4.858  1   34.325   34.325  1
 1160.0 1160.0  1    4.850    4.850  1   34.325   34.325  1
 1162.0 1162.0  1    4.843    4.843  1   34.325   34.325  1
 1164.0 1164.0  1    4.828    4.828  1   34.326   34.326  1
 1166.0 1166.0  1    4.825    4.825  1   34.329   34.329  1
 1168.0 1168.0  1    4.798    4.798  1   34.328   34.328  1
 1170.0 1170.0  1    4.791    4.791  1   34.327   34.327  1
 1172.0 1172.0  1    4.776    4.776  1   34.326   34.326  1
 1174.0 1174.0  1    4.767    4.767  1   34.325   34.325  1
 1176.0 1176.0  1    4.744    4.744  1   34.323   34.323  1
 1178.0 1178.0  1    4.732    4.732  1   34.323   34.323  1
 1180.0 1180.0  1    4.707    4.707  1   34.322   34.322  1
 1182.0 1182.0  1    4.699    4.699  1   34.321   34.321  1
 1184.0 1184.0  1    4.683    4.683  1   34.321   34.321  1
 1186.0 1186.0  1    4.678    4.678  1   34.321   34.321  1
 1188.0 1188.0  1    4.676    4.676  1   34.322   34.322  1
 1190.0 1190.0  1    4.662    4.662  1   34.321   34.321  1
 1192.0 1192.0  1    4.638    4.638  1   34.321   34.321  1
 1194.0 1194.0  1    4.627    4.627  1   34.322   34.322  1
 1196.0 1196.0  1    4.629    4.629  1   34.323   34.323  1
 1198.0 1198.0  1    4.620    4.620  1   34.323   34.323  1
 1200.0 1200.0  1    4.591    4.591  1   34.323   34.323  1
 1202.0 1202.0  1    4.587    4.587  1   34.323   34.323  1
 1204.0 1204.0  1    4.587    4.587  1   34.325   34.325  1
 1206.0 1206.0  1    4.582    4.582  1   34.324   34.324  1
 1208.0 1208.0  1    4.561    4.561  1   34.324   34.324  1
 1210.1 1210.1  4    4.542    4.542  4   34.326   34.326  4
