*SoftWare Version 3.0  2018/12/27

*HEADER
     PLATFORM NUMBER       :5904770
     CYCLE NUMBER          :259
     DATE CREATION         :20191210160802
     DATE UPDATE           :20191210160802
     PROJECT NAME          :US ARGO PROJECT
     PI NAME               :STEPHEN RISER
     INSTRUMENT TYPE       :APEX
     FLOAT SERIAL NO       :7447
     FIRMWARE VERSION      :020915
     WMO INSTRUMENT TYPE   :846
     TRANSMISSION SYSTEM   :IRIDIUM
     POSITIONING SYSTEM    :GPS
     SAMPLE DIRECTION      :A(A=Ascend; D=Descend)
     DATA MODE             :A(R=Real Time; D=Delayed Mode; A=Real Time Adjusted)
     JULIAN DAY            :25545.1727 (days since 1950-01-01 00:00:00 UTC)
     DATE                  :2019-12-10
     QC FLAG FOR DATE      :1
*LOCATION
     LATITUDE              :53.979
     LONGITUDE             :-27.645
     QC FLAG FOR LOCATION  :1
*FILE
     COLUMN 1              :Pressure (dbar)                             F7.1
     COLUMN 2              :Corrected Pressure (dbar)                   F7.1
     COLUMN 3              :Quality on Pressure                         I3
     COLUMN 4              :Temperature (degree_Celsius)                F9.3
     COLUMN 5              :Corrected Temperature (degree_Celsius)      F9.3
     COLUMN 6              :Quality on Temperature                      I3
     COLUMN 7              :Salinity (PSU)                              F9.3
     COLUMN 8              :Corrected Salinity (PSU)                    F9.3
     COLUMN 9              :Quality on Salinity                         I3
==========================================================================
    3.0    3.3  1    9.059    9.059  1   34.847   34.847  3
    4.0    4.3  1    9.060    9.060  1   34.847   34.847  3
    6.0    6.3  1    9.065    9.065  1   34.846   34.846  3
    8.1    8.4  1    9.064    9.064  1   34.846   34.846  3
   10.0   10.3  1    9.065    9.065  1   34.846   34.846  3
   12.1   12.4  1    9.065    9.065  1   34.846   34.846  3
   13.9   14.2  1    9.066    9.066  1   34.846   34.846  3
   15.9   16.2  1    9.066    9.066  1   34.846   34.846  3
   17.9   18.2  1    9.066    9.066  1   34.846   34.846  3
   20.0   20.3  1    9.067    9.067  1   34.846   34.846  3
   21.9   22.2  1    9.067    9.067  1   34.846   34.846  3
   24.0   24.3  1    9.067    9.067  1   34.845   34.845  3
   26.1   26.4  1    9.067    9.067  1   34.845   34.845  3
   28.0   28.3  1    9.068    9.068  1   34.845   34.845  3
   29.9   30.2  1    9.068    9.068  1   34.845   34.845  3
   32.0   32.3  1    9.067    9.067  1   34.845   34.845  3
   34.0   34.3  1    9.066    9.066  1   34.845   34.845  3
   36.0   36.3  1    9.067    9.067  1   34.845   34.845  3
   38.0   38.3  1    9.068    9.068  1   34.845   34.845  3
   40.0   40.3  1    9.069    9.069  1   34.845   34.845  3
   42.0   42.3  1    9.071    9.071  1   34.845   34.845  3
   44.0   44.3  1    9.071    9.071  1   34.844   34.844  3
   46.0   46.3  1    9.071    9.071  1   34.845   34.845  3
   48.0   48.3  1    9.069    9.069  1   34.844   34.844  3
   50.1   50.4  1    9.068    9.068  1   34.844   34.844  3
   52.0   52.3  1    9.069    9.069  1   34.844   34.844  3
   54.0   54.3  1    9.069    9.069  1   34.843   34.843  3
   56.0   56.3  1    9.069    9.069  1   34.844   34.844  3
   58.0   58.3  1    9.070    9.070  1   34.844   34.844  3
   60.0   60.3  1    9.070    9.070  1   34.844   34.844  3
   62.0   62.3  1    9.071    9.071  1   34.844   34.844  3
   64.1   64.4  1    9.068    9.068  1   34.843   34.843  3
   66.0   66.3  1    9.068    9.068  1   34.843   34.843  3
   68.0   68.3  1    9.070    9.070  1   34.843   34.843  3
   70.0   70.3  1    9.070    9.070  1   34.843   34.843  3
   72.0   72.3  1    9.071    9.071  1   34.843   34.843  3
   74.0   74.3  1    9.072    9.072  1   34.843   34.843  3
   76.0   76.3  1    9.072    9.072  1   34.843   34.843  3
   78.0   78.3  1    9.072    9.072  1   34.843   34.843  3
   80.0   80.3  1    9.071    9.071  1   34.842   34.842  3
   82.0   82.3  1    9.074    9.074  1   34.843   34.843  3
   84.0   84.3  1    9.073    9.073  1   34.843   34.843  3
   86.0   86.3  1    9.075    9.075  1   34.843   34.843  3
   88.0   88.3  1    9.075    9.075  1   34.843   34.843  3
   90.0   90.3  1    9.075    9.075  1   34.843   34.843  3
   92.0   92.3  1    9.074    9.074  1   34.843   34.843  3
   93.9   94.2  1    9.075    9.075  1   34.842   34.842  3
   96.0   96.3  1    9.074    9.074  1   34.843   34.843  3
   98.0   98.3  1    9.074    9.074  1   34.843   34.843  3
  100.0  100.3  1    9.073    9.073  1   34.843   34.843  3
  102.0  102.3  1    9.074    9.074  1   34.843   34.843  3
  104.0  104.3  1    9.075    9.075  1   34.843   34.843  3
  106.0  106.3  1    9.075    9.075  1   34.843   34.843  3
  108.0  108.3  1    9.076    9.076  1   34.842   34.842  3
  110.0  110.3  1    9.074    9.074  1   34.842   34.842  3
  112.0  112.3  1    9.066    9.066  1   34.843   34.843  3
  114.0  114.3  1    9.057    9.057  1   34.844   34.844  3
  116.0  116.3  1    9.051    9.051  1   34.844   34.844  3
  118.0  118.3  1    9.056    9.056  1   34.843   34.843  3
  120.0  120.3  1    9.037    9.037  1   34.845   34.845  3
  122.0  122.3  1    9.034    9.034  1   34.845   34.845  3
  124.0  124.3  1    9.019    9.019  1   34.844   34.844  3
  126.0  126.3  1    8.946    8.946  1   34.849   34.849  3
  128.0  128.3  1    8.653    8.653  1   34.912   34.912  3
  130.0  130.3  1    8.366    8.366  1   34.953   34.953  3
  132.0  132.3  1    8.263    8.263  1   34.960   34.960  3
  134.0  134.3  1    8.187    8.187  1   34.963   34.963  3
  136.0  136.3  1    8.155    8.155  1   34.961   34.961  3
  138.0  138.3  1    8.143    8.143  1   34.963   34.963  3
  140.0  140.3  1    8.162    8.162  1   34.968   34.968  3
  142.0  142.3  1    8.108    8.108  1   34.965   34.965  3
  144.0  144.3  1    8.071    8.071  1   34.970   34.970  3
  146.0  146.3  1    8.145    8.145  1   34.993   34.993  3
  148.0  148.3  1    8.169    8.169  1   35.002   35.002  3
  150.0  150.3  1    8.178    8.178  1   35.011   35.011  3
  152.0  152.3  1    8.150    8.150  1   35.009   35.009  3
  154.0  154.3  1    8.094    8.094  1   35.004   35.004  3
  156.0  156.3  1    8.087    8.087  1   35.007   35.007  3
  158.0  158.3  1    8.108    8.108  1   35.012   35.012  3
  160.0  160.3  1    8.084    8.084  1   35.012   35.012  3
  162.0  162.3  1    8.091    8.091  1   35.015   35.015  3
  164.0  164.3  1    8.103    8.103  1   35.017   35.017  3
  166.0  166.3  1    8.113    8.113  1   35.019   35.019  3
  168.0  168.3  1    8.113    8.113  1   35.019   35.019  3
  170.0  170.3  1    8.038    8.038  1   35.011   35.011  3
  172.0  172.3  1    7.968    7.968  1   35.001   35.001  3
  174.0  174.3  1    7.923    7.923  1   34.993   34.993  3
  176.0  176.3  1    7.817    7.817  1   34.978   34.978  3
  178.0  178.3  1    7.683    7.683  1   34.961   34.961  3
  180.0  180.3  1    7.583    7.583  1   34.955   34.955  3
  182.0  182.3  1    7.537    7.537  1   34.950   34.950  3
  184.0  184.3  1    7.479    7.479  1   34.944   34.944  3
  186.0  186.3  1    7.411    7.411  1   34.938   34.938  3
  188.0  188.3  1    7.381    7.381  1   34.934   34.934  3
  190.0  190.3  1    7.311    7.311  1   34.930   34.930  3
  192.0  192.3  1    7.273    7.273  1   34.930   34.930  3
  194.0  194.3  1    7.242    7.242  1   34.929   34.929  3
  196.0  196.3  1    7.209    7.209  1   34.928   34.928  3
  198.0  198.3  1    7.195    7.195  1   34.927   34.927  3
  200.0  200.3  1    7.192    7.192  1   34.926   34.926  3
  202.0  202.3  1    7.169    7.169  1   34.924   34.924  3
  204.0  204.3  1    7.133    7.133  1   34.922   34.922  3
  206.0  206.3  1    7.075    7.075  1   34.921   34.921  3
  208.0  208.3  1    7.030    7.030  1   34.919   34.919  3
  210.0  210.3  1    7.002    7.002  1   34.918   34.918  3
  212.0  212.3  1    6.978    6.978  1   34.916   34.916  3
  214.0  214.3  1    6.930    6.930  1   34.911   34.911  3
  216.0  216.3  1    6.877    6.877  1   34.906   34.906  3
  218.0  218.3  1    6.843    6.843  1   34.905   34.905  3
  220.0  220.3  1    6.857    6.857  1   34.910   34.910  3
  222.0  222.3  1    6.867    6.867  1   34.913   34.913  3
  224.0  224.3  1    6.836    6.836  1   34.909   34.909  3
  226.0  226.3  1    6.784    6.784  1   34.902   34.902  3
  228.0  228.3  1    6.694    6.694  1   34.890   34.890  3
  230.0  230.3  1    6.616    6.616  1   34.882   34.882  3
  232.0  232.3  1    6.540    6.540  1   34.878   34.878  3
  234.0  234.3  1    6.564    6.564  1   34.889   34.889  3
  236.0  236.3  1    6.595    6.595  1   34.899   34.899  3
  238.0  238.3  1    6.612    6.612  1   34.908   34.908  3
  240.0  240.3  1    6.522    6.522  1   34.893   34.893  3
  242.0  242.3  1    6.352    6.352  1   34.866   34.866  3
  244.0  244.3  1    6.074    6.074  1   34.840   34.840  3
  246.0  246.3  1    6.042    6.042  1   34.845   34.845  3
  248.0  248.3  1    6.039    6.039  1   34.847   34.847  3
  250.0  250.3  1    6.165    6.165  1   34.866   34.866  3
  252.0  252.3  1    6.151    6.151  1   34.867   34.867  3
  254.0  254.3  1    6.110    6.110  1   34.860   34.860  3
  256.0  256.3  1    6.031    6.031  1   34.849   34.849  3
  258.0  258.3  1    5.894    5.894  1   34.837   34.837  3
  260.0  260.3  1    5.922    5.922  1   34.842   34.842  3
  262.0  262.3  1    5.924    5.924  1   34.845   34.845  3
  264.0  264.3  1    5.951    5.951  1   34.855   34.855  3
  266.0  266.3  1    6.040    6.040  1   34.876   34.876  3
  268.0  268.3  1    6.068    6.068  1   34.888   34.888  3
  270.0  270.3  1    6.056    6.056  1   34.890   34.890  3
  272.0  272.3  1    6.050    6.050  1   34.893   34.893  3
  274.0  274.3  1    6.047    6.047  1   34.895   34.895  3
  276.0  276.3  1    6.044    6.044  1   34.896   34.896  3
  278.0  278.3  1    6.041    6.041  1   34.897   34.897  3
  280.0  280.3  1    6.037    6.037  1   34.897   34.897  3
  282.0  282.3  1    6.044    6.044  1   34.899   34.899  3
  284.0  284.3  1    6.035    6.035  1   34.898   34.898  3
  286.0  286.3  1    6.023    6.023  1   34.898   34.898  3
  288.0  288.3  1    6.000    6.000  1   34.896   34.896  3
  290.0  290.3  1    5.986    5.986  1   34.893   34.893  3
  292.0  292.3  1    5.965    5.965  1   34.889   34.889  3
  294.0  294.3  1    5.854    5.854  1   34.876   34.876  3
  296.0  296.3  1    5.782    5.782  1   34.871   34.871  3
  298.0  298.3  1    5.804    5.804  1   34.879   34.879  3
  300.0  300.3  1    5.806    5.806  1   34.879   34.879  3
  302.0  302.3  1    5.799    5.799  1   34.878   34.878  3
  304.0  304.3  1    5.799    5.799  1   34.879   34.879  3
  306.0  306.3  1    5.780    5.780  1   34.878   34.878  3
  308.0  308.3  1    5.770    5.770  1   34.877   34.877  3
  310.0  310.3  1    5.773    5.773  1   34.877   34.877  3
  312.0  312.3  1    5.782    5.782  1   34.877   34.877  3
  314.0  314.3  1    5.744    5.744  1   34.875   34.875  3
  316.0  316.3  1    5.728    5.728  1   34.876   34.876  3
  318.0  318.3  1    5.734    5.734  1   34.879   34.879  3
  320.0  320.3  1    5.742    5.742  1   34.882   34.882  3
  322.0  322.3  1    5.751    5.751  1   34.885   34.885  3
  324.0  324.3  1    5.753    5.753  1   34.888   34.888  3
  326.0  326.3  1    5.744    5.744  1   34.894   34.894  3
  328.0  328.3  1    5.739    5.739  1   34.897   34.897  3
  330.0  330.3  1    5.739    5.739  1   34.896   34.896  3
  332.0  332.3  1    5.737    5.737  1   34.896   34.896  3
  334.0  334.3  1    5.733    5.733  1   34.897   34.897  3
  336.0  336.3  1    5.730    5.730  1   34.901   34.901  3
  338.0  338.3  1    5.728    5.728  1   34.903   34.903  3
  340.0  340.3  1    5.710    5.710  1   34.903   34.903  3
  342.0  342.3  1    5.690    5.690  1   34.902   34.902  3
  344.0  344.3  1    5.662    5.662  1   34.903   34.903  3
  346.0  346.3  1    5.665    5.665  1   34.904   34.904  3
  348.0  348.3  1    5.625    5.625  1   34.906   34.906  3
  350.0  350.3  1    5.581    5.581  1   34.903   34.903  3
  352.0  352.3  1    5.535    5.535  1   34.901   34.901  3
  354.0  354.3  1    5.495    5.495  1   34.899   34.899  3
  356.0  356.3  1    5.476    5.476  1   34.898   34.898  3
  358.0  358.3  1    5.471    5.471  1   34.898   34.898  3
  360.0  360.3  1    5.470    5.470  1   34.897   34.897  3
  362.0  362.3  1    5.457    5.457  1   34.896   34.896  3
  364.0  364.3  1    5.426    5.426  1   34.896   34.896  3
  366.0  366.3  1    5.395    5.395  1   34.903   34.903  3
  368.0  368.3  1    5.378    5.378  1   34.902   34.902  3
  370.0  370.3  1    5.344    5.344  1   34.899   34.899  3
  372.0  372.3  1    5.316    5.316  1   34.896   34.896  3
  374.0  374.3  1    5.290    5.290  1   34.893   34.893  3
  376.0  376.3  1    5.251    5.251  1   34.889   34.889  3
  378.0  378.3  1    5.238    5.238  1   34.891   34.891  3
  380.0  380.3  1    5.242    5.242  1   34.897   34.897  3
  382.0  382.3  1    5.304    5.304  1   34.909   34.909  3
  384.0  384.3  1    5.329    5.329  1   34.913   34.913  3
  386.0  386.3  1    5.302    5.302  1   34.911   34.911  3
  388.0  388.3  1    5.280    5.280  1   34.910   34.910  3
  390.0  390.3  1    5.249    5.249  1   34.909   34.909  3
  392.0  392.3  1    5.251    5.251  1   34.913   34.913  3
  394.0  394.3  1    5.256    5.256  1   34.915   34.915  3
  396.0  396.3  1    5.256    5.256  1   34.919   34.919  3
  398.0  398.3  1    5.248    5.248  1   34.923   34.923  3
  400.0  400.3  1    5.240    5.240  1   34.925   34.925  3
  402.0  402.3  1    5.275    5.275  1   34.935   34.935  3
  404.0  404.3  1    5.319    5.319  1   34.943   34.943  3
  406.0  406.3  1    5.361    5.361  1   34.952   34.952  3
  408.0  408.3  1    5.359    5.359  1   34.955   34.955  3
  410.0  410.3  1    5.349    5.349  1   34.958   34.958  3
  412.0  412.3  1    5.343    5.343  1   34.960   34.960  3
  414.0  414.3  1    5.329    5.329  1   34.961   34.961  3
  416.0  416.3  1    5.309    5.309  1   34.962   34.962  3
  418.0  418.3  1    5.301    5.301  1   34.963   34.963  3
  420.0  420.3  1    5.297    5.297  1   34.963   34.963  3
  422.0  422.3  1    5.271    5.271  1   34.964   34.964  3
  424.0  424.3  1    5.240    5.240  1   34.965   34.965  3
  426.0  426.3  1    5.232    5.232  1   34.964   34.964  3
  428.0  428.3  1    5.221    5.221  1   34.964   34.964  3
  430.0  430.3  1    5.193    5.193  1   34.963   34.963  3
  432.0  432.3  1    5.184    5.184  1   34.963   34.963  3
  434.0  434.3  1    5.183    5.183  1   34.964   34.964  3
  436.0  436.3  1    5.180    5.180  1   34.964   34.964  3
  438.0  438.3  1    5.173    5.173  1   34.964   34.964  3
  440.0  440.3  1    5.152    5.152  1   34.965   34.965  3
  442.0  442.3  1    5.145    5.145  1   34.965   34.965  3
  444.0  444.3  1    5.133    5.133  1   34.964   34.964  3
  446.0  446.3  1    5.117    5.117  1   34.963   34.963  3
  448.0  448.3  1    5.104    5.104  1   34.963   34.963  3
  450.0  450.3  1    5.095    5.095  1   34.962   34.962  3
  452.0  452.3  1    5.083    5.083  1   34.961   34.961  3
  454.0  454.3  1    5.075    5.075  1   34.960   34.960  3
  456.0  456.3  1    5.060    5.060  1   34.960   34.960  3
  458.0  458.3  1    5.045    5.045  1   34.959   34.959  3
  460.0  460.3  1    5.024    5.024  1   34.958   34.958  3
  462.0  462.3  1    5.014    5.014  1   34.957   34.957  3
  464.0  464.3  1    5.005    5.005  1   34.957   34.957  3
  466.0  466.3  1    5.003    5.003  1   34.956   34.956  3
  468.0  468.3  1    4.977    4.977  1   34.954   34.954  3
  470.0  470.3  1    4.969    4.969  1   34.952   34.952  3
  472.0  472.3  1    4.938    4.938  1   34.950   34.950  3
  474.0  474.3  1    4.909    4.909  1   34.947   34.947  3
  476.0  476.3  1    4.869    4.869  1   34.944   34.944  3
  478.0  478.3  1    4.829    4.829  1   34.942   34.942  3
  480.0  480.3  1    4.821    4.821  1   34.943   34.943  3
  482.0  482.3  1    4.797    4.797  1   34.943   34.943  3
  484.0  484.3  1    4.774    4.774  1   34.943   34.943  3
  486.0  486.3  1    4.771    4.771  1   34.943   34.943  3
  488.0  488.3  1    4.769    4.769  1   34.943   34.943  3
  490.0  490.3  1    4.765    4.765  1   34.943   34.943  3
  492.0  492.3  1    4.760    4.760  1   34.943   34.943  3
  494.0  494.3  1    4.758    4.758  1   34.943   34.943  3
  496.0  496.3  1    4.765    4.765  1   34.945   34.945  3
  498.0  498.3  1    4.772    4.772  1   34.947   34.947  3
  500.0  500.3  1    4.773    4.773  1   34.948   34.948  3
  502.0  502.3  1    4.773    4.773  1   34.950   34.950  3
  504.0  504.3  1    4.793    4.793  1   34.955   34.955  3
  506.0  506.3  1    4.811    4.811  1   34.960   34.960  3
  508.0  508.3  1    4.815    4.815  1   34.961   34.961  3
  510.0  510.3  1    4.822    4.822  1   34.962   34.962  3
  512.0  512.3  1    4.829    4.829  1   34.965   34.965  3
  514.0  514.3  1    4.831    4.831  1   34.967   34.967  3
  516.0  516.3  1    4.834    4.834  1   34.968   34.968  3
  518.0  518.3  1    4.835    4.835  1   34.969   34.969  3
  520.0  520.3  1    4.845    4.845  1   34.973   34.973  3
  522.0  522.3  1    4.855    4.855  1   34.976   34.976  3
  524.0  524.3  1    4.860    4.860  1   34.978   34.978  3
  526.0  526.3  1    4.868    4.868  1   34.979   34.979  3
  528.0  528.3  1    4.876    4.876  1   34.981   34.981  3
  530.0  530.3  1    4.895    4.895  1   34.985   34.985  3
  532.0  532.3  1    4.898    4.898  1   34.985   34.985  3
  534.0  534.3  1    4.878    4.878  1   34.983   34.983  3
  536.0  536.3  1    4.829    4.829  1   34.978   34.978  3
  538.0  538.3  1    4.797    4.797  1   34.975   34.975  3
  540.0  540.3  1    4.800    4.800  1   34.977   34.977  3
  542.0  542.3  1    4.818    4.818  1   34.982   34.982  3
  544.0  544.3  1    4.848    4.848  1   34.989   34.989  3
  546.0  546.3  1    4.860    4.860  1   34.991   34.991  3
  548.0  548.3  1    4.869    4.869  1   34.993   34.993  3
  550.0  550.3  1    4.876    4.876  1   34.995   34.995  3
  552.0  552.3  1    4.879    4.879  1   34.997   34.997  3
  554.0  554.3  1    4.884    4.884  1   34.999   34.999  3
  556.0  556.3  1    4.882    4.882  1   34.999   34.999  3
  558.0  558.3  1    4.881    4.881  1   35.000   35.000  3
  560.0  560.3  1    4.882    4.882  1   35.001   35.001  3
  562.0  562.3  1    4.883    4.883  1   35.001   35.001  3
  564.0  564.3  1    4.884    4.884  1   35.002   35.002  3
  566.0  566.3  1    4.888    4.888  1   35.002   35.002  3
  568.0  568.3  1    4.886    4.886  1   35.003   35.003  3
  570.0  570.3  1    4.885    4.885  1   35.003   35.003  3
  572.0  572.3  1    4.886    4.886  1   35.004   35.004  3
  574.0  574.3  1    4.880    4.880  1   35.004   35.004  3
  576.0  576.3  1    4.871    4.871  1   35.003   35.003  3
  578.0  578.3  1    4.863    4.863  1   35.002   35.002  3
  580.0  580.3  1    4.844    4.844  1   35.001   35.001  3
  582.0  582.3  1    4.825    4.825  1   35.000   35.000  3
  584.0  584.3  1    4.817    4.817  1   34.999   34.999  3
  586.0  586.3  1    4.810    4.810  1   34.998   34.998  3
  588.0  588.3  1    4.806    4.806  1   34.998   34.998  3
  590.0  590.3  1    4.799    4.799  1   34.998   34.998  3
  592.0  592.3  1    4.797    4.797  1   35.000   35.000  3
  594.0  594.3  1    4.794    4.794  1   35.000   35.000  3
  596.0  596.3  1    4.791    4.791  1   35.000   35.000  3
  598.0  598.3  1    4.781    4.781  1   34.999   34.999  3
  600.0  600.3  1    4.769    4.769  1   34.998   34.998  3
  602.0  602.3  1    4.755    4.755  1   34.997   34.997  3
  604.0  604.3  1    4.737    4.737  1   34.995   34.995  3
  606.0  606.3  1    4.726    4.726  1   34.994   34.994  3
  608.0  608.3  1    4.722    4.722  1   34.994   34.994  3
  610.0  610.3  1    4.717    4.717  1   34.993   34.993  3
  612.0  612.3  1    4.697    4.697  1   34.991   34.991  3
  614.0  614.3  1    4.684    4.684  1   34.990   34.990  3
  616.0  616.3  1    4.684    4.684  1   34.991   34.991  3
  618.0  618.3  1    4.688    4.688  1   34.993   34.993  3
  620.0  620.3  1    4.690    4.690  1   34.993   34.993  3
  622.0  622.3  1    4.688    4.688  1   34.993   34.993  3
  624.0  624.3  1    4.686    4.686  1   34.993   34.993  3
  626.0  626.3  1    4.682    4.682  1   34.993   34.993  3
  628.0  628.3  1    4.673    4.673  1   34.992   34.992  3
  630.0  630.3  1    4.664    4.664  1   34.991   34.991  3
  632.0  632.3  1    4.657    4.657  1   34.990   34.990  3
  634.0  634.3  1    4.643    4.643  1   34.989   34.989  3
  636.0  636.3  1    4.616    4.616  1   34.986   34.986  3
  638.0  638.3  1    4.604    4.604  1   34.986   34.986  3
  640.0  640.3  1    4.605    4.605  1   34.987   34.987  3
  642.0  642.3  1    4.576    4.576  1   34.985   34.985  3
  644.0  644.3  1    4.551    4.551  1   34.983   34.983  3
  646.0  646.3  1    4.535    4.535  1   34.982   34.982  3
  648.0  648.3  1    4.534    4.534  1   34.982   34.982  3
  650.0  650.3  1    4.529    4.529  1   34.982   34.982  3
  652.0  652.3  1    4.527    4.527  1   34.982   34.982  3
  654.0  654.3  1    4.527    4.527  1   34.982   34.982  3
  656.0  656.3  1    4.526    4.526  1   34.983   34.983  3
  658.0  658.3  1    4.525    4.525  1   34.983   34.983  3
  660.0  660.3  1    4.520    4.520  1   34.983   34.983  3
  662.0  662.3  1    4.518    4.518  1   34.983   34.983  3
  664.0  664.3  1    4.515    4.515  1   34.984   34.984  3
  666.0  666.3  1    4.515    4.515  1   34.984   34.984  3
  668.0  668.3  1    4.515    4.515  1   34.984   34.984  3
  670.0  670.3  1    4.513    4.513  1   34.985   34.985  3
  672.0  672.3  1    4.513    4.513  1   34.985   34.985  3
  674.0  674.3  1    4.513    4.513  1   34.986   34.986  3
  676.0  676.3  1    4.513    4.513  1   34.986   34.986  3
  678.0  678.3  1    4.513    4.513  1   34.986   34.986  3
  680.0  680.3  1    4.512    4.512  1   34.986   34.986  3
  682.0  682.3  1    4.511    4.511  1   34.986   34.986  3
  684.0  684.3  1    4.511    4.511  1   34.986   34.986  3
  686.0  686.3  1    4.511    4.511  1   34.986   34.986  3
  688.0  688.3  1    4.498    4.498  1   34.985   34.985  3
  690.0  690.3  1    4.483    4.483  1   34.984   34.984  3
  692.0  692.3  1    4.472    4.472  1   34.984   34.984  3
  694.0  694.3  1    4.468    4.468  1   34.983   34.983  3
  696.0  696.3  1    4.466    4.466  1   34.983   34.983  3
  698.0  698.3  1    4.450    4.450  1   34.982   34.982  3
  700.0  700.3  1    4.439    4.439  1   34.981   34.981  3
  702.0  702.3  1    4.433    4.433  1   34.981   34.981  3
  704.0  704.3  1    4.438    4.438  1   34.982   34.982  3
  706.0  706.3  1    4.424    4.424  1   34.982   34.982  3
  708.0  708.3  1    4.421    4.421  1   34.982   34.982  3
  710.0  710.3  1    4.422    4.422  1   34.982   34.982  3
  712.0  712.3  1    4.423    4.423  1   34.982   34.982  3
  714.0  714.3  1    4.420    4.420  1   34.982   34.982  3
  716.0  716.3  1    4.413    4.413  1   34.981   34.981  3
  718.0  718.3  1    4.395    4.395  1   34.978   34.978  3
  720.0  720.3  1    4.371    4.371  1   34.977   34.977  3
  722.0  722.3  1    4.363    4.363  1   34.976   34.976  3
  724.0  724.3  1    4.347    4.347  1   34.974   34.974  3
  726.0  726.3  1    4.342    4.342  1   34.974   34.974  3
  728.0  728.3  1    4.338    4.338  1   34.974   34.974  3
  730.0  730.3  1    4.339    4.339  1   34.975   34.975  3
  732.0  732.3  1    4.341    4.341  1   34.975   34.975  3
  734.0  734.3  1    4.336    4.336  1   34.975   34.975  3
  736.0  736.3  1    4.324    4.324  1   34.975   34.975  3
  738.0  738.3  1    4.320    4.320  1   34.975   34.975  3
  740.0  740.3  1    4.319    4.319  1   34.975   34.975  3
  742.0  742.3  1    4.316    4.316  1   34.974   34.974  3
  744.0  744.3  1    4.310    4.310  1   34.975   34.975  3
  746.0  746.3  1    4.306    4.306  1   34.974   34.974  3
  748.0  748.3  1    4.305    4.305  1   34.974   34.974  3
  750.0  750.3  1    4.304    4.304  1   34.974   34.974  3
  752.0  752.3  1    4.301    4.301  1   34.974   34.974  3
  754.0  754.3  1    4.298    4.298  1   34.974   34.974  3
  756.0  756.3  1    4.295    4.295  1   34.974   34.974  3
  758.0  758.3  1    4.294    4.294  1   34.973   34.973  3
  760.0  760.3  1    4.291    4.291  1   34.973   34.973  3
  762.0  762.3  1    4.280    4.280  1   34.973   34.973  3
  764.0  764.3  1    4.273    4.273  1   34.972   34.972  3
  766.0  766.3  1    4.271    4.271  1   34.972   34.972  3
  768.0  768.3  1    4.267    4.267  1   34.972   34.972  3
  770.0  770.3  1    4.263    4.263  1   34.972   34.972  3
  772.0  772.3  1    4.261    4.261  1   34.972   34.972  3
  774.0  774.3  1    4.260    4.260  1   34.972   34.972  3
  776.0  776.3  1    4.259    4.259  1   34.971   34.971  3
  778.0  778.3  1    4.253    4.253  1   34.971   34.971  3
  780.0  780.3  1    4.246    4.246  1   34.971   34.971  3
  782.0  782.3  1    4.241    4.241  1   34.971   34.971  3
  784.0  784.3  1    4.239    4.239  1   34.970   34.970  3
  786.0  786.3  1    4.237    4.237  1   34.970   34.970  3
  788.0  788.3  1    4.235    4.235  1   34.970   34.970  3
  790.0  790.3  1    4.234    4.234  1   34.970   34.970  3
  792.0  792.3  1    4.233    4.233  1   34.970   34.970  3
  794.0  794.3  1    4.230    4.230  1   34.970   34.970  3
  796.0  796.3  1    4.229    4.229  1   34.970   34.970  3
  798.0  798.3  1    4.228    4.228  1   34.970   34.970  3
  800.0  800.3  1    4.225    4.225  1   34.970   34.970  3
  802.0  802.3  1    4.220    4.220  1   34.969   34.969  3
  804.0  804.3  1    4.217    4.217  1   34.969   34.969  3
  806.0  806.3  1    4.214    4.214  1   34.969   34.969  3
  808.0  808.3  1    4.213    4.213  1   34.969   34.969  3
  810.0  810.3  1    4.211    4.211  1   34.969   34.969  3
  812.0  812.3  1    4.209    4.209  1   34.969   34.969  3
  814.0  814.3  1    4.207    4.207  1   34.969   34.969  3
  816.0  816.3  1    4.201    4.201  1   34.969   34.969  3
  818.0  818.3  1    4.200    4.200  1   34.969   34.969  3
  820.0  820.3  1    4.198    4.198  1   34.969   34.969  3
  822.0  822.3  1    4.196    4.196  1   34.969   34.969  3
  824.0  824.3  1    4.195    4.195  1   34.969   34.969  3
  826.0  826.3  1    4.193    4.193  1   34.969   34.969  3
  828.0  828.3  1    4.191    4.191  1   34.969   34.969  3
  830.0  830.3  1    4.186    4.186  1   34.968   34.968  3
  832.0  832.3  1    4.180    4.180  1   34.968   34.968  3
  834.0  834.3  1    4.174    4.174  1   34.967   34.967  3
  836.0  836.3  1    4.167    4.167  1   34.967   34.967  3
  838.0  838.3  1    4.157    4.157  1   34.966   34.966  3
  840.0  840.3  1    4.151    4.151  1   34.966   34.966  3
  842.0  842.3  1    4.152    4.152  1   34.966   34.966  3
  844.0  844.3  1    4.146    4.146  1   34.966   34.966  3
  846.0  846.3  1    4.138    4.138  1   34.965   34.965  3
  848.0  848.3  1    4.138    4.138  1   34.965   34.965  3
  850.0  850.3  1    4.130    4.130  1   34.965   34.965  3
  852.0  852.3  1    4.119    4.119  1   34.964   34.964  3
  854.0  854.3  1    4.116    4.116  1   34.963   34.963  3
  856.0  856.3  1    4.112    4.112  1   34.963   34.963  3
  858.0  858.3  1    4.108    4.108  1   34.963   34.963  3
  860.0  860.3  1    4.105    4.105  1   34.963   34.963  3
  862.0  862.3  1    4.105    4.105  1   34.962   34.962  3
  864.0  864.3  1    4.103    4.103  1   34.962   34.962  3
  866.0  866.3  1    4.098    4.098  1   34.962   34.962  3
  868.0  868.3  1    4.095    4.095  1   34.962   34.962  3
  870.0  870.3  1    4.088    4.088  1   34.961   34.961  3
  872.0  872.3  1    4.086    4.086  1   34.961   34.961  3
  874.0  874.3  1    4.082    4.082  1   34.961   34.961  3
  876.0  876.3  1    4.078    4.078  1   34.960   34.960  3
  878.0  878.3  1    4.078    4.078  1   34.960   34.960  3
  880.0  880.3  1    4.077    4.077  1   34.960   34.960  3
  882.0  882.3  1    4.076    4.076  1   34.960   34.960  3
  884.0  884.3  1    4.073    4.073  1   34.960   34.960  3
  886.0  886.3  1    4.072    4.072  1   34.960   34.960  3
  888.0  888.3  1    4.069    4.069  1   34.960   34.960  3
  890.0  890.3  1    4.066    4.066  1   34.959   34.959  3
  892.0  892.3  1    4.061    4.061  1   34.959   34.959  3
  894.0  894.3  1    4.052    4.052  1   34.959   34.959  3
  896.0  896.3  1    4.049    4.049  1   34.959   34.959  3
  898.0  898.3  1    4.045    4.045  1   34.958   34.958  3
  900.0  900.3  1    4.046    4.046  1   34.958   34.958  3
  902.0  902.3  1    4.045    4.045  1   34.958   34.958  3
  904.0  904.3  1    4.043    4.043  1   34.958   34.958  3
  906.0  906.3  1    4.038    4.038  1   34.958   34.958  3
  908.0  908.3  1    4.033    4.033  1   34.958   34.958  3
  910.0  910.3  1    4.030    4.030  1   34.958   34.958  3
  912.0  912.3  1    4.022    4.022  1   34.957   34.957  3
  914.0  914.3  1    4.021    4.021  1   34.957   34.957  3
  916.0  916.3  1    4.021    4.021  1   34.957   34.957  3
  918.0  918.3  1    4.019    4.019  1   34.957   34.957  3
  920.0  920.3  1    4.014    4.014  1   34.956   34.956  3
  922.0  922.3  1    4.005    4.005  1   34.956   34.956  3
  924.0  924.3  1    4.001    4.001  1   34.956   34.956  3
  926.0  926.3  1    3.999    3.999  1   34.956   34.956  3
  928.0  928.3  1    3.994    3.994  1   34.956   34.956  3
  930.0  930.3  1    3.992    3.992  1   34.955   34.955  3
  932.0  932.3  1    3.990    3.990  1   34.955   34.955  3
  934.0  934.3  1    3.986    3.986  1   34.955   34.955  3
  936.0  936.3  1    3.983    3.983  1   34.955   34.955  3
  938.0  938.3  1    3.982    3.982  1   34.955   34.955  3
  940.0  940.3  1    3.982    3.982  1   34.955   34.955  3
  942.0  942.3  1    3.983    3.983  1   34.955   34.955  3
  944.0  944.3  1    3.983    3.983  1   34.955   34.955  3
  946.0  946.3  1    3.977    3.977  1   34.955   34.955  3
  948.0  948.3  1    3.975    3.975  1   34.955   34.955  3
  950.0  950.3  1    3.973    3.973  1   34.954   34.954  3
  952.0  952.3  1    3.970    3.970  1   34.954   34.954  3
  954.0  954.3  1    3.966    3.966  1   34.954   34.954  3
  956.0  956.3  1    3.964    3.964  1   34.954   34.954  3
  958.0  958.3  1    3.961    3.961  1   34.954   34.954  3
  960.0  960.3  1    3.961    3.961  1   34.954   34.954  3
  962.0  962.3  1    3.960    3.960  1   34.953   34.953  3
  964.0  964.3  1    3.959    3.959  1   34.953   34.953  3
  966.0  966.3  1    3.954    3.954  1   34.953   34.953  3
  968.0  968.3  1    3.952    3.952  1   34.953   34.953  3
  970.0  970.3  1    3.952    3.952  1   34.953   34.953  3
  972.0  972.3  1    3.950    3.950  1   34.953   34.953  3
  974.0  974.3  1    3.946    3.946  1   34.953   34.953  3
  976.0  976.3  1    3.945    3.945  1   34.953   34.953  3
  978.0  978.3  1    3.943    3.943  1   34.952   34.952  3
  979.6  979.9  1    3.935    3.935  1   34.953   34.953  3
  988.7  989.0  1    3.924    3.924  1   34.951   34.951  3
  998.7  999.0  1    3.908    3.908  1   34.951   34.951  3
 1008.4 1008.7  1    3.889    3.889  1   34.949   34.949  3
 1018.8 1019.1  1    3.881    3.881  1   34.949   34.949  3
 1027.6 1027.9  1    3.876    3.876  1   34.948   34.948  3
 1038.6 1038.9  1    3.860    3.860  1   34.947   34.947  3
 1048.6 1048.9  1    3.848    3.848  1   34.947   34.947  3
 1058.7 1059.0  1    3.840    3.840  1   34.946   34.946  3
 1068.7 1069.0  1    3.826    3.826  1   34.946   34.946  3
 1077.9 1078.2  1    3.821    3.821  1   34.945   34.945  3
 1088.2 1088.5  1    3.809    3.809  1   34.945   34.945  3
 1098.3 1098.6  1    3.805    3.805  1   34.944   34.944  3
 1108.5 1108.8  1    3.795    3.795  1   34.944   34.944  3
 1118.1 1118.4  1    3.786    3.786  1   34.943   34.943  3
 1128.4 1128.7  1    3.768    3.768  1   34.943   34.943  3
 1138.0 1138.3  1    3.762    3.762  1   34.942   34.942  3
 1148.2 1148.5  1    3.755    3.755  1   34.942   34.942  3
 1158.1 1158.4  1    3.748    3.748  1   34.942   34.942  3
 1168.2 1168.5  1    3.735    3.735  1   34.941   34.941  3
 1177.8 1178.1  1    3.731    3.731  1   34.941   34.941  3
 1188.1 1188.4  1    3.728    3.728  1   34.941   34.941  3
 1197.6 1197.9  1    3.721    3.721  1   34.940   34.940  3
 1207.4 1207.7  1    3.715    3.715  1   34.940   34.940  3
 1217.9 1218.2  1    3.708    3.708  1   34.940   34.940  3
 1227.6 1227.9  1    3.700    3.700  1   34.940   34.940  3
 1237.7 1238.0  1    3.695    3.695  1   34.939   34.939  3
 1247.6 1247.9  1    3.692    3.692  1   34.939   34.939  3
 1257.4 1257.7  1    3.689    3.689  1   34.939   34.939  3
 1267.4 1267.7  1    3.684    3.684  1   34.939   34.939  3
 1277.9 1278.2  1    3.673    3.673  1   34.939   34.939  3
 1287.0 1287.3  1    3.669    3.669  1   34.938   34.938  3
 1298.2 1298.5  1    3.664    3.664  1   34.939   34.939  3
 1308.3 1308.6  1    3.659    3.659  1   34.938   34.938  3
 1318.6 1318.9  1    3.653    3.653  1   34.938   34.938  3
 1328.5 1328.8  1    3.643    3.643  1   34.938   34.938  3
 1338.9 1339.2  1    3.640    3.640  1   34.938   34.938  3
 1348.8 1349.1  1    3.638    3.638  1   34.938   34.938  3
 1358.9 1359.2  1    3.634    3.634  1   34.938   34.938  3
 1368.7 1369.0  1    3.630    3.630  1   34.938   34.938  3
 1378.8 1379.1  1    3.620    3.620  1   34.938   34.938  3
 1388.6 1388.9  1    3.617    3.617  1   34.938   34.938  3
 1398.7 1399.0  1    3.614    3.614  1   34.938   34.938  3
 1408.2 1408.5  1    3.607    3.607  1   34.938   34.938  3
 1418.4 1418.7  1    3.604    3.604  1   34.938   34.938  3
 1428.6 1428.9  1    3.603    3.603  1   34.939   34.939  3
 1438.2 1438.5  1    3.603    3.603  1   34.939   34.939  3
 1448.5 1448.8  1    3.599    3.599  1   34.939   34.939  3
 1458.2 1458.5  1    3.596    3.596  1   34.939   34.939  3
 1468.4 1468.7  1    3.592    3.592  1   34.940   34.940  3
 1478.6 1478.9  1    3.589    3.589  1   34.940   34.940  3
 1488.7 1489.0  1    3.588    3.588  1   34.941   34.941  3
 1498.7 1499.0  1    3.588    3.588  1   34.942   34.942  3
 1523.2 1523.5  1    3.589    3.589  1   34.944   34.944  3
 1548.3 1548.6  1    3.586    3.586  1   34.945   34.945  3
 1573.2 1573.5  1    3.579    3.579  1   34.948   34.948  3
 1598.8 1599.1  1    3.587    3.587  1   34.951   34.951  3
 1623.6 1623.9  1    3.580    3.580  1   34.954   34.954  3
 1648.7 1649.0  1    3.576    3.576  1   34.954   34.954  3
 1673.1 1673.4  1    3.564    3.564  1   34.957   34.957  3
 1697.9 1698.2  1    3.551    3.551  1   34.959   34.959  3
 1723.1 1723.4  1    3.538    3.538  1   34.961   34.961  3
 1748.4 1748.7  1    3.525    3.525  1   34.962   34.962  3
 1773.0 1773.3  1    3.515    3.515  1   34.963   34.963  3
 1797.9 1798.2  1    3.500    3.500  1   34.965   34.965  3
 1822.6 1822.9  1    3.489    3.489  1   34.965   34.965  3
 1848.2 1848.5  1    3.474    3.474  1   34.966   34.966  3
 1872.9 1873.2  1    3.463    3.463  1   34.967   34.967  3
 1897.9 1898.2  1    3.446    3.446  1   34.968   34.968  3
 1923.3 1923.6  1    3.437    3.437  1   34.968   34.968  3
 1947.6 1947.9  1    3.423    3.423  1   34.969   34.969  3
 1973.1 1973.4  1    3.408    3.408  1   34.970   34.970  3
 1997.7 1998.0  1    3.388    3.388  1   34.970   34.970  3
