*SoftWare Version 3.0  2018/12/27

*HEADER
     PLATFORM NUMBER       :5904850
     CYCLE NUMBER          :215
     DATE CREATION         :20191216110038
     DATE UPDATE           :20191216110038
     PROJECT NAME          :UW Argo
     PI NAME               :STEPHEN RISER
     INSTRUMENT TYPE       :APEX
     FLOAT SERIAL NO       :7747
     FIRMWARE VERSION      :111315
     WMO INSTRUMENT TYPE   :846
     TRANSMISSION SYSTEM   :IRIDIUM
     POSITIONING SYSTEM    :GPS
     SAMPLE DIRECTION      :A(A=Ascend; D=Descend)
     DATA MODE             :A(R=Real Time; D=Delayed Mode; A=Real Time Adjusted)
     JULIAN DAY            :25551.3375 (days since 1950-01-01 00:00:00 UTC)
     DATE                  :2019-12-16
     QC FLAG FOR DATE      :1
*LOCATION
     LATITUDE              :-33.638 
     LONGITUDE             :-116.236
     QC FLAG FOR LOCATION  :1
*FILE
     COLUMN 1              :Pressure (dbar)                             F7.1
     COLUMN 2              :Corrected Pressure (dbar)                   F7.1
     COLUMN 3              :Quality on Pressure                         I3
     COLUMN 4              :Temperature (degree_Celsius)                F9.3
     COLUMN 5              :Corrected Temperature (degree_Celsius)      F9.3
     COLUMN 6              :Quality on Temperature                      I3
     COLUMN 7              :Salinity (PSU)                              F9.3
     COLUMN 8              :Corrected Salinity (PSU)                    F9.3
     COLUMN 9              :Quality on Salinity                         I3
==========================================================================
    4.2    4.1  1   18.449   18.449  1   34.677   34.677  1
    6.0    5.9  1   18.450   18.450  1   34.678   34.678  1
    8.0    7.9  1   18.432   18.432  1   34.676   34.676  1
   10.0    9.9  1   18.390   18.390  1   34.675   34.675  1
   12.0   11.9  1   18.219   18.219  1   34.676   34.676  1
   14.0   13.9  1   18.179   18.179  1   34.672   34.672  1
   16.0   15.9  1   18.171   18.171  1   34.671   34.671  1
   18.0   18.0  1   18.167   18.167  1   34.671   34.671  1
   20.0   20.0  1   18.163   18.163  1   34.671   34.671  1
   22.0   22.0  1   18.160   18.160  1   34.672   34.672  1
   24.0   24.0  1   18.155   18.155  1   34.671   34.671  1
   26.0   26.0  1   18.151   18.151  1   34.672   34.672  1
   28.0   28.0  1   18.150   18.150  1   34.673   34.673  1
   30.0   30.0  1   18.149   18.149  1   34.673   34.673  1
   32.0   32.0  1   18.147   18.147  1   34.673   34.673  1
   34.0   34.0  1   18.144   18.144  1   34.673   34.673  1
   36.0   36.0  1   18.138   18.138  1   34.675   34.675  1
   38.0   38.0  1   18.117   18.117  1   34.677   34.677  1
   39.9   39.9  1   17.995   17.995  1   34.690   34.690  1
   42.0   42.0  1   17.720   17.720  1   34.717   34.717  1
   44.0   44.0  1   17.593   17.593  1   34.724   34.724  1
   46.0   46.0  1   17.565   17.565  1   34.723   34.723  1
   48.0   48.0  1   17.436   17.436  1   34.723   34.723  1
   50.0   50.0  1   17.330   17.330  1   34.712   34.712  1
   52.0   52.0  1   17.306   17.306  1   34.711   34.711  1
   54.0   54.0  1   17.294   17.294  1   34.723   34.723  1
   56.0   56.0  1   17.265   17.265  1   34.721   34.721  1
   58.0   58.0  1   17.245   17.245  1   34.721   34.721  1
   60.0   60.0  1   17.236   17.236  1   34.723   34.723  1
   62.0   62.0  1   17.212   17.212  1   34.723   34.723  1
   64.0   64.0  1   17.080   17.080  1   34.746   34.746  1
   66.0   65.9  1   16.815   16.815  1   34.757   34.757  1
   68.0   67.9  1   16.766   16.766  1   34.752   34.752  1
   70.0   69.9  1   16.702   16.702  1   34.753   34.753  1
   72.0   71.9  1   16.659   16.659  1   34.751   34.751  1
   74.0   73.9  1   16.620   16.620  1   34.756   34.756  1
   76.0   75.9  1   16.601   16.601  1   34.767   34.767  1
   78.0   77.9  1   16.579   16.579  1   34.776   34.776  1
   80.0   79.9  1   16.561   16.561  1   34.778   34.778  1
   82.0   81.9  1   16.551   16.551  1   34.777   34.777  1
   84.0   83.9  1   16.542   16.542  1   34.775   34.775  1
   86.0   85.9  1   16.487   16.487  1   34.769   34.769  1
   88.0   87.9  1   16.271   16.271  1   34.768   34.768  1
   90.0   89.9  1   16.235   16.235  1   34.778   34.778  1
   92.0   91.9  1   16.146   16.146  1   34.782   34.782  1
   94.0   93.9  1   16.102   16.102  1   34.784   34.784  1
   96.0   95.9  1   16.098   16.098  1   34.794   34.794  1
   98.0   97.9  1   15.993   15.993  1   34.784   34.784  1
  100.0   99.9  1   15.935   15.935  1   34.773   34.773  1
  102.0  101.9  1   15.840   15.840  1   34.760   34.760  1
  104.0  103.9  1   15.753   15.753  1   34.746   34.746  1
  106.0  105.9  1   15.692   15.692  1   34.752   34.752  1
  108.0  107.9  1   15.541   15.541  1   34.743   34.743  1
  110.0  109.9  1   15.502   15.502  1   34.743   34.743  1
  112.0  111.9  1   15.429   15.429  1   34.738   34.738  1
  114.0  113.9  1   15.406   15.406  1   34.745   34.745  1
  116.0  115.9  1   15.329   15.329  1   34.730   34.730  1
  118.0  117.9  1   15.241   15.241  1   34.712   34.712  1
  120.0  119.9  1   15.203   15.203  1   34.715   34.715  1
  122.0  121.9  1   15.026   15.026  1   34.699   34.699  1
  124.0  123.9  1   14.942   14.942  1   34.688   34.688  1
  126.0  125.9  1   14.932   14.932  1   34.690   34.690  1
  128.0  127.9  1   14.918   14.918  1   34.697   34.697  1
  130.0  129.9  1   14.913   14.913  1   34.708   34.708  1
  132.0  131.9  1   14.808   14.808  1   34.701   34.701  1
  134.0  133.9  1   14.625   14.625  1   34.673   34.673  1
  136.0  135.9  1   14.510   14.510  1   34.659   34.659  1
  138.0  137.9  1   14.416   14.416  1   34.655   34.655  1
  140.0  139.9  1   14.413   14.413  1   34.665   34.665  1
  142.0  141.9  1   14.368   14.368  1   34.666   34.666  1
  144.0  143.9  1   14.325   14.325  1   34.669   34.669  1
  146.0  145.9  1   14.317   14.317  1   34.671   34.671  1
  148.0  147.9  1   14.308   14.308  1   34.676   34.676  1
  150.0  149.9  1   14.289   14.289  1   34.678   34.678  1
  152.0  151.9  1   14.258   14.258  1   34.680   34.680  1
  154.0  153.9  1   14.237   14.237  1   34.681   34.681  1
  156.0  155.9  1   14.213   14.213  1   34.681   34.681  1
  158.0  157.9  1   14.180   14.180  1   34.679   34.679  1
  160.0  159.9  1   14.126   14.126  1   34.673   34.673  1
  162.0  161.9  1   13.939   13.939  1   34.653   34.653  1
  164.0  163.9  1   13.846   13.846  1   34.639   34.639  1
  166.0  165.9  1   13.786   13.786  1   34.632   34.632  1
  168.0  167.9  1   13.779   13.779  1   34.637   34.637  1
  170.0  169.9  1   13.594   13.594  1   34.636   34.636  1
  172.0  171.9  1   13.547   13.547  1   34.631   34.631  1
  174.0  173.9  1   13.524   13.524  1   34.636   34.636  1
  176.0  175.9  1   13.503   13.503  1   34.647   34.647  1
  178.0  177.9  1   13.409   13.409  1   34.645   34.645  1
  180.0  179.9  1   13.298   13.298  1   34.634   34.634  1
  182.0  181.9  1   13.200   13.200  1   34.621   34.621  1
  184.0  183.9  1   13.092   13.092  1   34.626   34.626  1
  186.0  185.9  1   13.043   13.043  1   34.622   34.622  1
  188.0  187.9  1   13.032   13.032  1   34.622   34.622  1
  190.0  189.9  1   13.026   13.026  1   34.622   34.622  1
  192.0  191.9  1   13.016   13.016  1   34.622   34.622  1
  194.0  193.9  1   13.001   13.001  1   34.621   34.621  1
  196.0  195.9  1   12.906   12.906  1   34.618   34.618  1
  198.0  197.9  1   12.781   12.781  1   34.607   34.607  1
  200.0  199.9  1   12.758   12.758  1   34.610   34.610  1
  202.0  201.9  1   12.807   12.807  1   34.626   34.626  1
  204.0  203.9  1   12.804   12.804  1   34.632   34.632  1
  206.0  205.9  1   12.678   12.678  1   34.622   34.622  1
  208.0  207.9  1   12.497   12.497  1   34.602   34.602  1
  210.0  209.9  1   12.427   12.427  1   34.596   34.596  1
  212.0  211.9  1   12.361   12.361  1   34.585   34.585  1
  214.0  213.9  1   12.290   12.290  1   34.578   34.578  1
  216.0  215.9  1   12.173   12.173  1   34.568   34.568  1
  218.0  217.9  1   12.136   12.136  1   34.563   34.563  1
  220.0  219.9  1   12.074   12.074  1   34.557   34.557  1
  222.0  221.9  1   12.007   12.007  1   34.552   34.552  1
  224.0  223.9  1   11.967   11.967  1   34.549   34.549  1
  226.0  225.9  1   11.869   11.869  1   34.544   34.544  1
  228.0  227.9  1   11.747   11.747  1   34.534   34.534  1
  230.0  229.9  1   11.608   11.608  1   34.524   34.524  1
  232.0  231.9  1   11.521   11.521  1   34.517   34.517  1
  234.0  233.9  1   11.472   11.472  1   34.513   34.513  1
  236.0  235.9  1   11.446   11.446  1   34.513   34.513  1
  238.0  237.9  1   11.406   11.406  1   34.511   34.511  1
  240.0  239.9  1   11.360   11.360  1   34.507   34.507  1
  242.0  241.9  1   11.285   11.285  1   34.504   34.504  1
  244.0  243.9  1   11.193   11.193  1   34.500   34.500  1
  246.0  245.9  1   11.042   11.042  1   34.494   34.494  1
  248.0  247.9  1   10.945   10.945  1   34.486   34.486  1
  250.0  249.9  1   10.901   10.901  1   34.483   34.483  1
  252.0  251.9  1   10.845   10.845  1   34.479   34.479  1
  254.0  253.9  1   10.798   10.798  1   34.476   34.476  1
  256.0  255.9  1   10.781   10.781  1   34.475   34.475  1
  258.0  258.0  1   10.771   10.771  1   34.475   34.475  1
  260.0  260.0  1   10.763   10.763  1   34.473   34.473  1
  262.0  262.0  1   10.744   10.744  1   34.473   34.473  1
  264.0  264.0  1   10.707   10.707  1   34.469   34.469  1
  266.0  266.0  1   10.671   10.671  1   34.468   34.468  1
  268.0  268.0  1   10.538   10.538  1   34.460   34.460  1
  270.0  270.0  1   10.468   10.468  1   34.454   34.454  1
  272.0  272.0  1   10.441   10.441  1   34.452   34.452  1
  274.0  274.0  1   10.424   10.424  1   34.449   34.449  1
  276.0  276.0  1   10.293   10.293  1   34.445   34.445  1
  278.0  278.0  1   10.243   10.243  1   34.440   34.440  1
  280.0  280.0  1   10.211   10.211  1   34.437   34.437  1
  282.0  282.0  1   10.200   10.200  1   34.436   34.436  1
  284.0  284.0  1   10.166   10.166  1   34.436   34.436  1
  286.0  286.0  1   10.027   10.027  1   34.429   34.429  1
  288.0  288.0  1    9.971    9.971  1   34.424   34.424  1
  290.0  290.0  1    9.953    9.953  1   34.421   34.421  1
  292.0  292.0  1    9.935    9.935  1   34.420   34.420  1
  294.0  294.0  1    9.901    9.901  1   34.418   34.418  1
  296.0  296.0  1    9.847    9.847  1   34.413   34.413  1
  298.0  298.0  1    9.780    9.780  1   34.410   34.410  1
  300.0  300.0  1    9.680    9.680  1   34.403   34.403  1
  302.0  302.0  1    9.666    9.666  1   34.399   34.399  1
  304.0  304.0  1    9.631    9.631  1   34.400   34.400  1
  306.0  306.0  1    9.569    9.569  1   34.396   34.396  1
  308.0  308.0  1    9.485    9.485  1   34.393   34.393  1
  310.0  310.0  1    9.434    9.434  1   34.390   34.390  1
  312.0  312.0  1    9.405    9.405  1   34.388   34.388  1
  314.0  314.0  1    9.357    9.357  1   34.385   34.385  1
  316.0  316.0  1    9.305    9.305  1   34.382   34.382  1
  318.0  318.0  1    9.222    9.222  1   34.378   34.378  1
  320.0  320.0  1    9.150    9.150  1   34.374   34.374  1
  322.0  322.0  1    9.070    9.070  1   34.372   34.372  1
  324.0  324.0  1    9.017    9.017  1   34.372   34.372  1
  326.0  326.0  1    8.995    8.995  1   34.377   34.377  1
  328.0  328.0  1    8.959    8.959  1   34.378   34.378  1
  330.0  330.0  1    8.825    8.825  1   34.373   34.373  1
  332.0  332.0  1    8.718    8.718  1   34.363   34.363  1
  334.0  334.0  1    8.656    8.656  1   34.360   34.360  1
  336.0  336.0  1    8.615    8.615  1   34.361   34.361  1
  338.0  338.0  1    8.592    8.592  1   34.361   34.361  1
  340.0  340.0  1    8.558    8.558  1   34.360   34.360  1
  342.0  342.0  1    8.517    8.517  1   34.360   34.360  1
  344.0  344.0  1    8.432    8.432  1   34.359   34.359  1
  346.0  346.0  1    8.399    8.399  1   34.358   34.358  1
  348.0  348.0  1    8.376    8.376  1   34.356   34.356  1
  350.0  350.0  1    8.336    8.336  1   34.355   34.355  1
  352.0  352.0  1    8.264    8.264  1   34.353   34.353  1
  354.0  354.0  1    8.199    8.199  1   34.350   34.350  1
  356.0  356.0  1    8.170    8.170  1   34.349   34.349  1
  358.0  358.0  1    8.145    8.145  1   34.348   34.348  1
  360.0  360.0  1    8.113    8.113  1   34.346   34.346  1
  362.0  362.0  1    8.039    8.039  1   34.346   34.346  1
  364.0  364.0  1    7.948    7.948  1   34.344   34.344  1
  366.0  366.0  1    7.890    7.890  1   34.344   34.344  1
  368.0  368.0  1    7.869    7.869  1   34.345   34.345  1
  370.0  370.0  1    7.849    7.849  1   34.345   34.345  1
  372.0  372.0  1    7.803    7.803  1   34.342   34.342  1
  374.0  374.0  1    7.771    7.771  1   34.341   34.341  1
  376.0  376.0  1    7.742    7.742  1   34.341   34.341  1
  378.0  378.0  1    7.692    7.692  1   34.341   34.341  1
  380.0  380.0  1    7.666    7.666  1   34.340   34.340  1
  382.0  382.0  1    7.652    7.652  1   34.341   34.341  1
  384.0  384.0  1    7.618    7.618  1   34.342   34.342  1
  386.0  386.0  1    7.600    7.600  1   34.343   34.343  1
  388.0  388.0  1    7.564    7.564  1   34.347   34.347  1
  390.0  390.0  1    7.538    7.538  1   34.346   34.346  1
  392.0  392.0  1    7.527    7.527  1   34.346   34.346  1
  394.0  394.0  1    7.501    7.501  1   34.349   34.349  1
  396.0  396.0  1    7.476    7.476  1   34.351   34.351  1
  398.0  398.0  1    7.442    7.442  1   34.354   34.354  1
  400.0  400.0  1    7.416    7.416  1   34.354   34.354  1
  402.0  402.0  1    7.397    7.397  1   34.353   34.353  1
  404.0  404.0  1    7.384    7.384  1   34.351   34.351  1
  406.0  406.0  1    7.379    7.379  1   34.350   34.350  1
  408.0  408.0  1    7.366    7.366  1   34.353   34.353  1
  410.0  410.0  1    7.343    7.343  1   34.353   34.353  1
  412.0  412.0  1    7.336    7.336  1   34.352   34.352  1
  414.0  414.0  1    7.326    7.326  1   34.352   34.352  1
  416.0  416.0  1    7.301    7.301  1   34.353   34.353  1
  418.0  418.0  1    7.284    7.284  1   34.352   34.352  1
  420.0  420.0  1    7.272    7.272  1   34.351   34.351  1
  422.0  422.0  1    7.253    7.253  1   34.351   34.351  1
  424.0  424.0  1    7.233    7.233  1   34.352   34.352  1
  426.0  426.0  1    7.218    7.218  1   34.352   34.352  1
  428.0  428.0  1    7.203    7.203  1   34.352   34.352  1
  430.0  430.0  1    7.196    7.196  1   34.352   34.352  1
  432.0  432.0  1    7.192    7.192  1   34.352   34.352  1
  434.0  434.0  1    7.186    7.186  1   34.352   34.352  1
  436.0  436.0  1    7.173    7.173  1   34.352   34.352  1
  438.0  438.0  1    7.155    7.155  1   34.351   34.351  1
  440.0  440.0  1    7.149    7.149  1   34.351   34.351  1
  442.0  442.0  1    7.137    7.137  1   34.352   34.352  1
  444.0  444.0  1    7.123    7.123  1   34.351   34.351  1
  446.0  446.0  1    7.115    7.115  1   34.350   34.350  1
  448.0  448.0  1    7.108    7.108  1   34.350   34.350  1
  450.0  450.0  1    7.099    7.099  1   34.350   34.350  1
  452.0  452.0  1    7.086    7.086  1   34.350   34.350  1
  454.0  454.0  1    7.080    7.080  1   34.350   34.350  1
  456.0  456.0  1    7.076    7.076  1   34.350   34.350  1
  458.0  458.0  1    7.050    7.050  1   34.350   34.350  1
  460.0  460.0  1    7.024    7.024  1   34.350   34.350  1
  462.0  462.0  1    7.009    7.009  1   34.349   34.349  1
  464.0  464.0  1    7.005    7.005  1   34.349   34.349  1
  466.0  466.0  1    6.988    6.988  1   34.349   34.349  1
  468.0  468.0  1    6.980    6.980  1   34.348   34.348  1
  470.0  470.0  1    6.974    6.974  1   34.348   34.348  1
  472.0  472.0  1    6.967    6.967  1   34.348   34.348  1
  474.0  474.0  1    6.961    6.961  1   34.348   34.348  1
  476.0  476.0  1    6.948    6.948  1   34.347   34.347  1
  478.0  478.0  1    6.937    6.937  1   34.347   34.347  1
  480.0  480.0  1    6.933    6.933  1   34.347   34.347  1
  482.0  482.0  1    6.931    6.931  1   34.346   34.346  1
  484.0  484.0  1    6.921    6.921  1   34.346   34.346  1
  486.0  486.0  1    6.913    6.913  1   34.346   34.346  1
  488.0  488.0  1    6.899    6.899  1   34.345   34.345  1
  490.0  490.0  1    6.889    6.889  1   34.345   34.345  1
  492.0  492.0  1    6.878    6.878  1   34.344   34.344  1
  494.0  494.0  1    6.866    6.866  1   34.344   34.344  1
  496.0  496.0  1    6.857    6.857  1   34.343   34.343  1
  498.0  498.0  1    6.851    6.851  1   34.343   34.343  1
  500.0  500.0  1    6.846    6.846  1   34.343   34.343  1
  502.0  502.0  1    6.839    6.839  1   34.343   34.343  1
  504.0  504.0  1    6.832    6.832  1   34.343   34.343  1
  506.0  506.0  1    6.831    6.831  1   34.344   34.344  1
  508.0  508.0  1    6.832    6.832  1   34.345   34.345  1
  510.0  510.0  1    6.831    6.831  1   34.345   34.345  1
  512.0  512.0  1    6.826    6.826  1   34.345   34.345  1
  514.0  514.0  1    6.824    6.824  1   34.345   34.345  1
  516.0  516.0  1    6.815    6.815  1   34.345   34.345  1
  518.0  518.0  1    6.802    6.802  1   34.344   34.344  1
  520.0  520.0  1    6.789    6.789  1   34.343   34.343  1
  522.0  522.0  1    6.778    6.778  1   34.342   34.342  1
  524.0  524.0  1    6.762    6.762  1   34.340   34.340  1
  526.0  526.0  1    6.753    6.753  1   34.339   34.339  1
  528.0  528.0  1    6.743    6.743  1   34.338   34.338  1
  530.0  530.0  1    6.727    6.727  1   34.338   34.338  1
  532.0  532.0  1    6.704    6.704  1   34.337   34.337  1
  534.0  534.0  1    6.693    6.693  1   34.336   34.336  1
  536.0  536.0  1    6.681    6.681  1   34.335   34.335  1
  538.0  538.0  1    6.676    6.676  1   34.335   34.335  1
  540.0  540.0  1    6.666    6.666  1   34.335   34.335  1
  542.0  542.0  1    6.659    6.659  1   34.334   34.334  1
  544.0  544.0  1    6.654    6.654  1   34.334   34.334  1
  546.0  546.0  1    6.639    6.639  1   34.333   34.333  1
  548.0  548.0  1    6.633    6.633  1   34.333   34.333  1
  550.0  550.0  1    6.621    6.621  1   34.333   34.333  1
  552.0  552.0  1    6.607    6.607  1   34.331   34.331  1
  554.0  554.0  1    6.597    6.597  1   34.331   34.331  1
  556.0  556.0  1    6.580    6.580  1   34.330   34.330  1
  557.9  557.9  1    6.566    6.566  1   34.329   34.329  1
  560.0  560.0  1    6.554    6.554  1   34.329   34.329  1
  562.0  562.0  1    6.546    6.546  1   34.328   34.328  1
  564.0  564.0  1    6.540    6.540  1   34.328   34.328  1
  566.0  566.0  1    6.532    6.532  1   34.328   34.328  1
  568.0  568.0  1    6.526    6.526  1   34.328   34.328  1
  570.0  570.0  1    6.515    6.515  1   34.328   34.328  1
  572.0  572.0  1    6.503    6.503  1   34.327   34.327  1
  574.0  574.0  1    6.496    6.496  1   34.326   34.326  1
  576.0  576.0  1    6.491    6.491  1   34.326   34.326  1
  578.0  578.0  1    6.483    6.483  1   34.325   34.325  1
  580.0  580.0  1    6.475    6.475  1   34.325   34.325  1
  582.0  582.0  1    6.466    6.466  1   34.324   34.324  1
  584.0  584.0  1    6.460    6.460  1   34.324   34.324  1
  586.0  586.0  1    6.453    6.453  1   34.324   34.324  1
  588.0  588.0  1    6.437    6.437  1   34.323   34.323  1
  590.0  590.0  1    6.434    6.434  1   34.323   34.323  1
  592.0  592.0  1    6.429    6.429  1   34.322   34.322  1
  594.0  594.0  1    6.415    6.415  1   34.322   34.322  1
  596.0  596.0  1    6.399    6.399  1   34.321   34.321  1
  598.0  598.0  1    6.393    6.393  1   34.320   34.320  1
  600.0  600.0  1    6.389    6.389  1   34.320   34.320  1
  602.0  602.0  1    6.382    6.382  1   34.320   34.320  1
  604.0  604.0  1    6.365    6.365  1   34.319   34.319  1
  606.0  606.0  1    6.349    6.349  1   34.319   34.319  1
  608.0  608.0  1    6.341    6.341  1   34.319   34.319  1
  610.0  610.0  1    6.330    6.330  1   34.319   34.319  1
  612.0  612.0  1    6.321    6.321  1   34.318   34.318  1
  614.0  614.0  1    6.317    6.317  1   34.318   34.318  1
  616.0  616.0  1    6.310    6.310  1   34.317   34.317  1
  618.0  618.0  1    6.296    6.296  1   34.317   34.317  1
  620.0  620.0  1    6.284    6.284  1   34.316   34.316  1
  622.0  622.0  1    6.266    6.266  1   34.314   34.314  1
  624.0  624.0  1    6.261    6.261  1   34.314   34.314  1
  626.0  626.0  1    6.260    6.260  1   34.314   34.314  1
  628.0  628.0  1    6.254    6.254  1   34.314   34.314  1
  630.0  630.0  1    6.242    6.242  1   34.313   34.313  1
  632.0  632.0  1    6.221    6.221  1   34.312   34.312  1
  634.0  634.0  1    6.209    6.209  1   34.312   34.312  1
  636.0  636.0  1    6.197    6.197  1   34.311   34.311  1
  638.0  638.0  1    6.189    6.189  1   34.311   34.311  1
  640.0  640.0  1    6.180    6.180  1   34.311   34.311  1
  642.0  642.0  1    6.174    6.174  1   34.310   34.310  1
  644.0  644.0  1    6.167    6.167  1   34.310   34.310  1
  646.0  646.0  1    6.162    6.162  1   34.309   34.309  1
  648.0  648.0  1    6.152    6.152  1   34.309   34.309  1
  650.0  650.0  1    6.144    6.144  1   34.308   34.308  1
  652.0  652.0  1    6.141    6.141  1   34.308   34.308  1
  654.0  654.0  1    6.131    6.131  1   34.308   34.308  1
  656.0  656.0  1    6.115    6.115  1   34.307   34.307  1
  658.0  658.0  1    6.111    6.111  1   34.306   34.306  1
  660.0  660.0  1    6.098    6.098  1   34.306   34.306  1
  662.0  662.0  1    6.084    6.084  1   34.306   34.306  1
  664.0  664.0  1    6.071    6.071  1   34.305   34.305  1
  666.0  666.0  1    6.067    6.067  1   34.305   34.305  1
  668.0  668.0  1    6.060    6.060  1   34.304   34.304  1
  670.0  670.0  1    6.047    6.047  1   34.303   34.303  1
  672.0  672.0  1    6.042    6.042  1   34.303   34.303  1
  674.0  674.0  1    6.028    6.028  1   34.302   34.302  1
  675.9  675.9  1    6.022    6.022  1   34.302   34.302  1
  678.0  678.0  1    6.018    6.018  1   34.302   34.302  1
  680.0  680.0  1    6.005    6.005  1   34.301   34.301  1
  682.0  682.0  1    5.993    5.993  1   34.301   34.301  1
  684.0  684.0  1    5.980    5.980  1   34.300   34.300  1
  686.0  686.0  1    5.973    5.973  1   34.299   34.299  1
  688.0  688.0  1    5.969    5.969  1   34.299   34.299  1
  690.0  690.0  1    5.959    5.959  1   34.299   34.299  1
  692.0  692.0  1    5.941    5.941  1   34.298   34.298  1
  694.0  694.0  1    5.930    5.930  1   34.298   34.298  1
  696.0  696.0  1    5.914    5.914  1   34.297   34.297  1
  698.0  698.0  1    5.901    5.901  1   34.297   34.297  1
  700.0  700.0  1    5.896    5.896  1   34.296   34.296  1
  702.0  702.0  1    5.893    5.893  1   34.296   34.296  1
  704.0  704.0  1    5.888    5.888  1   34.296   34.296  1
  706.0  706.0  1    5.884    5.884  1   34.296   34.296  1
  708.0  708.0  1    5.876    5.876  1   34.295   34.295  1
  710.0  710.0  1    5.871    5.871  1   34.295   34.295  1
  712.0  712.0  1    5.861    5.861  1   34.294   34.294  1
  714.0  714.0  1    5.851    5.851  1   34.294   34.294  1
  716.0  716.0  1    5.838    5.838  1   34.294   34.294  1
  718.0  718.0  1    5.830    5.830  1   34.293   34.293  1
  720.0  720.0  1    5.824    5.824  1   34.293   34.293  1
  722.0  722.0  1    5.819    5.819  1   34.293   34.293  1
  724.0  724.0  1    5.809    5.809  1   34.292   34.292  1
  726.0  726.0  1    5.794    5.794  1   34.292   34.292  1
  728.0  728.0  1    5.787    5.787  1   34.291   34.291  1
  730.0  730.0  1    5.778    5.778  1   34.292   34.292  1
  732.0  732.0  1    5.775    5.775  1   34.292   34.292  1
  734.0  734.0  1    5.757    5.757  1   34.291   34.291  1
  736.0  736.0  1    5.744    5.744  1   34.290   34.290  1
  738.0  738.0  1    5.736    5.736  1   34.290   34.290  1
  740.0  740.0  1    5.721    5.721  1   34.291   34.291  1
  742.0  742.0  1    5.717    5.717  1   34.290   34.290  1
  744.0  744.0  1    5.707    5.707  1   34.290   34.290  1
  746.0  746.0  1    5.685    5.685  1   34.289   34.289  1
  748.0  748.0  1    5.681    5.681  1   34.289   34.289  1
  750.0  750.0  1    5.680    5.680  1   34.289   34.289  1
  752.0  752.0  1    5.670    5.670  1   34.289   34.289  1
  754.0  754.0  1    5.664    5.664  1   34.289   34.289  1
  756.0  756.0  1    5.653    5.653  1   34.289   34.289  1
  758.0  758.0  1    5.638    5.638  1   34.289   34.289  1
  760.0  760.0  1    5.634    5.634  1   34.289   34.289  1
  762.0  762.0  1    5.630    5.630  1   34.289   34.289  1
  764.0  764.0  1    5.626    5.626  1   34.288   34.288  1
  766.0  766.0  1    5.618    5.618  1   34.288   34.288  1
  768.0  768.0  1    5.612    5.612  1   34.288   34.288  1
  770.0  770.0  1    5.597    5.597  1   34.287   34.287  1
  772.0  772.0  1    5.584    5.584  1   34.288   34.288  1
  774.0  774.0  1    5.573    5.573  1   34.287   34.287  1
  776.0  776.0  1    5.568    5.568  1   34.286   34.286  1
  778.0  778.0  1    5.560    5.560  1   34.286   34.286  1
  780.0  780.0  1    5.554    5.554  1   34.286   34.286  1
  782.0  782.0  1    5.554    5.554  1   34.287   34.287  1
  784.0  784.0  1    5.544    5.544  1   34.287   34.287  1
  786.0  786.0  1    5.536    5.536  1   34.287   34.287  1
  788.0  788.0  1    5.521    5.521  1   34.287   34.287  1
  790.0  790.0  1    5.513    5.513  1   34.287   34.287  1
  792.0  792.0  1    5.504    5.504  1   34.287   34.287  1
  794.0  794.0  1    5.500    5.500  1   34.286   34.286  1
  796.0  796.0  1    5.497    5.497  1   34.286   34.286  1
  798.0  798.0  1    5.478    5.478  1   34.286   34.286  1
  800.0  800.0  1    5.460    5.460  1   34.285   34.285  1
  802.0  802.0  1    5.447    5.447  1   34.285   34.285  1
  804.0  804.0  1    5.445    5.445  1   34.285   34.285  1
  806.0  806.0  1    5.445    5.445  1   34.285   34.285  1
  808.0  808.0  1    5.445    5.445  1   34.285   34.285  1
  810.0  810.0  1    5.441    5.441  1   34.285   34.285  1
  812.0  812.0  1    5.420    5.420  1   34.285   34.285  1
  814.0  814.0  1    5.409    5.409  1   34.285   34.285  1
  816.0  816.0  1    5.399    5.399  1   34.285   34.285  1
  818.0  818.0  1    5.375    5.375  1   34.285   34.285  1
  820.0  820.0  1    5.358    5.358  1   34.285   34.285  1
  822.0  822.0  1    5.347    5.347  1   34.285   34.285  1
  824.0  824.0  1    5.341    5.341  1   34.285   34.285  1
  826.0  826.0  1    5.339    5.339  1   34.285   34.285  1
  828.0  828.0  1    5.333    5.333  1   34.285   34.285  1
  830.0  830.0  1    5.326    5.326  1   34.285   34.285  1
  832.0  832.0  1    5.311    5.311  1   34.286   34.286  1
  834.0  834.0  1    5.291    5.291  1   34.286   34.286  1
  836.0  836.0  1    5.286    5.286  1   34.286   34.286  1
  838.0  838.0  1    5.280    5.280  1   34.286   34.286  1
  840.0  840.0  1    5.268    5.268  1   34.286   34.286  1
  842.0  842.0  1    5.259    5.259  1   34.286   34.286  1
  844.0  844.0  1    5.252    5.252  1   34.287   34.287  1
  846.0  846.0  1    5.238    5.238  1   34.287   34.287  1
  848.0  848.0  1    5.235    5.235  1   34.288   34.288  1
  850.0  850.0  1    5.215    5.215  1   34.287   34.287  1
  852.0  852.0  1    5.200    5.200  1   34.287   34.287  1
  854.0  854.0  1    5.198    5.198  1   34.288   34.288  1
  856.0  856.0  1    5.180    5.180  1   34.288   34.288  1
  858.0  858.0  1    5.180    5.180  1   34.289   34.289  1
  860.0  860.0  1    5.171    5.171  1   34.290   34.290  1
  862.0  862.0  1    5.153    5.153  1   34.291   34.291  1
  864.0  864.0  1    5.142    5.142  1   34.291   34.291  1
  866.0  866.0  1    5.120    5.120  1   34.292   34.292  1
  868.0  868.0  1    5.099    5.099  1   34.293   34.293  1
  870.0  870.0  1    5.084    5.084  1   34.293   34.293  1
  872.0  872.0  1    5.080    5.080  1   34.293   34.293  1
  874.0  874.0  1    5.078    5.078  1   34.293   34.293  1
  876.0  876.0  1    5.068    5.068  1   34.294   34.294  1
  878.0  878.0  1    5.060    5.060  1   34.294   34.294  1
  880.0  880.0  1    5.057    5.057  1   34.294   34.294  1
  882.0  882.0  1    5.054    5.054  1   34.293   34.293  1
  884.0  884.0  1    5.043    5.043  1   34.294   34.294  1
  886.0  886.0  1    5.038    5.038  1   34.293   34.293  1
  888.0  888.0  1    5.035    5.035  1   34.293   34.293  1
  890.0  890.0  1    5.025    5.025  1   34.294   34.294  1
  892.0  892.0  1    5.017    5.017  1   34.294   34.294  1
  894.0  894.0  1    5.008    5.008  1   34.295   34.295  1
  896.0  896.0  1    5.005    5.005  1   34.295   34.295  1
  898.0  898.0  1    4.995    4.995  1   34.295   34.295  1
  900.0  900.0  1    4.990    4.990  1   34.295   34.295  1
  902.0  902.0  1    4.980    4.980  1   34.296   34.296  1
  904.0  904.0  1    4.977    4.977  1   34.296   34.296  1
  906.0  906.0  1    4.975    4.975  1   34.296   34.296  1
  908.0  908.0  1    4.968    4.968  1   34.296   34.296  1
  910.0  910.0  1    4.962    4.962  1   34.296   34.296  1
  912.0  912.0  1    4.957    4.957  1   34.296   34.296  1
  914.0  914.0  1    4.955    4.955  1   34.296   34.296  1
  916.0  916.0  1    4.947    4.947  1   34.297   34.297  1
  918.0  918.0  1    4.943    4.943  1   34.297   34.297  1
  920.0  920.0  1    4.942    4.942  1   34.296   34.296  1
  922.0  922.0  1    4.936    4.936  1   34.297   34.297  1
  924.0  924.0  1    4.920    4.920  1   34.297   34.297  1
  926.0  926.0  1    4.896    4.896  1   34.298   34.298  1
  928.0  928.0  1    4.883    4.883  1   34.299   34.299  1
  930.0  930.0  1    4.870    4.870  1   34.299   34.299  1
  932.0  932.0  1    4.862    4.862  1   34.299   34.299  1
  934.0  934.0  1    4.853    4.853  1   34.299   34.299  1
  936.0  936.0  1    4.845    4.845  1   34.299   34.299  1
  938.0  938.0  1    4.826    4.826  1   34.301   34.301  1
  940.0  940.0  1    4.816    4.816  1   34.301   34.301  1
  942.0  942.0  1    4.813    4.813  1   34.301   34.301  1
  944.0  944.0  1    4.809    4.809  1   34.301   34.301  1
  946.0  946.0  1    4.800    4.800  1   34.302   34.302  1
  948.0  948.0  1    4.778    4.778  1   34.303   34.303  1
  950.0  950.0  1    4.775    4.775  1   34.302   34.302  1
  952.0  952.0  1    4.773    4.773  1   34.302   34.302  1
  954.0  954.0  1    4.750    4.750  1   34.304   34.304  1
  956.0  956.0  1    4.733    4.733  1   34.304   34.304  1
  958.0  958.0  1    4.726    4.726  1   34.304   34.304  1
  960.0  960.0  1    4.725    4.725  1   34.304   34.304  1
  962.0  962.0  1    4.721    4.721  1   34.304   34.304  1
  964.0  964.0  1    4.713    4.713  1   34.304   34.304  1
  966.0  966.0  1    4.688    4.688  1   34.306   34.306  1
  968.0  968.0  1    4.675    4.675  1   34.306   34.306  1
  970.0  970.0  1    4.668    4.668  1   34.306   34.306  1
  972.0  972.0  1    4.655    4.655  1   34.307   34.307  1
  974.0  974.0  1    4.650    4.650  1   34.307   34.307  1
  976.0  976.0  1    4.636    4.636  1   34.307   34.307  1
  978.0  978.0  1    4.618    4.618  1   34.308   34.308  1
  987.6  987.6  1    4.559    4.559  1   34.311   34.311  1
  999.1  999.0  1    4.488    4.488  1   34.313   34.313  1
 1008.7 1008.6  1    4.452    4.452  1   34.316   34.316  1
 1019.2 1019.1  1    4.383    4.383  1   34.320   34.320  1
 1028.7 1028.7  1    4.355    4.355  1   34.322   34.322  1
 1039.1 1039.0  1    4.263    4.263  1   34.327   34.327  1
 1048.5 1048.4  1    4.245    4.245  1   34.328   34.328  1
 1058.9 1058.8  1    4.191    4.191  1   34.333   34.333  1
 1068.8 1068.8  1    4.128    4.128  1   34.338   34.338  1
 1078.3 1078.3  1    4.080    4.080  1   34.341   34.341  1
 1088.0 1087.9  1    4.016    4.016  1   34.346   34.346  1
 1098.0 1097.9  1    3.990    3.990  1   34.348   34.348  1
 1108.3 1108.2  1    3.934    3.934  1   34.354   34.354  1
 1118.6 1118.5  1    3.870    3.870  1   34.361   34.361  1
 1127.9 1127.8  1    3.848    3.848  1   34.362   34.362  1
 1138.5 1138.5  1    3.783    3.783  1   34.373   34.373  1
 1148.1 1148.0  1    3.744    3.744  1   34.378   34.378  1
 1158.5 1158.4  1    3.724    3.724  1   34.381   34.381  1
 1167.8 1167.8  1    3.685    3.685  1   34.387   34.387  1
 1178.2 1178.1  1    3.635    3.635  1   34.393   34.393  1
 1188.1 1188.0  1    3.604    3.604  1   34.400   34.400  1
 1198.1 1198.0  1    3.580    3.580  1   34.403   34.403  1
 1208.3 1208.3  1    3.546    3.546  1   34.409   34.409  1
 1218.4 1218.3  1    3.513    3.513  1   34.414   34.414  1
 1226.5 1226.4  1    3.491    3.491  1   34.416   34.416  1
 1239.1 1239.0  1    3.449    3.449  1   34.424   34.424  1
 1248.6 1248.6  1    3.427    3.427  1   34.428   34.428  1
 1258.7 1258.7  1    3.392    3.392  1   34.433   34.433  1
 1268.5 1268.4  1    3.362    3.362  1   34.438   34.438  1
 1278.7 1278.7  1    3.330    3.330  1   34.444   34.444  1
 1288.6 1288.5  1    3.309    3.309  1   34.448   34.448  1
 1298.7 1298.6  1    3.286    3.286  1   34.451   34.451  1
 1308.1 1308.0  1    3.242    3.242  1   34.458   34.458  1
 1318.4 1318.4  1    3.227    3.227  1   34.461   34.461  1
 1328.8 1328.8  1    3.191    3.191  1   34.467   34.467  1
 1338.4 1338.4  1    3.160    3.160  1   34.473   34.473  1
 1348.8 1348.8  1    3.134    3.134  1   34.477   34.477  1
 1358.2 1358.1  1    3.109    3.109  1   34.481   34.481  1
 1368.5 1368.4  1    3.081    3.081  1   34.486   34.486  1
 1378.5 1378.5  1    3.055    3.055  1   34.490   34.490  1
 1388.5 1388.5  1    3.029    3.029  1   34.493   34.493  1
 1398.9 1398.8  1    2.986    2.986  1   34.501   34.501  1
 1408.9 1408.8  1    2.957    2.957  1   34.506   34.506  1
 1418.1 1418.1  1    2.930    2.930  1   34.510   34.510  1
 1428.5 1428.5  1    2.913    2.913  1   34.513   34.513  1
 1438.6 1438.6  1    2.887    2.887  1   34.517   34.517  1
 1448.7 1448.7  1    2.859    2.859  1   34.521   34.521  1
 1458.1 1458.1  1    2.812    2.812  1   34.528   34.528  1
 1468.4 1468.3  1    2.778    2.778  1   34.533   34.533  1
 1478.6 1478.6  1    2.768    2.768  1   34.535   34.535  1
 1488.3 1488.2  1    2.744    2.744  1   34.539   34.539  1
 1498.8 1498.8  1    2.722    2.722  1   34.543   34.543  1
 1522.9 1522.9  1    2.688    2.688  1   34.550   34.550  1
 1548.4 1548.4  1    2.629    2.629  1   34.561   34.561  1
 1573.9 1573.9  1    2.589    2.589  1   34.569   34.569  1
 1599.2 1599.2  1    2.534    2.534  1   34.580   34.580  1
 1623.4 1623.3  1    2.478    2.478  1   34.590   34.590  1
 1648.5 1648.4  1    2.433    2.433  1   34.599   34.599  1
 1672.8 1672.8  1    2.417    2.417  1   34.602   34.602  1
 1697.8 1697.7  1    2.396    2.396  1   34.605   34.605  1
 1723.5 1723.4  1    2.343    2.343  1   34.614   34.614  1
 1748.0 1747.9  1    2.325    2.325  1   34.617   34.617  1
 1773.5 1773.5  1    2.316    2.316  1   34.619   34.619  1
 1798.6 1798.5  1    2.293    2.293  1   34.623   34.623  1
 1822.9 1822.9  1    2.264    2.264  1   34.627   34.627  1
 1847.9 1847.8  1    2.235    2.235  1   34.631   34.631  1
 1873.1 1873.0  1    2.213    2.213  1   34.634   34.634  1
 1898.5 1898.5  1    2.185    2.185  1   34.638   34.638  1
 1923.0 1922.9  1    2.164    2.164  1   34.641   34.641  1
 1947.8 1947.7  1    2.135    2.135  1   34.644   34.644  1
 1972.8 1972.7  1    2.111    2.111  1   34.647   34.647  1
 1997.7 1997.6  1    2.091    2.091  1   34.649   34.649  1
