*SoftWare Version 3.0  2018/12/27

*HEADER
     PLATFORM NUMBER       :5904351
     CYCLE NUMBER          :254
     DATE CREATION         :20191216120027
     DATE UPDATE           :20191216120027
     PROJECT NAME          :US ARGO PROJECT
     PI NAME               :DEAN ROEMMICH
     INSTRUMENT TYPE       :SOLO_II
     FLOAT SERIAL NO       :8156
     FIRMWARE VERSION      :V01.50; SBE602 17May13
     WMO INSTRUMENT TYPE   :853
     TRANSMISSION SYSTEM   :IRIDIUM
     POSITIONING SYSTEM    :GPS
     SAMPLE DIRECTION      :A(A=Ascend; D=Descend)
     DATA MODE             :R(R=Real Time; D=Delayed Mode; A=Real Time Adjusted)
     JULIAN DAY            :25541.6227 (days since 1950-01-01 00:00:00 UTC)
     DATE                  :2019-12-06
     QC FLAG FOR DATE      :1
*LOCATION
     LATITUDE              :-12.471 
     LONGITUDE             :-158.472
     QC FLAG FOR LOCATION  :1
*FILE
     COLUMN 1              :Pressure (dbar)                             F7.1
     COLUMN 2              :Corrected Pressure (dbar)                   F7.1
     COLUMN 3              :Quality on Pressure                         I3
     COLUMN 4              :Temperature (degree_Celsius)                F9.3
     COLUMN 5              :Corrected Temperature (degree_Celsius)      F9.3
     COLUMN 6              :Quality on Temperature                      I3
     COLUMN 7              :Salinity (PSU)                              F9.3
     COLUMN 8              :Corrected Salinity (PSU)                    F9.3
     COLUMN 9              :Quality on Salinity                         I3
==========================================================================
    1.0    1.0  1   29.660   29.660  1   36.017   36.017  1
    2.0    2.0  1   29.658   29.658  1   36.017   36.017  1
    3.0    3.0  1   29.660   29.660  1   36.016   36.016  1
    4.0    4.0  1   29.660   29.660  1   36.017   36.017  1
    5.0    5.0  1   29.662   29.662  1   36.017   36.017  1
    6.0    6.0  1   29.667   29.667  1   36.016   36.016  1
    7.0    7.0  1   29.667   29.667  1   36.016   36.016  1
    8.0    8.0  1   29.667   29.667  1   36.016   36.016  1
    9.0    9.0  1   29.668   29.668  1   36.016   36.016  1
   10.0   10.0  1   29.669   29.669  1   36.016   36.016  1
   10.8   10.8  1   29.669   29.669  1   36.016   36.016  1
   12.0   12.0  1   29.670   29.670  1   36.016   36.016  1
   14.0   14.0  1   29.670   29.670  1   36.016   36.016  1
   16.0   16.0  1   29.672   29.672  1   36.016   36.016  1
   18.0   18.0  1   29.673   29.673  1   36.016   36.016  1
   20.0   20.0  1   29.670   29.670  1   36.016   36.016  1
   22.0   22.0  1   29.671   29.671  1   36.016   36.016  1
   24.0   24.0  1   29.671   29.671  1   36.016   36.016  1
   26.0   26.0  1   29.664   29.664  1   36.016   36.016  1
   28.0   28.0  1   29.659   29.659  1   36.016   36.016  1
   30.0   30.0  1   29.664   29.664  1   36.015   36.015  1
   32.0   32.0  1   29.641   29.641  1   36.016   36.016  1
   34.0   34.0  1   29.599   29.599  1   36.016   36.016  1
   36.0   36.0  1   29.523   29.523  1   36.020   36.020  1
   38.0   38.0  1   29.503   29.503  1   36.020   36.020  1
   40.0   40.0  1   29.491   29.491  1   36.020   36.020  1
   42.0   42.0  1   29.469   29.469  1   36.024   36.024  1
   44.0   44.0  1   29.443   29.443  1   36.028   36.028  1
   46.0   46.0  1   29.393   29.393  1   36.046   36.046  1
   48.0   48.0  1   29.297   29.297  1   36.064   36.064  1
   50.0   50.0  1   29.229   29.229  1   36.065   36.065  1
   52.0   52.0  1   29.165   29.165  1   36.068   36.068  1
   54.0   54.0  1   29.127   29.127  1   36.076   36.076  1
   56.0   56.0  1   29.035   29.035  1   36.083   36.083  1
   58.0   58.0  1   28.887   28.887  1   36.097   36.097  1
   60.0   60.0  1   28.809   28.809  1   36.110   36.110  1
   62.0   62.0  1   28.723   28.723  1   36.130   36.130  1
   64.0   64.0  1   28.635   28.635  1   36.153   36.153  1
   66.0   66.0  1   28.619   28.619  1   36.157   36.157  1
   68.0   68.0  1   28.607   28.607  1   36.159   36.159  1
   70.0   70.0  1   28.587   28.587  1   36.163   36.163  1
   72.0   72.0  1   28.569   28.569  1   36.165   36.165  1
   74.0   74.0  1   28.441   28.441  1   36.194   36.194  1
   76.0   76.0  1   28.317   28.317  1   36.212   36.212  1
   78.0   78.0  1   28.265   28.265  1   36.220   36.220  1
   80.0   80.0  1   28.185   28.185  1   36.241   36.241  1
   82.0   82.0  1   28.071   28.071  1   36.258   36.258  1
   84.0   84.0  1   27.993   27.993  1   36.254   36.254  1
   86.0   86.0  1   27.943   27.943  1   36.273   36.273  1
   88.0   88.0  1   27.895   27.895  1   36.283   36.283  1
   90.1   90.1  1   27.812   27.812  1   36.282   36.282  1
   92.0   92.0  1   27.770   27.770  1   36.284   36.284  1
   94.0   94.0  1   27.728   27.728  1   36.290   36.290  1
   96.0   96.0  1   27.720   27.720  1   36.295   36.295  1
   98.0   98.0  1   27.732   27.732  1   36.311   36.311  1
  100.0  100.0  1   27.708   27.708  1   36.310   36.310  1
  102.0  102.0  1   27.646   27.646  1   36.305   36.305  1
  104.0  104.0  1   27.590   27.590  1   36.303   36.303  1
  106.0  106.0  1   27.574   27.574  1   36.303   36.303  1
  108.0  108.0  1   27.544   27.544  1   36.306   36.306  1
  110.0  110.0  1   27.510   27.510  1   36.309   36.309  1
  112.0  112.0  1   27.442   27.442  1   36.315   36.315  1
  114.0  114.0  1   27.344   27.344  1   36.325   36.325  1
  116.0  116.0  1   27.254   27.254  1   36.330   36.330  1
  118.0  118.0  1   27.084   27.084  1   36.321   36.321  1
  120.0  120.0  1   26.940   26.940  1   36.316   36.316  1
  122.0  122.0  1   26.876   26.876  1   36.317   36.317  1
  124.0  124.0  1   26.824   26.824  1   36.320   36.320  1
  126.0  126.0  1   26.778   26.778  1   36.320   36.320  1
  128.0  128.0  1   26.734   26.734  1   36.317   36.317  1
  130.0  130.0  1   26.656   26.656  1   36.315   36.315  1
  132.0  132.0  1   26.600   26.600  1   36.313   36.313  1
  134.0  134.0  1   26.452   26.452  1   36.309   36.309  1
  136.0  136.0  1   26.232   26.232  1   36.307   36.307  1
  138.0  138.0  1   26.164   26.164  1   36.304   36.304  1
  140.0  140.0  1   26.140   26.140  1   36.304   36.304  1
  142.0  142.0  1   26.128   26.128  1   36.303   36.303  1
  144.0  144.0  1   26.092   26.092  1   36.302   36.302  1
  146.0  146.0  1   26.060   26.060  1   36.300   36.300  1
  148.0  148.0  1   25.932   25.932  1   36.301   36.301  1
  150.0  150.0  1   25.756   25.756  1   36.300   36.300  1
  152.0  152.0  1   25.500   25.500  1   36.296   36.296  1
  154.0  154.0  1   25.336   25.336  1   36.300   36.300  1
  156.0  156.0  1   25.280   25.280  1   36.303   36.303  1
  158.0  158.0  1   25.248   25.248  1   36.303   36.303  1
  160.0  160.0  1   25.164   25.164  1   36.305   36.305  1
  162.0  162.0  1   24.784   24.784  1   36.314   36.314  1
  164.0  164.0  1   24.716   24.716  1   36.313   36.313  1
  166.0  166.0  1   24.620   24.620  1   36.305   36.305  1
  168.0  168.0  1   24.468   24.468  1   36.299   36.299  1
  170.0  170.0  1   24.364   24.364  1   36.291   36.291  1
  172.0  172.0  1   24.244   24.244  1   36.284   36.284  1
  174.0  174.0  1   24.196   24.196  1   36.280   36.280  1
  176.0  176.0  1   24.144   24.144  1   36.276   36.276  1
  178.0  178.0  1   24.096   24.096  1   36.271   36.271  1
  180.0  180.0  1   24.032   24.032  1   36.267   36.267  1
  182.0  182.0  1   23.952   23.952  1   36.261   36.261  1
  184.0  184.0  1   23.868   23.868  1   36.253   36.253  1
  186.0  186.0  1   23.808   23.808  1   36.247   36.247  1
  188.0  188.0  1   23.504   23.504  1   36.231   36.231  1
  190.0  190.0  1   23.202   23.202  1   36.212   36.212  1
  192.0  192.0  1   23.025   23.025  1   36.201   36.201  1
  194.0  194.0  1   22.917   22.917  1   36.191   36.191  1
  196.0  196.0  1   22.872   22.872  1   36.186   36.186  1
  198.0  198.0  1   22.860   22.860  1   36.182   36.182  1
  200.0  200.0  1   22.800   22.800  1   36.173   36.173  1
  202.0  202.0  1   22.698   22.698  1   36.158   36.158  1
  204.0  204.0  1   22.518   22.518  1   36.137   36.137  1
  206.0  206.0  1   22.404   22.404  1   36.122   36.122  1
  208.0  208.0  1   22.311   22.311  1   36.105   36.105  1
  210.0  210.0  1   22.074   22.074  1   36.070   36.070  1
  212.0  212.0  1   21.948   21.948  1   36.053   36.053  1
  214.0  214.0  1   21.843   21.843  1   36.038   36.038  1
  216.0  216.0  1   21.786   21.786  1   36.030   36.030  1
  218.0  218.0  1   21.720   21.720  1   36.018   36.018  1
  220.0  220.0  1   21.591   21.591  1   36.000   36.000  1
  222.0  222.0  1   21.498   21.498  1   35.984   35.984  1
  224.0  224.0  1   21.252   21.252  1   35.955   35.955  1
  226.0  226.0  1   21.093   21.093  1   35.929   35.929  1
  228.0  228.0  1   20.967   20.967  1   35.910   35.910  1
  230.0  230.0  1   20.865   20.865  1   35.891   35.891  1
  232.0  232.0  1   20.613   20.613  1   35.853   35.853  1
  234.0  234.0  1   20.322   20.322  1   35.808   35.808  1
  236.0  236.0  1   19.956   19.956  1   35.757   35.757  1
  238.0  238.0  1   19.737   19.737  1   35.723   35.723  1
  240.0  240.0  1   19.509   19.509  1   35.692   35.692  1
  242.0  242.0  1   19.465   19.465  1   35.683   35.683  1
  244.0  244.0  1   19.453   19.453  1   35.681   35.681  1
  246.0  246.0  1   19.425   19.425  1   35.675   35.675  1
  248.0  248.0  1   19.353   19.353  1   35.662   35.662  1
  250.0  250.0  1   19.241   19.241  1   35.645   35.645  1
  252.0  252.0  1   19.161   19.161  1   35.633   35.633  1
  254.0  254.0  1   19.017   19.017  1   35.613   35.613  1
  256.0  256.0  1   18.909   18.909  1   35.594   35.594  1
  258.0  258.0  1   18.689   18.689  1   35.565   35.565  1
  260.0  260.0  1   18.541   18.541  1   35.544   35.544  1
  262.0  262.0  1   18.441   18.441  1   35.528   35.528  1
  264.0  264.0  1   18.353   18.353  1   35.514   35.514  1
  266.0  266.0  1   18.265   18.265  1   35.500   35.500  1
  268.0  268.0  1   18.145   18.145  1   35.483   35.483  1
  270.0  270.0  1   18.089   18.089  1   35.473   35.473  1
  272.0  272.0  1   17.925   17.925  1   35.448   35.448  1
  274.0  274.0  1   17.741   17.741  1   35.420   35.420  1
  276.0  276.0  1   17.353   17.353  1   35.370   35.370  1
  278.0  278.0  1   17.257   17.257  1   35.355   35.355  1
  280.0  280.0  1   17.093   17.093  1   35.335   35.335  1
  282.0  282.0  1   17.017   17.017  1   35.323   35.323  1
  284.0  284.0  1   16.813   16.813  1   35.292   35.292  1
  286.0  286.0  1   16.509   16.509  1   35.255   35.255  1
  288.0  288.0  1   16.145   16.145  1   35.214   35.214  1
  290.0  290.0  1   16.065   16.065  1   35.203   35.203  1
  292.0  292.0  1   15.948   15.948  1   35.187   35.187  1
  294.0  294.0  1   15.768   15.768  1   35.164   35.164  1
  296.0  296.0  1   15.594   15.594  1   35.143   35.143  1
  298.0  298.0  1   15.453   15.453  1   35.127   35.127  1
  300.0  300.0  1   15.396   15.396  1   35.120   35.120  1
  302.0  302.0  1   15.363   15.363  1   35.115   35.115  1
  304.0  304.0  1   15.282   15.282  1   35.105   35.105  1
  306.0  306.0  1   15.180   15.180  1   35.093   35.093  1
  308.0  308.0  1   15.096   15.096  1   35.083   35.083  1
  310.0  310.0  1   15.033   15.033  1   35.075   35.075  1
  312.0  312.0  1   14.961   14.961  1   35.066   35.066  1
  314.0  314.0  1   14.910   14.910  1   35.055   35.055  1
  316.0  316.0  1   14.700   14.700  1   35.032   35.032  1
  318.0  318.0  1   14.409   14.409  1   35.004   35.004  1
  320.0  320.0  1   14.118   14.118  1   34.975   34.975  1
  322.0  322.0  1   14.043   14.043  1   34.965   34.965  1
  324.0  324.0  1   13.959   13.959  1   34.955   34.955  1
  326.0  326.0  1   13.872   13.872  1   34.946   34.946  1
  328.0  328.0  1   13.800   13.800  1   34.936   34.936  1
  330.0  330.0  1   13.695   13.695  1   34.924   34.924  1
  332.0  332.0  1   13.527   13.527  1   34.906   34.906  1
  334.0  334.0  1   13.404   13.404  1   34.892   34.892  1
  336.0  336.0  1   13.293   13.293  1   34.878   34.878  1
  338.0  338.0  1   13.047   13.047  1   34.855   34.855  1
  340.0  340.0  1   12.656   12.656  1   34.828   34.828  1
  342.0  342.0  1   12.476   12.476  1   34.811   34.811  1
  344.0  344.0  1   12.377   12.377  1   34.805   34.805  1
  346.0  346.0  1   12.323   12.323  1   34.800   34.800  1
  348.0  348.0  1   12.284   12.284  1   34.797   34.797  1
  350.0  350.0  1   12.269   12.269  1   34.795   34.795  1
  352.0  352.0  1   12.260   12.260  1   34.792   34.792  1
  354.0  354.0  1   12.224   12.224  1   34.785   34.785  1
  356.0  356.0  1   11.972   11.972  1   34.772   34.772  1
  358.0  358.0  1   11.882   11.882  1   34.761   34.761  1
  360.0  360.0  1   11.792   11.792  1   34.753   34.753  1
  362.0  362.0  1   11.585   11.585  1   34.739   34.739  1
  364.0  364.0  1   11.477   11.477  1   34.728   34.728  1
  366.0  366.0  1   11.465   11.465  1   34.725   34.725  1
  368.0  368.0  1   11.459   11.459  1   34.722   34.722  1
  370.0  370.0  1   11.387   11.387  1   34.711   34.711  1
  372.0  372.0  1   11.045   11.045  1   34.690   34.690  1
  374.0  374.0  1   10.928   10.928  1   34.681   34.681  1
  376.0  376.0  1   10.796   10.796  1   34.674   34.674  1
  378.1  378.1  1   10.730   10.730  1   34.669   34.669  1
  380.0  380.0  1   10.706   10.706  1   34.666   34.666  1
  382.0  382.0  1   10.658   10.658  1   34.662   34.662  1
  384.0  384.0  1   10.583   10.583  1   34.656   34.656  1
  386.0  386.0  1   10.415   10.415  1   34.649   34.649  1
  388.0  388.0  1   10.328   10.328  1   34.643   34.643  1
  390.0  390.0  1   10.238   10.238  1   34.639   34.639  1
  392.0  392.0  1   10.182   10.182  1   34.635   34.635  1
  394.0  394.0  1   10.082   10.082  1   34.631   34.631  1
  396.0  396.0  1   10.054   10.054  1   34.629   34.629  1
  398.0  398.0  1   10.016   10.016  1   34.627   34.627  1
  400.0  400.0  1    9.956    9.956  1   34.625   34.625  1
  402.0  402.0  1    9.934    9.934  1   34.623   34.623  1
  404.0  404.0  1    9.916    9.916  1   34.622   34.622  1
  406.0  406.0  1    9.894    9.894  1   34.620   34.620  1
  408.0  408.0  1    9.852    9.852  1   34.617   34.617  1
  410.0  410.0  1    9.784    9.784  1   34.614   34.614  1
  412.0  412.0  1    9.742    9.742  1   34.611   34.611  1
  414.0  414.0  1    9.674    9.674  1   34.609   34.609  1
  416.0  416.0  1    9.502    9.502  1   34.606   34.606  1
  418.0  418.0  1    9.462    9.462  1   34.607   34.607  1
  420.0  420.0  1    9.412    9.412  1   34.605   34.605  1
  422.0  422.0  1    9.276    9.276  1   34.606   34.606  1
  424.0  424.0  1    9.184    9.184  1   34.601   34.601  1
  426.0  426.0  1    9.102    9.102  1   34.594   34.594  1
  428.0  428.0  1    9.028    9.028  1   34.592   34.592  1
  430.0  430.0  1    8.992    8.992  1   34.592   34.592  1
  432.0  432.0  1    8.948    8.948  1   34.590   34.590  1
  434.0  434.0  1    8.888    8.888  1   34.587   34.587  1
  436.0  436.0  1    8.752    8.752  1   34.582   34.582  1
  438.0  438.0  1    8.674    8.674  1   34.578   34.578  1
  440.0  440.0  1    8.656    8.656  1   34.575   34.575  1
  442.1  442.1  1    8.606    8.606  1   34.572   34.572  1
  444.0  444.0  1    8.494    8.494  1   34.569   34.569  1
  446.0  446.0  1    8.420    8.420  1   34.565   34.565  1
  448.0  448.0  1    8.383    8.383  1   34.564   34.564  1
  450.0  450.0  1    8.376    8.376  1   34.564   34.564  1
  452.0  452.0  1    8.328    8.328  1   34.562   34.562  1
  454.0  454.0  1    8.287    8.287  1   34.561   34.561  1
  456.0  456.0  1    8.276    8.276  1   34.560   34.560  1
  458.0  458.0  1    8.237    8.237  1   34.566   34.566  1
  460.0  460.0  1    8.183    8.183  1   34.567   34.567  1
  462.0  462.0  1    8.162    8.162  1   34.564   34.564  1
  463.9  463.9  1    8.118    8.118  1   34.561   34.561  1
  465.9  465.9  1    8.025    8.025  1   34.557   34.557  1
  468.0  468.0  1    7.978    7.978  1   34.557   34.557  1
  470.0  470.0  1    7.968    7.968  1   34.557   34.557  1
  472.0  472.0  1    7.965    7.965  1   34.558   34.558  1
  474.0  474.0  1    7.954    7.954  1   34.558   34.558  1
  476.0  476.0  1    7.901    7.901  1   34.558   34.558  1
  478.0  478.0  1    7.872    7.872  1   34.556   34.556  1
  480.0  480.0  1    7.821    7.821  1   34.555   34.555  1
  482.0  482.0  1    7.785    7.785  1   34.553   34.553  1
  484.0  484.0  1    7.722    7.722  1   34.549   34.549  1
  486.0  486.0  1    7.690    7.690  1   34.545   34.545  1
  488.0  488.0  1    7.652    7.652  1   34.543   34.543  1
  490.0  490.0  1    7.624    7.624  1   34.542   34.542  1
  492.0  492.0  1    7.577    7.577  1   34.540   34.540  1
  494.0  494.0  1    7.557    7.557  1   34.539   34.539  1
  496.0  496.0  1    7.538    7.538  1   34.538   34.538  1
  498.0  498.0  1    7.509    7.509  1   34.537   34.537  1
  500.0  500.0  1    7.496    7.496  1   34.535   34.535  1
  502.0  502.0  1    7.468    7.468  1   34.533   34.533  1
  504.0  504.0  1    7.433    7.433  1   34.530   34.530  1
  506.0  506.0  1    7.375    7.375  1   34.528   34.528  1
  508.0  508.0  1    7.352    7.352  1   34.526   34.526  1
  510.0  510.0  1    7.335    7.335  1   34.525   34.525  1
  512.0  512.0  1    7.323    7.323  1   34.524   34.524  1
  514.0  514.0  1    7.305    7.305  1   34.523   34.523  1
  516.0  516.0  1    7.292    7.292  1   34.522   34.522  1
  518.0  518.0  1    7.256    7.256  1   34.520   34.520  1
  520.0  520.0  1    7.221    7.221  1   34.518   34.518  1
  522.0  522.0  1    7.131    7.131  1   34.517   34.517  1
  524.0  524.0  1    7.083    7.083  1   34.515   34.515  1
  526.0  526.0  1    7.064    7.064  1   34.515   34.515  1
  528.0  528.0  1    7.058    7.058  1   34.514   34.514  1
  530.0  530.0  1    7.037    7.037  1   34.514   34.514  1
  532.0  532.0  1    7.023    7.023  1   34.513   34.513  1
  534.0  534.0  1    6.993    6.993  1   34.512   34.512  1
  536.0  536.0  1    6.965    6.965  1   34.511   34.511  1
  538.0  538.0  1    6.935    6.935  1   34.510   34.510  1
  540.0  540.0  1    6.909    6.909  1   34.510   34.510  1
  542.0  542.0  1    6.888    6.888  1   34.509   34.509  1
  544.0  544.0  1    6.865    6.865  1   34.509   34.509  1
  546.0  546.0  1    6.857    6.857  1   34.508   34.508  1
  548.0  548.0  1    6.844    6.844  1   34.508   34.508  1
  550.0  550.0  1    6.830    6.830  1   34.507   34.507  1
  552.0  552.0  1    6.812    6.812  1   34.506   34.506  1
  554.0  554.0  1    6.798    6.798  1   34.506   34.506  1
  556.0  556.0  1    6.763    6.763  1   34.505   34.505  1
  558.0  558.0  1    6.746    6.746  1   34.504   34.504  1
  560.0  560.0  1    6.737    6.737  1   34.504   34.504  1
  562.0  562.0  1    6.710    6.710  1   34.503   34.503  1
  564.0  564.0  1    6.676    6.676  1   34.502   34.502  1
  566.0  566.0  1    6.650    6.650  1   34.501   34.501  1
  568.0  568.0  1    6.608    6.608  1   34.500   34.500  1
  570.0  570.0  1    6.548    6.548  1   34.500   34.500  1
  572.0  572.0  1    6.531    6.531  1   34.500   34.500  1
  573.9  573.9  1    6.514    6.514  1   34.500   34.500  1
  576.0  576.0  1    6.500    6.500  1   34.500   34.500  1
  578.0  578.0  1    6.486    6.486  1   34.499   34.499  1
  580.0  580.0  1    6.469    6.469  1   34.499   34.499  1
  582.0  582.0  1    6.464    6.464  1   34.499   34.499  1
  584.0  584.0  1    6.464    6.464  1   34.498   34.498  1
  586.0  586.0  1    6.451    6.451  1   34.498   34.498  1
  588.0  588.0  1    6.416    6.416  1   34.498   34.498  1
  590.0  590.0  1    6.394    6.394  1   34.498   34.498  1
  592.0  592.0  1    6.387    6.387  1   34.497   34.497  1
  594.0  594.0  1    6.367    6.367  1   34.497   34.497  1
  596.0  596.0  1    6.346    6.346  1   34.497   34.497  1
  598.0  598.0  1    6.324    6.324  1   34.496   34.496  1
  600.0  600.0  1    6.305    6.305  1   34.496   34.496  1
  602.0  602.0  1    6.295    6.295  1   34.496   34.496  1
  604.0  604.0  1    6.290    6.290  1   34.496   34.496  1
  606.0  606.0  1    6.279    6.279  1   34.496   34.496  1
  608.0  608.0  1    6.271    6.271  1   34.496   34.496  1
  610.0  610.0  1    6.267    6.267  1   34.495   34.495  1
  612.0  612.0  1    6.249    6.249  1   34.495   34.495  1
  614.0  614.0  1    6.231    6.231  1   34.495   34.495  1
  616.0  616.0  1    6.221    6.221  1   34.495   34.495  1
  618.0  618.0  1    6.214    6.214  1   34.494   34.494  1
  620.0  620.0  1    6.181    6.181  1   34.495   34.495  1
  622.0  622.0  1    6.169    6.169  1   34.494   34.494  1
  624.0  624.0  1    6.147    6.147  1   34.494   34.494  1
  626.0  626.0  1    6.107    6.107  1   34.494   34.494  1
  628.0  628.0  1    6.096    6.096  1   34.494   34.494  1
  630.0  630.0  1    6.095    6.095  1   34.493   34.493  1
  632.0  632.0  1    6.076    6.076  1   34.492   34.492  1
  634.0  634.0  1    6.000    6.000  1   34.493   34.493  1
  636.0  636.0  1    5.982    5.982  1   34.493   34.493  1
  638.0  638.0  1    5.967    5.967  1   34.493   34.493  1
  640.0  640.0  1    5.942    5.942  1   34.494   34.494  1
  642.0  642.0  1    5.934    5.934  1   34.494   34.494  1
  644.0  644.0  1    5.930    5.930  1   34.493   34.493  1
  646.0  646.0  1    5.916    5.916  1   34.493   34.493  1
  648.0  648.0  1    5.896    5.896  1   34.493   34.493  1
  650.0  650.0  1    5.882    5.882  1   34.493   34.493  1
  652.0  652.0  1    5.856    5.856  1   34.494   34.494  1
  654.0  654.0  1    5.848    5.848  1   34.494   34.494  1
  656.0  656.0  1    5.845    5.845  1   34.493   34.493  1
  658.0  658.0  1    5.832    5.832  1   34.493   34.493  1
  660.0  660.0  1    5.820    5.820  1   34.492   34.492  1
  662.0  662.0  1    5.776    5.776  1   34.494   34.494  1
  664.0  664.0  1    5.762    5.762  1   34.494   34.494  1
  666.0  666.0  1    5.745    5.745  1   34.494   34.494  1
  668.0  668.0  1    5.724    5.724  1   34.494   34.494  1
  670.0  670.0  1    5.716    5.716  1   34.495   34.495  1
  672.0  672.0  1    5.716    5.716  1   34.494   34.494  1
  674.0  674.0  1    5.714    5.714  1   34.494   34.494  1
  676.0  676.0  1    5.709    5.709  1   34.494   34.494  1
  678.0  678.0  1    5.700    5.700  1   34.494   34.494  1
  680.0  680.0  1    5.687    5.687  1   34.494   34.494  1
  682.0  682.0  1    5.679    5.679  1   34.495   34.495  1
  684.0  684.0  1    5.671    5.671  1   34.495   34.495  1
  686.0  686.0  1    5.667    5.667  1   34.495   34.495  1
  688.0  688.0  1    5.665    5.665  1   34.494   34.494  1
  690.0  690.0  1    5.662    5.662  1   34.494   34.494  1
  692.0  692.0  1    5.642    5.642  1   34.495   34.495  1
  694.0  694.0  1    5.626    5.626  1   34.495   34.495  1
  696.0  696.0  1    5.612    5.612  1   34.495   34.495  1
  698.0  698.0  1    5.607    5.607  1   34.495   34.495  1
  700.0  700.0  1    5.599    5.599  1   34.495   34.495  1
  702.0  702.0  1    5.593    5.593  1   34.495   34.495  1
  704.0  704.0  1    5.575    5.575  1   34.496   34.496  1
  706.0  706.0  1    5.563    5.563  1   34.496   34.496  1
  708.0  708.0  1    5.557    5.557  1   34.495   34.495  1
  710.0  710.0  1    5.552    5.552  1   34.495   34.495  1
  712.0  712.0  1    5.541    5.541  1   34.495   34.495  1
  714.0  714.0  1    5.505    5.505  1   34.496   34.496  1
  716.1  716.1  1    5.492    5.492  1   34.497   34.497  1
  718.0  718.0  1    5.484    5.484  1   34.497   34.497  1
  720.0  720.0  1    5.477    5.477  1   34.497   34.497  1
  722.0  722.0  1    5.475    5.475  1   34.497   34.497  1
  724.0  724.0  1    5.474    5.474  1   34.497   34.497  1
  726.0  726.0  1    5.469    5.469  1   34.496   34.496  1
  728.0  728.0  1    5.459    5.459  1   34.497   34.497  1
  730.0  730.0  1    5.449    5.449  1   34.497   34.497  1
  732.0  732.0  1    5.424    5.424  1   34.497   34.497  1
  734.0  734.0  1    5.407    5.407  1   34.497   34.497  1
  736.0  736.0  1    5.401    5.401  1   34.497   34.497  1
  738.0  738.0  1    5.389    5.389  1   34.498   34.498  1
  740.0  740.0  1    5.380    5.380  1   34.498   34.498  1
  742.0  742.0  1    5.363    5.363  1   34.498   34.498  1
  744.0  744.0  1    5.354    5.354  1   34.498   34.498  1
  746.0  746.0  1    5.339    5.339  1   34.499   34.499  1
  748.0  748.0  1    5.325    5.325  1   34.499   34.499  1
  750.0  750.0  1    5.324    5.324  1   34.499   34.499  1
  752.0  752.0  1    5.317    5.317  1   34.499   34.499  1
  754.1  754.1  1    5.306    5.306  1   34.500   34.500  1
  756.0  756.0  1    5.302    5.302  1   34.500   34.500  1
  758.0  758.0  1    5.297    5.297  1   34.500   34.500  1
  760.0  760.0  1    5.295    5.295  1   34.500   34.500  1
  762.0  762.0  1    5.292    5.292  1   34.500   34.500  1
  764.0  764.0  1    5.292    5.292  1   34.500   34.500  1
  766.0  766.0  1    5.290    5.290  1   34.500   34.500  1
  768.0  768.0  1    5.284    5.284  1   34.499   34.499  1
  770.0  770.0  1    5.256    5.256  1   34.500   34.500  1
  772.0  772.0  1    5.240    5.240  1   34.500   34.500  1
  774.0  774.0  1    5.230    5.230  1   34.500   34.500  1
  776.0  776.0  1    5.214    5.214  1   34.500   34.500  1
  778.0  778.0  1    5.181    5.181  1   34.501   34.501  1
  780.1  780.1  1    5.174    5.174  1   34.501   34.501  1
  782.0  782.0  1    5.167    5.167  1   34.501   34.501  1
  784.0  784.0  1    5.163    5.163  1   34.501   34.501  1
  786.0  786.0  1    5.156    5.156  1   34.501   34.501  1
  788.0  788.0  1    5.135    5.135  1   34.502   34.502  1
  790.0  790.0  1    5.124    5.124  1   34.502   34.502  1
  792.0  792.0  1    5.120    5.120  1   34.502   34.502  1
  794.0  794.0  1    5.108    5.108  1   34.502   34.502  1
  796.0  796.0  1    5.098    5.098  1   34.502   34.502  1
  798.0  798.0  1    5.091    5.091  1   34.502   34.502  1
  800.0  800.0  1    5.088    5.088  1   34.502   34.502  1
  802.0  802.0  1    5.081    5.081  1   34.502   34.502  1
  804.0  804.0  1    5.063    5.063  1   34.503   34.503  1
  806.0  806.0  1    5.058    5.058  1   34.503   34.503  1
  808.0  808.0  1    5.051    5.051  1   34.503   34.503  1
  810.0  810.0  1    5.044    5.044  1   34.503   34.503  1
  812.0  812.0  1    5.032    5.032  1   34.503   34.503  1
  814.0  814.0  1    5.026    5.026  1   34.503   34.503  1
  816.0  816.0  1    5.021    5.021  1   34.503   34.503  1
  818.0  818.0  1    5.015    5.015  1   34.504   34.504  1
  820.0  820.0  1    5.006    5.006  1   34.504   34.504  1
  822.0  822.0  1    5.000    5.000  1   34.504   34.504  1
  824.0  824.0  1    4.991    4.991  1   34.504   34.504  1
  826.0  826.0  1    4.983    4.983  1   34.504   34.504  1
  828.0  828.0  1    4.976    4.976  1   34.504   34.504  1
  830.0  830.0  1    4.966    4.966  1   34.504   34.504  1
  832.0  832.0  1    4.951    4.951  1   34.505   34.505  1
  834.0  834.0  1    4.950    4.950  1   34.505   34.505  1
  836.0  836.0  1    4.943    4.943  1   34.505   34.505  1
  838.0  838.0  1    4.940    4.940  1   34.505   34.505  1
  840.0  840.0  1    4.930    4.930  1   34.505   34.505  1
  842.0  842.0  1    4.922    4.922  1   34.506   34.506  1
  844.0  844.0  1    4.921    4.921  1   34.505   34.505  1
  846.0  846.0  1    4.919    4.919  1   34.505   34.505  1
  848.0  848.0  1    4.913    4.913  1   34.506   34.506  1
  850.0  850.0  1    4.906    4.906  1   34.506   34.506  1
  852.0  852.0  1    4.901    4.901  1   34.506   34.506  1
  854.0  854.0  1    4.898    4.898  1   34.506   34.506  1
  856.0  856.0  1    4.893    4.893  1   34.506   34.506  1
  858.0  858.0  1    4.875    4.875  1   34.507   34.507  1
  860.1  860.1  1    4.865    4.865  1   34.507   34.507  1
  862.0  862.0  1    4.862    4.862  1   34.507   34.507  1
  864.0  864.0  1    4.860    4.860  1   34.507   34.507  1
  866.0  866.0  1    4.853    4.853  1   34.507   34.507  1
  868.0  868.0  1    4.846    4.846  1   34.508   34.508  1
  870.0  870.0  1    4.844    4.844  1   34.508   34.508  1
  872.0  872.0  1    4.836    4.836  1   34.508   34.508  1
  874.0  874.0  1    4.831    4.831  1   34.508   34.508  1
  876.0  876.0  1    4.829    4.829  1   34.508   34.508  1
  877.9  877.9  1    4.827    4.827  1   34.508   34.508  1
  879.9  879.9  1    4.823    4.823  1   34.508   34.508  1
  882.0  882.0  1    4.818    4.818  1   34.508   34.508  1
  884.1  884.1  1    4.812    4.812  1   34.508   34.508  1
  886.0  886.0  1    4.802    4.802  1   34.508   34.508  1
  888.0  888.0  1    4.787    4.787  1   34.509   34.509  1
  890.0  890.0  1    4.782    4.782  1   34.509   34.509  1
  892.0  892.0  1    4.778    4.778  1   34.509   34.509  1
  894.0  894.0  1    4.765    4.765  1   34.509   34.509  1
  896.0  896.0  1    4.754    4.754  1   34.510   34.510  1
  897.9  897.9  1    4.741    4.741  1   34.510   34.510  1
  900.0  900.0  1    4.737    4.737  1   34.510   34.510  1
  902.0  902.0  1    4.727    4.727  1   34.510   34.510  1
  904.0  904.0  1    4.710    4.710  1   34.511   34.511  1
  906.0  906.0  1    4.699    4.699  1   34.511   34.511  1
  908.0  908.0  1    4.691    4.691  1   34.511   34.511  1
  910.0  910.0  1    4.679    4.679  1   34.512   34.512  1
  912.0  912.0  1    4.670    4.670  1   34.512   34.512  1
  914.0  914.0  1    4.662    4.662  1   34.512   34.512  1
  916.0  916.0  1    4.656    4.656  1   34.513   34.513  1
  918.0  918.0  1    4.646    4.646  1   34.513   34.513  1
  920.0  920.0  1    4.641    4.641  1   34.513   34.513  1
  922.0  922.0  1    4.638    4.638  1   34.513   34.513  1
  924.0  924.0  1    4.634    4.634  1   34.513   34.513  1
  926.0  926.0  1    4.630    4.630  1   34.513   34.513  1
  928.0  928.0  1    4.620    4.620  1   34.514   34.514  1
  930.0  930.0  1    4.611    4.611  1   34.514   34.514  1
  932.0  932.0  1    4.608    4.608  1   34.514   34.514  1
  934.0  934.0  1    4.606    4.606  1   34.514   34.514  1
  936.0  936.0  1    4.599    4.599  1   34.514   34.514  1
  938.0  938.0  1    4.586    4.586  1   34.515   34.515  1
  940.0  940.0  1    4.574    4.574  1   34.515   34.515  1
  942.0  942.0  1    4.572    4.572  1   34.515   34.515  1
  944.0  944.0  1    4.568    4.568  1   34.515   34.515  1
  946.0  946.0  1    4.565    4.565  1   34.516   34.516  1
  948.0  948.0  1    4.561    4.561  1   34.516   34.516  1
  950.1  950.1  1    4.559    4.559  1   34.516   34.516  1
  952.0  952.0  1    4.553    4.553  1   34.516   34.516  1
  954.0  954.0  1    4.541    4.541  1   34.516   34.516  1
  956.0  956.0  1    4.539    4.539  1   34.516   34.516  1
  958.0  958.0  1    4.530    4.530  1   34.517   34.517  1
  960.0  960.0  1    4.519    4.519  1   34.517   34.517  1
  962.0  962.0  1    4.503    4.503  1   34.518   34.518  1
  964.0  964.0  1    4.487    4.487  1   34.519   34.519  1
  966.0  966.0  1    4.484    4.484  1   34.519   34.519  1
  967.9  967.9  1    4.484    4.484  1   34.519   34.519  1
  970.0  970.0  1    4.480    4.480  1   34.519   34.519  1
  972.0  972.0  1    4.474    4.474  1   34.519   34.519  1
  974.0  974.0  1    4.470    4.470  1   34.519   34.519  1
  976.0  976.0  1    4.458    4.458  1   34.520   34.520  1
  978.0  978.0  1    4.455    4.455  1   34.520   34.520  1
  980.0  980.0  1    4.447    4.447  1   34.520   34.520  1
  982.0  982.0  1    4.437    4.437  1   34.521   34.521  1
  984.0  984.0  1    4.429    4.429  1   34.521   34.521  1
  986.0  986.0  1    4.422    4.422  1   34.521   34.521  1
  988.0  988.0  1    4.418    4.418  1   34.521   34.521  1
  990.0  990.0  1    4.413    4.413  1   34.522   34.522  1
  992.0  992.0  1    4.411    4.411  1   34.522   34.522  1
  994.0  994.0  1    4.408    4.408  1   34.522   34.522  1
  996.0  996.0  1    4.405    4.405  1   34.522   34.522  1
  997.9  997.9  1    4.400    4.400  1   34.522   34.522  1
 1000.0 1000.0  1    4.397    4.397  1   34.522   34.522  1
 1002.0 1002.0  1    4.395    4.395  1   34.522   34.522  1
 1004.0 1004.0  1    4.393    4.393  1   34.522   34.522  1
 1006.0 1006.0  1    4.384    4.384  1   34.522   34.522  1
 1008.0 1008.0  1    4.375    4.375  1   34.523   34.523  1
 1010.0 1010.0  1    4.370    4.370  1   34.523   34.523  1
 1012.1 1012.1  1    4.361    4.361  1   34.523   34.523  1
 1014.0 1014.0  1    4.350    4.350  1   34.523   34.523  1
 1016.0 1016.0  1    4.340    4.340  1   34.523   34.523  1
 1018.0 1018.0  1    4.335    4.335  1   34.523   34.523  1
 1020.0 1020.0  1    4.326    4.326  1   34.524   34.524  1
 1022.0 1022.0  1    4.318    4.318  1   34.524   34.524  1
 1024.0 1024.0  1    4.307    4.307  1   34.524   34.524  1
 1026.0 1026.0  1    4.296    4.296  1   34.524   34.524  1
 1028.0 1028.0  1    4.286    4.286  1   34.525   34.525  1
 1030.0 1030.0  1    4.278    4.278  1   34.525   34.525  1
 1032.0 1032.0  1    4.264    4.264  1   34.526   34.526  1
 1034.0 1034.0  1    4.256    4.256  1   34.527   34.527  1
 1036.0 1036.0  1    4.252    4.252  1   34.527   34.527  1
 1038.0 1038.0  1    4.249    4.249  1   34.527   34.527  1
 1040.0 1040.0  1    4.246    4.246  1   34.527   34.527  1
 1042.0 1042.0  1    4.244    4.244  1   34.527   34.527  1
 1044.0 1044.0  1    4.241    4.241  1   34.527   34.527  1
 1046.0 1046.0  1    4.234    4.234  1   34.526   34.526  1
 1048.0 1048.0  1    4.194    4.194  1   34.529   34.529  1
 1050.0 1050.0  1    4.182    4.182  1   34.530   34.530  1
 1052.0 1052.0  1    4.182    4.182  1   34.530   34.530  1
 1054.0 1054.0  1    4.182    4.182  1   34.529   34.529  1
 1056.0 1056.0  1    4.178    4.178  1   34.530   34.530  1
 1058.0 1058.0  1    4.167    4.167  1   34.530   34.530  1
 1060.0 1060.0  1    4.160    4.160  1   34.530   34.530  1
 1062.0 1062.0  1    4.158    4.158  1   34.531   34.531  1
 1064.0 1064.0  1    4.155    4.155  1   34.530   34.530  1
 1066.0 1066.0  1    4.151    4.151  1   34.531   34.531  1
 1068.0 1068.0  1    4.146    4.146  1   34.531   34.531  1
 1070.0 1070.0  1    4.140    4.140  1   34.531   34.531  1
 1072.0 1072.0  1    4.134    4.134  1   34.530   34.530  1
 1074.0 1074.0  1    4.109    4.109  1   34.532   34.532  1
 1076.0 1076.0  1    4.100    4.100  1   34.532   34.532  1
 1078.0 1078.0  1    4.087    4.087  1   34.533   34.533  1
 1080.0 1080.0  1    4.084    4.084  1   34.533   34.533  1
 1082.0 1082.0  1    4.083    4.083  1   34.533   34.533  1
 1084.0 1084.0  1    4.082    4.082  1   34.533   34.533  1
 1086.0 1086.0  1    4.080    4.080  1   34.533   34.533  1
 1088.0 1088.0  1    4.060    4.060  1   34.534   34.534  1
 1089.9 1089.9  1    4.052    4.052  1   34.534   34.534  1
 1092.0 1092.0  1    4.045    4.045  1   34.534   34.534  1
 1094.0 1094.0  1    4.031    4.031  1   34.535   34.535  1
 1096.0 1096.0  1    4.023    4.023  1   34.535   34.535  1
 1098.0 1098.0  1    4.022    4.022  1   34.535   34.535  1
 1100.0 1100.0  1    4.014    4.014  1   34.536   34.536  1
 1102.0 1102.0  1    4.000    4.000  1   34.536   34.536  1
 1104.0 1104.0  1    3.994    3.994  1   34.536   34.536  1
 1106.0 1106.0  1    3.989    3.989  1   34.536   34.536  1
 1108.0 1108.0  1    3.981    3.981  1   34.536   34.536  1
 1110.0 1110.0  1    3.972    3.972  1   34.537   34.537  1
 1112.0 1112.0  1    3.966    3.966  1   34.537   34.537  1
 1114.0 1114.0  1    3.964    3.964  1   34.537   34.537  1
 1116.0 1116.0  1    3.962    3.962  1   34.538   34.538  1
 1118.0 1118.0  1    3.962    3.962  1   34.538   34.538  1
 1120.0 1120.0  1    3.962    3.962  1   34.538   34.538  1
 1122.0 1122.0  1    3.961    3.961  1   34.538   34.538  1
 1123.9 1123.9  1    3.961    3.961  1   34.538   34.538  1
 1126.0 1126.0  1    3.960    3.960  1   34.538   34.538  1
 1128.0 1128.0  1    3.959    3.959  1   34.538   34.538  1
 1130.0 1130.0  1    3.956    3.956  1   34.538   34.538  1
 1131.9 1131.9  1    3.956    3.956  1   34.538   34.538  1
 1133.9 1133.9  1    3.955    3.955  1   34.538   34.538  1
 1135.9 1135.9  1    3.952    3.952  1   34.538   34.538  1
 1138.0 1138.0  1    3.945    3.945  1   34.538   34.538  1
 1140.0 1140.0  1    3.943    3.943  1   34.538   34.538  1
 1142.0 1142.0  1    3.934    3.934  1   34.538   34.538  1
 1144.0 1144.0  1    3.927    3.927  1   34.539   34.539  1
 1146.0 1146.0  1    3.912    3.912  1   34.540   34.540  1
 1148.0 1148.0  1    3.907    3.907  1   34.540   34.540  1
 1150.0 1150.0  1    3.902    3.902  1   34.540   34.540  1
 1152.0 1152.0  1    3.899    3.899  1   34.540   34.540  1
 1154.0 1154.0  1    3.896    3.896  1   34.541   34.541  1
 1156.1 1156.1  1    3.894    3.894  1   34.540   34.540  1
 1158.0 1158.0  1    3.887    3.887  1   34.541   34.541  1
 1160.0 1160.0  1    3.882    3.882  1   34.541   34.541  1
 1162.0 1162.0  1    3.881    3.881  1   34.541   34.541  1
 1164.0 1164.0  1    3.872    3.872  1   34.541   34.541  1
 1166.0 1166.0  1    3.861    3.861  1   34.541   34.541  1
 1168.0 1168.0  1    3.851    3.851  1   34.542   34.542  1
 1170.0 1170.0  1    3.844    3.844  1   34.542   34.542  1
 1172.0 1172.0  1    3.840    3.840  1   34.543   34.543  1
 1174.0 1174.0  1    3.838    3.838  1   34.543   34.543  1
 1176.0 1176.0  1    3.837    3.837  1   34.543   34.543  1
 1178.0 1178.0  1    3.836    3.836  1   34.543   34.543  1
 1180.0 1180.0  1    3.833    3.833  1   34.543   34.543  1
 1182.0 1182.0  1    3.831    3.831  1   34.543   34.543  1
 1184.0 1184.0  1    3.824    3.824  1   34.543   34.543  1
 1185.9 1185.9  1    3.821    3.821  1   34.543   34.543  1
 1187.9 1187.9  1    3.821    3.821  1   34.543   34.543  1
 1190.0 1190.0  1    3.814    3.814  1   34.544   34.544  1
 1192.0 1192.0  1    3.809    3.809  1   34.544   34.544  1
 1194.0 1194.0  1    3.805    3.805  1   34.544   34.544  1
 1196.0 1196.0  1    3.799    3.799  1   34.544   34.544  1
 1198.1 1198.1  1    3.795    3.795  1   34.544   34.544  1
 1200.0 1200.0  1    3.793    3.793  1   34.544   34.544  1
 1202.0 1202.0  1    3.790    3.790  1   34.544   34.544  1
 1204.0 1204.0  1    3.776    3.776  1   34.545   34.545  1
 1206.0 1206.0  1    3.764    3.764  1   34.546   34.546  1
 1208.1 1208.1  1    3.751    3.751  1   34.546   34.546  1
 1210.0 1210.0  1    3.745    3.745  1   34.547   34.547  1
 1212.0 1212.0  1    3.742    3.742  1   34.547   34.547  1
 1214.0 1214.0  1    3.740    3.740  1   34.547   34.547  1
 1216.0 1216.0  1    3.734    3.734  1   34.547   34.547  1
 1218.0 1218.0  1    3.726    3.726  1   34.548   34.548  1
 1220.0 1220.0  1    3.719    3.719  1   34.548   34.548  1
 1222.0 1222.0  1    3.715    3.715  1   34.548   34.548  1
 1224.0 1224.0  1    3.706    3.706  1   34.549   34.549  1
 1226.0 1226.0  1    3.701    3.701  1   34.549   34.549  1
 1228.0 1228.0  1    3.698    3.698  1   34.549   34.549  1
 1230.0 1230.0  1    3.695    3.695  1   34.549   34.549  1
 1232.0 1232.0  1    3.694    3.694  1   34.549   34.549  1
 1233.9 1233.9  1    3.693    3.693  1   34.549   34.549  1
 1235.9 1235.9  1    3.691    3.691  1   34.549   34.549  1
 1238.0 1238.0  1    3.690    3.690  1   34.549   34.549  1
 1240.0 1240.0  1    3.684    3.684  1   34.550   34.550  1
 1242.1 1242.1  1    3.676    3.676  1   34.550   34.550  1
 1244.0 1244.0  1    3.669    3.669  1   34.550   34.550  1
 1246.0 1246.0  1    3.653    3.653  1   34.551   34.551  1
 1248.0 1248.0  1    3.646    3.646  1   34.552   34.552  1
 1250.0 1250.0  1    3.643    3.643  1   34.552   34.552  1
 1252.1 1252.1  1    3.640    3.640  1   34.552   34.552  1
 1254.0 1254.0  1    3.637    3.637  1   34.552   34.552  1
 1256.0 1256.0  1    3.633    3.633  1   34.552   34.552  1
 1258.0 1258.0  1    3.629    3.629  1   34.552   34.552  1
 1259.9 1259.9  1    3.624    3.624  1   34.552   34.552  1
 1262.0 1262.0  1    3.598    3.598  1   34.554   34.554  1
 1263.4 1263.4  1    3.589    3.589  1   34.554   34.554  1
