*SoftWare Version 3.0  2018/12/27

*HEADER
     PLATFORM NUMBER       :5904718
     CYCLE NUMBER          :143
     DATE CREATION         :20191218050023
     DATE UPDATE           :20191218050023
     PROJECT NAME          :US ARGO PROJECT
     PI NAME               :GREGORY C. JOHNSON
     INSTRUMENT TYPE       :NAVIS_A
     FLOAT SERIAL NO       :0503
     FIRMWARE VERSION      :011514
     WMO INSTRUMENT TYPE   :863
     TRANSMISSION SYSTEM   :IRIDIUM
     POSITIONING SYSTEM    :GPS
     SAMPLE DIRECTION      :A(A=Ascend; D=Descend)
     DATA MODE             :A(R=Real Time; D=Delayed Mode; A=Real Time Adjusted)
     JULIAN DAY            :25553.1789 (days since 1950-01-01 00:00:00 UTC)
     DATE                  :2019-12-18
     QC FLAG FOR DATE      :1
*LOCATION
     LATITUDE              :5.769
     LONGITUDE             :-170.235
     QC FLAG FOR LOCATION  :1
*FILE
     COLUMN 1              :Pressure (dbar)                             F7.1
     COLUMN 2              :Corrected Pressure (dbar)                   F7.1
     COLUMN 3              :Quality on Pressure                         I3
     COLUMN 4              :Temperature (degree_Celsius)                F9.3
     COLUMN 5              :Corrected Temperature (degree_Celsius)      F9.3
     COLUMN 6              :Quality on Temperature                      I3
     COLUMN 7              :Salinity (PSU)                              F9.3
     COLUMN 8              :Corrected Salinity (PSU)                    F9.3
     COLUMN 9              :Quality on Salinity                         I3
==========================================================================
    2.8    2.8  1   29.722   29.722  1   29.521   29.489  3
    4.0    4.1  1   29.721   29.721  1   29.521   29.489  3
    6.0    6.1  1   29.718   29.718  1   29.521   29.489  3
    8.0    8.1  1   29.717   29.717  1   29.521   29.489  3
   10.0   10.1  1   29.724   29.724  1   29.521   29.489  3
   12.0   12.1  1   29.725   29.725  1   29.520   29.488  3
   14.0   14.1  1   29.724   29.724  1   29.519   29.487  3
   16.0   16.0  1   29.652   29.652  1   29.521   29.489  3
   18.0   18.0  1   29.625   29.625  1   29.521   29.489  3
   20.0   20.0  1   29.615   29.615  1   29.521   29.489  3
   22.0   22.0  1   29.612   29.612  1   29.521   29.489  3
   24.0   24.0  1   29.609   29.609  1   29.522   29.490  3
   26.0   26.0  1   29.606   29.606  1   29.521   29.489  3
   28.0   28.0  1   29.604   29.604  1   29.522   29.490  3
   30.0   30.0  1   29.604   29.604  1   29.522   29.490  3
   32.0   32.0  1   29.603   29.603  1   29.522   29.490  3
   34.0   34.0  1   29.602   29.602  1   29.522   29.490  3
   36.0   36.0  1   29.601   29.601  1   29.522   29.490  3
   38.0   38.0  1   29.599   29.599  1   29.521   29.489  3
   40.0   40.0  1   29.598   29.598  1   29.521   29.489  3
   42.0   42.0  1   29.597   29.597  1   29.521   29.489  3
   44.0   44.0  1   29.597   29.597  1   29.521   29.489  3
   46.0   46.0  1   29.596   29.596  1   29.521   29.489  3
   48.0   48.0  1   29.596   29.596  1   29.522   29.490  3
   50.0   50.0  1   29.596   29.596  1   29.522   29.490  3
   52.0   52.0  1   29.595   29.595  1   29.522   29.490  3
   54.0   54.0  1   29.594   29.594  1   29.522   29.490  3
   56.0   56.0  1   29.594   29.594  1   29.523   29.491  3
   58.0   58.0  1   29.594   29.594  1   29.523   29.491  3
   60.0   60.0  1   29.594   29.594  1   29.524   29.492  3
   62.0   62.0  1   29.597   29.597  1   29.527   29.495  3
   64.0   64.1  1   29.598   29.598  1   29.533   29.501  3
   66.0   66.1  1   29.600   29.600  1   29.543   29.511  3
   68.0   68.1  1   29.605   29.605  1   29.560   29.528  3
   70.0   70.1  1   29.613   29.613  1   29.579   29.547  3
   72.0   72.1  1   29.621   29.621  1   29.600   29.568  3
   74.0   74.1  1   29.603   29.603  1   29.632   29.600  3
   76.0   76.1  1   29.578   29.578  1   29.649   29.617  3
   78.0   78.1  1   29.545   29.545  1   29.664   29.632  3
   80.0   80.1  1   29.484   29.484  1   29.694   29.662  3
   82.0   82.1  1   29.371   29.371  1   29.758   29.726  3
   84.0   84.1  1   29.326   29.326  1   29.795   29.763  3
   86.0   86.1  1   29.263   29.263  1   29.828   29.796  3
   88.0   88.1  1   29.149   29.149  1   29.826   29.794  3
   90.0   90.1  1   28.998   28.998  1   29.802   29.770  3
   92.0   92.1  1   28.871   28.871  1   29.792   29.760  3
   94.0   94.1  1   28.786   28.786  1   29.796   29.764  3
   96.0   96.1  1   28.649   28.649  1   29.782   29.750  3
   98.0   98.1  1   28.569   28.569  1   29.765   29.733  3
  100.0  100.1  1   28.433   28.433  1   29.749   29.717  3
  102.0  102.1  1   28.265   28.265  1   29.731   29.699  3
  104.0  104.1  1   28.051   28.051  1   29.710   29.678  3
  106.0  106.1  1   27.854   27.854  1   29.698   29.666  3
  108.0  108.1  1   27.688   27.688  1   29.689   29.657  3
  110.0  110.1  1   27.530   27.530  1   29.686   29.654  3
  112.0  112.1  1   27.206   27.206  1   29.697   29.665  3
  114.1  114.2  1   27.140   27.140  1   29.709   29.677  3
  116.0  116.1  1   27.106   27.106  1   29.728   29.696  3
  117.9  118.0  1   26.918   26.918  1   29.776   29.744  3
  120.0  120.1  1   26.616   26.616  1   29.810   29.778  3
  122.0  122.1  1   26.537   26.537  1   29.809   29.777  3
  124.0  124.1  1   26.492   26.492  1   29.807   29.775  3
  126.0  126.1  1   26.442   26.442  1   29.811   29.779  3
  128.0  128.1  1   26.341   26.341  1   29.809   29.777  3
  130.1  130.2  1   26.148   26.148  1   29.799   29.767  3
  132.0  132.1  1   25.830   25.830  1   29.804   29.772  3
  134.0  134.1  1   25.586   25.586  1   29.795   29.763  3
  136.4  136.4  1   24.897   24.897  1   29.776   29.744  3
  137.7  137.8  1   24.398   24.398  1   29.764   29.732  3
  139.9  139.9  1   23.028   23.028  1   29.758   29.726  3
  142.0  142.1  1   22.101   22.101  1   29.790   29.758  3
  144.0  144.1  1   21.742   21.742  1   29.811   29.779  3
  146.1  146.2  1   21.552   21.552  1   29.816   29.784  3
  148.2  148.2  1   21.325   21.325  1   29.811   29.779  3
  150.0  150.1  1   20.941   20.941  1   29.795   29.763  3
  151.9  151.9  1   20.226   20.226  1   29.781   29.749  3
  154.0  154.1  1   19.426   19.426  1   29.765   29.733  3
  156.0  156.1  1   19.076   19.076  1   29.757   29.725  3
  158.0  158.1  1   18.760   18.760  1   29.765   29.733  3
  160.0  160.1  1   18.248   18.248  1   29.766   29.734  3
  162.0  162.1  1   17.728   17.728  1   29.760   29.728  3
  164.0  164.1  1   17.618   17.618  1   29.753   29.721  3
  166.0  166.1  1   17.467   17.467  1   29.742   29.710  3
  168.0  168.1  1   17.146   17.146  1   29.723   29.691  3
  170.0  170.1  1   16.427   16.427  1   29.712   29.680  3
  172.0  172.1  1   16.166   16.166  1   29.703   29.671  3
  174.0  174.1  1   15.849   15.849  1   29.693   29.661  3
  176.0  176.1  1   15.250   15.250  1   29.685   29.653  3
  178.0  178.1  1   14.718   14.718  1   29.688   29.656  3
  180.0  180.1  1   14.557   14.557  1   29.685   29.653  3
  182.0  182.1  1   14.448   14.448  1   29.679   29.647  3
  184.0  184.1  1   14.190   14.190  1   29.679   29.647  3
  186.0  186.1  1   14.011   14.011  1   29.678   29.646  3
  188.0  188.1  1   13.779   13.779  1   29.684   29.652  3
  190.0  190.1  1   13.577   13.577  1   29.689   29.657  3
  192.0  192.1  1   13.440   13.440  1   29.691   29.659  3
  194.0  194.1  1   13.368   13.368  1   29.690   29.658  3
  196.0  196.1  1   13.295   13.295  1   29.689   29.657  3
  198.0  198.1  1   13.199   13.199  1   29.686   29.654  3
  200.0  200.1  1   13.022   13.022  1   29.681   29.649  3
  202.0  202.1  1   12.629   12.629  1   29.690   29.658  3
  204.0  204.1  1   12.430   12.430  1   29.695   29.663  3
  206.0  206.1  1   12.314   12.314  1   29.696   29.664  3
  208.0  208.1  1   12.204   12.204  1   29.693   29.661  3
  210.0  210.1  1   11.932   11.932  1   29.698   29.666  3
  212.0  212.1  1   11.554   11.554  1   29.720   29.688  3
  214.0  214.1  1   11.420   11.420  1   29.730   29.698  3
  216.0  216.1  1   11.397   11.397  1   29.733   29.701  3
  218.0  218.1  1   11.408   11.408  1   29.740   29.708  3
  220.0  220.1  1   11.435   11.435  1   29.748   29.716  3
  222.0  222.1  1   11.439   11.439  1   29.755   29.723  3
  224.0  224.1  1   11.369   11.369  1   29.761   29.729  3
  226.0  226.1  1   11.245   11.245  1   29.771   29.739  3
  228.0  228.1  1   11.231   11.231  1   29.772   29.740  3
  230.0  230.1  1   11.220   11.220  1   29.772   29.740  3
  232.0  232.1  1   11.214   11.214  1   29.771   29.739  3
  234.0  234.1  1   11.205   11.205  1   29.769   29.737  3
  236.0  236.1  1   11.185   11.185  1   29.767   29.735  3
  238.0  238.1  1   11.014   11.014  1   29.772   29.740  3
  240.0  240.1  1   10.864   10.864  1   29.773   29.741  3
  242.0  242.1  1   10.845   10.845  1   29.772   29.740  3
  244.0  244.1  1   10.800   10.800  1   29.770   29.738  3
  246.0  246.1  1   10.689   10.689  1   29.772   29.740  3
  248.0  248.1  1   10.665   10.665  1   29.777   29.745  3
  250.0  250.1  1   10.666   10.666  1   29.778   29.746  3
  251.9  251.9  1   10.662   10.662  1   29.780   29.748  3
  254.0  254.1  1   10.633   10.633  1   29.790   29.758  3
  256.0  256.0  1   10.597   10.597  1   29.788   29.756  3
  258.0  258.0  1   10.576   10.576  1   29.785   29.753  3
  260.0  260.0  1   10.517   10.517  1   29.788   29.756  3
  262.0  262.0  1   10.450   10.450  1   29.790   29.758  3
  264.0  264.0  1   10.399   10.399  1   29.787   29.755  3
  266.0  266.0  1   10.301   10.301  1   29.787   29.755  3
  268.0  268.0  1   10.286   10.286  1   29.789   29.757  3
  270.0  270.0  1   10.310   10.310  1   29.797   29.765  3
  272.0  272.0  1   10.287   10.287  1   29.799   29.767  3
  274.0  274.0  1   10.241   10.241  1   29.800   29.768  3
  276.0  276.0  1   10.191   10.191  1   29.800   29.768  3
  278.0  278.0  1   10.166   10.166  1   29.799   29.767  3
  280.0  280.0  1   10.109   10.109  1   29.798   29.766  3
  282.0  282.0  1   10.063   10.063  1   29.798   29.766  3
  284.0  284.0  1   10.036   10.036  1   29.798   29.766  3
  286.0  286.0  1   10.017   10.017  1   29.799   29.767  3
  288.0  288.0  1    9.985    9.985  1   29.800   29.768  3
  290.0  290.0  1    9.976    9.976  1   29.800   29.768  3
  292.0  292.0  1    9.962    9.962  1   29.802   29.770  3
  294.0  294.0  1    9.950    9.950  1   29.801   29.769  3
  296.0  296.0  1    9.932    9.932  1   29.801   29.769  3
  298.0  298.0  1    9.911    9.911  1   29.800   29.768  3
  300.0  300.0  1    9.868    9.868  1   29.798   29.766  3
  302.0  302.0  1    9.792    9.792  1   29.797   29.765  3
  304.0  304.0  1    9.760    9.760  1   29.796   29.764  3
  306.0  306.0  1    9.748    9.748  1   29.796   29.764  3
  308.0  308.0  1    9.737    9.737  1   29.795   29.763  3
  310.0  310.0  1    9.699    9.699  1   29.795   29.763  3
  312.0  312.0  1    9.674    9.674  1   29.796   29.764  3
  314.0  314.0  1    9.674    9.674  1   29.796   29.764  3
  316.0  316.0  1    9.672    9.672  1   29.797   29.765  3
  318.0  318.0  1    9.671    9.671  1   29.796   29.764  3
  320.0  320.0  1    9.662    9.662  1   29.797   29.765  3
  322.0  322.0  1    9.653    9.653  1   29.798   29.766  3
  324.0  324.0  1    9.623    9.623  1   29.800   29.768  3
  326.0  326.0  1    9.620    9.620  1   29.800   29.768  3
  328.0  328.0  1    9.612    9.612  1   29.800   29.768  3
  330.0  330.0  1    9.598    9.598  1   29.800   29.768  3
  332.0  332.0  1    9.586    9.586  1   29.799   29.767  3
  334.0  334.0  1    9.561    9.561  1   29.799   29.767  3
  336.0  336.0  1    9.545    9.545  1   29.799   29.767  3
  338.0  338.0  1    9.525    9.525  1   29.801   29.769  3
  340.0  340.0  1    9.511    9.511  1   29.803   29.771  3
  342.0  342.0  1    9.509    9.509  1   29.802   29.770  3
  344.0  344.0  1    9.497    9.497  1   29.802   29.770  3
  346.0  346.0  1    9.487    9.487  1   29.803   29.771  3
  348.0  348.0  1    9.479    9.479  1   29.803   29.771  3
  350.0  350.0  1    9.464    9.464  1   29.803   29.771  3
  352.0  352.0  1    9.457    9.457  1   29.803   29.771  3
  354.0  354.0  1    9.446    9.446  1   29.802   29.770  3
  356.0  356.0  1    9.441    9.441  1   29.802   29.770  3
  358.0  358.0  1    9.436    9.436  1   29.802   29.770  3
  360.0  360.0  1    9.426    9.426  1   29.801   29.769  3
  362.0  362.0  1    9.419    9.419  1   29.800   29.768  3
  364.0  364.0  1    9.398    9.398  1   29.800   29.768  3
  366.0  366.0  1    9.386    9.386  1   29.799   29.767  3
  368.0  368.0  1    9.375    9.375  1   29.799   29.767  3
  370.0  370.0  1    9.368    9.368  1   29.800   29.768  3
  372.0  372.0  1    9.364    9.364  1   29.800   29.768  3
  374.0  374.0  1    9.361    9.361  1   29.799   29.767  3
  376.0  376.0  1    9.357    9.357  1   29.799   29.767  3
  378.0  378.0  1    9.339    9.339  1   29.793   29.761  3
  380.0  380.0  1    9.295    9.295  1   29.797   29.765  3
  382.0  382.0  1    9.278    9.278  1   29.796   29.764  3
  384.0  384.0  1    9.263    9.263  1   29.795   29.763  3
  386.0  386.0  1    9.244    9.244  1   29.795   29.763  3
  388.0  388.0  1    9.223    9.223  1   29.794   29.762  3
  390.0  390.0  1    9.213    9.213  1   29.793   29.761  3
  392.0  392.0  1    9.187    9.187  1   29.793   29.761  3
  394.0  394.0  1    9.167    9.167  1   29.792   29.760  3
  396.0  396.0  1    9.148    9.148  1   29.792   29.760  3
  398.0  398.0  1    9.141    9.141  1   29.791   29.759  3
  400.0  400.0  1    9.130    9.130  1   29.791   29.759  3
  402.0  402.0  1    9.122    9.122  1   29.790   29.758  3
  404.0  404.0  1    9.101    9.101  1   29.790   29.758  3
  406.0  406.0  1    9.082    9.082  1   29.789   29.757  3
  408.0  408.0  1    9.062    9.062  1   29.789   29.757  3
  410.0  410.0  1    9.053    9.053  1   29.788   29.756  3
  412.0  412.0  1    9.037    9.037  1   29.787   29.755  3
  414.0  414.0  1    9.009    9.009  1   29.786   29.754  3
  416.0  416.0  1    9.005    9.005  1   29.786   29.754  3
  418.0  418.0  1    8.996    8.996  1   29.785   29.753  3
  420.0  420.0  1    8.979    8.979  1   29.785   29.753  3
  422.0  422.0  1    8.972    8.972  1   29.785   29.753  3
  424.0  424.0  1    8.964    8.964  1   29.785   29.753  3
  426.0  426.0  1    8.953    8.953  1   29.785   29.753  3
  428.0  428.0  1    8.941    8.941  1   29.785   29.753  3
  430.0  430.0  1    8.940    8.940  1   29.785   29.753  3
  432.0  432.0  1    8.937    8.937  1   29.784   29.752  3
  434.0  434.0  1    8.929    8.929  1   29.784   29.752  3
  436.0  436.0  1    8.925    8.925  1   29.783   29.751  3
  438.0  438.0  1    8.905    8.905  1   29.782   29.750  3
  440.0  440.0  1    8.888    8.888  1   29.782   29.750  3
  442.0  442.0  1    8.869    8.869  1   29.781   29.749  3
  444.0  444.0  1    8.848    8.848  1   29.781   29.749  3
  446.0  446.0  1    8.836    8.836  1   29.780   29.748  3
  448.0  448.0  1    8.818    8.818  1   29.781   29.749  3
  450.0  450.0  1    8.806    8.806  1   29.782   29.750  3
  452.0  452.0  1    8.799    8.799  1   29.782   29.750  3
  454.0  454.0  1    8.798    8.798  1   29.782   29.750  3
  456.0  456.0  1    8.777    8.777  1   29.781   29.749  3
  458.0  458.0  1    8.756    8.756  1   29.782   29.750  3
  460.0  460.0  1    8.752    8.752  1   29.783   29.751  3
  462.0  462.0  1    8.743    8.743  1   29.783   29.751  3
  464.0  464.0  1    8.734    8.734  1   29.782   29.750  3
  466.0  466.0  1    8.716    8.716  1   29.781   29.749  3
  468.0  468.0  1    8.695    8.695  1   29.780   29.748  3
  470.0  470.0  1    8.674    8.674  1   29.779   29.747  3
  472.0  472.0  1    8.658    8.658  1   29.779   29.747  3
  474.0  474.0  1    8.645    8.645  1   29.778   29.746  3
  476.0  476.0  1    8.631    8.631  1   29.778   29.746  3
  478.0  478.0  1    8.614    8.614  1   29.778   29.746  3
  480.0  480.0  1    8.604    8.604  1   29.779   29.747  3
  482.0  482.0  1    8.598    8.598  1   29.779   29.747  3
  484.0  484.0  1    8.591    8.591  1   29.778   29.746  3
  486.0  486.0  1    8.575    8.575  1   29.778   29.746  3
  488.0  488.0  1    8.550    8.550  1   29.778   29.746  3
  490.0  490.0  1    8.537    8.537  1   29.778   29.746  3
  492.0  492.0  1    8.531    8.531  1   29.778   29.746  3
  494.0  494.0  1    8.526    8.526  1   29.778   29.746  3
  496.0  496.0  1    8.516    8.516  1   29.777   29.745  3
  498.0  498.0  1    8.505    8.505  1   29.777   29.745  3
  500.0  500.0  1    8.495    8.495  1   29.776   29.744  3
  502.0  502.0  1    8.478    8.478  1   29.776   29.744  3
  504.0  504.0  1    8.437    8.437  1   29.776   29.744  3
  506.0  506.0  1    8.424    8.424  1   29.776   29.744  3
  508.0  508.0  1    8.418    8.418  1   29.776   29.744  3
  510.0  510.0  1    8.411    8.411  1   29.776   29.744  3
  512.0  512.0  1    8.405    8.405  1   29.776   29.744  3
  514.0  514.0  1    8.396    8.396  1   29.776   29.744  3
  516.0  516.0  1    8.388    8.388  1   29.776   29.744  3
  518.0  518.0  1    8.378    8.378  1   29.776   29.744  3
  520.0  520.0  1    8.366    8.366  1   29.776   29.744  3
  522.0  522.0  1    8.354    8.354  1   29.775   29.743  3
  524.0  524.0  1    8.344    8.344  1   29.775   29.743  3
  526.0  526.0  1    8.327    8.327  1   29.775   29.743  3
  528.0  528.0  1    8.315    8.315  1   29.774   29.742  3
  530.0  530.0  1    8.303    8.303  1   29.774   29.742  3
  532.0  532.0  1    8.289    8.289  1   29.774   29.742  3
  534.0  534.0  1    8.280    8.280  1   29.774   29.742  3
  536.0  536.0  1    8.273    8.273  1   29.774   29.742  3
  538.0  538.0  1    8.259    8.259  1   29.773   29.741  3
  540.0  540.0  1    8.235    8.235  1   29.773   29.741  3
  542.0  542.0  1    8.191    8.191  1   29.772   29.740  3
  544.0  544.0  1    8.157    8.157  1   29.772   29.740  3
  546.0  546.0  1    8.135    8.135  1   29.772   29.740  3
  548.0  548.0  1    8.121    8.121  1   29.772   29.740  3
  550.0  550.0  1    8.104    8.104  1   29.771   29.739  3
  552.0  552.0  1    8.089    8.089  1   29.771   29.739  3
  554.0  554.0  1    8.067    8.067  1   29.771   29.739  3
  556.0  556.0  1    8.044    8.044  1   29.771   29.739  3
  558.0  558.0  1    8.027    8.027  1   29.771   29.739  3
  560.0  560.0  1    8.015    8.015  1   29.770   29.738  3
  562.0  562.0  1    8.000    8.000  1   29.769   29.737  3
  564.0  564.0  1    7.971    7.971  1   29.769   29.737  3
  566.0  566.0  1    7.940    7.940  1   29.769   29.737  3
  568.0  568.0  1    7.933    7.933  1   29.769   29.737  3
  570.0  570.0  1    7.929    7.929  1   29.769   29.737  3
  572.0  572.0  1    7.916    7.916  1   29.768   29.736  3
  574.0  574.0  1    7.881    7.881  1   29.768   29.736  3
  576.0  576.0  1    7.855    7.855  1   29.767   29.735  3
  578.0  578.0  1    7.812    7.812  1   29.767   29.735  3
  580.0  580.0  1    7.793    7.793  1   29.767   29.735  3
  582.0  582.0  1    7.782    7.782  1   29.766   29.734  3
  584.0  584.0  1    7.758    7.758  1   29.766   29.734  3
  586.0  586.0  1    7.718    7.718  1   29.766   29.734  3
  588.0  588.0  1    7.703    7.703  1   29.766   29.734  3
  590.0  590.0  1    7.691    7.691  1   29.766   29.734  3
  592.0  592.0  1    7.678    7.678  1   29.765   29.733  3
  594.0  594.0  1    7.654    7.654  1   29.765   29.733  3
  596.0  596.0  1    7.637    7.637  1   29.765   29.733  3
  598.0  598.0  1    7.620    7.620  1   29.764   29.732  3
  600.0  600.0  1    7.603    7.603  1   29.763   29.731  3
  602.0  602.0  1    7.581    7.581  1   29.763   29.731  3
  604.0  604.0  1    7.566    7.566  1   29.763   29.731  3
  606.0  606.0  1    7.546    7.546  1   29.763   29.731  3
  608.0  608.0  1    7.522    7.522  1   29.762   29.730  3
  610.0  610.0  1    7.500    7.500  1   29.761   29.729  3
  612.0  612.0  1    7.476    7.476  1   29.761   29.729  3
  614.0  614.0  1    7.450    7.450  1   29.760   29.728  3
  616.0  616.0  1    7.405    7.405  1   29.760   29.728  3
  618.0  618.0  1    7.357    7.357  1   29.760   29.728  3
  620.0  620.0  1    7.341    7.341  1   29.760   29.728  3
  622.0  622.0  1    7.333    7.333  1   29.760   29.728  3
  624.0  624.0  1    7.318    7.318  1   29.760   29.728  3
  626.0  626.0  1    7.291    7.291  1   29.759   29.727  3
  628.0  628.0  1    7.272    7.272  1   29.759   29.727  3
  630.0  630.0  1    7.252    7.252  1   29.759   29.727  3
  632.0  632.0  1    7.220    7.220  1   29.759   29.727  3
  634.0  634.0  1    7.182    7.182  1   29.759   29.727  3
  636.0  636.0  1    7.152    7.152  1   29.759   29.727  3
  638.0  638.0  1    7.141    7.141  1   29.759   29.727  3
  640.0  640.0  1    7.128    7.128  1   29.758   29.726  3
  642.0  642.0  1    7.092    7.092  1   29.759   29.727  3
  644.0  644.0  1    7.079    7.079  1   29.759   29.727  3
  646.0  646.0  1    7.073    7.073  1   29.758   29.726  3
  648.0  648.0  1    7.066    7.066  1   29.758   29.726  3
  650.0  650.0  1    7.058    7.058  1   29.758   29.726  3
  652.0  652.0  1    7.047    7.047  1   29.758   29.726  3
  654.0  654.0  1    7.031    7.031  1   29.758   29.726  3
  656.0  656.0  1    7.023    7.023  1   29.757   29.725  3
  658.0  658.0  1    6.990    6.990  1   29.757   29.725  3
  660.0  660.0  1    6.960    6.960  1   29.757   29.725  3
  662.0  662.0  1    6.953    6.953  1   29.757   29.725  3
  664.0  664.0  1    6.949    6.949  1   29.757   29.725  3
  666.0  666.0  1    6.932    6.932  1   29.756   29.724  3
  668.0  668.0  1    6.905    6.905  1   29.756   29.724  3
  670.0  670.0  1    6.878    6.878  1   29.756   29.724  3
  672.0  672.0  1    6.864    6.864  1   29.756   29.724  3
  674.0  674.0  1    6.856    6.856  1   29.756   29.724  3
  676.0  676.0  1    6.832    6.832  1   29.755   29.723  3
  678.0  678.0  1    6.815    6.815  1   29.754   29.722  3
  680.0  680.0  1    6.748    6.748  1   29.755   29.723  3
  682.0  682.0  1    6.717    6.717  1   29.755   29.723  3
  684.0  684.0  1    6.709    6.709  1   29.755   29.723  3
  686.0  686.0  1    6.687    6.687  1   29.755   29.723  3
  688.0  688.0  1    6.675    6.675  1   29.755   29.723  3
  690.0  690.0  1    6.663    6.663  1   29.755   29.723  3
  692.0  692.0  1    6.652    6.652  1   29.755   29.723  3
  694.0  694.0  1    6.643    6.643  1   29.755   29.723  3
  696.0  696.0  1    6.628    6.628  1   29.754   29.722  3
  698.0  698.0  1    6.611    6.611  1   29.754   29.722  3
  700.0  700.0  1    6.580    6.580  1   29.754   29.722  3
  702.0  702.0  1    6.544    6.544  1   29.754   29.722  3
  704.0  704.0  1    6.500    6.500  1   29.755   29.723  3
  706.0  706.0  1    6.491    6.491  1   29.755   29.723  3
  708.0  708.0  1    6.486    6.486  1   29.754   29.722  3
  710.0  710.0  1    6.464    6.464  1   29.754   29.722  3
  712.0  712.0  1    6.452    6.452  1   29.754   29.722  3
  714.0  714.0  1    6.435    6.435  1   29.753   29.721  3
  716.0  716.0  1    6.410    6.410  1   29.753   29.721  3
  718.0  718.0  1    6.365    6.365  1   29.754   29.722  3
  720.0  720.0  1    6.335    6.335  1   29.754   29.722  3
  722.0  722.0  1    6.323    6.323  1   29.754   29.722  3
  724.0  724.0  1    6.310    6.310  1   29.754   29.722  3
  726.0  726.0  1    6.298    6.298  1   29.754   29.722  3
  728.0  728.0  1    6.290    6.290  1   29.754   29.722  3
  730.0  730.0  1    6.277    6.277  1   29.754   29.722  3
  732.0  732.0  1    6.258    6.258  1   29.754   29.722  3
  734.0  734.0  1    6.237    6.237  1   29.754   29.722  3
  736.0  736.0  1    6.230    6.230  1   29.754   29.722  3
  738.0  738.0  1    6.220    6.220  1   29.754   29.722  3
  740.0  740.0  1    6.214    6.214  1   29.753   29.721  3
  742.0  742.0  1    6.196    6.196  1   29.752   29.720  3
  744.0  744.0  1    6.154    6.154  1   29.752   29.720  3
  746.0  746.0  1    6.087    6.087  1   29.754   29.722  3
  748.0  748.0  1    6.070    6.070  1   29.754   29.722  3
  750.0  750.0  1    6.059    6.059  1   29.754   29.722  3
  752.0  752.0  1    6.048    6.048  1   29.753   29.721  3
  754.0  754.0  1    5.999    5.999  1   29.755   29.723  3
  756.0  756.0  1    5.966    5.966  1   29.756   29.724  3
  758.0  758.0  1    5.959    5.959  1   29.756   29.724  3
  760.0  760.0  1    5.954    5.954  1   29.756   29.724  3
  762.0  762.0  1    5.944    5.944  1   29.755   29.723  3
  764.0  764.0  1    5.923    5.923  1   29.756   29.724  3
  766.0  766.0  1    5.911    5.911  1   29.755   29.723  3
  768.0  768.0  1    5.880    5.880  1   29.755   29.723  3
  770.0  770.0  1    5.847    5.847  1   29.756   29.724  3
  772.0  772.0  1    5.808    5.808  1   29.757   29.725  3
  774.0  774.0  1    5.790    5.790  1   29.757   29.725  3
  776.0  776.0  1    5.782    5.782  1   29.757   29.725  3
  778.0  778.0  1    5.772    5.772  1   29.758   29.726  3
  780.0  780.0  1    5.765    5.765  1   29.758   29.726  3
  782.0  782.0  1    5.754    5.754  1   29.758   29.726  3
  784.0  784.0  1    5.740    5.740  1   29.758   29.726  3
  786.0  786.0  1    5.726    5.726  1   29.758   29.726  3
  788.0  788.0  1    5.702    5.702  1   29.758   29.726  3
  790.0  790.0  1    5.686    5.686  1   29.759   29.727  3
  792.0  792.0  1    5.678    5.678  1   29.759   29.727  3
  794.0  794.0  1    5.665    5.665  1   29.759   29.727  3
  796.0  796.0  1    5.659    5.659  1   29.759   29.727  3
  798.0  798.0  1    5.654    5.654  1   29.759   29.727  3
  800.0  800.0  1    5.638    5.638  1   29.759   29.727  3
  802.0  802.0  1    5.620    5.620  1   29.759   29.727  3
  804.0  804.0  1    5.604    5.604  1   29.760   29.728  3
  806.0  806.0  1    5.596    5.596  1   29.760   29.728  3
  808.0  808.0  1    5.590    5.590  1   29.760   29.728  3
  810.0  810.0  1    5.584    5.584  1   29.760   29.728  3
  812.0  812.0  1    5.574    5.574  1   29.759   29.727  3
  814.0  814.0  1    5.547    5.547  1   29.760   29.728  3
  816.0  816.0  1    5.533    5.533  1   29.760   29.728  3
  818.0  818.0  1    5.521    5.521  1   29.761   29.729  3
  820.0  820.0  1    5.512    5.512  1   29.761   29.729  3
  822.0  822.0  1    5.507    5.507  1   29.761   29.729  3
  824.0  824.0  1    5.493    5.493  1   29.761   29.729  3
  826.0  826.0  1    5.469    5.469  1   29.761   29.729  3
  828.0  828.0  1    5.447    5.447  1   29.761   29.729  3
  830.0  830.0  1    5.432    5.432  1   29.761   29.729  3
  832.0  832.0  1    5.416    5.416  1   29.762   29.730  3
  834.0  834.0  1    5.390    5.390  1   29.763   29.731  3
  836.0  836.0  1    5.384    5.384  1   29.763   29.731  3
  838.0  838.0  1    5.380    5.380  1   29.763   29.731  3
  840.0  840.0  1    5.371    5.371  1   29.763   29.731  3
  842.0  842.0  1    5.356    5.356  1   29.764   29.732  3
  844.0  844.0  1    5.342    5.342  1   29.764   29.732  3
  846.0  846.0  1    5.331    5.331  1   29.764   29.732  3
  848.0  848.0  1    5.318    5.318  1   29.765   29.733  3
  850.0  850.0  1    5.312    5.312  1   29.765   29.733  3
  852.0  852.0  1    5.303    5.303  1   29.765   29.733  3
  854.0  854.0  1    5.299    5.299  1   29.765   29.733  3
  856.0  856.0  1    5.293    5.293  1   29.765   29.733  3
  858.0  858.0  1    5.288    5.288  1   29.765   29.733  3
  860.0  860.0  1    5.275    5.275  1   29.765   29.733  3
  862.0  862.0  1    5.255    5.255  1   29.766   29.734  3
  864.0  864.0  1    5.246    5.246  1   29.765   29.733  3
  866.0  866.0  1    5.223    5.223  1   29.766   29.734  3
  868.0  868.0  1    5.216    5.216  1   29.766   29.734  3
  870.0  870.0  1    5.213    5.213  1   29.766   29.734  3
  872.0  872.0  1    5.198    5.198  1   29.766   29.734  3
  874.0  874.0  1    5.190    5.190  1   29.766   29.734  3
  876.0  876.0  1    5.159    5.159  1   29.768   29.736  3
  878.0  878.0  1    5.156    5.156  1   29.767   29.735  3
  880.0  880.0  1    5.150    5.150  1   29.767   29.735  3
  882.0  882.0  1    5.140    5.140  1   29.767   29.735  3
  884.0  884.0  1    5.122    5.122  1   29.767   29.735  3
  886.0  886.0  1    5.102    5.102  1   29.768   29.736  3
  888.0  888.0  1    5.088    5.088  1   29.768   29.736  3
  890.0  890.0  1    5.071    5.071  1   29.769   29.737  3
  892.0  892.0  1    5.062    5.062  1   29.770   29.738  3
  894.0  894.0  1    5.057    5.057  1   29.770   29.738  3
  896.0  896.0  1    5.053    5.053  1   29.769   29.737  3
  898.0  898.0  1    5.044    5.044  1   29.769   29.737  3
  900.0  900.0  1    5.028    5.028  1   29.770   29.738  3
  902.0  902.0  1    5.017    5.017  1   29.770   29.738  3
  904.0  904.0  1    4.996    4.996  1   29.770   29.738  3
  906.0  906.0  1    4.985    4.985  1   29.771   29.739  3
  908.0  908.0  1    4.976    4.976  1   29.771   29.739  3
  910.0  910.0  1    4.967    4.967  1   29.771   29.739  3
  912.0  912.0  1    4.950    4.950  1   29.771   29.739  3
  914.0  914.0  1    4.937    4.937  1   29.772   29.740  3
  916.0  916.0  1    4.935    4.935  1   29.772   29.740  3
  918.0  918.0  1    4.933    4.933  1   29.772   29.740  3
  920.0  920.0  1    4.932    4.932  1   29.772   29.740  3
  922.0  922.0  1    4.921    4.921  1   29.772   29.740  3
  924.0  924.0  1    4.900    4.900  1   29.772   29.740  3
  926.0  926.0  1    4.883    4.883  1   29.773   29.741  3
  928.0  928.0  1    4.863    4.863  1   29.773   29.741  3
  930.0  930.0  1    4.847    4.847  1   29.773   29.741  3
  932.0  932.0  1    4.838    4.838  1   29.774   29.742  3
  934.0  934.0  1    4.831    4.831  1   29.774   29.742  3
  936.0  936.0  1    4.827    4.827  1   29.774   29.742  3
  938.0  938.0  1    4.822    4.822  1   29.774   29.742  3
  940.0  940.0  1    4.812    4.812  1   29.774   29.742  3
  942.0  942.0  1    4.798    4.798  1   29.775   29.743  3
  944.0  944.0  1    4.791    4.791  1   29.775   29.743  3
  946.0  946.0  1    4.787    4.787  1   29.775   29.743  3
  948.0  948.0  1    4.784    4.784  1   29.775   29.743  3
  950.0  950.0  1    4.778    4.778  1   29.775   29.743  3
  952.0  952.0  1    4.771    4.771  1   29.775   29.743  3
  954.0  954.0  1    4.762    4.762  1   29.775   29.743  3
  956.0  956.0  1    4.746    4.746  1   29.776   29.744  3
  958.0  958.0  1    4.736    4.736  1   29.776   29.744  3
  960.0  960.0  1    4.722    4.722  1   29.777   29.745  3
  962.0  962.0  1    4.714    4.714  1   29.777   29.745  3
  964.0  964.0  1    4.709    4.709  1   29.777   29.745  3
  966.0  966.0  1    4.705    4.705  1   29.777   29.745  3
  968.0  968.0  1    4.703    4.703  1   29.777   29.745  3
  970.0  970.0  1    4.690    4.690  1   29.777   29.745  3
  972.0  972.0  1    4.681    4.681  1   29.778   29.746  3
  974.0  974.0  1    4.672    4.672  1   29.778   29.746  3
  976.0  976.0  1    4.664    4.664  1   29.778   29.746  3
  978.0  978.0  1    4.654    4.654  1   29.778   29.746  3
  980.0  980.0  1    4.650    4.650  1   29.778   29.746  3
  982.0  982.0  1    4.638    4.638  1   29.778   29.746  3
  984.0  984.0  1    4.627    4.627  1   29.778   29.746  3
  986.0  986.0  1    4.609    4.609  1   29.779   29.747  3
  988.0  988.0  1    4.595    4.595  1   29.780   29.748  3
  990.0  990.0  1    4.583    4.583  1   29.780   29.748  3
  992.0  992.0  1    4.570    4.570  1   29.780   29.748  3
  994.0  994.0  1    4.566    4.566  1   29.780   29.748  3
  996.0  996.0  1    4.562    4.562  1   29.781   29.749  3
  998.0  998.0  1    4.555    4.555  1   29.781   29.749  3
 1000.0 1000.0  1    4.549    4.549  1   29.781   29.749  3
 1002.0 1002.0  1    4.548    4.548  1   29.781   29.749  3
 1004.0 1004.0  1    4.546    4.546  1   29.781   29.749  3
 1006.0 1006.0  1    4.538    4.538  1   29.781   29.749  3
 1008.0 1008.0  1    4.526    4.526  1   29.782   29.750  3
 1010.0 1010.0  1    4.521    4.521  1   29.782   29.750  3
 1012.0 1012.0  1    4.518    4.518  1   29.782   29.750  3
 1014.0 1014.0  1    4.511    4.511  1   29.783   29.751  3
 1016.0 1016.0  1    4.505    4.505  1   29.783   29.751  3
 1018.0 1018.0  1    4.500    4.500  1   29.783   29.751  3
 1020.0 1020.0  1    4.498    4.498  1   29.783   29.751  3
 1022.3 1022.3  1    4.496    4.496  1   29.783   29.751  3
