*SoftWare Version 3.0  2018/12/27

*HEADER
     PLATFORM NUMBER       :5904291
     CYCLE NUMBER          :196
     DATE CREATION         :20191214230055
     DATE UPDATE           :20191214230055
     PROJECT NAME          :US ARGO PROJECT
     PI NAME               :GREGORY C. JOHNSON
     INSTRUMENT TYPE       :NAVIS_A
     FLOAT SERIAL NO       :0322
     FIRMWARE VERSION      :082713
     WMO INSTRUMENT TYPE   :863
     TRANSMISSION SYSTEM   :IRIDIUM
     POSITIONING SYSTEM    :GPS
     SAMPLE DIRECTION      :A(A=Ascend; D=Descend)
     DATA MODE             :A(R=Real Time; D=Delayed Mode; A=Real Time Adjusted)
     JULIAN DAY            :25549.5287 (days since 1950-01-01 00:00:00 UTC)
     DATE                  :2019-12-14
     QC FLAG FOR DATE      :1
*LOCATION
     LATITUDE              :3.880   
     LONGITUDE             :148.671 
     QC FLAG FOR LOCATION  :1
*FILE
     COLUMN 1              :Pressure (dbar)                             F7.1
     COLUMN 2              :Corrected Pressure (dbar)                   F7.1
     COLUMN 3              :Quality on Pressure                         I3
     COLUMN 4              :Temperature (degree_Celsius)                F9.3
     COLUMN 5              :Corrected Temperature (degree_Celsius)      F9.3
     COLUMN 6              :Quality on Temperature                      I3
     COLUMN 7              :Salinity (PSU)                              F9.3
     COLUMN 8              :Corrected Salinity (PSU)                    F9.3
     COLUMN 9              :Quality on Salinity                         I3
==========================================================================
    4.0    4.1  1   29.577   29.577  1   34.153   34.188  1
    6.0    6.1  1   29.581   29.581  1   34.153   34.188  1
    8.0    8.1  1   29.582   29.582  1   34.153   34.188  1
   10.0   10.1  1   29.583   29.583  1   34.153   34.188  1
   12.0   12.1  1   29.582   29.582  1   34.153   34.188  1
   14.0   14.1  1   29.583   29.583  1   34.153   34.188  1
   16.0   16.1  1   29.583   29.583  1   34.154   34.189  1
   18.0   18.1  1   29.582   29.582  1   34.155   34.190  1
   20.0   20.1  1   29.570   29.570  1   34.158   34.193  1
   22.0   22.1  1   29.542   29.542  1   34.165   34.200  1
   24.0   24.1  1   29.461   29.461  1   34.184   34.219  1
   26.0   26.1  1   29.277   29.277  1   34.230   34.265  1
   28.0   28.1  1   28.732   28.732  1   34.406   34.441  1
   30.0   30.1  1   28.273   28.273  1   34.522   34.557  1
   32.0   32.1  1   27.913   27.913  1   34.506   34.541  1
   34.0   34.1  1   27.494   27.494  1   34.588   34.623  1
   36.0   36.1  1   27.260   27.260  1   34.576   34.611  1
   38.0   38.1  1   27.176   27.176  1   34.554   34.589  1
   40.0   40.1  1   27.184   27.184  1   34.558   34.593  1
   42.0   42.1  1   27.214   27.214  1   34.573   34.608  1
   44.0   44.1  1   27.339   27.339  1   34.650   34.685  1
   46.0   46.1  1   27.462   27.462  1   34.753   34.788  1
   48.0   48.1  1   27.394   27.394  1   34.775   34.810  1
   50.0   50.1  1   27.342   27.342  1   34.757   34.792  1
   52.0   52.1  1   27.200   27.200  1   34.724   34.759  1
   54.0   54.1  1   27.127   27.127  1   34.743   34.778  1
   56.0   56.1  1   26.953   26.953  1   34.722   34.757  1
   58.0   58.1  1   26.942   26.942  1   34.784   34.819  1
   60.0   60.1  1   26.769   26.769  1   34.815   34.850  1
   62.0   62.1  1   26.611   26.611  1   34.826   34.861  1
   64.0   64.1  1   26.502   26.502  1   34.815   34.850  1
   66.0   66.1  1   26.449   26.449  1   34.815   34.850  1
   68.0   68.1  1   26.409   26.409  1   34.810   34.845  1
   70.0   70.1  1   26.358   26.358  1   34.791   34.826  1
   72.0   72.1  1   26.355   26.355  1   34.790   34.825  1
   74.0   74.1  1   26.373   26.373  1   34.798   34.833  1
   76.0   76.1  1   26.446   26.446  1   34.832   34.867  1
   78.0   78.1  1   26.494   26.494  1   34.857   34.892  1
   80.0   80.1  1   26.510   26.510  1   34.879   34.914  1
   82.0   82.1  1   26.413   26.413  1   34.847   34.882  1
   84.0   84.1  1   26.075   26.075  1   34.755   34.790  1
   86.0   86.1  1   25.755   25.755  1   34.713   34.748  1
   88.0   88.1  1   25.796   25.796  1   34.797   34.832  1
   90.0   90.1  1   25.788   25.788  1   34.817   34.852  1
   92.0   92.1  1   25.832   25.832  1   34.871   34.906  1
   94.0   94.1  1   25.892   25.892  1   34.947   34.982  1
   96.0   96.1  1   26.013   26.013  1   35.043   35.078  1
   98.0   98.1  1   26.061   26.061  1   35.092   35.127  1
  100.0  100.1  1   25.902   25.902  1   35.084   35.119  1
  102.0  102.1  1   25.714   25.714  1   35.046   35.081  1
  104.0  104.1  1   25.212   25.212  1   34.964   34.999  1
  106.0  106.1  1   25.175   25.175  1   34.994   35.029  1
  108.0  108.1  1   25.246   25.246  1   35.045   35.080  1
  110.0  110.1  1   25.234   25.234  1   35.068   35.103  1
  112.0  112.1  1   25.132   25.132  1   35.070   35.105  1
  114.1  114.2  1   24.982   24.982  1   35.049   35.084  1
  116.0  116.1  1   24.503   24.503  1   34.991   35.026  1
  117.9  118.0  1   24.449   24.449  1   34.989   35.024  1
  120.0  120.1  1   24.492   24.492  1   35.020   35.055  1
  122.0  122.1  1   24.449   24.449  1   35.072   35.107  1
  124.0  124.1  1   24.288   24.288  1   35.075   35.110  1
  126.0  126.1  1   24.146   24.146  1   35.105   35.140  1
  128.0  128.1  1   23.861   23.861  1   35.068   35.103  1
  130.0  130.1  1   23.899   23.899  1   35.120   35.155  1
  132.0  132.1  1   23.647   23.647  1   35.128   35.163  1
  134.0  134.1  1   23.479   23.479  1   35.107   35.142  1
  136.0  136.1  1   23.412   23.412  1   35.099   35.134  1
  138.0  138.1  1   23.184   23.184  1   35.080   35.115  1
  140.0  140.1  1   22.661   22.661  1   35.050   35.085  1
  142.0  142.1  1   22.399   22.399  1   35.042   35.077  1
  144.0  144.1  1   22.343   22.343  1   35.044   35.079  1
  146.0  146.1  1   22.243   22.243  1   35.043   35.078  1
  148.0  148.1  1   21.939   21.939  1   35.016   35.051  1
  150.0  150.1  1   21.576   21.576  1   34.984   35.019  1
  152.0  152.1  1   21.331   21.331  1   34.957   34.992  1
  154.0  154.1  1   21.150   21.150  1   34.938   34.973  1
  156.0  156.1  1   20.825   20.825  1   34.905   34.940  1
  158.1  158.2  1   20.190   20.190  1   34.847   34.882  1
  160.0  160.1  1   19.652   19.652  1   34.804   34.839  1
  161.9  162.0  1   18.989   18.989  1   34.765   34.800  1
  164.0  164.1  1   18.533   18.533  1   34.746   34.781  1
  166.0  166.1  1   18.334   18.334  1   34.735   34.770  1
  168.0  168.1  1   18.051   18.051  1   34.719   34.754  1
  170.0  170.1  1   17.660   17.660  1   34.700   34.735  1
  172.0  172.1  1   17.129   17.129  1   34.686   34.721  1
  174.0  174.1  1   16.640   16.640  1   34.673   34.708  1
  176.0  176.1  1   16.597   16.597  1   34.667   34.702  1
  178.0  178.1  1   16.462   16.462  1   34.656   34.691  1
  180.0  180.1  1   16.261   16.261  1   34.642   34.677  1
  182.0  182.1  1   15.872   15.872  1   34.647   34.682  1
  184.0  184.1  1   15.047   15.047  1   34.711   34.746  1
  186.0  186.1  1   14.942   14.942  1   34.716   34.751  1
  188.0  188.1  1   14.723   14.723  1   34.711   34.746  1
  190.0  190.1  1   14.429   14.429  1   34.671   34.706  1
  192.0  192.1  1   14.115   14.115  1   34.640   34.675  1
  194.0  194.1  1   13.887   13.887  1   34.625   34.660  1
  196.0  196.1  1   13.687   13.687  1   34.617   34.652  1
  198.0  198.1  1   13.485   13.485  1   34.619   34.654  1
  200.0  200.1  1   13.403   13.403  1   34.615   34.650  1
  202.0  202.1  1   13.279   13.279  1   34.602   34.637  1
  204.0  204.1  1   13.020   13.020  1   34.569   34.604  1
  206.0  206.1  1   12.386   12.386  1   34.500   34.535  1
  208.0  208.1  1   12.121   12.121  1   34.524   34.559  1
  210.0  210.1  1   12.088   12.088  1   34.537   34.572  1
  212.0  212.1  1   12.037   12.037  1   34.539   34.574  1
  214.0  214.1  1   11.970   11.970  1   34.535   34.570  1
  216.0  216.1  1   11.965   11.965  1   34.547   34.582  1
  218.0  218.1  1   11.715   11.715  1   34.533   34.568  1
  220.0  220.1  1   11.522   11.522  1   34.524   34.559  1
  222.0  222.1  1   11.436   11.436  1   34.529   34.564  1
  224.0  224.1  1   11.360   11.360  1   34.524   34.559  1
  226.0  226.1  1   11.200   11.200  1   34.512   34.547  1
  228.0  228.1  1   10.979   10.979  1   34.497   34.532  1
  230.0  230.1  1   10.678   10.678  1   34.489   34.524  1
  232.0  232.1  1   10.610   10.610  1   34.485   34.520  1
  234.0  234.1  1   10.501   10.501  1   34.482   34.517  1
  236.0  236.1  1   10.490   10.490  1   34.481   34.516  1
  238.0  238.1  1   10.447   10.447  1   34.477   34.512  1
  240.0  240.1  1   10.263   10.263  1   34.470   34.505  1
  242.0  242.1  1   10.213   10.213  1   34.475   34.510  1
  244.0  244.1  1   10.144   10.144  1   34.479   34.514  1
  246.0  246.1  1   10.031   10.031  1   34.486   34.521  1
  248.0  248.1  1    9.952    9.952  1   34.493   34.528  1
  250.0  250.1  1    9.918    9.918  1   34.493   34.528  1
  252.0  252.1  1    9.788    9.788  1   34.500   34.535  1
  254.0  254.1  1    9.681    9.681  1   34.506   34.541  1
  256.0  256.1  1    9.645    9.645  1   34.508   34.543  1
  258.0  258.1  1    9.622    9.622  1   34.510   34.545  1
  260.0  260.1  1    9.601    9.601  1   34.510   34.545  1
  262.0  262.1  1    9.588    9.588  1   34.509   34.544  1
  264.0  264.1  1    9.558    9.558  1   34.508   34.543  1
  266.0  266.1  1    9.519    9.519  1   34.506   34.541  1
  268.0  268.1  1    9.484    9.484  1   34.505   34.540  1
  270.0  270.1  1    9.461    9.461  1   34.505   34.540  1
  272.0  272.1  1    9.414    9.414  1   34.508   34.543  1
  274.0  274.1  1    9.378    9.378  1   34.513   34.548  1
  276.0  276.1  1    9.321    9.321  1   34.513   34.548  1
  278.0  278.1  1    9.285    9.285  1   34.515   34.550  1
  280.0  280.1  1    9.231    9.231  1   34.520   34.555  1
  282.0  282.1  1    9.200    9.200  1   34.518   34.553  1
  284.0  284.1  1    9.185    9.185  1   34.516   34.551  1
  286.0  286.1  1    9.171    9.171  1   34.513   34.548  1
  288.0  288.1  1    9.121    9.121  1   34.512   34.547  1
  290.0  290.1  1    9.063    9.063  1   34.512   34.547  1
  292.0  292.1  1    9.008    9.008  1   34.513   34.548  1
  294.0  294.1  1    8.987    8.987  1   34.514   34.549  1
  296.0  296.1  1    8.982    8.982  1   34.516   34.551  1
  298.0  298.1  1    8.978    8.978  1   34.524   34.559  1
  300.0  300.1  1    8.998    8.998  1   34.538   34.573  1
  302.0  302.1  1    9.008    9.008  1   34.543   34.578  1
  304.0  304.1  1    8.996    8.996  1   34.544   34.579  1
  306.0  306.1  1    8.986    8.986  1   34.547   34.582  1
  308.0  308.1  1    8.982    8.982  1   34.547   34.582  1
  310.0  310.1  1    8.906    8.906  1   34.538   34.573  1
  312.0  312.1  1    8.841    8.841  1   34.537   34.572  1
  314.0  314.1  1    8.779    8.779  1   34.532   34.567  1
  316.0  316.1  1    8.783    8.783  1   34.537   34.572  1
  318.0  318.1  1    8.778    8.778  1   34.538   34.573  1
  320.0  320.1  1    8.759    8.759  1   34.538   34.573  1
  322.0  322.1  1    8.704    8.704  1   34.537   34.572  1
  324.0  324.1  1    8.674    8.674  1   34.536   34.571  1
  326.0  326.1  1    8.647    8.647  1   34.535   34.570  1
  328.0  328.1  1    8.624    8.624  1   34.535   34.570  1
  330.0  330.1  1    8.623    8.623  1   34.535   34.570  1
  332.0  332.1  1    8.618    8.618  1   34.535   34.570  1
  334.0  334.1  1    8.616    8.616  1   34.538   34.573  1
  336.0  336.1  1    8.617    8.617  1   34.542   34.577  1
  338.0  338.1  1    8.602    8.602  1   34.545   34.580  1
  340.0  340.1  1    8.581    8.581  1   34.545   34.580  1
  342.0  342.1  1    8.570    8.570  1   34.545   34.580  1
  344.0  344.1  1    8.570    8.570  1   34.546   34.581  1
  346.0  346.1  1    8.570    8.570  1   34.546   34.581  1
  348.0  348.1  1    8.570    8.570  1   34.546   34.581  1
  350.0  350.1  1    8.563    8.563  1   34.544   34.579  1
  352.0  352.1  1    8.530    8.530  1   34.541   34.576  1
  354.0  354.1  1    8.445    8.445  1   34.534   34.569  1
  356.0  356.1  1    8.426    8.426  1   34.532   34.567  1
  358.0  358.1  1    8.412    8.412  1   34.531   34.566  1
  360.0  360.1  1    8.396    8.396  1   34.530   34.565  1
  362.0  362.1  1    8.346    8.346  1   34.528   34.563  1
  364.0  364.1  1    8.316    8.316  1   34.528   34.563  1
  366.0  366.1  1    8.285    8.285  1   34.529   34.564  1
  368.0  368.1  1    8.271    8.271  1   34.534   34.569  1
  370.0  370.1  1    8.270    8.270  1   34.535   34.570  1
  372.0  372.1  1    8.269    8.269  1   34.536   34.571  1
  374.0  374.1  1    8.268    8.268  1   34.536   34.571  1
  376.0  376.1  1    8.267    8.267  1   34.538   34.573  1
  378.0  378.1  1    8.265    8.265  1   34.539   34.574  1
  380.0  380.1  1    8.265    8.265  1   34.540   34.575  1
  382.0  382.1  1    8.260    8.260  1   34.543   34.578  1
  384.0  384.1  1    8.254    8.254  1   34.546   34.581  1
  386.0  386.1  1    8.250    8.250  1   34.549   34.584  1
  388.0  388.1  1    8.251    8.251  1   34.551   34.586  1
  390.0  390.1  1    8.248    8.248  1   34.553   34.588  1
  392.0  392.1  1    8.246    8.246  1   34.557   34.592  1
  394.0  394.1  1    8.251    8.251  1   34.562   34.597  1
  396.0  396.1  1    8.253    8.253  1   34.563   34.598  1
  398.0  398.1  1    8.255    8.255  1   34.564   34.599  1
  400.0  400.1  1    8.258    8.258  1   34.565   34.600  1
  402.0  402.1  1    8.260    8.260  1   34.566   34.601  1
  404.0  404.1  1    8.263    8.263  1   34.566   34.601  1
  406.0  406.1  1    8.267    8.267  1   34.568   34.603  1
  408.0  408.1  1    8.269    8.269  1   34.568   34.603  1
  410.0  410.1  1    8.269    8.269  1   34.568   34.603  1
  412.0  412.1  1    8.270    8.270  1   34.568   34.603  1
  414.0  414.1  1    8.271    8.271  1   34.569   34.604  1
  416.0  416.1  1    8.270    8.270  1   34.570   34.605  1
  418.0  418.1  1    8.269    8.269  1   34.569   34.604  1
  420.0  420.1  1    8.266    8.266  1   34.569   34.604  1
  422.0  422.1  1    8.253    8.253  1   34.568   34.603  1
  424.0  424.1  1    8.232    8.232  1   34.567   34.602  1
  426.0  426.1  1    8.205    8.205  1   34.565   34.600  1
  428.0  428.1  1    8.194    8.194  1   34.566   34.601  1
  430.0  430.1  1    8.189    8.189  1   34.565   34.600  1
  432.0  432.1  1    8.171    8.171  1   34.564   34.599  1
  434.0  434.1  1    8.150    8.150  1   34.563   34.598  1
  436.0  436.1  1    8.127    8.127  1   34.562   34.597  1
  438.0  438.1  1    8.122    8.122  1   34.561   34.596  1
  440.0  440.1  1    8.121    8.121  1   34.562   34.597  1
  442.1  442.2  1    8.120    8.120  1   34.562   34.597  1
  444.0  444.1  1    8.120    8.120  1   34.562   34.597  1
  446.0  446.1  1    8.120    8.120  1   34.562   34.597  1
  448.0  448.1  1    8.120    8.120  1   34.562   34.597  1
  450.0  450.1  1    8.119    8.119  1   34.562   34.597  1
  452.0  452.1  1    8.115    8.115  1   34.561   34.596  1
  454.0  454.1  1    8.106    8.106  1   34.560   34.595  1
  456.0  456.1  1    8.098    8.098  1   34.559   34.594  1
  458.0  458.1  1    8.078    8.078  1   34.558   34.593  1
  460.0  460.1  1    8.064    8.064  1   34.556   34.591  1
  462.0  462.1  1    8.036    8.036  1   34.553   34.588  1
  464.0  464.1  1    8.021    8.021  1   34.551   34.586  1
  466.0  466.1  1    8.014    8.014  1   34.550   34.585  1
  468.0  468.1  1    8.006    8.006  1   34.548   34.583  1
  470.0  470.1  1    7.963    7.963  1   34.543   34.578  1
  472.0  472.1  1    7.859    7.859  1   34.534   34.569  1
  474.0  474.1  1    7.828    7.828  1   34.534   34.569  1
  476.0  476.1  1    7.817    7.817  1   34.536   34.571  1
  478.0  478.1  1    7.802    7.802  1   34.537   34.572  1
  480.0  480.1  1    7.790    7.790  1   34.537   34.572  1
  482.0  482.1  1    7.745    7.745  1   34.537   34.572  1
  484.0  484.1  1    7.724    7.724  1   34.536   34.571  1
  486.0  486.1  1    7.696    7.696  1   34.535   34.570  1
  488.0  488.1  1    7.647    7.647  1   34.533   34.568  1
  490.0  490.1  1    7.616    7.616  1   34.532   34.567  1
  492.0  492.1  1    7.587    7.587  1   34.532   34.567  1
  494.0  494.1  1    7.575    7.575  1   34.531   34.566  1
  496.0  496.1  1    7.561    7.561  1   34.531   34.566  1
  498.0  498.1  1    7.530    7.530  1   34.531   34.566  1
  500.0  500.1  1    7.465    7.465  1   34.531   34.566  1
  502.0  502.1  1    7.449    7.449  1   34.530   34.565  1
  504.0  504.1  1    7.437    7.437  1   34.529   34.564  1
  506.0  506.1  1    7.425    7.425  1   34.529   34.564  1
  508.0  508.1  1    7.423    7.423  1   34.529   34.564  1
  510.0  510.1  1    7.420    7.420  1   34.529   34.564  1
  512.0  512.1  1    7.417    7.417  1   34.529   34.564  1
  514.0  514.1  1    7.416    7.416  1   34.529   34.564  1
  516.0  516.1  1    7.416    7.416  1   34.529   34.564  1
  518.0  518.1  1    7.413    7.413  1   34.528   34.563  1
  520.0  520.1  1    7.408    7.408  1   34.528   34.563  1
  522.0  522.1  1    7.399    7.399  1   34.528   34.563  1
  524.0  524.1  1    7.388    7.388  1   34.527   34.562  1
  526.0  526.1  1    7.375    7.375  1   34.527   34.562  1
  528.0  528.1  1    7.346    7.346  1   34.526   34.561  1
  530.0  530.1  1    7.300    7.300  1   34.526   34.561  1
  532.0  532.1  1    7.286    7.286  1   34.525   34.560  1
  534.0  534.1  1    7.277    7.277  1   34.524   34.559  1
  536.0  536.1  1    7.273    7.273  1   34.524   34.559  1
  538.0  538.1  1    7.266    7.266  1   34.523   34.558  1
  540.0  540.1  1    7.256    7.256  1   34.523   34.558  1
  542.0  542.1  1    7.240    7.240  1   34.522   34.557  1
  544.0  544.1  1    7.217    7.217  1   34.522   34.557  1
  546.0  546.1  1    7.197    7.197  1   34.520   34.555  1
  548.0  548.1  1    7.177    7.177  1   34.520   34.555  1
  550.0  550.1  1    7.153    7.153  1   34.519   34.554  1
  552.0  552.1  1    7.123    7.123  1   34.519   34.554  1
  554.0  554.1  1    7.113    7.113  1   34.518   34.553  1
  556.0  556.1  1    7.086    7.086  1   34.519   34.554  1
  558.0  558.1  1    7.065    7.065  1   34.519   34.554  1
  560.0  560.1  1    7.053    7.053  1   34.519   34.554  1
  562.0  562.1  1    7.039    7.039  1   34.518   34.553  1
  564.0  564.1  1    7.012    7.012  1   34.516   34.551  1
  566.0  566.1  1    6.988    6.988  1   34.514   34.549  1
  568.0  568.1  1    6.974    6.974  1   34.513   34.548  1
  570.0  570.1  1    6.965    6.965  1   34.512   34.547  1
  572.0  572.1  1    6.943    6.943  1   34.511   34.546  1
  574.0  574.1  1    6.922    6.922  1   34.510   34.545  1
  576.0  576.1  1    6.912    6.912  1   34.510   34.545  1
  578.0  578.1  1    6.905    6.905  1   34.510   34.545  1
  580.0  580.1  1    6.901    6.901  1   34.510   34.545  1
  582.0  582.1  1    6.898    6.898  1   34.510   34.545  1
  584.0  584.1  1    6.898    6.898  1   34.510   34.545  1
  586.0  586.1  1    6.897    6.897  1   34.510   34.545  1
  588.0  588.1  1    6.895    6.895  1   34.510   34.545  1
  590.0  590.1  1    6.893    6.893  1   34.510   34.545  1
  592.0  592.1  1    6.891    6.891  1   34.510   34.545  1
  594.0  594.1  1    6.888    6.888  1   34.510   34.545  1
  596.0  596.1  1    6.883    6.883  1   34.510   34.545  1
  598.0  598.1  1    6.878    6.878  1   34.510   34.545  1
  600.0  600.1  1    6.866    6.866  1   34.511   34.546  1
  602.0  602.1  1    6.856    6.856  1   34.511   34.546  1
  604.0  604.1  1    6.838    6.838  1   34.510   34.545  1
  606.0  606.1  1    6.821    6.821  1   34.509   34.544  1
  608.0  608.1  1    6.812    6.812  1   34.509   34.544  1
  610.0  610.1  1    6.798    6.798  1   34.510   34.545  1
  612.0  612.1  1    6.780    6.780  1   34.510   34.545  1
  614.0  614.1  1    6.767    6.767  1   34.510   34.545  1
  616.0  616.1  1    6.759    6.759  1   34.510   34.545  1
  618.0  618.1  1    6.756    6.756  1   34.510   34.545  1
  620.0  620.1  1    6.742    6.742  1   34.510   34.545  1
  622.0  622.1  1    6.733    6.733  1   34.510   34.545  1
  624.0  624.1  1    6.725    6.725  1   34.510   34.545  1
  626.0  626.1  1    6.708    6.708  1   34.510   34.545  1
  628.0  628.1  1    6.698    6.698  1   34.510   34.545  1
  630.0  630.1  1    6.686    6.686  1   34.509   34.544  1
  632.0  632.1  1    6.673    6.673  1   34.509   34.544  1
  634.0  634.1  1    6.655    6.655  1   34.509   34.544  1
  636.0  636.1  1    6.615    6.615  1   34.510   34.545  1
  638.0  638.1  1    6.589    6.589  1   34.511   34.546  1
  640.0  640.1  1    6.579    6.579  1   34.512   34.547  1
  642.0  642.1  1    6.574    6.574  1   34.513   34.548  1
  644.0  644.1  1    6.568    6.568  1   34.513   34.548  1
  646.0  646.1  1    6.557    6.557  1   34.513   34.548  1
  648.0  648.1  1    6.548    6.548  1   34.514   34.549  1
  650.0  650.1  1    6.538    6.538  1   34.515   34.550  1
  652.0  652.1  1    6.528    6.528  1   34.515   34.550  1
  654.0  654.1  1    6.521    6.521  1   34.515   34.550  1
  656.0  656.1  1    6.514    6.514  1   34.515   34.550  1
  658.0  658.1  1    6.509    6.509  1   34.515   34.550  1
  660.0  660.1  1    6.503    6.503  1   34.515   34.550  1
  662.0  662.1  1    6.496    6.496  1   34.516   34.551  1
  664.0  664.1  1    6.490    6.490  1   34.516   34.551  1
  666.0  666.1  1    6.487    6.487  1   34.515   34.550  1
  668.0  668.1  1    6.487    6.487  1   34.515   34.550  1
  670.0  670.1  1    6.487    6.487  1   34.515   34.550  1
  672.0  672.1  1    6.484    6.484  1   34.515   34.550  1
  674.0  674.1  1    6.464    6.464  1   34.515   34.550  1
  676.0  676.1  1    6.456    6.456  1   34.516   34.551  1
  678.0  678.1  1    6.449    6.449  1   34.516   34.551  1
  680.0  680.1  1    6.446    6.446  1   34.516   34.551  1
  682.0  682.1  1    6.445    6.445  1   34.516   34.551  1
  684.0  684.1  1    6.444    6.444  1   34.516   34.551  1
  686.0  686.1  1    6.440    6.440  1   34.516   34.551  1
  688.0  688.1  1    6.439    6.439  1   34.516   34.551  1
  690.0  690.1  1    6.429    6.429  1   34.516   34.551  1
  692.0  692.1  1    6.417    6.417  1   34.517   34.552  1
  694.0  694.1  1    6.416    6.416  1   34.517   34.552  1
  696.0  696.1  1    6.414    6.414  1   34.516   34.551  1
  698.0  698.1  1    6.391    6.391  1   34.515   34.550  1
  700.0  700.1  1    6.317    6.317  1   34.515   34.550  1
  702.0  702.1  1    6.291    6.291  1   34.516   34.551  1
  704.0  704.1  1    6.282    6.282  1   34.516   34.551  1
  706.0  706.1  1    6.279    6.279  1   34.515   34.550  1
  708.0  708.1  1    6.263    6.263  1   34.515   34.550  1
  710.0  710.1  1    6.251    6.251  1   34.515   34.550  1
  712.0  712.1  1    6.234    6.234  1   34.515   34.550  1
  714.0  714.1  1    6.229    6.229  1   34.515   34.550  1
  716.0  716.1  1    6.217    6.217  1   34.515   34.550  1
  718.0  718.1  1    6.202    6.202  1   34.514   34.549  1
  720.0  720.1  1    6.189    6.189  1   34.514   34.549  1
  722.0  722.1  1    6.172    6.172  1   34.514   34.549  1
  724.0  724.1  1    6.156    6.156  1   34.514   34.549  1
  726.0  726.1  1    6.151    6.151  1   34.513   34.548  1
  728.0  728.1  1    6.142    6.142  1   34.513   34.548  1
  730.0  730.1  1    6.125    6.125  1   34.513   34.548  1
  732.0  732.1  1    6.109    6.109  1   34.513   34.548  1
  734.0  734.1  1    6.102    6.102  1   34.513   34.548  1
  736.0  736.1  1    6.099    6.099  1   34.513   34.548  1
  738.0  738.1  1    6.098    6.098  1   34.513   34.548  1
  740.0  740.1  1    6.095    6.095  1   34.512   34.547  1
  742.0  742.1  1    6.088    6.088  1   34.512   34.547  1
  744.0  744.1  1    6.078    6.078  1   34.512   34.547  1
  746.0  746.1  1    6.068    6.068  1   34.512   34.547  1
  748.0  748.1  1    6.059    6.059  1   34.512   34.547  1
  750.0  750.1  1    6.051    6.051  1   34.512   34.547  1
  752.0  752.1  1    6.042    6.042  1   34.512   34.547  1
  754.0  754.1  1    6.015    6.015  1   34.512   34.547  1
  756.0  756.1  1    5.989    5.989  1   34.511   34.546  1
  758.0  758.1  1    5.960    5.960  1   34.511   34.546  1
  760.0  760.1  1    5.944    5.944  1   34.511   34.546  1
  762.0  762.1  1    5.925    5.925  1   34.511   34.546  1
  764.0  764.1  1    5.913    5.913  1   34.511   34.546  1
  766.0  766.1  1    5.906    5.906  1   34.511   34.546  1
  768.0  768.1  1    5.890    5.890  1   34.511   34.546  1
  770.0  770.1  1    5.873    5.873  1   34.511   34.546  1
  772.0  772.1  1    5.858    5.858  1   34.511   34.546  1
  774.0  774.1  1    5.839    5.839  1   34.510   34.545  1
  776.0  776.1  1    5.817    5.817  1   34.510   34.545  1
  778.0  778.1  1    5.807    5.807  1   34.510   34.545  1
  780.0  780.1  1    5.795    5.795  1   34.510   34.545  1
  782.0  782.1  1    5.780    5.780  1   34.510   34.545  1
  784.0  784.1  1    5.767    5.767  1   34.510   34.545  1
  786.0  786.1  1    5.745    5.745  1   34.510   34.545  1
  788.0  788.1  1    5.726    5.726  1   34.510   34.545  1
  790.0  790.1  1    5.700    5.700  1   34.510   34.545  1
  792.0  792.1  1    5.654    5.654  1   34.511   34.546  1
  794.0  794.1  1    5.635    5.635  1   34.511   34.546  1
  796.0  796.1  1    5.631    5.631  1   34.511   34.546  1
  798.0  798.1  1    5.612    5.612  1   34.511   34.546  1
  800.0  800.1  1    5.596    5.596  1   34.511   34.546  1
  802.0  802.1  1    5.580    5.580  1   34.511   34.546  1
  804.0  804.1  1    5.556    5.556  1   34.511   34.546  1
  806.0  806.1  1    5.541    5.541  1   34.511   34.546  1
  808.0  808.1  1    5.506    5.506  1   34.511   34.546  1
  810.0  810.1  1    5.467    5.467  1   34.512   34.547  1
  812.0  812.1  1    5.434    5.434  1   34.513   34.548  1
  814.0  814.1  1    5.427    5.427  1   34.513   34.548  1
  816.0  816.1  1    5.418    5.418  1   34.513   34.548  1
  818.0  818.1  1    5.413    5.413  1   34.513   34.548  1
  820.0  820.1  1    5.411    5.411  1   34.513   34.548  1
  822.0  822.1  1    5.405    5.405  1   34.513   34.548  1
  824.0  824.1  1    5.392    5.392  1   34.513   34.548  1
  826.0  826.1  1    5.375    5.375  1   34.513   34.548  1
  828.0  828.1  1    5.365    5.365  1   34.514   34.549  1
  830.0  830.1  1    5.356    5.356  1   34.514   34.549  1
  832.0  832.1  1    5.350    5.350  1   34.514   34.549  1
  834.0  834.1  1    5.339    5.339  1   34.513   34.548  1
  836.0  836.1  1    5.318    5.318  1   34.514   34.549  1
  838.0  838.1  1    5.305    5.305  1   34.514   34.549  1
  840.0  840.1  1    5.297    5.297  1   34.514   34.549  1
  842.0  842.1  1    5.293    5.293  1   34.515   34.550  1
  844.0  844.1  1    5.292    5.292  1   34.514   34.549  1
  846.0  846.1  1    5.282    5.282  1   34.514   34.549  1
  848.0  848.1  1    5.276    5.276  1   34.514   34.549  1
  850.0  850.1  1    5.268    5.268  1   34.514   34.549  1
  852.0  852.1  1    5.255    5.255  1   34.515   34.550  1
  854.0  854.1  1    5.244    5.244  1   34.515   34.550  1
  856.0  856.1  1    5.225    5.225  1   34.515   34.550  1
  858.0  858.1  1    5.217    5.217  1   34.515   34.550  1
  860.0  860.1  1    5.207    5.207  1   34.515   34.550  1
  862.0  862.1  1    5.197    5.197  1   34.515   34.550  1
  864.0  864.1  1    5.186    5.186  1   34.515   34.550  1
  866.0  866.1  1    5.172    5.172  1   34.516   34.551  1
  868.0  868.1  1    5.164    5.164  1   34.516   34.551  1
  870.0  870.1  1    5.163    5.163  1   34.516   34.551  1
  872.0  872.1  1    5.161    5.161  1   34.516   34.551  1
  874.0  874.1  1    5.158    5.158  1   34.516   34.551  1
  876.0  876.1  1    5.145    5.145  1   34.516   34.551  1
  878.0  878.1  1    5.131    5.131  1   34.516   34.551  1
  880.0  880.1  1    5.128    5.128  1   34.516   34.551  1
  882.0  882.1  1    5.120    5.120  1   34.516   34.551  1
  884.0  884.1  1    5.107    5.107  1   34.516   34.551  1
  886.0  886.1  1    5.086    5.086  1   34.517   34.552  1
  888.0  888.1  1    5.071    5.071  1   34.517   34.552  1
  890.0  890.1  1    5.065    5.065  1   34.518   34.553  1
  892.0  892.1  1    5.057    5.057  1   34.518   34.553  1
  894.0  894.1  1    5.051    5.051  1   34.518   34.553  1
  896.0  896.1  1    5.043    5.043  1   34.518   34.553  1
  898.0  898.1  1    5.036    5.036  1   34.518   34.553  1
  900.0  900.1  1    5.018    5.018  1   34.518   34.553  1
  902.0  902.1  1    4.989    4.989  1   34.519   34.554  1
  904.0  904.1  1    4.973    4.973  1   34.519   34.554  1
  906.0  906.1  1    4.971    4.971  1   34.519   34.554  1
  908.0  908.1  1    4.963    4.963  1   34.519   34.554  1
  910.0  910.1  1    4.945    4.945  1   34.520   34.555  1
  912.0  912.1  1    4.929    4.929  1   34.520   34.555  1
  914.0  914.1  1    4.918    4.918  1   34.520   34.555  1
  916.0  916.1  1    4.911    4.911  1   34.521   34.556  1
  918.0  918.1  1    4.908    4.908  1   34.521   34.556  1
  920.0  920.1  1    4.907    4.907  1   34.521   34.556  1
  922.0  922.1  1    4.906    4.906  1   34.521   34.556  1
  924.0  924.1  1    4.905    4.905  1   34.521   34.556  1
  926.0  926.1  1    4.904    4.904  1   34.521   34.556  1
  928.0  928.1  1    4.897    4.897  1   34.521   34.556  1
  930.0  930.1  1    4.888    4.888  1   34.521   34.556  1
  932.0  932.1  1    4.871    4.871  1   34.521   34.556  1
  934.0  934.1  1    4.861    4.861  1   34.522   34.557  1
  936.0  936.1  1    4.857    4.857  1   34.522   34.557  1
  938.0  938.1  1    4.850    4.850  1   34.522   34.557  1
  940.0  940.1  1    4.841    4.841  1   34.522   34.557  1
  942.0  942.1  1    4.822    4.822  1   34.522   34.557  1
  944.0  944.1  1    4.803    4.803  1   34.523   34.558  1
  946.0  946.1  1    4.790    4.790  1   34.523   34.558  1
  948.0  948.1  1    4.780    4.780  1   34.523   34.558  1
  950.0  950.1  1    4.770    4.770  1   34.523   34.558  1
  952.0  952.1  1    4.760    4.760  1   34.524   34.559  1
  954.0  954.1  1    4.744    4.744  1   34.524   34.559  1
  956.0  956.1  1    4.738    4.738  1   34.524   34.559  1
  958.0  958.1  1    4.733    4.733  1   34.524   34.559  1
  960.0  960.1  1    4.732    4.732  1   34.524   34.559  1
  962.0  962.1  1    4.723    4.723  1   34.524   34.559  1
  964.0  964.1  1    4.710    4.710  1   34.525   34.560  1
  966.0  966.1  1    4.703    4.703  1   34.525   34.560  1
  968.0  968.1  1    4.697    4.697  1   34.525   34.560  1
  970.0  970.1  1    4.681    4.681  1   34.525   34.560  1
  972.0  972.1  1    4.667    4.667  1   34.526   34.561  1
  974.0  974.1  1    4.654    4.654  1   34.526   34.561  1
  976.0  976.1  1    4.645    4.645  1   34.527   34.562  1
  978.0  978.1  1    4.641    4.641  1   34.527   34.562  1
  980.0  980.1  1    4.640    4.640  1   34.527   34.562  1
  982.0  982.1  1    4.639    4.639  1   34.527   34.562  1
  984.0  984.1  1    4.638    4.638  1   34.527   34.562  1
  986.0  986.1  1    4.638    4.638  1   34.527   34.562  1
  988.0  988.1  1    4.638    4.638  1   34.527   34.562  1
  990.0  990.1  1    4.638    4.638  1   34.527   34.562  1
  992.0  992.1  1    4.638    4.638  1   34.527   34.562  1
  994.0  994.1  1    4.638    4.638  1   34.527   34.562  1
  996.0  996.1  1    4.637    4.637  1   34.527   34.562  1
  998.0  998.1  1    4.634    4.634  1   34.527   34.562  1
 1000.0 1000.1  1    4.632    4.632  1   34.527   34.562  1
 1002.0 1002.1  1    4.631    4.631  1   34.527   34.562  1
 1004.0 1004.1  1    4.620    4.620  1   34.526   34.561  1
 1006.0 1006.1  1    4.590    4.590  1   34.528   34.563  1
 1008.0 1008.1  1    4.582    4.582  1   34.528   34.563  1
 1010.0 1010.1  1    4.580    4.580  1   34.528   34.563  1
 1012.0 1012.1  1    4.580    4.580  1   34.528   34.563  1
 1014.0 1014.1  1    4.579    4.579  1   34.528   34.563  1
 1016.0 1016.1  1    4.578    4.578  1   34.528   34.563  1
 1018.0 1018.1  1    4.578    4.578  1   34.528   34.563  1
 1020.0 1020.1  1    4.574    4.574  1   34.528   34.563  1
 1022.0 1022.1  1    4.573    4.573  1   34.528   34.563  1
 1024.0 1024.1  1    4.571    4.571  1   34.528   34.563  1
 1026.0 1026.1  1    4.570    4.570  1   34.528   34.563  1
 1028.0 1028.1  1    4.566    4.566  1   34.528   34.563  1
 1030.0 1030.1  1    4.558    4.558  1   34.528   34.563  1
 1032.0 1032.1  1    4.543    4.543  1   34.529   34.564  1
 1034.0 1034.1  1    4.529    4.529  1   34.529   34.564  1
 1036.0 1036.1  1    4.518    4.518  1   34.530   34.565  1
 1038.0 1038.1  1    4.511    4.511  1   34.530   34.565  1
 1040.0 1040.1  1    4.504    4.504  1   34.530   34.565  1
 1042.0 1042.1  1    4.501    4.501  1   34.530   34.565  1
 1044.0 1044.1  1    4.497    4.497  1   34.530   34.565  1
 1046.0 1046.1  1    4.489    4.489  1   34.530   34.565  1
 1048.0 1048.1  1    4.465    4.465  1   34.531   34.566  1
 1050.0 1050.1  1    4.460    4.460  1   34.531   34.566  1
 1052.0 1052.1  1    4.455    4.455  1   34.531   34.566  1
 1054.0 1054.1  1    4.446    4.446  1   34.531   34.566  1
 1056.0 1056.1  1    4.442    4.442  1   34.532   34.567  1
 1058.0 1058.1  1    4.435    4.435  1   34.532   34.567  1
 1060.0 1060.1  1    4.428    4.428  1   34.532   34.567  1
 1062.0 1062.1  1    4.419    4.419  1   34.532   34.567  1
 1064.0 1064.1  1    4.415    4.415  1   34.532   34.567  1
 1066.0 1066.1  1    4.408    4.408  1   34.533   34.568  1
 1068.0 1068.1  1    4.405    4.405  1   34.533   34.568  1
 1070.0 1070.1  1    4.404    4.404  1   34.533   34.568  1
 1072.0 1072.1  1    4.404    4.404  1   34.533   34.568  1
 1074.0 1074.1  1    4.403    4.403  1   34.533   34.568  1
 1076.0 1076.1  1    4.404    4.404  1   34.533   34.568  1
 1078.0 1078.1  1    4.402    4.402  1   34.533   34.568  1
 1080.0 1080.1  1    4.396    4.396  1   34.533   34.568  1
 1082.0 1082.1  1    4.392    4.392  1   34.533   34.568  1
 1084.0 1084.1  1    4.390    4.390  1   34.533   34.568  1
 1086.0 1086.1  1    4.384    4.384  1   34.533   34.568  1
 1088.0 1088.1  1    4.382    4.382  1   34.533   34.568  1
 1090.0 1090.1  1    4.382    4.382  1   34.533   34.568  1
 1092.0 1092.1  1    4.379    4.379  1   34.533   34.568  1
 1094.0 1094.1  1    4.368    4.368  1   34.533   34.568  1
 1096.0 1096.1  1    4.359    4.359  1   34.534   34.569  1
 1098.0 1098.1  1    4.356    4.356  1   34.534   34.569  1
 1100.0 1100.1  1    4.351    4.351  1   34.534   34.569  1
 1102.0 1102.1  1    4.346    4.346  1   34.534   34.569  1
 1104.0 1104.1  1    4.341    4.341  1   34.534   34.569  1
 1106.0 1106.1  1    4.335    4.335  1   34.534   34.569  1
 1108.0 1108.1  1    4.331    4.331  1   34.535   34.570  1
 1110.0 1110.1  1    4.329    4.329  1   34.535   34.570  1
 1112.0 1112.1  1    4.327    4.327  1   34.535   34.570  1
 1114.0 1114.1  1    4.326    4.326  1   34.535   34.570  1
 1116.0 1116.1  1    4.325    4.325  1   34.535   34.570  1
 1118.0 1118.1  1    4.323    4.323  1   34.535   34.570  1
 1120.0 1120.1  1    4.317    4.317  1   34.535   34.570  1
 1122.0 1122.1  1    4.314    4.314  1   34.535   34.570  1
 1124.0 1124.1  1    4.312    4.312  1   34.535   34.570  1
 1126.0 1126.1  1    4.309    4.309  1   34.535   34.570  1
 1128.0 1128.1  1    4.305    4.305  1   34.535   34.570  1
 1130.0 1130.1  1    4.299    4.299  1   34.535   34.570  1
 1132.0 1132.1  1    4.293    4.293  1   34.536   34.571  1
 1134.0 1134.1  1    4.289    4.289  1   34.536   34.571  1
 1136.0 1136.1  1    4.286    4.286  1   34.536   34.571  1
 1138.0 1138.1  1    4.284    4.284  1   34.536   34.571  1
 1140.0 1140.1  1    4.276    4.276  1   34.536   34.571  1
 1142.0 1142.1  1    4.272    4.272  1   34.536   34.571  1
 1144.0 1144.1  1    4.268    4.268  1   34.536   34.571  1
 1146.0 1146.1  1    4.259    4.259  1   34.536   34.571  1
 1148.0 1148.1  1    4.253    4.253  1   34.537   34.572  1
 1150.0 1150.1  1    4.251    4.251  1   34.537   34.572  1
 1152.0 1152.1  1    4.249    4.249  1   34.537   34.572  1
 1154.0 1154.1  1    4.244    4.244  1   34.537   34.572  1
 1156.0 1156.1  1    4.240    4.240  1   34.537   34.572  1
 1158.0 1158.1  1    4.239    4.239  1   34.537   34.572  1
 1160.1 1160.2  1    4.239    4.239  1   34.537   34.572  1
 1162.1 1162.2  1    4.240    4.240  1   34.537   34.572  1
 1164.0 1164.1  1    4.236    4.236  1   34.537   34.572  1
 1166.0 1166.1  1    4.231    4.231  1   34.537   34.572  1
 1168.0 1168.1  1    4.229    4.229  1   34.537   34.572  1
 1170.0 1170.1  1    4.228    4.228  1   34.537   34.572  1
 1172.0 1172.1  1    4.223    4.223  1   34.537   34.572  1
 1174.0 1174.1  1    4.213    4.213  1   34.538   34.573  1
 1176.0 1176.1  1    4.209    4.209  1   34.538   34.573  1
 1178.0 1178.1  1    4.205    4.205  1   34.538   34.573  1
 1180.0 1180.1  1    4.205    4.205  1   34.538   34.573  1
 1182.0 1182.1  1    4.204    4.204  1   34.538   34.573  1
 1184.0 1184.1  1    4.199    4.199  1   34.538   34.573  1
 1186.0 1186.1  1    4.193    4.193  1   34.538   34.573  1
 1188.0 1188.1  1    4.191    4.191  1   34.538   34.573  1
 1190.0 1190.1  1    4.189    4.189  1   34.538   34.573  1
 1192.0 1192.1  1    4.183    4.183  1   34.538   34.573  1
 1194.0 1194.1  1    4.171    4.171  1   34.539   34.574  1
 1196.0 1196.1  1    4.165    4.165  1   34.539   34.574  1
 1198.0 1198.1  1    4.163    4.163  1   34.539   34.574  1
 1200.0 1200.1  1    4.162    4.162  1   34.539   34.574  1
 1202.0 1202.1  1    4.161    4.161  1   34.539   34.574  1
 1204.0 1204.1  1    4.162    4.162  1   34.539   34.574  1
 1206.0 1206.1  1    4.162    4.162  1   34.539   34.574  1
 1208.0 1208.1  1    4.161    4.161  1   34.539   34.574  1
 1210.1 1210.2  1    4.160    4.160  1   34.539   34.574  1
 1212.0 1212.1  1    4.160    4.160  1   34.539   34.574  1
 1214.0 1214.1  1    4.158    4.158  1   34.539   34.574  1
 1216.0 1216.1  1    4.142    4.142  1   34.539   34.574  1
 1218.0 1218.1  1    4.131    4.131  1   34.539   34.574  1
 1220.0 1220.1  1    4.126    4.126  1   34.539   34.574  1
 1222.0 1222.1  1    4.115    4.115  1   34.539   34.574  1
 1224.0 1224.1  1    4.077    4.077  1   34.541   34.576  1
 1226.0 1226.1  1    4.055    4.055  1   34.542   34.577  1
 1228.0 1228.1  1    4.050    4.050  1   34.542   34.577  1
 1230.0 1230.1  1    4.048    4.048  1   34.542   34.577  1
 1232.0 1232.1  1    4.042    4.042  1   34.542   34.577  1
 1234.1 1234.2  1    4.030    4.030  1   34.542   34.577  1
 1236.0 1236.1  1    4.022    4.022  1   34.542   34.577  1
 1238.0 1238.1  1    4.003    4.003  1   34.543   34.578  1
 1240.0 1240.1  1    3.980    3.980  1   34.544   34.579  1
 1242.0 1242.1  1    3.970    3.970  1   34.544   34.579  1
 1244.0 1244.1  1    3.960    3.960  1   34.544   34.579  1
 1246.0 1246.1  1    3.944    3.944  1   34.544   34.579  1
 1248.0 1248.1  1    3.929    3.929  1   34.545   34.580  1
 1250.0 1250.1  1    3.906    3.906  1   34.545   34.580  1
 1252.0 1252.1  1    3.883    3.883  1   34.546   34.581  1
 1254.0 1254.1  1    3.870    3.870  1   34.547   34.582  1
 1256.0 1256.1  1    3.867    3.867  1   34.547   34.582  1
 1258.0 1258.1  1    3.861    3.861  1   34.547   34.582  1
 1260.0 1260.1  1    3.856    3.856  1   34.547   34.582  1
 1262.0 1262.1  1    3.845    3.845  1   34.547   34.582  1
 1264.0 1264.1  1    3.829    3.829  1   34.548   34.583  1
 1266.0 1266.1  1    3.815    3.815  1   34.549   34.584  1
 1268.0 1268.1  1    3.815    3.815  1   34.549   34.584  1
 1270.0 1270.1  1    3.815    3.815  1   34.549   34.584  1
 1272.0 1272.1  1    3.815    3.815  1   34.549   34.584  1
 1274.0 1274.1  1    3.797    3.797  1   34.549   34.584  1
 1276.0 1276.1  1    3.782    3.782  1   34.550   34.585  1
 1278.0 1278.1  1    3.773    3.773  1   34.550   34.585  1
 1280.0 1280.1  1    3.769    3.769  1   34.550   34.585  1
 1282.0 1282.1  1    3.766    3.766  1   34.550   34.585  1
 1284.0 1284.1  1    3.765    3.765  1   34.551   34.586  1
 1286.0 1286.1  1    3.764    3.764  1   34.550   34.585  1
 1288.0 1288.1  1    3.764    3.764  1   34.550   34.585  1
 1290.0 1290.1  1    3.761    3.761  1   34.550   34.585  1
 1292.0 1292.1  1    3.755    3.755  1   34.550   34.585  1
 1294.0 1294.1  1    3.745    3.745  1   34.550   34.585  1
 1296.0 1296.1  1    3.723    3.723  1   34.551   34.586  1
 1298.0 1298.1  1    3.706    3.706  1   34.552   34.587  1
 1300.0 1300.1  1    3.691    3.691  1   34.552   34.587  1
 1302.0 1302.1  1    3.674    3.674  1   34.553   34.588  1
 1304.0 1304.1  1    3.654    3.654  1   34.553   34.588  1
 1306.0 1306.1  1    3.649    3.649  1   34.554   34.589  1
 1308.0 1308.1  1    3.642    3.642  1   34.554   34.589  1
 1310.0 1310.1  1    3.639    3.639  1   34.554   34.589  1
 1312.0 1312.1  1    3.637    3.637  1   34.554   34.589  1
 1314.0 1314.1  1    3.636    3.636  1   34.554   34.589  1
 1316.0 1316.1  1    3.635    3.635  1   34.554   34.589  1
 1318.0 1318.1  1    3.634    3.634  1   34.554   34.589  1
 1320.0 1320.1  1    3.630    3.630  1   34.555   34.590  1
 1322.0 1322.1  1    3.629    3.629  1   34.554   34.589  1
 1324.0 1324.1  1    3.626    3.626  1   34.554   34.589  1
 1326.0 1326.1  1    3.622    3.622  1   34.554   34.589  1
 1328.0 1328.1  1    3.601    3.601  1   34.555   34.590  1
 1330.0 1330.1  1    3.588    3.588  1   34.555   34.590  1
 1332.0 1332.1  1    3.571    3.571  1   34.556   34.591  1
 1334.0 1334.1  1    3.559    3.559  1   34.557   34.592  1
 1336.0 1336.1  1    3.555    3.555  1   34.557   34.592  1
 1338.0 1338.1  1    3.555    3.555  1   34.557   34.592  1
 1340.0 1340.1  1    3.554    3.554  1   34.557   34.592  1
 1342.0 1342.1  1    3.551    3.551  1   34.557   34.592  1
 1344.0 1344.1  1    3.548    3.548  1   34.557   34.592  1
 1346.0 1346.1  1    3.542    3.542  1   34.557   34.592  1
 1348.0 1348.1  1    3.532    3.532  1   34.557   34.592  1
 1350.0 1350.1  1    3.525    3.525  1   34.558   34.593  1
 1352.0 1352.1  1    3.520    3.520  1   34.558   34.593  1
 1354.0 1354.1  1    3.516    3.516  1   34.558   34.593  1
 1356.0 1356.1  1    3.511    3.511  1   34.558   34.593  1
 1357.9 1358.0  1    3.503    3.503  1   34.558   34.593  1
 1359.9 1360.0  1    3.495    3.495  1   34.559   34.594  1
 1362.0 1362.1  1    3.494    3.494  1   34.559   34.594  1
 1364.0 1364.1  1    3.488    3.488  1   34.559   34.594  1
 1366.0 1366.1  1    3.480    3.480  1   34.559   34.594  1
 1368.0 1368.1  1    3.472    3.472  1   34.559   34.594  1
 1370.0 1370.1  1    3.466    3.466  1   34.559   34.594  1
 1372.0 1372.1  1    3.452    3.452  1   34.560   34.595  1
 1374.0 1374.1  1    3.438    3.438  1   34.561   34.596  1
 1376.0 1376.1  1    3.436    3.436  1   34.561   34.596  1
 1378.0 1378.1  1    3.434    3.434  1   34.561   34.596  1
 1380.0 1380.1  1    3.432    3.432  1   34.561   34.596  1
 1382.0 1382.1  1    3.428    3.428  1   34.561   34.596  1
 1384.0 1384.1  1    3.423    3.423  1   34.561   34.596  1
 1386.0 1386.1  1    3.418    3.418  1   34.561   34.596  1
 1388.0 1388.1  1    3.409    3.409  1   34.561   34.596  1
 1390.1 1390.2  1    3.393    3.393  1   34.562   34.597  1
 1392.0 1392.1  1    3.382    3.382  1   34.563   34.598  1
 1394.0 1394.1  1    3.380    3.380  1   34.563   34.598  1
 1396.0 1396.1  1    3.378    3.378  1   34.563   34.598  1
 1398.0 1398.1  1    3.377    3.377  1   34.563   34.598  1
 1400.0 1400.1  1    3.376    3.376  1   34.563   34.598  1
 1402.0 1402.1  1    3.375    3.375  1   34.563   34.598  1
 1404.0 1404.1  1    3.372    3.372  1   34.563   34.598  1
 1406.0 1406.1  1    3.369    3.369  1   34.563   34.598  1
 1408.0 1408.1  1    3.364    3.364  1   34.563   34.598  1
 1410.0 1410.1  1    3.362    3.362  1   34.563   34.598  1
 1412.0 1412.1  1    3.356    3.356  1   34.563   34.598  1
 1414.0 1414.1  1    3.345    3.345  1   34.564   34.599  1
 1416.0 1416.1  1    3.342    3.342  1   34.564   34.599  1
 1418.0 1418.1  1    3.339    3.339  1   34.564   34.599  1
 1420.0 1420.1  1    3.329    3.329  1   34.564   34.599  1
 1422.0 1422.1  1    3.314    3.314  1   34.565   34.600  1
 1424.0 1424.1  1    3.305    3.305  1   34.565   34.600  1
 1426.0 1426.1  1    3.302    3.302  1   34.565   34.600  1
 1428.0 1428.1  1    3.298    3.298  1   34.565   34.600  1
 1430.0 1430.1  1    3.295    3.295  1   34.566   34.601  1
 1432.0 1432.1  1    3.292    3.292  1   34.566   34.601  1
 1434.0 1434.1  1    3.290    3.290  1   34.566   34.601  1
 1436.0 1436.1  1    3.289    3.289  1   34.566   34.601  1
 1438.0 1438.1  1    3.289    3.289  1   34.566   34.601  1
 1440.0 1440.1  1    3.288    3.288  1   34.566   34.601  1
 1442.0 1442.1  1    3.286    3.286  1   34.566   34.601  1
 1444.0 1444.1  1    3.280    3.280  1   34.566   34.601  1
 1446.0 1446.1  1    3.272    3.272  1   34.566   34.601  1
 1448.0 1448.1  1    3.267    3.267  1   34.566   34.601  1
 1449.9 1450.0  1    3.252    3.252  1   34.567   34.602  1
 1452.0 1452.1  1    3.248    3.248  1   34.567   34.602  1
 1454.0 1454.1  1    3.242    3.242  1   34.567   34.602  1
 1456.0 1456.1  1    3.240    3.240  1   34.568   34.603  1
 1458.0 1458.1  1    3.239    3.239  1   34.568   34.603  1
 1460.0 1460.1  1    3.237    3.237  1   34.568   34.603  1
 1462.0 1462.1  1    3.234    3.234  1   34.568   34.603  1
 1464.0 1464.1  1    3.233    3.233  1   34.567   34.602  1
 1466.0 1466.1  1    3.226    3.226  1   34.568   34.603  1
 1468.0 1468.1  1    3.218    3.218  1   34.568   34.603  1
 1470.0 1470.1  1    3.202    3.202  1   34.569   34.604  1
 1472.0 1472.1  1    3.196    3.196  1   34.569   34.604  1
 1474.0 1474.1  1    3.193    3.193  1   34.569   34.604  1
 1476.0 1476.1  1    3.184    3.184  1   34.569   34.604  1
 1478.0 1478.1  1    3.175    3.175  1   34.569   34.604  1
 1480.0 1480.1  1    3.172    3.172  1   34.569   34.604  1
 1482.0 1482.1  1    3.168    3.168  1   34.569   34.604  1
 1484.0 1484.1  1    3.152    3.152  1   34.570   34.605  1
 1486.0 1486.1  1    3.137    3.137  1   34.571   34.606  1
 1488.0 1488.1  1    3.129    3.129  1   34.571   34.606  1
 1490.0 1490.1  1    3.125    3.125  1   34.571   34.606  1
 1492.1 1492.2  1    3.121    3.121  1   34.571   34.606  1
 1494.0 1494.1  1    3.118    3.118  1   34.571   34.606  1
 1496.0 1496.1  1    3.116    3.116  1   34.571   34.606  1
 1498.0 1498.1  1    3.114    3.114  1   34.571   34.606  1
 1500.0 1500.1  1    3.111    3.111  1   34.571   34.606  1
 1502.0 1502.1  1    3.107    3.107  1   34.571   34.606  1
 1504.0 1504.1  1    3.096    3.096  1   34.571   34.606  1
 1506.0 1506.1  1    3.078    3.078  1   34.573   34.608  1
 1508.0 1508.1  1    3.073    3.073  1   34.573   34.608  1
 1510.0 1510.1  1    3.071    3.071  1   34.573   34.608  1
 1512.0 1512.1  1    3.066    3.066  1   34.573   34.608  1
 1514.0 1514.1  1    3.057    3.057  1   34.574   34.609  1
 1516.0 1516.1  1    3.054    3.054  1   34.574   34.609  1
 1518.0 1518.1  1    3.052    3.052  1   34.574   34.609  1
 1520.0 1520.1  1    3.051    3.051  1   34.574   34.609  1
 1522.0 1522.1  1    3.050    3.050  1   34.574   34.609  1
 1524.1 1524.2  1    3.049    3.049  1   34.574   34.609  1
 1526.0 1526.1  1    3.049    3.049  1   34.574   34.609  1
 1528.0 1528.1  1    3.049    3.049  1   34.574   34.609  1
 1530.0 1530.1  1    3.049    3.049  1   34.574   34.609  1
 1532.0 1532.1  1    3.049    3.049  1   34.574   34.609  1
 1534.0 1534.1  1    3.049    3.049  1   34.574   34.609  1
 1536.0 1536.1  1    3.046    3.046  1   34.574   34.609  1
 1538.0 1538.1  1    3.041    3.041  1   34.574   34.609  1
 1540.0 1540.1  1    3.033    3.033  1   34.574   34.609  1
 1542.0 1542.1  1    3.029    3.029  1   34.575   34.610  1
 1544.0 1544.1  1    3.029    3.029  1   34.575   34.610  1
 1546.0 1546.1  1    3.029    3.029  1   34.575   34.610  1
 1548.0 1548.1  1    3.028    3.028  1   34.575   34.610  1
 1550.0 1550.1  1    3.025    3.025  1   34.575   34.610  1
 1552.0 1552.1  1    3.023    3.023  1   34.575   34.610  1
 1554.0 1554.1  1    3.019    3.019  1   34.575   34.610  1
 1556.0 1556.1  1    3.014    3.014  1   34.575   34.610  1
 1558.0 1558.1  1    3.006    3.006  1   34.575   34.610  1
 1560.0 1560.1  1    2.996    2.996  1   34.576   34.611  1
 1562.0 1562.1  1    2.989    2.989  1   34.576   34.611  1
 1564.0 1564.1  1    2.977    2.977  1   34.576   34.611  1
 1566.0 1566.1  1    2.968    2.968  1   34.577   34.612  1
 1568.0 1568.1  1    2.955    2.955  1   34.578   34.613  1
 1570.0 1570.1  1    2.952    2.952  1   34.578   34.613  1
 1572.0 1572.1  1    2.949    2.949  1   34.578   34.613  1
 1574.0 1574.1  1    2.944    2.944  1   34.578   34.613  1
 1576.0 1576.1  1    2.936    2.936  1   34.578   34.613  1
 1578.0 1578.1  1    2.934    2.934  1   34.578   34.613  1
 1580.0 1580.1  1    2.932    2.932  1   34.578   34.613  1
 1582.0 1582.1  1    2.929    2.929  1   34.578   34.613  1
 1584.0 1584.1  1    2.924    2.924  1   34.579   34.614  1
 1586.0 1586.1  1    2.920    2.920  1   34.579   34.614  1
 1588.0 1588.1  1    2.917    2.917  1   34.579   34.614  1
 1590.0 1590.1  1    2.912    2.912  1   34.579   34.614  1
 1592.0 1592.1  1    2.907    2.907  1   34.579   34.614  1
 1594.0 1594.1  1    2.905    2.905  1   34.579   34.614  1
 1596.0 1596.1  1    2.903    2.903  1   34.580   34.615  1
 1598.0 1598.1  1    2.898    2.898  1   34.580   34.615  1
 1600.0 1600.1  1    2.894    2.894  1   34.580   34.615  1
 1602.0 1602.1  1    2.892    2.892  1   34.580   34.615  1
 1604.0 1604.1  1    2.891    2.891  1   34.580   34.615  1
 1606.0 1606.1  1    2.888    2.888  1   34.580   34.615  1
 1608.0 1608.1  1    2.884    2.884  1   34.580   34.615  1
 1610.0 1610.1  1    2.878    2.878  1   34.581   34.616  1
 1612.0 1612.1  1    2.873    2.873  1   34.581   34.616  1
 1614.0 1614.1  1    2.873    2.873  1   34.581   34.616  1
 1616.0 1616.1  1    2.872    2.872  1   34.581   34.616  1
 1618.0 1618.1  1    2.865    2.865  1   34.581   34.616  1
 1620.0 1620.1  1    2.852    2.852  1   34.581   34.616  1
 1622.0 1622.1  1    2.834    2.834  1   34.582   34.617  1
 1624.0 1624.1  1    2.824    2.824  1   34.583   34.618  1
 1626.0 1626.1  1    2.815    2.815  1   34.583   34.618  1
 1628.0 1628.1  1    2.810    2.810  1   34.584   34.619  1
 1630.0 1630.1  1    2.809    2.809  1   34.584   34.619  1
 1632.0 1632.1  1    2.808    2.808  1   34.584   34.619  1
 1634.0 1634.1  1    2.806    2.806  1   34.584   34.619  1
 1636.0 1636.1  1    2.803    2.803  1   34.584   34.619  1
 1638.0 1638.1  1    2.798    2.798  1   34.584   34.619  1
 1640.0 1640.1  1    2.795    2.795  1   34.584   34.619  1
 1642.0 1642.1  1    2.794    2.794  1   34.584   34.619  1
 1644.0 1644.1  1    2.791    2.791  1   34.584   34.619  1
 1646.0 1646.1  1    2.787    2.787  1   34.585   34.620  1
 1648.0 1648.1  1    2.783    2.783  1   34.585   34.620  1
 1650.0 1650.1  1    2.782    2.782  1   34.585   34.620  1
 1652.0 1652.1  1    2.778    2.778  1   34.585   34.620  1
 1654.0 1654.1  1    2.777    2.777  1   34.585   34.620  1
 1656.0 1656.1  1    2.777    2.777  1   34.585   34.620  1
 1658.0 1658.1  1    2.777    2.777  1   34.585   34.620  1
 1660.0 1660.1  1    2.776    2.776  1   34.585   34.620  1
 1662.0 1662.1  1    2.774    2.774  1   34.585   34.620  1
 1664.0 1664.1  1    2.773    2.773  1   34.585   34.620  1
 1666.0 1666.1  1    2.771    2.771  1   34.585   34.620  1
 1668.0 1668.1  1    2.769    2.769  1   34.585   34.620  1
 1670.0 1670.1  1    2.763    2.763  1   34.586   34.621  1
 1672.0 1672.1  1    2.758    2.758  1   34.586   34.621  1
 1674.0 1674.1  1    2.754    2.754  1   34.586   34.621  1
 1676.0 1676.1  1    2.753    2.753  1   34.586   34.621  1
 1678.0 1678.1  1    2.752    2.752  1   34.586   34.621  1
 1680.0 1680.1  1    2.749    2.749  1   34.586   34.621  1
 1682.0 1682.1  1    2.749    2.749  1   34.586   34.621  1
 1684.0 1684.1  1    2.748    2.748  1   34.586   34.621  1
 1686.0 1686.1  1    2.748    2.748  1   34.586   34.621  1
 1688.0 1688.1  1    2.748    2.748  1   34.586   34.621  1
 1689.9 1690.0  1    2.747    2.747  1   34.586   34.621  1
 1692.0 1692.1  1    2.747    2.747  1   34.586   34.621  1
 1694.0 1694.1  1    2.743    2.743  1   34.586   34.621  1
 1696.0 1696.1  1    2.739    2.739  1   34.587   34.622  1
 1698.0 1698.1  1    2.737    2.737  1   34.587   34.622  1
 1700.0 1700.1  1    2.731    2.731  1   34.587   34.622  1
 1702.0 1702.1  1    2.722    2.722  1   34.587   34.622  1
 1704.0 1704.1  1    2.720    2.720  1   34.587   34.622  1
 1706.0 1706.1  1    2.716    2.716  1   34.588   34.623  1
 1708.0 1708.1  1    2.710    2.710  1   34.588   34.623  1
 1710.0 1710.1  1    2.705    2.705  1   34.588   34.623  1
 1712.0 1712.1  1    2.698    2.698  1   34.589   34.624  1
 1714.0 1714.1  1    2.692    2.692  1   34.589   34.624  1
 1716.0 1716.1  1    2.689    2.689  1   34.589   34.624  1
 1718.0 1718.1  1    2.685    2.685  1   34.589   34.624  1
 1720.0 1720.1  1    2.680    2.680  1   34.589   34.624  1
 1722.0 1722.1  1    2.665    2.665  1   34.590   34.625  1
 1724.0 1724.1  1    2.657    2.657  1   34.590   34.625  1
 1726.0 1726.1  1    2.648    2.648  1   34.591   34.626  1
 1728.0 1728.1  1    2.638    2.638  1   34.591   34.626  1
 1730.0 1730.1  1    2.633    2.633  1   34.592   34.627  1
 1732.0 1732.1  1    2.629    2.629  1   34.592   34.627  1
 1734.0 1734.1  1    2.624    2.624  1   34.592   34.627  1
 1736.0 1736.1  1    2.623    2.623  1   34.592   34.627  1
 1738.0 1738.1  1    2.621    2.621  1   34.592   34.627  1
 1740.0 1740.1  1    2.620    2.620  1   34.592   34.627  1
 1742.0 1742.1  1    2.619    2.619  1   34.592   34.627  1
 1744.0 1744.1  1    2.619    2.619  1   34.592   34.627  1
 1746.0 1746.1  1    2.617    2.617  1   34.592   34.627  1
 1747.9 1748.0  1    2.616    2.616  1   34.593   34.628  1
 1750.0 1750.1  1    2.616    2.616  1   34.593   34.628  1
 1752.0 1752.1  1    2.616    2.616  1   34.592   34.627  1
 1754.0 1754.1  1    2.616    2.616  1   34.593   34.628  1
 1756.0 1756.1  1    2.616    2.616  1   34.592   34.627  1
 1758.0 1758.1  1    2.616    2.616  1   34.593   34.628  1
 1760.0 1760.1  1    2.616    2.616  1   34.593   34.628  1
 1762.0 1762.1  1    2.615    2.615  1   34.593   34.628  1
 1764.0 1764.1  1    2.614    2.614  1   34.593   34.628  1
 1766.0 1766.1  1    2.613    2.613  1   34.593   34.628  1
 1768.0 1768.1  1    2.613    2.613  1   34.593   34.628  1
 1770.0 1770.1  1    2.612    2.612  1   34.593   34.628  1
 1772.0 1772.1  1    2.612    2.612  1   34.593   34.628  1
 1774.0 1774.1  1    2.611    2.611  1   34.593   34.628  1
 1776.0 1776.1  1    2.609    2.609  1   34.593   34.628  1
 1778.0 1778.1  1    2.605    2.605  1   34.593   34.628  1
 1780.0 1780.1  1    2.605    2.605  1   34.593   34.628  1
 1782.0 1782.1  1    2.602    2.602  1   34.593   34.628  1
 1784.0 1784.1  1    2.600    2.600  1   34.593   34.628  1
 1786.0 1786.1  1    2.600    2.600  1   34.593   34.628  1
 1788.0 1788.1  1    2.597    2.597  1   34.593   34.628  1
 1790.0 1790.1  1    2.596    2.596  1   34.594   34.629  1
 1792.0 1792.1  1    2.595    2.595  1   34.593   34.628  1
 1794.0 1794.1  1    2.594    2.594  1   34.593   34.628  1
 1796.0 1796.1  1    2.592    2.592  1   34.593   34.628  1
 1798.0 1798.1  1    2.587    2.587  1   34.594   34.629  1
 1800.0 1800.1  1    2.581    2.581  1   34.594   34.629  1
 1802.0 1802.1  1    2.568    2.568  1   34.595   34.630  1
 1804.0 1804.1  1    2.563    2.563  1   34.595   34.630  1
 1806.0 1806.1  1    2.561    2.561  1   34.595   34.630  1
 1808.0 1808.1  1    2.559    2.559  1   34.595   34.630  1
 1810.0 1810.1  1    2.557    2.557  1   34.595   34.630  1
 1812.0 1812.1  1    2.553    2.553  1   34.595   34.630  1
 1814.0 1814.1  1    2.549    2.549  1   34.596   34.631  1
 1816.0 1816.1  1    2.544    2.544  1   34.596   34.631  1
 1818.0 1818.1  1    2.542    2.542  1   34.596   34.631  1
 1820.0 1820.1  1    2.541    2.541  1   34.596   34.631  1
 1822.0 1822.1  1    2.531    2.531  1   34.596   34.631  1
 1824.0 1824.1  1    2.526    2.526  1   34.597   34.632  1
 1826.0 1826.1  1    2.523    2.523  1   34.597   34.632  1
 1828.0 1828.1  1    2.520    2.520  1   34.597   34.632  1
 1830.0 1830.1  1    2.519    2.519  1   34.597   34.632  1
 1832.0 1832.1  1    2.518    2.518  1   34.597   34.632  1
 1834.0 1834.1  1    2.514    2.514  1   34.597   34.632  1
 1836.0 1836.1  1    2.509    2.509  1   34.598   34.633  1
 1838.0 1838.1  1    2.506    2.506  1   34.598   34.633  1
 1840.0 1840.1  1    2.500    2.500  1   34.598   34.633  1
 1842.0 1842.1  1    2.497    2.497  1   34.598   34.633  1
 1844.0 1844.1  1    2.496    2.496  1   34.598   34.633  1
 1846.0 1846.1  1    2.492    2.492  1   34.598   34.633  1
 1848.0 1848.1  1    2.485    2.485  1   34.599   34.634  1
 1850.0 1850.1  1    2.480    2.480  1   34.599   34.634  1
 1852.0 1852.1  1    2.476    2.476  1   34.599   34.634  1
 1854.0 1854.1  1    2.470    2.470  1   34.599   34.634  1
 1856.0 1856.1  1    2.467    2.467  1   34.599   34.634  1
 1858.0 1858.1  1    2.464    2.464  1   34.600   34.635  1
 1860.0 1860.1  1    2.464    2.464  1   34.600   34.635  1
 1862.0 1862.1  1    2.463    2.463  1   34.600   34.635  1
 1864.0 1864.1  1    2.459    2.459  1   34.600   34.635  1
 1866.0 1866.1  1    2.457    2.457  1   34.600   34.635  1
 1868.0 1868.1  1    2.450    2.450  1   34.600   34.635  1
 1870.0 1870.1  1    2.441    2.441  1   34.601   34.636  1
 1872.0 1872.1  1    2.436    2.436  1   34.601   34.636  1
 1874.0 1874.1  1    2.430    2.430  1   34.601   34.636  1
 1876.0 1876.1  1    2.425    2.425  1   34.601   34.636  1
 1878.0 1878.1  1    2.421    2.421  1   34.601   34.636  1
 1880.0 1880.1  1    2.410    2.410  1   34.602   34.637  1
 1882.0 1882.1  1    2.406    2.406  1   34.602   34.637  1
 1884.0 1884.1  1    2.402    2.402  1   34.603   34.638  1
 1886.0 1886.1  1    2.399    2.399  1   34.603   34.638  1
 1888.0 1888.1  1    2.394    2.394  1   34.603   34.638  1
 1890.0 1890.1  1    2.388    2.388  1   34.603   34.638  1
 1892.0 1892.1  1    2.384    2.384  1   34.604   34.639  1
 1894.0 1894.1  1    2.384    2.384  1   34.604   34.639  1
 1896.0 1896.1  1    2.384    2.384  1   34.603   34.638  1
 1898.0 1898.1  1    2.381    2.381  1   34.604   34.639  1
 1900.0 1900.1  1    2.377    2.377  1   34.604   34.639  1
 1902.1 1902.2  1    2.372    2.372  1   34.604   34.639  1
 1904.4 1904.5  1    2.371    2.371  1   34.604   34.639  1
