*SoftWare Version 3.0  2018/12/27

*HEADER
     PLATFORM NUMBER       :5904686
     CYCLE NUMBER          :141
     DATE CREATION         :20191229230036
     DATE UPDATE           :20191229230036
     PROJECT NAME          :UW, SOCCOM, Argo equivalent
     PI NAME               :STEPHEN RISER, KENNETH JOHNSON
     INSTRUMENT TYPE       :NAVIS_A
     FLOAT SERIAL NO       :0510
     FIRMWARE VERSION      :081515
     WMO INSTRUMENT TYPE   :863
     TRANSMISSION SYSTEM   :IRIDIUM
     POSITIONING SYSTEM    :GPS
     SAMPLE DIRECTION      :A(A=Ascend; D=Descend)
     DATA MODE             :A(R=Real Time; D=Delayed Mode; A=Real Time Adjusted)
     JULIAN DAY            :25564.7789 (days since 1950-01-01 00:00:00 UTC)
     DATE                  :2019-12-29
     QC FLAG FOR DATE      :1
*LOCATION
     LATITUDE              :-59.946
     LONGITUDE             :125.986
     QC FLAG FOR LOCATION  :1
*FILE
     COLUMN 1              :Pressure (dbar)                             F7.1
     COLUMN 2              :Corrected Pressure (dbar)                   F7.1
     COLUMN 3              :Quality on Pressure                         I3
     COLUMN 4              :Temperature (degree_Celsius)                F9.3
     COLUMN 5              :Corrected Temperature (degree_Celsius)      F9.3
     COLUMN 6              :Quality on Temperature                      I3
     COLUMN 7              :Salinity (PSU)                              F9.3
     COLUMN 8              :Corrected Salinity (PSU)                    F9.3
     COLUMN 9              :Quality on Salinity                         I3
==========================================================================
    4.3    4.7  1    2.589    2.589  1   33.863   33.863  2
    6.0    6.4  1    2.582    2.582  1   33.863   33.863  2
    8.0    8.4  1    2.577    2.577  1   33.863   33.863  2
   10.0   10.4  1    2.575    2.575  1   33.863   33.863  2
   12.0   12.4  1    2.572    2.572  1   33.863   33.863  2
   14.0   14.4  1    2.574    2.574  1   33.863   33.863  2
   16.0   16.4  1    2.572    2.572  1   33.863   33.863  2
   18.0   18.4  1    2.556    2.556  1   33.863   33.863  2
   20.0   20.4  1    2.534    2.534  1   33.863   33.863  2
   22.0   22.4  1    2.539    2.539  1   33.862   33.862  2
   24.0   24.4  1    2.491    2.491  1   33.864   33.864  2
   26.0   26.4  1    2.491    2.491  1   33.864   33.864  2
   28.0   28.4  1    2.487    2.487  1   33.865   33.865  2
   30.0   30.4  1    2.484    2.484  1   33.865   33.865  2
   32.0   32.4  1    2.470    2.470  1   33.867   33.867  2
   34.0   34.4  1    2.449    2.449  1   33.869   33.869  2
   36.0   36.4  1    2.442    2.442  1   33.869   33.869  2
   38.0   38.4  1    2.434    2.434  1   33.870   33.870  2
   40.0   40.4  1    2.422    2.422  1   33.870   33.870  2
   42.0   42.4  1    2.405    2.405  1   33.871   33.871  2
   44.0   44.4  1    2.366    2.366  1   33.874   33.874  2
   46.0   46.4  1    2.336    2.336  1   33.876   33.876  2
   48.0   48.4  1    2.326    2.326  1   33.876   33.876  2
   50.0   50.4  1    2.303    2.303  1   33.877   33.877  2
   52.0   52.4  1    2.266    2.266  1   33.879   33.879  2
   54.0   54.4  1    2.240    2.240  1   33.879   33.879  2
   56.0   56.4  1    2.212    2.212  1   33.879   33.879  2
   58.0   58.4  1    2.141    2.141  1   33.879   33.879  2
   60.0   60.4  1    2.009    2.009  1   33.884   33.884  2
   62.0   62.4  1    1.921    1.921  1   33.887   33.887  2
   64.0   64.4  1    1.863    1.863  1   33.885   33.885  2
   66.0   66.4  1    1.620    1.620  1   33.892   33.892  2
   68.0   68.4  1    1.353    1.353  1   33.898   33.898  2
   70.0   70.4  1    0.991    0.991  1   33.914   33.914  2
   72.0   72.4  1    0.814    0.814  1   33.920   33.920  2
   74.0   74.4  1    0.746    0.746  1   33.921   33.921  2
   76.0   76.4  1    0.707    0.707  1   33.921   33.921  2
   78.0   78.4  1    0.661    0.661  1   33.921   33.921  2
   80.0   80.4  1    0.641    0.641  1   33.922   33.922  2
   82.0   82.4  1    0.644    0.644  1   33.923   33.923  2
   84.0   84.4  1    0.616    0.616  1   33.923   33.923  2
   86.0   86.4  1    0.582    0.582  1   33.923   33.923  2
   88.0   88.4  1    0.577    0.577  1   33.923   33.923  2
   90.0   90.4  1    0.545    0.545  1   33.922   33.922  2
   92.0   92.4  1    0.535    0.535  1   33.923   33.923  2
   94.0   94.4  1    0.535    0.535  1   33.925   33.925  2
   96.0   96.4  1    0.497    0.497  1   33.926   33.926  2
   98.0   98.4  1    0.383    0.383  1   33.925   33.925  2
  100.0  100.4  1    0.306    0.306  1   33.926   33.926  2
  102.0  102.4  1    0.220    0.220  1   33.929   33.929  2
  104.0  104.4  1    0.131    0.131  1   33.932   33.932  2
  106.0  106.4  1    0.109    0.109  1   33.932   33.932  2
  108.0  108.4  1    0.071    0.071  1   33.933   33.933  2
  110.0  110.4  1    0.050    0.050  1   33.935   33.935  2
  112.0  112.4  1    0.024    0.024  1   33.935   33.935  2
  114.0  114.4  1    0.008    0.008  1   33.937   33.937  2
  116.0  116.4  1   -0.004   -0.004  1   33.938   33.938  2
  118.0  118.4  1   -0.010   -0.010  1   33.938   33.938  2
  120.0  120.4  1   -0.072   -0.072  1   33.936   33.936  2
  122.0  122.4  1   -0.117   -0.117  1   33.936   33.936  2
  124.0  124.4  1   -0.123   -0.123  1   33.936   33.936  2
  126.0  126.4  1   -0.136   -0.136  1   33.936   33.936  2
  128.0  128.4  1   -0.160   -0.160  1   33.937   33.937  2
  130.0  130.4  1   -0.175   -0.175  1   33.937   33.937  2
  132.0  132.4  1   -0.178   -0.178  1   33.939   33.939  2
  134.0  134.4  1   -0.193   -0.193  1   33.939   33.939  2
  136.0  136.4  1   -0.229   -0.229  1   33.939   33.939  2
  138.0  138.4  1   -0.259   -0.259  1   33.940   33.940  2
  140.0  140.4  1   -0.267   -0.267  1   33.942   33.942  2
  142.0  142.4  1   -0.279   -0.279  1   33.944   33.944  2
  144.0  144.4  1   -0.293   -0.293  1   33.946   33.946  2
  146.0  146.4  1   -0.302   -0.302  1   33.950   33.950  2
  148.0  148.4  1   -0.299   -0.299  1   33.953   33.953  2
  150.0  150.4  1   -0.298   -0.298  1   33.959   33.959  2
  152.0  152.4  1   -0.277   -0.277  1   33.966   33.966  2
  154.0  154.4  1   -0.231   -0.231  1   33.974   33.974  2
  156.0  156.4  1   -0.188   -0.188  1   33.982   33.982  2
  158.0  158.4  1   -0.131   -0.131  1   33.995   33.995  2
  160.0  160.4  1   -0.011   -0.011  1   34.009   34.009  2
  162.0  162.4  1    0.166    0.166  1   34.028   34.028  2
  164.0  164.4  1    0.226    0.226  1   34.040   34.040  2
  166.0  166.4  1    0.377    0.377  1   34.060   34.060  2
  168.0  168.4  1    0.570    0.570  1   34.087   34.087  2
  170.0  170.4  1    0.619    0.619  1   34.099   34.099  2
  172.0  172.4  1    0.716    0.716  1   34.118   34.118  2
  174.0  174.4  1    0.959    0.959  1   34.152   34.152  2
  176.0  176.4  1    1.160    1.160  1   34.185   34.185  2
  178.0  178.4  1    1.292    1.292  1   34.206   34.206  2
  180.0  180.4  1    1.393    1.393  1   34.222   34.222  2
  182.0  182.4  1    1.446    1.446  1   34.233   34.233  2
  184.0  184.4  1    1.519    1.519  1   34.246   34.246  2
  186.0  186.4  1    1.588    1.588  1   34.258   34.258  2
  188.0  188.4  1    1.631    1.631  1   34.266   34.266  2
  190.0  190.4  1    1.695    1.695  1   34.278   34.278  2
  192.0  192.4  1    1.740    1.740  1   34.286   34.286  2
  194.0  194.4  1    1.776    1.776  1   34.295   34.295  2
  196.0  196.4  1    1.792    1.792  1   34.300   34.300  2
  198.0  198.4  1    1.796    1.796  1   34.306   34.306  2
  200.0  200.4  1    1.860    1.860  1   34.318   34.318  2
  202.0  202.4  1    1.872    1.872  1   34.322   34.322  2
  204.0  204.4  1    1.882    1.882  1   34.326   34.326  2
  206.0  206.4  1    1.892    1.892  1   34.329   34.329  2
  208.0  208.4  1    1.914    1.914  1   34.335   34.335  2
  210.0  210.4  1    1.938    1.938  1   34.339   34.339  2
  212.0  212.4  1    1.966    1.966  1   34.345   34.345  2
  214.0  214.4  1    1.998    1.998  1   34.352   34.352  2
  216.0  216.4  1    2.021    2.021  1   34.358   34.358  2
  218.0  218.4  1    2.025    2.025  1   34.360   34.360  2
  220.0  220.4  1    2.023    2.023  1   34.363   34.363  2
  222.0  222.4  1    2.016    2.016  1   34.365   34.365  2
  224.0  224.4  1    2.034    2.034  1   34.370   34.370  2
  226.0  226.4  1    2.045    2.045  1   34.376   34.376  2
  228.0  228.4  1    2.063    2.063  1   34.381   34.381  2
  230.0  230.4  1    2.067    2.067  1   34.384   34.384  2
  232.0  232.4  1    2.068    2.068  1   34.386   34.386  2
  234.0  234.4  1    2.071    2.071  1   34.388   34.388  2
  236.0  236.4  1    2.080    2.080  1   34.391   34.391  2
  238.0  238.4  1    2.084    2.084  1   34.393   34.393  2
  240.0  240.4  1    2.088    2.088  1   34.396   34.396  2
  242.0  242.4  1    2.092    2.092  1   34.397   34.397  2
  244.0  244.4  1    2.095    2.095  1   34.399   34.399  2
  246.0  246.4  1    2.100    2.100  1   34.402   34.402  2
  248.0  248.4  1    2.107    2.107  1   34.405   34.405  2
  250.0  250.4  1    2.117    2.117  1   34.408   34.408  2
  252.0  252.4  1    2.127    2.127  1   34.411   34.411  2
  254.0  254.4  1    2.132    2.132  1   34.413   34.413  2
  256.0  256.4  1    2.136    2.136  1   34.416   34.416  2
  258.0  258.4  1    2.134    2.134  1   34.418   34.418  2
  260.0  260.4  1    2.138    2.138  1   34.421   34.421  2
  262.0  262.4  1    2.140    2.140  1   34.423   34.423  2
  264.0  264.4  1    2.145    2.145  1   34.425   34.425  2
  266.0  266.4  1    2.152    2.152  1   34.428   34.428  2
  268.0  268.4  1    2.154    2.154  1   34.429   34.429  2
  270.0  270.4  1    2.154    2.154  1   34.429   34.429  2
  272.0  272.4  1    2.149    2.149  1   34.431   34.431  2
  274.0  274.4  1    2.146    2.146  1   34.433   34.433  2
  276.0  276.4  1    2.144    2.144  1   34.434   34.434  2
  278.0  278.4  1    2.137    2.137  1   34.436   34.436  2
  280.0  280.4  1    2.144    2.144  1   34.439   34.439  2
  282.0  282.4  1    2.150    2.150  1   34.441   34.441  2
  284.0  284.4  1    2.159    2.159  1   34.444   34.444  2
  286.0  286.4  1    2.170    2.170  1   34.446   34.446  2
  288.0  288.4  1    2.177    2.177  1   34.449   34.449  2
  290.0  290.4  1    2.178    2.178  1   34.451   34.451  2
  292.0  292.4  1    2.178    2.178  1   34.453   34.453  2
  294.0  294.4  1    2.180    2.180  1   34.456   34.456  2
  296.0  296.4  1    2.181    2.181  1   34.457   34.457  2
  298.0  298.4  1    2.189    2.189  1   34.460   34.460  2
  300.0  300.4  1    2.196    2.196  1   34.462   34.462  2
  302.0  302.4  1    2.200    2.200  1   34.464   34.464  2
  304.0  304.4  1    2.202    2.202  1   34.465   34.465  2
  306.0  306.4  1    2.203    2.203  1   34.467   34.467  2
  308.0  308.4  1    2.208    2.208  1   34.470   34.470  2
  310.0  310.4  1    2.208    2.208  1   34.471   34.471  2
  312.0  312.4  1    2.208    2.208  1   34.471   34.471  2
  314.0  314.4  1    2.210    2.210  1   34.474   34.474  2
  316.0  316.4  1    2.214    2.214  1   34.478   34.478  2
  318.0  318.4  1    2.218    2.218  1   34.479   34.479  2
  320.0  320.4  1    2.222    2.222  1   34.481   34.481  2
  322.0  322.4  1    2.227    2.227  1   34.483   34.483  2
  324.0  324.4  1    2.229    2.229  1   34.484   34.484  2
  326.0  326.4  1    2.232    2.232  1   34.486   34.486  2
  328.0  328.4  1    2.232    2.232  1   34.487   34.487  2
  329.9  330.3  1    2.231    2.231  1   34.489   34.489  2
  331.9  332.3  1    2.233    2.233  1   34.491   34.491  2
  334.0  334.4  1    2.243    2.243  1   34.494   34.494  2
  336.0  336.4  1    2.267    2.267  1   34.498   34.498  2
  338.0  338.4  1    2.270    2.270  1   34.501   34.501  2
  340.0  340.4  1    2.262    2.262  1   34.502   34.502  2
  342.0  342.4  1    2.281    2.281  1   34.506   34.506  2
  344.0  344.4  1    2.341    2.341  1   34.513   34.513  2
  346.0  346.4  1    2.353    2.353  1   34.515   34.515  2
  348.0  348.4  1    2.358    2.358  1   34.517   34.517  2
  350.0  350.4  1    2.359    2.359  1   34.518   34.518  2
  352.0  352.4  1    2.360    2.360  1   34.519   34.519  2
  354.0  354.4  1    2.362    2.362  1   34.521   34.521  2
  356.0  356.4  1    2.365    2.365  1   34.525   34.525  2
  358.0  358.4  1    2.367    2.367  1   34.528   34.528  2
  360.0  360.4  1    2.367    2.367  1   34.529   34.529  2
  362.0  362.4  1    2.367    2.367  1   34.530   34.530  2
  364.0  364.4  1    2.367    2.367  1   34.531   34.531  2
  366.0  366.4  1    2.368    2.368  1   34.532   34.532  2
  368.0  368.4  1    2.368    2.368  1   34.533   34.533  2
  370.0  370.4  1    2.368    2.368  1   34.533   34.533  2
  372.0  372.4  1    2.367    2.367  1   34.534   34.534  2
  374.0  374.4  1    2.363    2.363  1   34.535   34.535  2
  376.0  376.4  1    2.354    2.354  1   34.536   34.536  2
  378.0  378.4  1    2.350    2.350  1   34.537   34.537  2
  380.0  380.4  1    2.364    2.364  1   34.540   34.540  2
  382.0  382.4  1    2.356    2.356  1   34.540   34.540  2
  384.0  384.4  1    2.351    2.351  1   34.541   34.541  2
  386.0  386.4  1    2.345    2.345  1   34.542   34.542  2
  388.0  388.4  1    2.357    2.357  1   34.544   34.544  2
  390.0  390.4  1    2.359    2.359  1   34.545   34.545  2
  392.0  392.4  1    2.358    2.358  1   34.546   34.546  2
  394.0  394.4  1    2.352    2.352  1   34.545   34.545  2
  396.0  396.4  1    2.329    2.329  1   34.543   34.543  2
  398.0  398.4  1    2.275    2.275  1   34.540   34.540  2
  400.0  400.4  1    2.263    2.263  1   34.540   34.540  2
  402.0  402.4  1    2.269    2.269  1   34.542   34.542  2
  404.0  404.4  1    2.277    2.277  1   34.544   34.544  2
  406.0  406.4  1    2.289    2.289  1   34.548   34.548  2
  408.0  408.4  1    2.294    2.294  1   34.549   34.549  2
  410.0  410.4  1    2.277    2.277  1   34.548   34.548  2
  412.0  412.4  1    2.264    2.264  1   34.547   34.547  2
  414.0  414.4  1    2.244    2.244  1   34.548   34.548  2
  416.0  416.4  1    2.248    2.248  1   34.550   34.550  2
  418.0  418.4  1    2.254    2.254  1   34.551   34.551  2
  420.0  420.4  1    2.265    2.265  1   34.553   34.553  2
  422.0  422.4  1    2.280    2.280  1   34.556   34.556  2
  424.0  424.4  1    2.286    2.286  1   34.558   34.558  2
  426.0  426.4  1    2.302    2.302  1   34.561   34.561  2
  428.0  428.4  1    2.303    2.303  1   34.563   34.563  2
  430.0  430.4  1    2.282    2.282  1   34.562   34.562  2
  432.0  432.4  1    2.252    2.252  1   34.562   34.562  2
  434.0  434.4  1    2.251    2.251  1   34.563   34.563  2
  436.0  436.4  1    2.255    2.255  1   34.565   34.565  2
  438.0  438.4  1    2.256    2.256  1   34.566   34.566  2
  440.0  440.4  1    2.258    2.258  1   34.567   34.567  2
  442.0  442.4  1    2.262    2.262  1   34.568   34.568  2
  444.0  444.4  1    2.265    2.265  1   34.569   34.569  2
  446.0  446.4  1    2.266    2.266  1   34.570   34.570  2
  448.0  448.4  1    2.267    2.267  1   34.572   34.572  2
  450.0  450.4  1    2.267    2.267  1   34.574   34.574  2
  452.0  452.4  1    2.264    2.264  1   34.575   34.575  2
  454.0  454.4  1    2.263    2.263  1   34.576   34.576  2
  456.0  456.4  1    2.259    2.259  1   34.576   34.576  2
  458.0  458.4  1    2.245    2.245  1   34.576   34.576  2
  460.0  460.4  1    2.235    2.235  1   34.576   34.576  2
  462.0  462.4  1    2.239    2.239  1   34.578   34.578  2
  464.0  464.4  1    2.239    2.239  1   34.579   34.579  2
  466.0  466.4  1    2.241    2.241  1   34.580   34.580  2
  468.0  468.4  1    2.239    2.239  1   34.581   34.581  2
  470.0  470.4  1    2.242    2.242  1   34.582   34.582  2
  472.0  472.4  1    2.243    2.243  1   34.583   34.583  2
  474.0  474.4  1    2.243    2.243  1   34.583   34.583  2
  476.0  476.4  1    2.235    2.235  1   34.584   34.584  2
  478.0  478.4  1    2.241    2.241  1   34.586   34.586  2
  480.0  480.4  1    2.243    2.243  1   34.588   34.588  2
  482.0  482.4  1    2.242    2.242  1   34.590   34.590  2
  484.0  484.4  1    2.242    2.242  1   34.590   34.590  2
  486.0  486.4  1    2.241    2.241  1   34.591   34.591  2
  488.0  488.4  1    2.243    2.243  1   34.593   34.593  2
  490.0  490.4  1    2.238    2.238  1   34.594   34.594  2
  492.0  492.4  1    2.235    2.235  1   34.596   34.596  2
  494.0  494.4  1    2.234    2.234  1   34.597   34.597  2
  496.0  496.4  1    2.230    2.230  1   34.597   34.597  2
  498.0  498.4  1    2.227    2.227  1   34.598   34.598  2
  500.0  500.4  1    2.228    2.228  1   34.599   34.599  2
  502.0  502.4  1    2.230    2.230  1   34.600   34.600  2
  504.0  504.4  1    2.242    2.242  1   34.602   34.602  2
  506.0  506.4  1    2.247    2.247  1   34.603   34.603  2
  508.0  508.4  1    2.251    2.251  1   34.606   34.606  2
  510.0  510.4  1    2.258    2.258  1   34.609   34.609  2
  512.0  512.4  1    2.260    2.260  1   34.610   34.610  2
  514.0  514.4  1    2.261    2.261  1   34.610   34.610  2
  516.0  516.4  1    2.264    2.264  1   34.612   34.612  2
  518.0  518.4  1    2.267    2.267  1   34.614   34.614  2
  520.0  520.4  1    2.267    2.267  1   34.615   34.615  2
  522.0  522.4  1    2.269    2.269  1   34.616   34.616  2
  524.0  524.4  1    2.269    2.269  1   34.616   34.616  2
  526.0  526.4  1    2.272    2.272  1   34.618   34.618  2
  528.0  528.4  1    2.276    2.276  1   34.619   34.619  2
  530.0  530.4  1    2.274    2.274  1   34.620   34.620  2
  532.0  532.4  1    2.274    2.274  1   34.621   34.621  2
  534.0  534.4  1    2.272    2.272  1   34.621   34.621  2
  536.0  536.4  1    2.268    2.268  1   34.621   34.621  2
  538.0  538.4  1    2.263    2.263  1   34.621   34.621  2
  540.0  540.4  1    2.254    2.254  1   34.622   34.622  2
  542.0  542.4  1    2.251    2.251  1   34.622   34.622  2
  544.0  544.4  1    2.249    2.249  1   34.622   34.622  2
  546.0  546.4  1    2.247    2.247  1   34.623   34.623  2
  548.0  548.4  1    2.247    2.247  1   34.623   34.623  2
  550.0  550.4  1    2.250    2.250  1   34.625   34.625  2
  552.0  552.4  1    2.251    2.251  1   34.626   34.626  2
  554.0  554.4  1    2.250    2.250  1   34.627   34.627  2
  556.0  556.4  1    2.244    2.244  1   34.627   34.627  2
  558.0  558.4  1    2.244    2.244  1   34.628   34.628  2
  560.0  560.4  1    2.245    2.245  1   34.628   34.628  2
  562.0  562.4  1    2.244    2.244  1   34.628   34.628  2
  564.0  564.4  1    2.244    2.244  1   34.629   34.629  2
  566.0  566.4  1    2.245    2.245  1   34.631   34.631  2
  568.0  568.4  1    2.245    2.245  1   34.631   34.631  2
  570.0  570.4  1    2.245    2.245  1   34.631   34.631  2
  572.0  572.4  1    2.244    2.244  1   34.632   34.632  2
  574.0  574.4  1    2.242    2.242  1   34.632   34.632  2
  576.0  576.4  1    2.242    2.242  1   34.632   34.632  2
  578.0  578.4  1    2.240    2.240  1   34.633   34.633  2
  580.0  580.4  1    2.240    2.240  1   34.634   34.634  2
  582.0  582.4  1    2.239    2.239  1   34.635   34.635  2
  584.0  584.4  1    2.239    2.239  1   34.636   34.636  2
  586.0  586.4  1    2.239    2.239  1   34.637   34.637  2
  588.0  588.4  1    2.238    2.238  1   34.637   34.637  2
  590.0  590.4  1    2.238    2.238  1   34.638   34.638  2
  592.0  592.4  1    2.237    2.237  1   34.639   34.639  2
  594.0  594.4  1    2.237    2.237  1   34.641   34.641  2
  596.0  596.4  1    2.236    2.236  1   34.642   34.642  2
  598.0  598.4  1    2.236    2.236  1   34.642   34.642  2
  600.0  600.4  1    2.236    2.236  1   34.642   34.642  2
  602.0  602.4  1    2.236    2.236  1   34.642   34.642  2
  604.0  604.4  1    2.234    2.234  1   34.643   34.643  2
  606.0  606.4  1    2.232    2.232  1   34.644   34.644  2
  608.0  608.4  1    2.232    2.232  1   34.645   34.645  2
  610.0  610.4  1    2.232    2.232  1   34.645   34.645  2
  612.0  612.4  1    2.232    2.232  1   34.645   34.645  2
  614.0  614.4  1    2.232    2.232  1   34.645   34.645  2
  616.0  616.4  1    2.231    2.231  1   34.646   34.646  2
  618.0  618.4  1    2.231    2.231  1   34.647   34.647  2
  620.0  620.4  1    2.230    2.230  1   34.647   34.647  2
  622.0  622.4  1    2.229    2.229  1   34.648   34.648  2
  624.0  624.4  1    2.228    2.228  1   34.649   34.649  2
  626.0  626.4  1    2.226    2.226  1   34.650   34.650  2
  628.0  628.4  1    2.225    2.225  1   34.650   34.650  2
  630.0  630.4  1    2.225    2.225  1   34.651   34.651  2
  632.0  632.4  1    2.224    2.224  1   34.651   34.651  2
  634.0  634.4  1    2.223    2.223  1   34.652   34.652  2
  636.0  636.4  1    2.222    2.222  1   34.653   34.653  2
  638.0  638.4  1    2.222    2.222  1   34.653   34.653  2
  640.0  640.4  1    2.221    2.221  1   34.653   34.653  2
  642.0  642.4  1    2.221    2.221  1   34.654   34.654  2
  644.0  644.4  1    2.221    2.221  1   34.654   34.654  2
  646.0  646.4  1    2.220    2.220  1   34.654   34.654  2
  648.0  648.4  1    2.220    2.220  1   34.655   34.655  2
  650.0  650.4  1    2.218    2.218  1   34.656   34.656  2
  652.0  652.4  1    2.218    2.218  1   34.657   34.657  2
  654.0  654.4  1    2.218    2.218  1   34.657   34.657  2
  655.9  656.3  1    2.216    2.216  1   34.658   34.658  2
  658.0  658.4  1    2.214    2.214  1   34.659   34.659  2
  660.0  660.4  1    2.213    2.213  1   34.659   34.659  2
  662.0  662.4  1    2.212    2.212  1   34.660   34.660  2
  664.0  664.4  1    2.211    2.211  1   34.661   34.661  2
  666.0  666.4  1    2.211    2.211  1   34.662   34.662  2
  668.0  668.4  1    2.212    2.212  1   34.663   34.663  2
  670.0  670.4  1    2.212    2.212  1   34.663   34.663  2
  672.0  672.4  1    2.213    2.213  1   34.663   34.663  2
  674.0  674.4  1    2.215    2.215  1   34.666   34.666  2
  676.0  676.4  1    2.214    2.214  1   34.666   34.666  2
  678.0  678.4  1    2.213    2.213  1   34.667   34.667  2
  680.0  680.4  1    2.210    2.210  1   34.667   34.667  2
  682.0  682.4  1    2.209    2.209  1   34.668   34.668  2
  684.0  684.4  1    2.207    2.207  1   34.668   34.668  2
  686.0  686.4  1    2.207    2.207  1   34.668   34.668  2
  688.0  688.4  1    2.207    2.207  1   34.669   34.669  2
  690.0  690.4  1    2.208    2.208  1   34.670   34.670  2
  692.0  692.4  1    2.209    2.209  1   34.671   34.671  2
  694.0  694.4  1    2.209    2.209  1   34.671   34.671  2
  695.9  696.3  1    2.209    2.209  1   34.671   34.671  2
  698.0  698.4  1    2.207    2.207  1   34.671   34.671  2
  700.0  700.4  1    2.205    2.205  1   34.671   34.671  2
  702.0  702.4  1    2.205    2.205  1   34.671   34.671  2
  704.0  704.4  1    2.200    2.200  1   34.671   34.671  2
  706.0  706.4  1    2.197    2.197  1   34.671   34.671  2
  708.0  708.4  1    2.195    2.195  1   34.672   34.672  2
  710.0  710.4  1    2.191    2.191  1   34.672   34.672  2
  712.0  712.4  1    2.190    2.190  1   34.672   34.672  2
  714.0  714.4  1    2.190    2.190  1   34.673   34.673  2
  716.0  716.4  1    2.190    2.190  1   34.673   34.673  2
  718.0  718.4  1    2.188    2.188  1   34.674   34.674  2
  720.0  720.4  1    2.187    2.187  1   34.675   34.675  2
  722.1  722.5  1    2.187    2.187  1   34.676   34.676  2
  724.0  724.4  1    2.186    2.186  1   34.676   34.676  2
  726.0  726.4  1    2.186    2.186  1   34.677   34.677  2
  728.0  728.4  1    2.187    2.187  1   34.677   34.677  2
  730.0  730.4  1    2.187    2.187  1   34.677   34.677  2
  731.9  732.3  1    2.187    2.187  1   34.678   34.678  2
  734.0  734.4  1    2.186    2.186  1   34.678   34.678  2
  736.0  736.4  1    2.186    2.186  1   34.679   34.679  2
  738.0  738.4  1    2.185    2.185  1   34.680   34.680  2
  740.0  740.4  1    2.185    2.185  1   34.680   34.680  2
  742.0  742.4  1    2.184    2.184  1   34.680   34.680  2
  744.0  744.4  1    2.184    2.184  1   34.681   34.681  2
  746.0  746.4  1    2.184    2.184  1   34.682   34.682  2
  748.0  748.4  1    2.183    2.183  1   34.682   34.682  2
  750.0  750.4  1    2.181    2.181  1   34.683   34.683  2
  752.0  752.4  1    2.180    2.180  1   34.684   34.684  2
  754.0  754.4  1    2.180    2.180  1   34.685   34.685  2
  756.0  756.4  1    2.179    2.179  1   34.686   34.686  2
  758.0  758.4  1    2.179    2.179  1   34.687   34.687  2
  760.0  760.4  1    2.178    2.178  1   34.687   34.687  2
  762.0  762.4  1    2.177    2.177  1   34.688   34.688  2
  764.0  764.4  1    2.178    2.178  1   34.688   34.688  2
  766.0  766.4  1    2.179    2.179  1   34.689   34.689  2
  768.0  768.4  1    2.178    2.178  1   34.690   34.690  2
  770.0  770.4  1    2.177    2.177  1   34.690   34.690  2
  772.0  772.4  1    2.176    2.176  1   34.690   34.690  2
  774.0  774.4  1    2.175    2.175  1   34.691   34.691  2
  776.0  776.4  1    2.174    2.174  1   34.691   34.691  2
  778.0  778.4  1    2.172    2.172  1   34.692   34.692  2
  780.0  780.4  1    2.170    2.170  1   34.692   34.692  2
  782.0  782.4  1    2.168    2.168  1   34.693   34.693  2
  784.0  784.4  1    2.169    2.169  1   34.694   34.694  2
  786.0  786.4  1    2.170    2.170  1   34.694   34.694  2
  788.0  788.4  1    2.170    2.170  1   34.694   34.694  2
  790.0  790.4  1    2.170    2.170  1   34.695   34.695  2
  792.0  792.4  1    2.169    2.169  1   34.695   34.695  2
  794.0  794.4  1    2.167    2.167  1   34.696   34.696  2
  796.0  796.4  1    2.166    2.166  1   34.696   34.696  2
  798.0  798.4  1    2.165    2.165  1   34.696   34.696  2
  800.0  800.4  1    2.163    2.163  1   34.697   34.697  2
  802.0  802.4  1    2.160    2.160  1   34.697   34.697  2
  804.0  804.4  1    2.158    2.158  1   34.698   34.698  2
  806.0  806.4  1    2.157    2.157  1   34.698   34.698  2
  808.0  808.4  1    2.154    2.154  1   34.699   34.699  2
  810.0  810.4  1    2.153    2.153  1   34.699   34.699  2
  812.0  812.4  1    2.151    2.151  1   34.699   34.699  2
  814.0  814.4  1    2.150    2.150  1   34.700   34.700  2
  816.0  816.4  1    2.148    2.148  1   34.700   34.700  2
  818.0  818.4  1    2.149    2.149  1   34.701   34.701  2
  820.0  820.4  1    2.148    2.148  1   34.701   34.701  2
  822.0  822.4  1    2.146    2.146  1   34.702   34.702  2
  824.0  824.4  1    2.146    2.146  1   34.702   34.702  2
  826.0  826.4  1    2.145    2.145  1   34.702   34.702  2
  828.0  828.4  1    2.143    2.143  1   34.702   34.702  2
  830.0  830.4  1    2.141    2.141  1   34.703   34.703  2
  832.0  832.4  1    2.140    2.140  1   34.703   34.703  2
  834.0  834.4  1    2.135    2.135  1   34.703   34.703  2
  836.0  836.4  1    2.130    2.130  1   34.703   34.703  2
  838.0  838.4  1    2.129    2.129  1   34.703   34.703  2
  840.0  840.4  1    2.126    2.126  1   34.703   34.703  2
  842.0  842.4  1    2.123    2.123  1   34.703   34.703  2
  844.0  844.4  1    2.120    2.120  1   34.703   34.703  2
  846.0  846.4  1    2.116    2.116  1   34.704   34.704  2
  848.0  848.4  1    2.113    2.113  1   34.704   34.704  2
  850.0  850.4  1    2.111    2.111  1   34.705   34.705  2
  852.0  852.4  1    2.110    2.110  1   34.705   34.705  2
  854.0  854.4  1    2.110    2.110  1   34.705   34.705  2
  856.0  856.4  1    2.109    2.109  1   34.706   34.706  2
  858.0  858.4  1    2.107    2.107  1   34.706   34.706  2
  860.0  860.4  1    2.106    2.106  1   34.707   34.707  2
  862.0  862.4  1    2.103    2.103  1   34.707   34.707  2
  864.0  864.4  1    2.101    2.101  1   34.707   34.707  2
  866.0  866.4  1    2.099    2.099  1   34.707   34.707  2
  868.0  868.4  1    2.097    2.097  1   34.707   34.707  2
  870.0  870.4  1    2.096    2.096  1   34.708   34.708  2
  872.0  872.4  1    2.094    2.094  1   34.708   34.708  2
  874.0  874.4  1    2.093    2.093  1   34.708   34.708  2
  876.0  876.4  1    2.091    2.091  1   34.708   34.708  2
  878.0  878.4  1    2.095    2.095  1   34.710   34.710  2
  880.0  880.4  1    2.097    2.097  1   34.710   34.710  2
  882.0  882.4  1    2.095    2.095  1   34.710   34.710  2
  884.0  884.4  1    2.092    2.092  1   34.710   34.710  2
  886.0  886.4  1    2.092    2.092  1   34.711   34.711  2
  888.0  888.4  1    2.090    2.090  1   34.711   34.711  2
  890.0  890.4  1    2.088    2.088  1   34.711   34.711  2
  892.0  892.4  1    2.088    2.088  1   34.712   34.712  2
  894.0  894.4  1    2.087    2.087  1   34.712   34.712  2
  896.0  896.4  1    2.086    2.086  1   34.712   34.712  2
  898.0  898.4  1    2.085    2.085  1   34.712   34.712  2
  900.0  900.4  1    2.082    2.082  1   34.713   34.713  2
  902.0  902.4  1    2.079    2.079  1   34.713   34.713  2
  904.0  904.4  1    2.079    2.079  1   34.714   34.714  2
  906.0  906.4  1    2.079    2.079  1   34.714   34.714  2
  908.0  908.4  1    2.078    2.078  1   34.715   34.715  2
  910.0  910.4  1    2.079    2.079  1   34.715   34.715  2
  912.0  912.4  1    2.076    2.076  1   34.715   34.715  2
  914.0  914.4  1    2.074    2.074  1   34.716   34.716  2
  916.0  916.4  1    2.073    2.073  1   34.717   34.717  2
  918.0  918.4  1    2.072    2.072  1   34.717   34.717  2
  920.0  920.4  1    2.069    2.069  1   34.717   34.717  2
  922.0  922.4  1    2.067    2.067  1   34.717   34.717  2
  924.0  924.4  1    2.067    2.067  1   34.718   34.718  2
  926.0  926.4  1    2.066    2.066  1   34.718   34.718  2
  928.0  928.4  1    2.065    2.065  1   34.718   34.718  2
  930.0  930.4  1    2.064    2.064  1   34.718   34.718  2
  932.0  932.4  1    2.063    2.063  1   34.718   34.718  2
  934.0  934.4  1    2.062    2.062  1   34.719   34.719  2
  936.0  936.4  1    2.060    2.060  1   34.719   34.719  2
  938.0  938.4  1    2.060    2.060  1   34.719   34.719  2
  940.0  940.4  1    2.059    2.059  1   34.719   34.719  2
  942.0  942.4  1    2.058    2.058  1   34.719   34.719  2
  944.0  944.4  1    2.057    2.057  1   34.720   34.720  2
  946.0  946.4  1    2.057    2.057  1   34.720   34.720  2
  948.0  948.4  1    2.056    2.056  1   34.720   34.720  2
  950.0  950.4  1    2.054    2.054  1   34.721   34.721  2
  952.0  952.4  1    2.052    2.052  1   34.721   34.721  2
  954.0  954.4  1    2.051    2.051  1   34.721   34.721  2
  956.0  956.4  1    2.050    2.050  1   34.721   34.721  2
  958.0  958.4  1    2.049    2.049  1   34.722   34.722  2
  960.0  960.4  1    2.048    2.048  1   34.722   34.722  2
  962.0  962.4  1    2.047    2.047  1   34.722   34.722  2
  964.1  964.5  1    2.046    2.046  1   34.722   34.722  2
  966.0  966.4  1    2.045    2.045  1   34.722   34.722  2
  968.0  968.4  1    2.044    2.044  1   34.722   34.722  2
  970.0  970.4  1    2.041    2.041  1   34.723   34.723  2
  972.1  972.5  1    2.040    2.040  1   34.723   34.723  2
  974.0  974.4  1    2.040    2.040  1   34.723   34.723  2
  976.0  976.4  1    2.039    2.039  1   34.723   34.723  2
  978.0  978.4  1    2.036    2.036  1   34.724   34.724  2
  979.5  979.9  1    2.035    2.035  1   34.724   34.724  2
  999.5  999.9  1    2.021    2.021  1   34.725   34.725  2
 1049.1 1049.5  1    1.990    1.990  1   34.731   34.731  2
 1099.8 1100.2  1    1.961    1.961  1   34.735   34.735  2
 1148.7 1149.1  1    1.934    1.934  1   34.741   34.741  2
 1199.5 1199.9  1    1.898    1.898  1   34.742   34.742  2
 1249.3 1249.7  1    1.868    1.868  1   34.744   34.744  2
 1299.7 1300.1  1    1.831    1.831  1   34.744   34.744  2
 1346.2 1346.6  1    1.799    1.799  1   34.746   34.746  2
 1399.8 1400.2  1    1.751    1.751  1   34.745   34.745  2
 1449.1 1449.5  1    1.711    1.711  1   34.744   34.744  2
 1498.9 1499.3  1    1.672    1.672  1   34.744   34.744  2
 1549.3 1549.7  1    1.619    1.619  1   34.743   34.743  2
 1599.9 1600.3  1    1.574    1.574  1   34.741   34.741  2
 1649.2 1649.6  1    1.530    1.530  1   34.740   34.740  2
 1698.7 1699.1  1    1.483    1.483  1   34.739   34.739  2
 1749.6 1750.0  1    1.431    1.431  1   34.738   34.738  2
 1799.0 1799.4  1    1.385    1.385  1   34.735   34.735  2
 1849.6 1850.0  1    1.336    1.336  1   34.732   34.732  2
 1899.2 1899.6  1    1.293    1.293  1   34.731   34.731  2
 1949.4 1949.8  1    1.248    1.248  1   34.728   34.728  2
 2002.0 2002.4  1    1.201    1.201  1   34.727   34.727  2
