*SoftWare Version 3.0  2018/12/27

*HEADER
     PLATFORM NUMBER       :5905340
     CYCLE NUMBER          :076
     DATE CREATION         :20191221110043
     DATE UPDATE           :20191221110043
     PROJECT NAME          :UW, Argo
     PI NAME               :STEPHEN RISER
     INSTRUMENT TYPE       :APEX
     FLOAT SERIAL NO       :7913
     FIRMWARE VERSION      :030716
     WMO INSTRUMENT TYPE   :846
     TRANSMISSION SYSTEM   :IRIDIUM
     POSITIONING SYSTEM    :GPS
     SAMPLE DIRECTION      :A(A=Ascend; D=Descend)
     DATA MODE             :A(R=Real Time; D=Delayed Mode; A=Real Time Adjusted)
     JULIAN DAY            :25556.3748 (days since 1950-01-01 00:00:00 UTC)
     DATE                  :2019-12-21
     QC FLAG FOR DATE      :1
*LOCATION
     LATITUDE              :-20.865 
     LONGITUDE             :-122.089
     QC FLAG FOR LOCATION  :1
*FILE
     COLUMN 1              :Pressure (dbar)                             F7.1
     COLUMN 2              :Corrected Pressure (dbar)                   F7.1
     COLUMN 3              :Quality on Pressure                         I3
     COLUMN 4              :Temperature (degree_Celsius)                F9.3
     COLUMN 5              :Corrected Temperature (degree_Celsius)      F9.3
     COLUMN 6              :Quality on Temperature                      I3
     COLUMN 7              :Salinity (PSU)                              F9.3
     COLUMN 8              :Corrected Salinity (PSU)                    F9.3
     COLUMN 9              :Quality on Salinity                         I3
==========================================================================
    4.2    4.2  1   26.446   26.446  1   36.677   36.677  1
    6.0    6.0  1   26.449   26.449  1   36.677   36.677  1
    8.0    8.0  1   26.447   26.447  1   36.677   36.677  1
   10.0   10.0  1   26.455   26.455  1   36.676   36.676  1
   12.0   12.0  1   26.453   26.453  1   36.676   36.676  1
   14.0   14.0  1   26.453   26.453  1   36.676   36.676  1
   16.0   16.0  1   26.457   26.457  1   36.678   36.678  1
   18.0   18.0  1   26.457   26.457  1   36.678   36.678  1
   20.0   20.0  1   26.454   26.454  1   36.680   36.680  1
   22.0   22.0  1   26.444   26.444  1   36.683   36.683  1
   24.0   24.0  1   26.407   26.407  1   36.687   36.687  1
   26.0   26.0  1   26.400   26.400  1   36.686   36.686  1
   27.9   27.9  1   26.386   26.386  1   36.683   36.683  1
   30.0   30.0  1   26.279   26.279  1   36.671   36.671  1
   32.0   32.0  1   25.937   25.937  1   36.632   36.632  1
   34.0   34.0  1   25.657   25.657  1   36.597   36.597  1
   36.0   36.0  1   25.280   25.280  1   36.559   36.559  1
   38.0   38.0  1   25.209   25.209  1   36.548   36.548  1
   40.0   40.0  1   25.049   25.049  1   36.539   36.539  1
   42.0   42.0  1   24.916   24.916  1   36.531   36.531  1
   44.0   44.0  1   24.854   24.854  1   36.530   36.530  1
   46.0   46.0  1   24.803   24.803  1   36.534   36.534  1
   48.0   48.0  1   24.748   24.748  1   36.545   36.545  1
   50.0   50.0  1   24.662   24.662  1   36.537   36.537  1
   52.0   52.0  1   24.706   24.706  1   36.564   36.564  1
   54.0   54.0  1   24.654   24.654  1   36.578   36.578  1
   56.0   56.0  1   24.541   24.541  1   36.558   36.558  1
   58.0   58.0  1   24.446   24.446  1   36.544   36.544  1
   60.0   60.0  1   24.315   24.315  1   36.523   36.523  1
   62.0   62.0  1   24.182   24.182  1   36.492   36.492  1
   64.0   64.0  1   24.098   24.098  1   36.480   36.480  1
   66.0   66.0  1   24.078   24.078  1   36.488   36.488  1
   68.0   68.0  1   24.076   24.076  1   36.490   36.490  1
   70.0   70.0  1   24.067   24.067  1   36.503   36.503  1
   72.0   72.0  1   24.031   24.031  1   36.503   36.503  1
   74.0   74.0  1   23.938   23.938  1   36.486   36.486  1
   76.0   76.0  1   23.795   23.795  1   36.457   36.457  1
   78.0   78.0  1   23.756   23.756  1   36.447   36.447  1
   80.0   80.0  1   23.752   23.752  1   36.449   36.449  1
   82.0   82.0  1   23.706   23.706  1   36.443   36.443  1
   84.0   84.0  1   23.663   23.663  1   36.429   36.429  1
   86.0   86.0  1   23.658   23.658  1   36.436   36.436  1
   88.0   88.0  1   23.654   23.654  1   36.444   36.444  1
   90.0   90.0  1   23.655   23.655  1   36.444   36.444  1
   92.0   92.0  1   23.629   23.629  1   36.447   36.447  1
   94.0   94.0  1   23.530   23.530  1   36.427   36.427  1
   95.9   95.9  1   23.562   23.562  1   36.453   36.453  1
   98.0   98.0  1   23.631   23.631  1   36.499   36.499  1
  100.0  100.0  1   23.653   23.653  1   36.514   36.514  1
  102.0  102.0  1   23.630   23.630  1   36.511   36.511  1
  104.0  104.0  1   23.510   23.510  1   36.484   36.484  1
  106.0  106.0  1   23.502   23.502  1   36.482   36.482  1
  108.0  108.0  1   23.520   23.520  1   36.494   36.494  1
  110.0  110.0  1   23.536   23.536  1   36.502   36.502  1
  112.0  112.0  1   23.556   23.556  1   36.520   36.520  1
  114.0  114.0  1   23.555   23.555  1   36.527   36.527  1
  116.0  116.0  1   23.531   23.531  1   36.523   36.523  1
  118.0  118.0  1   23.491   23.491  1   36.513   36.513  1
  120.1  120.1  1   23.456   23.456  1   36.503   36.503  1
  122.1  122.1  1   23.432   23.432  1   36.500   36.500  1
  124.1  124.1  1   23.375   23.375  1   36.488   36.488  1
  126.0  126.0  1   23.373   23.373  1   36.486   36.486  1
  128.0  128.0  1   23.311   23.311  1   36.473   36.473  1
  130.0  130.0  1   23.242   23.242  1   36.455   36.455  1
  132.0  132.0  1   23.180   23.180  1   36.434   36.434  1
  134.0  134.0  1   23.167   23.167  1   36.429   36.429  1
  136.0  136.0  1   23.168   23.168  1   36.431   36.431  1
  138.0  138.0  1   23.175   23.175  1   36.434   36.434  1
  140.0  140.0  1   23.174   23.174  1   36.433   36.433  1
  142.0  142.0  1   23.134   23.134  1   36.423   36.423  1
  144.0  144.0  1   23.056   23.056  1   36.400   36.400  1
  146.0  146.0  1   23.003   23.003  1   36.384   36.384  1
  148.0  148.0  1   22.977   22.977  1   36.377   36.377  1
  150.0  150.0  1   22.963   22.963  1   36.374   36.374  1
  152.0  152.0  1   22.953   22.953  1   36.372   36.372  1
  154.0  154.0  1   22.947   22.947  1   36.372   36.372  1
  156.0  156.0  1   22.944   22.944  1   36.372   36.372  1
  158.0  158.0  1   22.984   22.984  1   36.394   36.394  1
  160.0  160.0  1   23.040   23.040  1   36.432   36.432  1
  162.0  162.0  1   23.079   23.079  1   36.455   36.455  1
  164.0  164.0  1   23.091   23.091  1   36.466   36.466  1
  166.0  166.0  1   23.114   23.114  1   36.481   36.481  1
  168.0  168.0  1   23.113   23.113  1   36.486   36.486  1
  170.0  170.0  1   23.094   23.094  1   36.482   36.482  1
  172.0  172.0  1   23.051   23.051  1   36.473   36.473  1
  174.0  174.0  1   23.009   23.009  1   36.461   36.461  1
  176.0  176.0  1   22.966   22.966  1   36.452   36.452  1
  178.0  178.0  1   22.960   22.960  1   36.451   36.451  1
  180.0  180.0  1   22.976   22.976  1   36.463   36.463  1
  182.0  182.0  1   22.909   22.909  1   36.448   36.448  1
  184.0  184.0  1   22.806   22.806  1   36.419   36.419  1
  186.0  186.0  1   22.698   22.698  1   36.395   36.395  1
  188.0  188.0  1   22.574   22.574  1   36.360   36.360  1
  190.0  190.0  1   22.550   22.550  1   36.350   36.350  1
  192.0  192.0  1   22.536   22.536  1   36.347   36.347  1
  194.0  194.0  1   22.507   22.507  1   36.340   36.340  1
  196.0  196.0  1   22.483   22.483  1   36.338   36.338  1
  198.0  198.0  1   22.426   22.426  1   36.339   36.339  1
  200.0  200.0  1   22.365   22.365  1   36.321   36.321  1
  202.0  202.0  1   22.332   22.332  1   36.311   36.311  1
  204.0  204.0  1   22.324   22.324  1   36.308   36.308  1
  206.0  206.0  1   22.256   22.256  1   36.293   36.293  1
  208.0  208.0  1   22.097   22.097  1   36.258   36.258  1
  210.0  210.0  1   21.991   21.991  1   36.227   36.227  1
  212.0  212.0  1   21.968   21.968  1   36.219   36.219  1
  214.1  214.1  1   21.801   21.801  1   36.195   36.195  1
  216.0  216.0  1   21.611   21.611  1   36.149   36.149  1
  218.0  218.0  1   21.444   21.444  1   36.113   36.113  1
  220.0  220.0  1   21.414   21.414  1   36.099   36.099  1
  222.0  222.0  1   21.401   21.401  1   36.095   36.095  1
  224.0  224.0  1   21.220   21.220  1   36.066   36.066  1
  226.0  226.0  1   21.134   21.134  1   36.039   36.039  1
  228.0  228.0  1   21.061   21.061  1   36.026   36.026  1
  230.0  230.0  1   20.911   20.911  1   35.992   35.992  1
  232.0  232.0  1   20.865   20.865  1   35.978   35.978  1
  234.0  234.0  1   20.784   20.784  1   35.961   35.961  1
  236.0  236.0  1   20.701   20.701  1   35.938   35.938  1
  238.0  238.0  1   20.634   20.634  1   35.921   35.921  1
  240.0  240.0  1   20.595   20.595  1   35.915   35.915  1
  242.0  242.0  1   20.503   20.503  1   35.897   35.897  1
  244.0  244.0  1   20.451   20.451  1   35.885   35.885  1
  246.0  246.0  1   20.328   20.328  1   35.863   35.863  1
  248.0  248.0  1   20.254   20.254  1   35.838   35.838  1
  250.0  250.0  1   20.165   20.165  1   35.824   35.824  1
  252.0  252.0  1   20.030   20.030  1   35.801   35.801  1
  253.9  253.9  1   19.955   19.955  1   35.785   35.785  1
  256.0  256.0  1   19.909   19.909  1   35.775   35.775  1
  258.0  258.0  1   19.850   19.850  1   35.762   35.762  1
  260.1  260.1  1   19.802   19.802  1   35.751   35.751  1
  262.0  262.0  1   19.716   19.716  1   35.737   35.737  1
  264.0  264.0  1   19.552   19.552  1   35.709   35.709  1
  266.1  266.1  1   19.392   19.392  1   35.677   35.677  1
  268.0  268.0  1   19.226   19.226  1   35.640   35.640  1
  270.0  270.0  1   19.020   19.020  1   35.603   35.603  1
  271.9  271.9  1   18.930   18.930  1   35.574   35.574  1
  274.0  274.0  1   18.773   18.773  1   35.548   35.548  1
  276.0  276.0  1   18.500   18.500  1   35.497   35.497  1
  278.0  278.0  1   18.204   18.204  1   35.445   35.445  1
  280.0  280.0  1   18.070   18.070  1   35.418   35.418  1
  282.0  282.0  1   18.005   18.005  1   35.403   35.403  1
  284.0  284.0  1   17.746   17.746  1   35.375   35.375  1
  286.0  286.0  1   17.610   17.610  1   35.341   35.341  1
  288.0  288.0  1   17.489   17.489  1   35.323   35.323  1
  290.0  290.0  1   17.377   17.377  1   35.301   35.301  1
  292.0  292.0  1   17.224   17.224  1   35.276   35.276  1
  294.0  294.0  1   17.052   17.052  1   35.241   35.241  1
  296.0  296.0  1   16.971   16.971  1   35.231   35.231  1
  298.0  298.0  1   16.862   16.862  1   35.213   35.213  1
  300.0  300.0  1   16.713   16.713  1   35.197   35.197  1
  302.0  302.0  1   16.554   16.554  1   35.173   35.173  1
  304.0  304.0  1   16.409   16.409  1   35.151   35.151  1
  306.0  306.0  1   16.311   16.311  1   35.135   35.135  1
  308.0  308.0  1   16.268   16.268  1   35.128   35.128  1
  310.0  310.0  1   16.128   16.128  1   35.109   35.109  1
  312.0  312.0  1   16.013   16.013  1   35.088   35.088  1
  314.0  314.0  1   15.973   15.973  1   35.075   35.075  1
  316.0  316.0  1   15.854   15.854  1   35.065   35.065  1
  318.0  318.0  1   15.573   15.573  1   35.021   35.021  1
  320.0  320.0  1   15.509   15.509  1   35.007   35.007  1
  322.0  322.0  1   15.457   15.457  1   35.001   35.001  1
  324.0  324.0  1   15.399   15.399  1   34.991   34.991  1
  326.0  326.0  1   15.352   15.352  1   34.983   34.983  1
  328.0  328.0  1   15.228   15.228  1   34.973   34.973  1
  330.0  330.0  1   15.049   15.049  1   34.941   34.941  1
  332.0  332.0  1   14.907   14.907  1   34.925   34.925  1
  334.0  334.0  1   14.672   14.672  1   34.887   34.887  1
  336.0  336.0  1   14.540   14.540  1   34.868   34.868  1
  338.0  338.0  1   14.404   14.404  1   34.847   34.847  1
  340.0  340.0  1   14.342   14.342  1   34.838   34.838  1
  342.0  342.0  1   14.140   14.140  1   34.815   34.815  1
  344.0  344.0  1   13.854   13.854  1   34.776   34.776  1
  346.0  346.0  1   13.676   13.676  1   34.753   34.753  1
  348.0  348.0  1   13.572   13.572  1   34.739   34.739  1
  350.0  350.0  1   13.443   13.443  1   34.725   34.725  1
  352.0  352.0  1   13.401   13.401  1   34.715   34.715  1
  354.0  354.0  1   13.370   13.370  1   34.711   34.711  1
  356.0  356.0  1   13.319   13.319  1   34.703   34.703  1
  358.0  358.0  1   13.241   13.241  1   34.694   34.694  1
  360.0  360.0  1   13.038   13.038  1   34.673   34.673  1
  362.0  362.0  1   12.806   12.806  1   34.644   34.644  1
  364.0  364.0  1   12.582   12.582  1   34.619   34.619  1
  366.0  366.0  1   12.407   12.407  1   34.600   34.600  1
  367.9  367.9  1   12.228   12.228  1   34.579   34.579  1
  370.0  370.0  1   12.163   12.163  1   34.571   34.571  1
  372.0  372.0  1   12.123   12.123  1   34.567   34.567  1
  374.0  374.0  1   12.095   12.095  1   34.564   34.564  1
  376.0  376.0  1   12.062   12.062  1   34.560   34.560  1
  378.0  378.0  1   11.996   11.996  1   34.553   34.553  1
  380.0  380.0  1   11.862   11.862  1   34.542   34.542  1
  382.0  382.0  1   11.799   11.799  1   34.533   34.533  1
  384.0  384.0  1   11.686   11.686  1   34.524   34.524  1
  386.0  386.0  1   11.564   11.564  1   34.515   34.515  1
  388.0  388.0  1   11.474   11.474  1   34.505   34.505  1
  390.0  390.0  1   11.463   11.463  1   34.502   34.502  1
  392.0  392.0  1   11.454   11.454  1   34.501   34.501  1
  394.0  394.0  1   11.433   11.433  1   34.498   34.498  1
  396.1  396.1  1   11.396   11.396  1   34.497   34.497  1
  398.0  398.0  1   11.339   11.339  1   34.490   34.490  1
  400.0  400.0  1   11.275   11.275  1   34.483   34.483  1
  401.9  401.9  1   11.176   11.176  1   34.475   34.475  1
  403.9  403.9  1   11.045   11.045  1   34.467   34.467  1
  405.9  405.9  1   10.873   10.873  1   34.454   34.454  1
  408.0  408.0  1   10.738   10.738  1   34.447   34.447  1
  410.0  410.0  1   10.676   10.676  1   34.441   34.441  1
  412.0  412.0  1   10.622   10.622  1   34.438   34.438  1
  414.0  414.0  1   10.539   10.539  1   34.432   34.432  1
  416.0  416.0  1   10.490   10.490  1   34.429   34.429  1
  418.0  418.0  1   10.464   10.464  1   34.425   34.425  1
  420.0  420.0  1   10.362   10.362  1   34.426   34.426  1
  422.0  422.0  1   10.271   10.271  1   34.419   34.419  1
  424.0  424.0  1   10.220   10.220  1   34.419   34.419  1
  426.0  426.0  1   10.127   10.127  1   34.414   34.414  1
  428.0  428.0  1   10.087   10.087  1   34.411   34.411  1
  430.0  430.0  1    9.999    9.999  1   34.408   34.408  1
  432.0  432.0  1    9.888    9.888  1   34.406   34.406  1
  434.0  434.0  1    9.819    9.819  1   34.402   34.402  1
  436.0  436.0  1    9.703    9.703  1   34.401   34.401  1
  438.0  438.0  1    9.587    9.587  1   34.398   34.398  1
  440.0  440.0  1    9.509    9.509  1   34.395   34.395  1
  442.0  442.0  1    9.456    9.456  1   34.393   34.393  1
  444.0  444.0  1    9.393    9.393  1   34.392   34.392  1
  446.0  446.0  1    9.330    9.330  1   34.393   34.393  1
  448.0  448.0  1    9.277    9.277  1   34.395   34.395  1
  449.9  449.9  1    9.198    9.198  1   34.401   34.401  1
  452.0  452.0  1    9.162    9.162  1   34.401   34.401  1
  454.0  454.0  1    9.120    9.120  1   34.402   34.402  1
  456.0  456.0  1    9.088    9.088  1   34.401   34.401  1
  458.0  458.0  1    9.050    9.050  1   34.400   34.400  1
  460.0  460.0  1    9.004    9.004  1   34.398   34.398  1
  462.0  462.0  1    8.870    8.870  1   34.391   34.391  1
  464.0  464.0  1    8.775    8.775  1   34.389   34.389  1
  466.0  466.0  1    8.659    8.659  1   34.387   34.387  1
  468.0  468.0  1    8.597    8.597  1   34.383   34.383  1
  470.0  470.0  1    8.538    8.538  1   34.382   34.382  1
  472.0  472.0  1    8.514    8.514  1   34.381   34.381  1
  474.0  474.0  1    8.448    8.448  1   34.384   34.384  1
  476.0  476.0  1    8.341    8.341  1   34.382   34.382  1
  478.0  478.0  1    8.256    8.256  1   34.380   34.380  1
  480.0  480.0  1    8.177    8.177  1   34.378   34.378  1
  482.0  482.0  1    8.132    8.132  1   34.375   34.375  1
  484.0  484.0  1    8.058    8.058  1   34.375   34.375  1
  486.0  486.0  1    7.945    7.945  1   34.372   34.372  1
  488.0  488.0  1    7.852    7.852  1   34.368   34.368  1
  490.0  490.0  1    7.802    7.802  1   34.362   34.362  1
  492.0  492.0  1    7.747    7.747  1   34.362   34.362  1
  494.0  494.0  1    7.709    7.709  1   34.360   34.360  1
  496.0  496.0  1    7.676    7.676  1   34.361   34.361  1
  498.0  498.0  1    7.594    7.594  1   34.362   34.362  1
  500.0  500.0  1    7.514    7.514  1   34.357   34.357  1
  502.0  502.0  1    7.473    7.473  1   34.357   34.357  1
  504.0  504.0  1    7.450    7.450  1   34.356   34.356  1
  506.0  506.0  1    7.433    7.433  1   34.355   34.355  1
  508.0  508.0  1    7.416    7.416  1   34.356   34.356  1
  510.0  510.0  1    7.383    7.383  1   34.355   34.355  1
  512.1  512.1  1    7.367    7.367  1   34.354   34.354  1
  514.0  514.0  1    7.362    7.362  1   34.354   34.354  1
  515.9  515.9  1    7.345    7.345  1   34.354   34.354  1
  518.0  518.0  1    7.308    7.308  1   34.354   34.354  1
  520.0  520.0  1    7.287    7.287  1   34.354   34.354  1
  522.0  522.0  1    7.262    7.262  1   34.353   34.353  1
  524.0  524.0  1    7.252    7.252  1   34.352   34.352  1
  526.0  526.0  1    7.221    7.221  1   34.352   34.352  1
  528.0  528.0  1    7.164    7.164  1   34.351   34.351  1
  530.0  530.0  1    7.116    7.116  1   34.351   34.351  1
  532.0  532.0  1    7.070    7.070  1   34.349   34.349  1
  534.0  534.0  1    7.049    7.049  1   34.347   34.347  1
  536.0  536.0  1    7.026    7.026  1   34.347   34.347  1
  538.0  538.0  1    6.964    6.964  1   34.343   34.343  1
  540.0  540.0  1    6.934    6.934  1   34.342   34.342  1
  542.0  542.0  1    6.911    6.911  1   34.343   34.343  1
  544.0  544.0  1    6.899    6.899  1   34.343   34.343  1
  546.0  546.0  1    6.878    6.878  1   34.342   34.342  1
  548.0  548.0  1    6.855    6.855  1   34.340   34.340  1
  550.0  550.0  1    6.855    6.855  1   34.342   34.342  1
  552.0  552.0  1    6.835    6.835  1   34.343   34.343  1
  554.0  554.0  1    6.795    6.795  1   34.342   34.342  1
  556.0  556.0  1    6.742    6.742  1   34.341   34.341  1
  558.0  558.0  1    6.727    6.727  1   34.340   34.340  1
  560.0  560.0  1    6.711    6.711  1   34.339   34.339  1
  562.0  562.0  1    6.678    6.678  1   34.338   34.338  1
  564.0  564.0  1    6.647    6.647  1   34.337   34.337  1
  566.0  566.0  1    6.627    6.627  1   34.336   34.336  1
  568.0  568.0  1    6.612    6.612  1   34.335   34.335  1
  570.0  570.0  1    6.609    6.609  1   34.335   34.335  1
  572.0  572.0  1    6.584    6.584  1   34.335   34.335  1
  574.0  574.0  1    6.555    6.555  1   34.333   34.333  1
  576.0  576.0  1    6.533    6.533  1   34.332   34.332  1
  578.0  578.0  1    6.523    6.523  1   34.331   34.331  1
  580.0  580.0  1    6.500    6.500  1   34.329   34.329  1
  582.0  582.0  1    6.464    6.464  1   34.327   34.327  1
  584.0  584.0  1    6.421    6.421  1   34.324   34.324  1
  586.0  586.0  1    6.398    6.398  1   34.322   34.322  1
  588.0  588.0  1    6.385    6.385  1   34.322   34.322  1
  590.0  590.0  1    6.334    6.334  1   34.317   34.317  1
  592.0  592.0  1    6.315    6.315  1   34.317   34.317  1
  594.0  594.0  1    6.290    6.290  1   34.315   34.315  1
  596.0  596.0  1    6.275    6.275  1   34.315   34.315  1
  598.0  598.0  1    6.266    6.266  1   34.314   34.314  1
  600.0  600.0  1    6.253    6.253  1   34.314   34.314  1
  602.0  602.0  1    6.245    6.245  1   34.314   34.314  1
  604.0  604.0  1    6.236    6.236  1   34.313   34.313  1
  606.0  606.0  1    6.228    6.228  1   34.313   34.313  1
  608.0  608.0  1    6.221    6.221  1   34.313   34.313  1
  610.0  610.0  1    6.213    6.213  1   34.312   34.312  1
  612.0  612.0  1    6.191    6.191  1   34.312   34.312  1
  614.0  614.0  1    6.179    6.179  1   34.311   34.311  1
  616.0  616.0  1    6.160    6.160  1   34.311   34.311  1
  618.0  618.0  1    6.149    6.149  1   34.310   34.310  1
  620.0  620.0  1    6.144    6.144  1   34.310   34.310  1
  622.0  622.0  1    6.136    6.136  1   34.310   34.310  1
  624.0  624.0  1    6.119    6.119  1   34.309   34.309  1
  626.0  626.0  1    6.093    6.093  1   34.309   34.309  1
  628.0  628.0  1    6.063    6.063  1   34.307   34.307  1
  630.0  630.0  1    6.041    6.041  1   34.307   34.307  1
  632.0  632.0  1    6.006    6.006  1   34.307   34.307  1
  634.0  634.0  1    5.999    5.999  1   34.306   34.306  1
  636.0  636.0  1    5.988    5.988  1   34.306   34.306  1
  638.0  638.0  1    5.973    5.973  1   34.306   34.306  1
  640.0  640.0  1    5.963    5.963  1   34.305   34.305  1
  642.0  642.0  1    5.957    5.957  1   34.305   34.305  1
  644.0  644.0  1    5.945    5.945  1   34.305   34.305  1
  646.0  646.0  1    5.925    5.925  1   34.304   34.304  1
  648.0  648.0  1    5.908    5.908  1   34.303   34.303  1
  650.0  650.0  1    5.881    5.881  1   34.303   34.303  1
  652.0  652.0  1    5.849    5.849  1   34.302   34.302  1
  654.0  654.0  1    5.828    5.828  1   34.302   34.302  1
  656.0  656.0  1    5.798    5.798  1   34.301   34.301  1
  658.0  658.0  1    5.781    5.781  1   34.301   34.301  1
  660.0  660.0  1    5.773    5.773  1   34.302   34.302  1
  662.0  662.0  1    5.768    5.768  1   34.301   34.301  1
  664.0  664.0  1    5.763    5.763  1   34.301   34.301  1
  666.0  666.0  1    5.746    5.746  1   34.300   34.300  1
  668.0  668.0  1    5.719    5.719  1   34.301   34.301  1
  670.0  670.0  1    5.714    5.714  1   34.301   34.301  1
  672.0  672.0  1    5.705    5.705  1   34.303   34.303  1
  674.0  674.0  1    5.694    5.694  1   34.305   34.305  1
  676.0  676.0  1    5.675    5.675  1   34.305   34.305  1
  678.0  678.0  1    5.668    5.668  1   34.305   34.305  1
  680.0  680.0  1    5.656    5.656  1   34.306   34.306  1
  682.0  682.0  1    5.643    5.643  1   34.307   34.307  1
  684.0  684.0  1    5.626    5.626  1   34.307   34.307  1
  686.0  686.0  1    5.612    5.612  1   34.307   34.307  1
  688.0  688.0  1    5.598    5.598  1   34.306   34.306  1
  690.0  690.0  1    5.594    5.594  1   34.306   34.306  1
  692.0  692.0  1    5.588    5.588  1   34.306   34.306  1
  694.0  694.0  1    5.585    5.585  1   34.306   34.306  1
  696.0  696.0  1    5.580    5.580  1   34.306   34.306  1
  698.0  698.0  1    5.568    5.568  1   34.309   34.309  1
  700.0  700.0  1    5.567    5.567  1   34.309   34.309  1
  702.0  702.0  1    5.560    5.560  1   34.310   34.310  1
  704.0  704.0  1    5.549    5.549  1   34.311   34.311  1
  706.0  706.0  1    5.526    5.526  1   34.310   34.310  1
  708.0  708.0  1    5.512    5.512  1   34.310   34.310  1
  710.0  710.0  1    5.493    5.493  1   34.310   34.310  1
  711.9  711.9  1    5.459    5.459  1   34.308   34.308  1
  714.0  714.0  1    5.433    5.433  1   34.310   34.310  1
  716.0  716.0  1    5.422    5.422  1   34.309   34.309  1
  718.1  718.1  1    5.373    5.373  1   34.309   34.309  1
  720.0  720.0  1    5.364    5.364  1   34.308   34.308  1
  722.0  722.0  1    5.353    5.353  1   34.307   34.307  1
  724.0  724.0  1    5.345    5.345  1   34.308   34.308  1
  726.0  726.0  1    5.325    5.325  1   34.310   34.310  1
  728.0  728.0  1    5.294    5.294  1   34.312   34.312  1
  730.0  730.0  1    5.271    5.271  1   34.313   34.313  1
  732.0  732.0  1    5.264    5.264  1   34.314   34.314  1
  734.0  734.0  1    5.257    5.257  1   34.314   34.314  1
  736.0  736.0  1    5.245    5.245  1   34.315   34.315  1
  738.0  738.0  1    5.237    5.237  1   34.315   34.315  1
  740.0  740.0  1    5.229    5.229  1   34.315   34.315  1
  742.0  742.0  1    5.218    5.218  1   34.315   34.315  1
  744.0  744.0  1    5.209    5.209  1   34.316   34.316  1
  746.0  746.0  1    5.196    5.196  1   34.317   34.317  1
  748.0  748.0  1    5.183    5.183  1   34.318   34.318  1
  750.0  750.0  1    5.175    5.175  1   34.318   34.318  1
  752.0  752.0  1    5.170    5.170  1   34.319   34.319  1
  754.0  754.0  1    5.155    5.155  1   34.321   34.321  1
  756.0  756.0  1    5.145    5.145  1   34.321   34.321  1
  758.0  758.0  1    5.126    5.126  1   34.322   34.322  1
  760.0  760.0  1    5.112    5.112  1   34.323   34.323  1
  762.0  762.0  1    5.091    5.091  1   34.325   34.325  1
  764.0  764.0  1    5.066    5.066  1   34.327   34.327  1
  766.0  766.0  1    5.051    5.051  1   34.328   34.328  1
  768.0  768.0  1    5.041    5.041  1   34.329   34.329  1
  770.0  770.0  1    5.025    5.025  1   34.330   34.330  1
  772.0  772.0  1    5.009    5.009  1   34.331   34.331  1
  774.0  774.0  1    5.000    5.000  1   34.332   34.332  1
  776.0  776.0  1    4.988    4.988  1   34.333   34.333  1
  777.9  777.9  1    4.983    4.983  1   34.333   34.333  1
  780.0  780.0  1    4.979    4.979  1   34.334   34.334  1
  782.0  782.0  1    4.973    4.973  1   34.334   34.334  1
  784.0  784.0  1    4.961    4.961  1   34.336   34.336  1
  786.0  786.0  1    4.946    4.946  1   34.337   34.337  1
  788.0  788.0  1    4.930    4.930  1   34.339   34.339  1
  790.0  790.0  1    4.917    4.917  1   34.340   34.340  1
  792.0  792.0  1    4.908    4.908  1   34.341   34.341  1
  794.0  794.0  1    4.903    4.903  1   34.341   34.341  1
  796.0  796.0  1    4.900    4.900  1   34.341   34.341  1
  798.0  798.0  1    4.896    4.896  1   34.342   34.342  1
  800.0  800.0  1    4.888    4.888  1   34.342   34.342  1
  802.0  802.0  1    4.870    4.870  1   34.345   34.345  1
  804.0  804.0  1    4.843    4.843  1   34.347   34.347  1
  806.0  806.0  1    4.823    4.823  1   34.349   34.349  1
  808.0  808.0  1    4.812    4.812  1   34.350   34.350  1
  810.0  810.0  1    4.808    4.808  1   34.350   34.350  1
  812.0  812.0  1    4.801    4.801  1   34.351   34.351  1
  814.0  814.0  1    4.791    4.791  1   34.351   34.351  1
  816.0  816.0  1    4.768    4.768  1   34.353   34.353  1
  818.0  818.0  1    4.752    4.752  1   34.355   34.355  1
  820.0  820.0  1    4.749    4.749  1   34.355   34.355  1
  822.0  822.0  1    4.746    4.746  1   34.356   34.356  1
  824.0  824.0  1    4.744    4.744  1   34.356   34.356  1
  826.0  826.0  1    4.741    4.741  1   34.357   34.357  1
  828.0  828.0  1    4.736    4.736  1   34.358   34.358  1
  830.0  830.0  1    4.729    4.729  1   34.358   34.358  1
  832.0  832.0  1    4.721    4.721  1   34.360   34.360  1
  834.0  834.0  1    4.697    4.697  1   34.363   34.363  1
  836.0  836.0  1    4.690    4.690  1   34.364   34.364  1
  838.0  838.0  1    4.674    4.674  1   34.367   34.367  1
  840.0  840.0  1    4.647    4.647  1   34.371   34.371  1
  842.0  842.0  1    4.633    4.633  1   34.372   34.372  1
  844.0  844.0  1    4.627    4.627  1   34.373   34.373  1
  846.0  846.0  1    4.610    4.610  1   34.376   34.376  1
  848.0  848.0  1    4.597    4.597  1   34.379   34.379  1
  850.0  850.0  1    4.588    4.588  1   34.381   34.381  1
  852.0  852.0  1    4.576    4.576  1   34.384   34.384  1
  854.0  854.0  1    4.570    4.570  1   34.386   34.386  1
  856.0  856.0  1    4.565    4.565  1   34.388   34.388  1
  858.0  858.0  1    4.558    4.558  1   34.391   34.391  1
  860.0  860.0  1    4.546    4.546  1   34.393   34.393  1
  862.0  862.0  1    4.543    4.543  1   34.395   34.395  1
  864.0  864.0  1    4.543    4.543  1   34.398   34.398  1
  866.0  866.0  1    4.540    4.540  1   34.399   34.399  1
  868.0  868.0  1    4.538    4.538  1   34.400   34.400  1
  870.0  870.0  1    4.534    4.534  1   34.402   34.402  1
  872.0  872.0  1    4.531    4.531  1   34.403   34.403  1
  874.0  874.0  1    4.527    4.527  1   34.404   34.404  1
  876.0  876.0  1    4.523    4.523  1   34.407   34.407  1
  878.0  878.0  1    4.521    4.521  1   34.408   34.408  1
  880.0  880.0  1    4.520    4.520  1   34.409   34.409  1
  882.0  882.0  1    4.512    4.512  1   34.411   34.411  1
  884.0  884.0  1    4.499    4.499  1   34.413   34.413  1
  886.0  886.0  1    4.498    4.498  1   34.415   34.415  1
  888.0  888.0  1    4.498    4.498  1   34.418   34.418  1
  890.0  890.0  1    4.499    4.499  1   34.420   34.420  1
  892.0  892.0  1    4.500    4.500  1   34.422   34.422  1
  894.0  894.0  1    4.491    4.491  1   34.426   34.426  1
  896.0  896.0  1    4.487    4.487  1   34.426   34.426  1
  898.0  898.0  1    4.485    4.485  1   34.426   34.426  1
  900.0  900.0  1    4.480    4.480  1   34.426   34.426  1
  902.0  902.0  1    4.462    4.462  1   34.426   34.426  1
  904.0  904.0  1    4.451    4.451  1   34.428   34.428  1
  906.0  906.0  1    4.448    4.448  1   34.430   34.430  1
  908.0  908.0  1    4.451    4.451  1   34.434   34.434  1
  910.0  910.0  1    4.448    4.448  1   34.436   34.436  1
  912.0  912.0  1    4.444    4.444  1   34.438   34.438  1
  914.0  914.0  1    4.443    4.443  1   34.440   34.440  1
  916.0  916.0  1    4.442    4.442  1   34.442   34.442  1
  918.0  918.0  1    4.438    4.438  1   34.443   34.443  1
  920.0  920.0  1    4.437    4.437  1   34.443   34.443  1
  922.0  922.0  1    4.401    4.401  1   34.443   34.443  1
  924.0  924.0  1    4.391    4.391  1   34.443   34.443  1
  926.0  926.0  1    4.383    4.383  1   34.446   34.446  1
  928.0  928.0  1    4.379    4.379  1   34.447   34.447  1
  930.0  930.0  1    4.374    4.374  1   34.448   34.448  1
  932.0  932.0  1    4.370    4.370  1   34.449   34.449  1
  934.0  934.0  1    4.365    4.365  1   34.450   34.450  1
  936.0  936.0  1    4.360    4.360  1   34.454   34.454  1
  938.0  938.0  1    4.357    4.357  1   34.455   34.455  1
  940.0  940.0  1    4.357    4.357  1   34.456   34.456  1
  942.0  942.0  1    4.357    4.357  1   34.456   34.456  1
  944.0  944.0  1    4.355    4.355  1   34.457   34.457  1
  946.0  946.0  1    4.354    4.354  1   34.458   34.458  1
  948.0  948.0  1    4.351    4.351  1   34.460   34.460  1
  950.0  950.0  1    4.349    4.349  1   34.462   34.462  1
  952.0  952.0  1    4.349    4.349  1   34.463   34.463  1
  954.0  954.0  1    4.349    4.349  1   34.464   34.464  1
  956.1  956.1  1    4.345    4.345  1   34.466   34.466  1
  958.0  958.0  1    4.343    4.343  1   34.467   34.467  1
  960.0  960.0  1    4.342    4.342  1   34.468   34.468  1
  962.0  962.0  1    4.342    4.342  1   34.469   34.469  1
  964.0  964.0  1    4.339    4.339  1   34.470   34.470  1
  966.0  966.0  1    4.338    4.338  1   34.471   34.471  1
  968.0  968.0  1    4.337    4.337  1   34.472   34.472  1
  970.0  970.0  1    4.331    4.331  1   34.474   34.474  1
  972.0  972.0  1    4.325    4.325  1   34.475   34.475  1
  974.0  974.0  1    4.323    4.323  1   34.476   34.476  1
  975.6  975.6  1    4.321    4.321  1   34.476   34.476  1
  998.0  998.0  1    4.282    4.282  1   34.486   34.486  1
 1047.7 1047.7  1    4.183    4.183  1   34.499   34.499  1
 1098.7 1098.7  1    4.039    4.039  1   34.511   34.511  1
 1148.4 1148.4  1    3.888    3.888  1   34.522   34.522  1
 1197.9 1197.9  1    3.734    3.734  1   34.530   34.530  1
 1247.7 1247.7  1    3.595    3.595  1   34.539   34.539  1
 1298.4 1298.4  1    3.461    3.461  1   34.546   34.546  1
 1346.7 1346.7  1    3.327    3.327  1   34.552   34.552  1
 1398.4 1398.4  1    3.213    3.213  1   34.558   34.558  1
 1447.9 1447.9  1    3.101    3.101  1   34.563   34.563  1
 1498.0 1498.0  1    2.949    2.949  1   34.570   34.570  1
 1548.8 1548.8  1    2.825    2.825  1   34.577   34.577  1
 1598.2 1598.2  1    2.752    2.752  1   34.581   34.581  1
 1648.5 1648.5  1    2.641    2.641  1   34.589   34.589  1
 1698.1 1698.1  1    2.553    2.553  1   34.594   34.594  1
 1747.9 1747.9  1    2.464    2.464  1   34.601   34.601  1
 1798.0 1798.0  1    2.403    2.403  1   34.606   34.606  1
 1847.9 1847.9  1    2.312    2.312  1   34.613   34.613  1
 1899.2 1899.2  1    2.187    2.187  1   34.624   34.624  1
 1948.2 1948.2  1    2.126    2.126  1   34.631   34.631  1
 1998.0 1998.0  1    2.095    2.095  1   34.634   34.634  1
