*SoftWare Version 3.0  2018/12/27

*HEADER
     PLATFORM NUMBER       :5905314
     CYCLE NUMBER          :049
     DATE CREATION         :20191203130030
     DATE UPDATE           :20191203130030
     PROJECT NAME          :US ARGO PROJECT
     PI NAME               :GREGORY C. JOHNSON
     INSTRUMENT TYPE       :NAVIS_A
     FLOAT SERIAL NO       :0862
     FIRMWARE VERSION      :170425
     WMO INSTRUMENT TYPE   :863
     TRANSMISSION SYSTEM   :IRIDIUM
     POSITIONING SYSTEM    :GPS
     SAMPLE DIRECTION      :A(A=Ascend; D=Descend)
     DATA MODE             :A(R=Real Time; D=Delayed Mode; A=Real Time Adjusted)
     JULIAN DAY            :25538.5203 (days since 1950-01-01 00:00:00 UTC)
     DATE                  :2019-12-03
     QC FLAG FOR DATE      :1
*LOCATION
     LATITUDE              :-0.970  
     LONGITUDE             :160.111 
     QC FLAG FOR LOCATION  :1
*FILE
     COLUMN 1              :Pressure (dbar)                             F7.1
     COLUMN 2              :Corrected Pressure (dbar)                   F7.1
     COLUMN 3              :Quality on Pressure                         I3
     COLUMN 4              :Temperature (degree_Celsius)                F9.3
     COLUMN 5              :Corrected Temperature (degree_Celsius)      F9.3
     COLUMN 6              :Quality on Temperature                      I3
     COLUMN 7              :Salinity (PSU)                              F9.3
     COLUMN 8              :Corrected Salinity (PSU)                    F9.3
     COLUMN 9              :Quality on Salinity                         I3
==========================================================================
    4.2    4.3  1   30.744   30.744  1   34.167   34.167  1
    6.0    6.1  1   30.627   30.627  1   34.166   34.166  1
    8.0    8.1  1   30.544   30.544  1   34.161   34.161  1
   10.0   10.1  1   30.472   30.472  1   34.152   34.152  1
   12.0   12.1  1   30.437   30.437  1   34.148   34.148  1
   14.0   14.1  1   30.433   30.433  1   34.157   34.157  1
   16.0   16.1  1   30.421   30.421  1   34.159   34.159  1
   18.0   18.1  1   30.407   30.407  1   34.162   34.162  1
   20.0   20.1  1   30.392   30.392  1   34.165   34.165  1
   22.0   22.1  1   30.378   30.378  1   34.166   34.166  1
   24.0   24.1  1   30.363   30.363  1   34.166   34.166  1
   26.0   26.1  1   30.349   30.349  1   34.168   34.168  1
   28.0   28.1  1   30.342   30.342  1   34.171   34.171  1
   30.0   30.1  1   30.340   30.340  1   34.174   34.174  1
   32.0   32.1  1   30.331   30.331  1   34.173   34.173  1
   34.0   34.1  1   30.320   30.320  1   34.170   34.170  1
   36.0   36.1  1   30.303   30.303  1   34.166   34.166  1
   38.0   38.1  1   30.290   30.290  1   34.164   34.164  1
   40.0   40.1  1   30.273   30.273  1   34.165   34.165  1
   42.0   42.1  1   30.268   30.268  1   34.195   34.195  1
   44.0   44.1  1   30.261   30.261  1   34.245   34.245  1
   46.0   46.1  1   30.254   30.254  1   34.289   34.289  1
   48.0   48.1  1   30.255   30.255  1   34.304   34.304  1
   50.0   50.1  1   30.260   30.260  1   34.327   34.327  1
   52.0   52.1  1   30.252   30.252  1   34.346   34.346  1
   54.0   54.1  1   30.256   30.256  1   34.367   34.367  1
   56.0   56.1  1   30.256   30.256  1   34.380   34.380  1
   58.0   58.1  1   30.274   30.274  1   34.399   34.399  1
   60.0   60.1  1   30.290   30.290  1   34.412   34.412  1
   62.0   62.1  1   30.312   30.312  1   34.428   34.428  1
   64.0   64.1  1   30.333   30.333  1   34.444   34.444  1
   66.0   66.1  1   30.348   30.348  1   34.455   34.455  1
   68.0   68.1  1   30.370   30.370  1   34.470   34.470  1
   70.0   70.1  1   30.394   30.394  1   34.489   34.489  1
   72.0   72.1  1   30.411   30.411  1   34.502   34.502  1
   74.0   74.1  1   30.427   30.427  1   34.517   34.517  1
   76.0   76.1  1   30.436   30.436  1   34.526   34.526  1
   78.0   78.1  1   30.454   30.454  1   34.549   34.549  1
   80.0   80.1  1   30.460   30.460  1   34.558   34.558  1
   82.0   82.1  1   30.464   30.464  1   34.566   34.566  1
   84.0   84.1  1   30.467   30.467  1   34.573   34.573  1
   86.0   86.1  1   30.468   30.468  1   34.584   34.584  1
   88.0   88.1  1   30.465   30.465  1   34.595   34.595  1
   90.0   90.1  1   30.454   30.454  1   34.605   34.605  1
   92.0   92.1  1   30.439   30.439  1   34.615   34.615  1
   94.0   94.1  1   30.466   30.466  1   34.648   34.648  1
   96.0   96.1  1   30.465   30.465  1   34.659   34.659  1
   98.0   98.1  1   30.470   30.470  1   34.666   34.666  1
  100.0  100.1  1   30.467   30.467  1   34.668   34.668  1
  102.0  102.1  1   30.458   30.458  1   34.672   34.672  1
  104.0  104.1  1   30.442   30.442  1   34.674   34.674  1
  106.0  106.1  1   30.401   30.401  1   34.677   34.677  1
  108.0  108.1  1   30.349   30.349  1   34.678   34.678  1
  110.1  110.2  1   30.259   30.259  1   34.697   34.697  1
  112.0  112.1  1   30.161   30.161  1   34.740   34.740  1
  114.0  114.1  1   30.077   30.077  1   34.779   34.779  1
  116.0  116.1  1   30.023   30.023  1   34.830   34.830  1
  118.6  118.7  1   29.738   29.738  1   34.953   34.953  1
  119.5  119.6  1   29.611   29.611  1   35.001   35.001  1
  122.0  122.1  1   27.368   27.368  1   35.361   35.361  1
  124.0  124.1  1   26.891   26.891  1   35.398   35.398  1
  126.1  126.2  1   26.811   26.811  1   35.405   35.405  1
  128.1  128.2  1   26.754   26.754  1   35.413   35.413  1
  130.0  130.1  1   26.678   26.678  1   35.428   35.428  1
  131.9  132.0  1   26.662   26.662  1   35.438   35.438  1
  134.0  134.1  1   26.353   26.353  1   35.428   35.428  1
  136.0  136.1  1   25.859   25.859  1   35.394   35.394  1
  138.0  138.1  1   25.652   25.652  1   35.397   35.397  1
  140.0  140.1  1   25.548   25.548  1   35.422   35.422  1
  142.0  142.1  1   25.369   25.369  1   35.448   35.448  1
  144.0  144.1  1   25.241   25.241  1   35.445   35.445  1
  146.1  146.2  1   24.897   24.897  1   35.433   35.433  1
  148.4  148.5  1   24.623   24.623  1   35.414   35.414  1
  149.6  149.7  1   24.510   24.510  1   35.405   35.405  1
  152.0  152.1  1   23.949   23.949  1   35.378   35.378  1
  154.1  154.2  1   23.644   23.644  1   35.436   35.436  1
  156.2  156.3  1   23.247   23.247  1   35.652   35.652  1
  157.8  157.9  1   22.679   22.679  1   35.671   35.671  1
  160.0  160.1  1   21.665   21.665  1   35.681   35.681  1
  162.0  162.1  1   21.113   21.113  1   35.664   35.664  1
  164.0  164.1  1   20.858   20.858  1   35.651   35.651  1
  166.0  166.1  1   20.666   20.666  1   35.641   35.641  1
  168.0  168.1  1   20.640   20.640  1   35.635   35.635  1
  170.0  170.1  1   20.509   20.509  1   35.629   35.629  1
  172.0  172.1  1   20.059   20.059  1   35.602   35.602  1
  174.0  174.1  1   19.326   19.326  1   35.567   35.567  1
  176.0  176.1  1   18.762   18.762  1   35.523   35.523  1
  178.0  178.1  1   18.487   18.487  1   35.502   35.502  1
  180.0  180.1  1   18.241   18.241  1   35.479   35.479  1
  182.0  182.1  1   17.735   17.735  1   35.437   35.437  1
  184.0  184.1  1   16.907   16.907  1   35.357   35.357  1
  186.0  186.1  1   16.657   16.657  1   35.324   35.324  1
  188.0  188.1  1   16.573   16.573  1   35.312   35.312  1
  190.0  190.1  1   16.528   16.528  1   35.306   35.306  1
  192.0  192.1  1   16.415   16.415  1   35.299   35.299  1
  194.0  194.1  1   16.097   16.097  1   35.279   35.279  1
  196.0  196.1  1   15.905   15.905  1   35.257   35.257  1
  198.0  198.1  1   15.777   15.777  1   35.246   35.246  1
  200.0  200.1  1   15.632   15.632  1   35.231   35.231  1
  202.0  202.1  1   15.402   15.402  1   35.208   35.208  1
  204.0  204.1  1   15.288   15.288  1   35.191   35.191  1
  206.0  206.1  1   15.158   15.158  1   35.181   35.181  1
  208.0  208.1  1   15.029   15.029  1   35.170   35.170  1
  210.0  210.1  1   14.952   14.952  1   35.161   35.161  1
  212.0  212.1  1   14.782   14.782  1   35.147   35.147  1
  214.0  214.1  1   14.571   14.571  1   35.129   35.129  1
  216.0  216.1  1   14.311   14.311  1   35.109   35.109  1
  218.0  218.1  1   14.178   14.178  1   35.096   35.096  1
  220.0  220.1  1   14.100   14.100  1   35.091   35.091  1
  222.0  222.1  1   13.961   13.961  1   35.076   35.076  1
  224.0  224.1  1   13.824   13.824  1   35.066   35.066  1
  226.0  226.1  1   13.709   13.709  1   35.050   35.050  1
  228.0  228.1  1   13.594   13.594  1   35.038   35.038  1
  230.0  230.1  1   13.533   13.533  1   35.029   35.029  1
  232.0  232.1  1   13.471   13.471  1   35.023   35.023  1
  234.0  234.1  1   13.354   13.354  1   35.019   35.019  1
  236.0  236.1  1   13.256   13.256  1   35.005   35.005  1
  238.0  238.1  1   13.225   13.225  1   35.000   35.000  1
  240.0  240.1  1   13.115   13.115  1   34.995   34.995  1
  242.0  242.1  1   12.928   12.928  1   34.975   34.975  1
  244.0  244.1  1   12.835   12.835  1   34.962   34.962  1
  246.0  246.1  1   12.745   12.745  1   34.954   34.954  1
  248.0  248.1  1   12.585   12.585  1   34.939   34.939  1
  250.0  250.1  1   12.472   12.472  1   34.925   34.925  1
  252.0  252.1  1   12.388   12.388  1   34.914   34.914  1
  254.0  254.1  1   12.361   12.361  1   34.908   34.908  1
  256.0  256.1  1   12.351   12.351  1   34.906   34.906  1
  258.0  258.1  1   12.347   12.347  1   34.904   34.904  1
  260.0  260.1  1   12.344   12.344  1   34.904   34.904  1
  262.0  262.1  1   12.340   12.340  1   34.903   34.903  1
  264.0  264.1  1   12.335   12.335  1   34.902   34.902  1
  266.0  266.1  1   12.331   12.331  1   34.900   34.900  1
  268.0  268.1  1   12.289   12.289  1   34.897   34.897  1
  270.0  270.1  1   12.243   12.243  1   34.889   34.889  1
  272.0  272.1  1   12.202   12.202  1   34.884   34.884  1
  274.0  274.1  1   12.166   12.166  1   34.879   34.879  1
  275.9  276.0  1   12.148   12.148  1   34.876   34.876  1
  278.0  278.1  1   12.108   12.108  1   34.871   34.871  1
  280.0  280.1  1   12.098   12.098  1   34.871   34.871  1
  282.0  282.1  1   12.078   12.078  1   34.868   34.868  1
  284.0  284.1  1   12.057   12.057  1   34.868   34.868  1
  286.0  286.1  1   12.024   12.024  1   34.865   34.865  1
  288.0  288.1  1   11.999   11.999  1   34.864   34.864  1
  290.0  290.1  1   11.965   11.965  1   34.861   34.861  1
  292.0  292.1  1   11.932   11.932  1   34.860   34.860  1
  294.0  294.1  1   11.886   11.886  1   34.856   34.856  1
  296.0  296.1  1   11.800   11.800  1   34.850   34.850  1
  298.0  298.1  1   11.754   11.754  1   34.843   34.843  1
  300.0  300.1  1   11.688   11.688  1   34.838   34.838  1
  302.0  302.1  1   11.678   11.678  1   34.835   34.835  1
  304.0  304.1  1   11.676   11.676  1   34.835   34.835  1
  306.0  306.1  1   11.675   11.675  1   34.834   34.834  1
  308.0  308.1  1   11.671   11.671  1   34.834   34.834  1
  310.0  310.1  1   11.635   11.635  1   34.832   34.832  1
  312.0  312.1  1   11.602   11.602  1   34.829   34.829  1
  314.0  314.1  1   11.543   11.543  1   34.824   34.824  1
  316.0  316.1  1   11.482   11.482  1   34.820   34.820  1
  318.0  318.1  1   11.453   11.453  1   34.817   34.817  1
  320.0  320.1  1   11.385   11.385  1   34.813   34.813  1
  322.0  322.1  1   11.293   11.293  1   34.807   34.807  1
  324.0  324.1  1   11.237   11.237  1   34.804   34.804  1
  326.0  326.1  1   11.213   11.213  1   34.801   34.801  1
  328.0  328.1  1   11.175   11.175  1   34.797   34.797  1
  330.0  330.1  1   11.114   11.114  1   34.794   34.794  1
  332.0  332.1  1   11.056   11.056  1   34.791   34.791  1
  334.0  334.1  1   10.991   10.991  1   34.789   34.789  1
  336.1  336.2  1   10.934   10.934  1   34.784   34.784  1
  338.0  338.1  1   10.907   10.907  1   34.782   34.782  1
  340.0  340.1  1   10.883   10.883  1   34.781   34.781  1
  342.0  342.1  1   10.846   10.846  1   34.779   34.779  1
  344.0  344.1  1   10.831   10.831  1   34.778   34.778  1
  346.0  346.1  1   10.831   10.831  1   34.777   34.777  1
  348.0  348.1  1   10.829   10.829  1   34.777   34.777  1
  350.0  350.1  1   10.822   10.822  1   34.777   34.777  1
  352.0  352.1  1   10.814   10.814  1   34.776   34.776  1
  354.0  354.1  1   10.798   10.798  1   34.776   34.776  1
  356.0  356.1  1   10.726   10.726  1   34.771   34.771  1
  358.0  358.1  1   10.691   10.691  1   34.769   34.769  1
  360.0  360.1  1   10.663   10.663  1   34.767   34.767  1
  362.0  362.1  1   10.638   10.638  1   34.764   34.764  1
  364.0  364.1  1   10.619   10.619  1   34.764   34.764  1
  366.0  366.1  1   10.612   10.612  1   34.762   34.762  1
  368.0  368.1  1   10.606   10.606  1   34.762   34.762  1
  370.0  370.1  1   10.559   10.559  1   34.761   34.761  1
  372.0  372.1  1   10.495   10.495  1   34.754   34.754  1
  374.0  374.1  1   10.474   10.474  1   34.753   34.753  1
  376.0  376.1  1   10.416   10.416  1   34.749   34.749  1
  378.0  378.1  1   10.343   10.343  1   34.744   34.744  1
  380.0  380.1  1   10.256   10.256  1   34.739   34.739  1
  382.0  382.1  1   10.218   10.218  1   34.734   34.734  1
  384.0  384.1  1   10.206   10.206  1   34.733   34.733  1
  386.0  386.1  1   10.166   10.166  1   34.730   34.730  1
  388.0  388.1  1   10.134   10.134  1   34.728   34.728  1
  390.0  390.1  1   10.105   10.105  1   34.725   34.725  1
  392.0  392.1  1   10.067   10.067  1   34.724   34.724  1
  394.0  394.1  1   10.038   10.038  1   34.722   34.722  1
  396.0  396.1  1   10.022   10.022  1   34.722   34.722  1
  398.0  398.1  1   10.017   10.017  1   34.723   34.723  1
  400.0  400.1  1   10.009   10.009  1   34.722   34.722  1
  402.0  402.1  1    9.975    9.975  1   34.721   34.721  1
  404.0  404.1  1    9.871    9.871  1   34.715   34.715  1
  406.0  406.1  1    9.814    9.814  1   34.711   34.711  1
  408.0  408.1  1    9.785    9.785  1   34.708   34.708  1
  410.0  410.1  1    9.777    9.777  1   34.707   34.707  1
  412.0  412.1  1    9.761    9.761  1   34.705   34.705  1
  414.0  414.1  1    9.714    9.714  1   34.702   34.702  1
  416.0  416.1  1    9.668    9.668  1   34.699   34.699  1
  418.0  418.1  1    9.635    9.635  1   34.697   34.697  1
  420.0  420.1  1    9.632    9.632  1   34.695   34.695  1
  422.0  422.1  1    9.621    9.621  1   34.695   34.695  1
  424.0  424.1  1    9.607    9.607  1   34.695   34.695  1
  426.0  426.1  1    9.595    9.595  1   34.694   34.694  1
  428.0  428.1  1    9.590    9.590  1   34.693   34.693  1
  430.0  430.1  1    9.586    9.586  1   34.692   34.692  1
  432.0  432.1  1    9.577    9.577  1   34.691   34.691  1
  434.0  434.1  1    9.534    9.534  1   34.691   34.691  1
  436.0  436.1  1    9.437    9.437  1   34.687   34.687  1
  438.0  438.1  1    9.385    9.385  1   34.683   34.683  1
  440.0  440.1  1    9.312    9.312  1   34.679   34.679  1
  442.0  442.1  1    9.282    9.282  1   34.676   34.676  1
  444.0  444.1  1    9.271    9.271  1   34.674   34.674  1
  446.0  446.1  1    9.209    9.209  1   34.672   34.672  1
  448.0  448.1  1    9.064    9.064  1   34.663   34.663  1
  450.0  450.1  1    9.035    9.035  1   34.658   34.658  1
  452.0  452.1  1    8.973    8.973  1   34.655   34.655  1
  454.0  454.1  1    8.902    8.902  1   34.650   34.650  1
  456.0  456.1  1    8.831    8.831  1   34.646   34.646  1
  458.0  458.1  1    8.687    8.687  1   34.640   34.640  1
  460.0  460.1  1    8.596    8.596  1   34.631   34.631  1
  462.0  462.1  1    8.487    8.487  1   34.624   34.624  1
  464.0  464.1  1    8.385    8.385  1   34.619   34.619  1
  466.0  466.1  1    8.334    8.334  1   34.615   34.615  1
  468.0  468.1  1    8.298    8.298  1   34.613   34.613  1
  470.0  470.1  1    8.261    8.261  1   34.612   34.612  1
  472.0  472.1  1    8.231    8.231  1   34.610   34.610  1
  474.0  474.1  1    8.210    8.210  1   34.609   34.609  1
  476.0  476.1  1    8.183    8.183  1   34.608   34.608  1
  478.0  478.1  1    8.148    8.148  1   34.606   34.606  1
  480.0  480.1  1    8.107    8.107  1   34.604   34.604  1
  482.0  482.1  1    8.076    8.076  1   34.603   34.603  1
  484.0  484.1  1    8.052    8.052  1   34.601   34.601  1
  486.0  486.1  1    8.010    8.010  1   34.601   34.601  1
  488.0  488.1  1    7.960    7.960  1   34.599   34.599  1
  490.0  490.1  1    7.927    7.927  1   34.598   34.598  1
  492.0  492.1  1    7.912    7.912  1   34.597   34.597  1
  494.0  494.1  1    7.900    7.900  1   34.597   34.597  1
  496.0  496.1  1    7.882    7.882  1   34.598   34.598  1
  498.0  498.1  1    7.864    7.864  1   34.598   34.598  1
  500.0  500.1  1    7.859    7.859  1   34.598   34.598  1
  502.0  502.1  1    7.858    7.858  1   34.597   34.597  1
  504.0  504.1  1    7.857    7.857  1   34.597   34.597  1
  506.0  506.1  1    7.857    7.857  1   34.597   34.597  1
  508.0  508.1  1    7.856    7.856  1   34.597   34.597  1
  510.0  510.1  1    7.848    7.848  1   34.596   34.596  1
  512.0  512.1  1    7.837    7.837  1   34.595   34.595  1
  514.0  514.1  1    7.820    7.820  1   34.594   34.594  1
  516.0  516.1  1    7.800    7.800  1   34.593   34.593  1
  518.0  518.1  1    7.787    7.787  1   34.592   34.592  1
  520.0  520.1  1    7.780    7.780  1   34.593   34.593  1
  522.0  522.1  1    7.778    7.778  1   34.593   34.593  1
  524.0  524.1  1    7.780    7.780  1   34.595   34.595  1
  526.0  526.1  1    7.756    7.756  1   34.596   34.596  1
  528.0  528.1  1    7.742    7.742  1   34.595   34.595  1
  530.0  530.1  1    7.733    7.733  1   34.594   34.594  1
  532.0  532.1  1    7.725    7.725  1   34.594   34.594  1
  534.0  534.1  1    7.713    7.713  1   34.593   34.593  1
  536.0  536.1  1    7.692    7.692  1   34.593   34.593  1
  538.0  538.1  1    7.662    7.662  1   34.592   34.592  1
  540.0  540.1  1    7.635    7.635  1   34.591   34.591  1
  542.0  542.1  1    7.612    7.612  1   34.590   34.590  1
  544.0  544.1  1    7.598    7.598  1   34.589   34.589  1
  546.0  546.1  1    7.592    7.592  1   34.589   34.589  1
  548.0  548.1  1    7.586    7.586  1   34.588   34.588  1
  550.0  550.1  1    7.579    7.579  1   34.588   34.588  1
  552.0  552.1  1    7.571    7.571  1   34.587   34.587  1
  554.0  554.1  1    7.541    7.541  1   34.587   34.587  1
  556.0  556.1  1    7.517    7.517  1   34.585   34.585  1
  558.0  558.1  1    7.492    7.492  1   34.584   34.584  1
  560.0  560.1  1    7.467    7.467  1   34.582   34.582  1
  562.0  562.1  1    7.448    7.448  1   34.581   34.581  1
  564.0  564.1  1    7.429    7.429  1   34.580   34.580  1
  566.0  566.1  1    7.409    7.409  1   34.579   34.579  1
  568.0  568.1  1    7.396    7.396  1   34.578   34.578  1
  570.0  570.1  1    7.383    7.383  1   34.578   34.578  1
  572.0  572.1  1    7.381    7.381  1   34.577   34.577  1
  574.0  574.1  1    7.376    7.376  1   34.577   34.577  1
  576.0  576.1  1    7.366    7.366  1   34.577   34.577  1
  578.0  578.1  1    7.360    7.360  1   34.575   34.575  1
  580.0  580.1  1    7.357    7.357  1   34.575   34.575  1
  582.0  582.1  1    7.342    7.342  1   34.575   34.575  1
  584.0  584.1  1    7.316    7.316  1   34.573   34.573  1
  586.0  586.1  1    7.292    7.292  1   34.573   34.573  1
  588.0  588.1  1    7.269    7.269  1   34.574   34.574  1
  590.0  590.1  1    7.254    7.254  1   34.576   34.576  1
  592.0  592.1  1    7.211    7.211  1   34.575   34.575  1
  594.0  594.1  1    7.189    7.189  1   34.573   34.573  1
  596.0  596.1  1    7.175    7.175  1   34.573   34.573  1
  598.0  598.1  1    7.161    7.161  1   34.571   34.571  1
  600.0  600.1  1    7.143    7.143  1   34.571   34.571  1
  602.0  602.1  1    7.121    7.121  1   34.570   34.570  1
  604.0  604.1  1    7.118    7.118  1   34.570   34.570  1
  606.0  606.1  1    7.119    7.119  1   34.571   34.571  1
  608.0  608.1  1    7.120    7.120  1   34.572   34.572  1
  610.0  610.1  1    7.111    7.111  1   34.572   34.572  1
  612.0  612.1  1    7.089    7.089  1   34.572   34.572  1
  614.0  614.1  1    7.064    7.064  1   34.571   34.571  1
  616.0  616.1  1    7.048    7.048  1   34.571   34.571  1
  618.0  618.1  1    6.981    6.981  1   34.568   34.568  1
  620.0  620.1  1    6.973    6.973  1   34.566   34.566  1
  622.0  622.1  1    6.961    6.961  1   34.565   34.565  1
  624.0  624.1  1    6.947    6.947  1   34.563   34.563  1
  626.0  626.1  1    6.925    6.925  1   34.562   34.562  1
  628.0  628.1  1    6.864    6.864  1   34.561   34.561  1
  630.0  630.1  1    6.813    6.813  1   34.561   34.561  1
  632.0  632.1  1    6.782    6.782  1   34.560   34.560  1
  634.1  634.2  1    6.747    6.747  1   34.559   34.559  1
  636.0  636.1  1    6.733    6.733  1   34.560   34.560  1
  638.0  638.1  1    6.723    6.723  1   34.559   34.559  1
  640.0  640.1  1    6.710    6.710  1   34.559   34.559  1
  642.0  642.1  1    6.700    6.700  1   34.558   34.558  1
  644.0  644.1  1    6.687    6.687  1   34.558   34.558  1
  646.0  646.1  1    6.663    6.663  1   34.557   34.557  1
  648.0  648.1  1    6.647    6.647  1   34.556   34.556  1
  650.0  650.1  1    6.620    6.620  1   34.555   34.555  1
  652.0  652.1  1    6.609    6.609  1   34.555   34.555  1
  654.0  654.1  1    6.594    6.594  1   34.555   34.555  1
  656.0  656.1  1    6.581    6.581  1   34.554   34.554  1
  658.0  658.1  1    6.574    6.574  1   34.554   34.554  1
  660.0  660.1  1    6.563    6.563  1   34.553   34.553  1
  662.0  662.1  1    6.539    6.539  1   34.553   34.553  1
  664.0  664.1  1    6.526    6.526  1   34.553   34.553  1
  666.0  666.1  1    6.512    6.512  1   34.552   34.552  1
  668.0  668.1  1    6.502    6.502  1   34.552   34.552  1
  670.0  670.1  1    6.485    6.485  1   34.552   34.552  1
  672.0  672.1  1    6.476    6.476  1   34.551   34.551  1
  674.0  674.1  1    6.470    6.470  1   34.551   34.551  1
  676.0  676.1  1    6.466    6.466  1   34.551   34.551  1
  678.0  678.1  1    6.457    6.457  1   34.550   34.550  1
  680.0  680.1  1    6.442    6.442  1   34.550   34.550  1
  682.0  682.1  1    6.425    6.425  1   34.550   34.550  1
  684.0  684.1  1    6.394    6.394  1   34.549   34.549  1
  686.0  686.1  1    6.371    6.371  1   34.548   34.548  1
  688.0  688.1  1    6.333    6.333  1   34.547   34.547  1
  690.0  690.1  1    6.306    6.306  1   34.545   34.545  1
  692.0  692.1  1    6.294    6.294  1   34.544   34.544  1
  694.0  694.1  1    6.285    6.285  1   34.543   34.543  1
  696.0  696.1  1    6.273    6.273  1   34.543   34.543  1
  698.0  698.1  1    6.252    6.252  1   34.543   34.543  1
  700.0  700.1  1    6.238    6.238  1   34.542   34.542  1
  702.0  702.1  1    6.230    6.230  1   34.542   34.542  1
  704.0  704.1  1    6.217    6.217  1   34.542   34.542  1
  706.0  706.1  1    6.193    6.193  1   34.540   34.540  1
  708.0  708.1  1    6.182    6.182  1   34.540   34.540  1
  710.0  710.1  1    6.165    6.165  1   34.539   34.539  1
  712.0  712.1  1    6.144    6.144  1   34.538   34.538  1
  714.0  714.1  1    6.128    6.128  1   34.538   34.538  1
  716.0  716.1  1    6.125    6.125  1   34.539   34.539  1
  718.0  718.1  1    6.122    6.122  1   34.540   34.540  1
  720.0  720.1  1    6.117    6.117  1   34.541   34.541  1
  722.0  722.1  1    6.106    6.106  1   34.542   34.542  1
  724.0  724.1  1    6.084    6.084  1   34.541   34.541  1
  726.0  726.1  1    6.063    6.063  1   34.540   34.540  1
  728.0  728.1  1    6.050    6.050  1   34.539   34.539  1
  730.0  730.1  1    6.032    6.032  1   34.538   34.538  1
  732.0  732.1  1    6.011    6.011  1   34.538   34.538  1
  734.0  734.1  1    5.996    5.996  1   34.537   34.537  1
  736.0  736.1  1    5.978    5.978  1   34.537   34.537  1
  738.0  738.1  1    5.975    5.975  1   34.536   34.536  1
  740.0  740.1  1    5.972    5.972  1   34.536   34.536  1
  742.0  742.1  1    5.967    5.967  1   34.535   34.535  1
  744.0  744.1  1    5.943    5.943  1   34.535   34.535  1
  746.0  746.1  1    5.927    5.927  1   34.534   34.534  1
  748.0  748.1  1    5.918    5.918  1   34.534   34.534  1
  750.0  750.1  1    5.909    5.909  1   34.535   34.535  1
  752.0  752.1  1    5.897    5.897  1   34.536   34.536  1
  754.0  754.1  1    5.886    5.886  1   34.537   34.537  1
  756.0  756.1  1    5.870    5.870  1   34.537   34.537  1
  758.0  758.1  1    5.847    5.847  1   34.537   34.537  1
  760.0  760.1  1    5.828    5.828  1   34.536   34.536  1
  762.0  762.1  1    5.816    5.816  1   34.535   34.535  1
  764.0  764.1  1    5.799    5.799  1   34.534   34.534  1
  766.0  766.1  1    5.773    5.773  1   34.534   34.534  1
  768.0  768.1  1    5.750    5.750  1   34.533   34.533  1
  770.0  770.1  1    5.737    5.737  1   34.534   34.534  1
  772.0  772.1  1    5.728    5.728  1   34.533   34.533  1
  774.0  774.1  1    5.715    5.715  1   34.533   34.533  1
  776.0  776.1  1    5.696    5.696  1   34.531   34.531  1
  778.0  778.1  1    5.688    5.688  1   34.531   34.531  1
  780.0  780.1  1    5.673    5.673  1   34.530   34.530  1
  782.0  782.1  1    5.642    5.642  1   34.530   34.530  1
  784.0  784.1  1    5.611    5.611  1   34.528   34.528  1
  786.0  786.1  1    5.587    5.587  1   34.527   34.527  1
  788.0  788.1  1    5.543    5.543  1   34.528   34.528  1
  790.0  790.1  1    5.510    5.510  1   34.527   34.527  1
  792.0  792.1  1    5.499    5.499  1   34.527   34.527  1
  794.0  794.1  1    5.492    5.492  1   34.527   34.527  1
  796.0  796.1  1    5.489    5.489  1   34.527   34.527  1
  798.0  798.1  1    5.483    5.483  1   34.527   34.527  1
  800.0  800.1  1    5.474    5.474  1   34.527   34.527  1
  802.0  802.1  1    5.456    5.456  1   34.527   34.527  1
  804.0  804.1  1    5.432    5.432  1   34.528   34.528  1
  806.0  806.1  1    5.431    5.431  1   34.530   34.530  1
  808.0  808.1  1    5.431    5.431  1   34.531   34.531  1
  810.0  810.1  1    5.431    5.431  1   34.532   34.532  1
  812.0  812.1  1    5.431    5.431  1   34.533   34.533  1
  814.0  814.1  1    5.433    5.433  1   34.534   34.534  1
  816.0  816.1  1    5.432    5.432  1   34.535   34.535  1
  818.0  818.1  1    5.436    5.436  1   34.536   34.536  1
  820.0  820.1  1    5.439    5.439  1   34.537   34.537  1
  822.0  822.1  1    5.441    5.441  1   34.538   34.538  1
  824.0  824.1  1    5.444    5.444  1   34.538   34.538  1
  826.0  826.1  1    5.444    5.444  1   34.539   34.539  1
  828.0  828.1  1    5.441    5.441  1   34.539   34.539  1
  830.0  830.1  1    5.438    5.438  1   34.539   34.539  1
  832.0  832.1  1    5.432    5.432  1   34.539   34.539  1
  834.0  834.1  1    5.421    5.421  1   34.539   34.539  1
  836.0  836.1  1    5.413    5.413  1   34.538   34.538  1
  838.0  838.1  1    5.407    5.407  1   34.538   34.538  1
  840.0  840.1  1    5.397    5.397  1   34.537   34.537  1
  842.0  842.1  1    5.392    5.392  1   34.537   34.537  1
  844.0  844.1  1    5.370    5.370  1   34.536   34.536  1
  846.0  846.1  1    5.343    5.343  1   34.535   34.535  1
  848.0  848.1  1    5.319    5.319  1   34.535   34.535  1
  850.0  850.1  1    5.311    5.311  1   34.535   34.535  1
  852.0  852.1  1    5.310    5.310  1   34.535   34.535  1
  854.0  854.1  1    5.303    5.303  1   34.535   34.535  1
  856.0  856.1  1    5.295    5.295  1   34.535   34.535  1
  858.0  858.1  1    5.287    5.287  1   34.535   34.535  1
  860.0  860.1  1    5.268    5.268  1   34.535   34.535  1
  862.0  862.1  1    5.258    5.258  1   34.534   34.534  1
  864.0  864.1  1    5.254    5.254  1   34.534   34.534  1
  866.0  866.1  1    5.245    5.245  1   34.536   34.536  1
  868.0  868.1  1    5.238    5.238  1   34.536   34.536  1
  870.0  870.1  1    5.226    5.226  1   34.537   34.537  1
  872.0  872.1  1    5.216    5.216  1   34.537   34.537  1
  874.0  874.1  1    5.207    5.207  1   34.537   34.537  1
  876.0  876.1  1    5.204    5.204  1   34.537   34.537  1
  878.0  878.1  1    5.200    5.200  1   34.537   34.537  1
  880.0  880.1  1    5.195    5.195  1   34.536   34.536  1
  882.0  882.1  1    5.181    5.181  1   34.535   34.535  1
  884.0  884.1  1    5.160    5.160  1   34.534   34.534  1
  886.0  886.1  1    5.159    5.159  1   34.534   34.534  1
  888.0  888.1  1    5.157    5.157  1   34.534   34.534  1
  890.0  890.1  1    5.144    5.144  1   34.534   34.534  1
  892.0  892.1  1    5.128    5.128  1   34.534   34.534  1
  894.0  894.1  1    5.109    5.109  1   34.534   34.534  1
  896.0  896.1  1    5.080    5.080  1   34.534   34.534  1
  898.0  898.1  1    5.053    5.053  1   34.535   34.535  1
  900.0  900.1  1    5.047    5.047  1   34.535   34.535  1
  902.0  902.1  1    5.045    5.045  1   34.535   34.535  1
  904.0  904.1  1    5.042    5.042  1   34.535   34.535  1
  906.0  906.1  1    5.037    5.037  1   34.535   34.535  1
  908.0  908.1  1    5.034    5.034  1   34.535   34.535  1
  910.0  910.1  1    5.029    5.029  1   34.536   34.536  1
  912.0  912.1  1    5.020    5.020  1   34.536   34.536  1
  914.0  914.1  1    5.006    5.006  1   34.537   34.537  1
  916.0  916.1  1    5.000    5.000  1   34.537   34.537  1
  918.0  918.1  1    4.997    4.997  1   34.537   34.537  1
  920.0  920.1  1    4.996    4.996  1   34.537   34.537  1
  922.0  922.1  1    4.992    4.992  1   34.537   34.537  1
  924.0  924.1  1    4.978    4.978  1   34.538   34.538  1
  926.0  926.1  1    4.966    4.966  1   34.538   34.538  1
  928.0  928.1  1    4.957    4.957  1   34.538   34.538  1
  930.0  930.1  1    4.952    4.952  1   34.538   34.538  1
  932.0  932.1  1    4.951    4.951  1   34.538   34.538  1
  934.0  934.1  1    4.948    4.948  1   34.538   34.538  1
  936.0  936.1  1    4.944    4.944  1   34.538   34.538  1
  938.0  938.1  1    4.941    4.941  1   34.538   34.538  1
  940.0  940.1  1    4.938    4.938  1   34.538   34.538  1
  942.0  942.1  1    4.931    4.931  1   34.538   34.538  1
  944.0  944.1  1    4.930    4.930  1   34.538   34.538  1
  946.0  946.1  1    4.929    4.929  1   34.538   34.538  1
  948.0  948.1  1    4.924    4.924  1   34.539   34.539  1
  950.0  950.1  1    4.924    4.924  1   34.539   34.539  1
  952.0  952.1  1    4.922    4.922  1   34.539   34.539  1
  954.0  954.1  1    4.917    4.917  1   34.538   34.538  1
  956.0  956.1  1    4.917    4.917  1   34.538   34.538  1
  958.0  958.1  1    4.912    4.912  1   34.538   34.538  1
  960.0  960.1  1    4.911    4.911  1   34.538   34.538  1
  962.0  962.1  1    4.900    4.900  1   34.539   34.539  1
  964.0  964.1  1    4.898    4.898  1   34.540   34.540  1
  966.0  966.1  1    4.894    4.894  1   34.540   34.540  1
  968.0  968.1  1    4.882    4.882  1   34.540   34.540  1
  970.0  970.1  1    4.871    4.871  1   34.540   34.540  1
  972.0  972.1  1    4.853    4.853  1   34.539   34.539  1
  974.0  974.1  1    4.843    4.843  1   34.539   34.539  1
  976.0  976.1  1    4.777    4.777  1   34.542   34.542  1
  978.0  978.1  1    4.725    4.725  1   34.541   34.541  1
  980.0  980.1  1    4.721    4.721  1   34.542   34.542  1
  982.0  982.1  1    4.720    4.720  1   34.541   34.541  1
  984.0  984.1  1    4.709    4.709  1   34.541   34.541  1
  986.0  986.1  1    4.701    4.701  1   34.541   34.541  1
  988.0  988.1  1    4.695    4.695  1   34.540   34.540  1
  990.0  990.1  1    4.692    4.692  1   34.540   34.540  1
  992.0  992.1  1    4.675    4.675  1   34.541   34.541  1
  994.0  994.1  1    4.639    4.639  1   34.543   34.543  1
  996.0  996.1  1    4.625    4.625  1   34.543   34.543  1
  998.0  998.1  1    4.614    4.614  1   34.544   34.544  1
 1000.0 1000.1  1    4.607    4.607  1   34.544   34.544  1
 1002.0 1002.1  1    4.598    4.598  1   34.544   34.544  1
 1004.0 1004.1  1    4.587    4.587  1   34.544   34.544  1
 1006.0 1006.1  1    4.583    4.583  1   34.544   34.544  1
 1008.0 1008.1  1    4.578    4.578  1   34.544   34.544  1
 1010.0 1010.1  1    4.564    4.564  1   34.545   34.545  1
 1012.0 1012.1  1    4.548    4.548  1   34.545   34.545  1
 1014.0 1014.1  1    4.547    4.547  1   34.545   34.545  1
 1016.0 1016.1  1    4.546    4.546  1   34.546   34.546  1
 1018.0 1018.1  1    4.546    4.546  1   34.546   34.546  1
 1020.0 1020.1  1    4.545    4.545  1   34.546   34.546  1
 1022.0 1022.1  1    4.544    4.544  1   34.546   34.546  1
 1024.0 1024.1  1    4.542    4.542  1   34.546   34.546  1
 1026.0 1026.1  1    4.538    4.538  1   34.547   34.547  1
 1028.0 1028.1  1    4.529    4.529  1   34.548   34.548  1
 1030.0 1030.1  1    4.516    4.516  1   34.548   34.548  1
 1032.0 1032.1  1    4.499    4.499  1   34.547   34.547  1
 1034.0 1034.1  1    4.483    4.483  1   34.548   34.548  1
 1036.0 1036.1  1    4.464    4.464  1   34.549   34.549  1
 1038.0 1038.1  1    4.461    4.461  1   34.549   34.549  1
 1040.0 1040.1  1    4.457    4.457  1   34.549   34.549  1
 1042.0 1042.1  1    4.455    4.455  1   34.549   34.549  1
 1044.0 1044.1  1    4.440    4.440  1   34.549   34.549  1
 1046.0 1046.1  1    4.429    4.429  1   34.549   34.549  1
 1048.0 1048.1  1    4.417    4.417  1   34.549   34.549  1
 1050.0 1050.1  1    4.400    4.400  1   34.549   34.549  1
 1052.0 1052.1  1    4.391    4.391  1   34.550   34.550  1
 1054.0 1054.1  1    4.386    4.386  1   34.551   34.551  1
 1056.0 1056.1  1    4.383    4.383  1   34.551   34.551  1
 1058.0 1058.1  1    4.381    4.381  1   34.551   34.551  1
 1060.0 1060.1  1    4.379    4.379  1   34.551   34.551  1
 1062.0 1062.1  1    4.376    4.376  1   34.550   34.550  1
 1064.0 1064.1  1    4.365    4.365  1   34.551   34.551  1
 1066.0 1066.1  1    4.361    4.361  1   34.553   34.553  1
 1068.0 1068.1  1    4.354    4.354  1   34.555   34.555  1
 1070.0 1070.1  1    4.340    4.340  1   34.555   34.555  1
 1072.0 1072.1  1    4.334    4.334  1   34.555   34.555  1
 1074.0 1074.1  1    4.324    4.324  1   34.556   34.556  1
 1076.0 1076.1  1    4.314    4.314  1   34.557   34.557  1
 1078.0 1078.1  1    4.308    4.308  1   34.557   34.557  1
 1080.0 1080.1  1    4.303    4.303  1   34.557   34.557  1
 1082.0 1082.1  1    4.294    4.294  1   34.557   34.557  1
 1084.0 1084.1  1    4.284    4.284  1   34.558   34.558  1
 1086.0 1086.1  1    4.278    4.278  1   34.558   34.558  1
 1088.0 1088.1  1    4.276    4.276  1   34.557   34.557  1
 1090.0 1090.1  1    4.267    4.267  1   34.557   34.557  1
 1092.0 1092.1  1    4.255    4.255  1   34.558   34.558  1
 1094.0 1094.1  1    4.241    4.241  1   34.558   34.558  1
 1096.0 1096.1  1    4.217    4.217  1   34.559   34.559  1
 1098.0 1098.1  1    4.211    4.211  1   34.558   34.558  1
 1100.0 1100.1  1    4.210    4.210  1   34.558   34.558  1
 1102.0 1102.1  1    4.208    4.208  1   34.558   34.558  1
 1104.0 1104.1  1    4.207    4.207  1   34.558   34.558  1
 1106.0 1106.1  1    4.206    4.206  1   34.558   34.558  1
 1108.0 1108.1  1    4.205    4.205  1   34.558   34.558  1
 1110.0 1110.1  1    4.205    4.205  1   34.558   34.558  1
 1112.0 1112.1  1    4.201    4.201  1   34.558   34.558  1
 1114.0 1114.1  1    4.195    4.195  1   34.558   34.558  1
 1116.0 1116.1  1    4.189    4.189  1   34.558   34.558  1
 1118.0 1118.1  1    4.182    4.182  1   34.559   34.559  1
 1120.0 1120.1  1    4.180    4.180  1   34.559   34.559  1
 1122.0 1122.1  1    4.184    4.184  1   34.560   34.560  1
 1124.0 1124.1  1    4.186    4.186  1   34.561   34.561  1
 1126.0 1126.1  1    4.183    4.183  1   34.561   34.561  1
 1128.0 1128.1  1    4.175    4.175  1   34.560   34.560  1
 1130.0 1130.1  1    4.160    4.160  1   34.560   34.560  1
 1132.0 1132.1  1    4.143    4.143  1   34.561   34.561  1
 1134.0 1134.1  1    4.135    4.135  1   34.562   34.562  1
 1136.0 1136.1  1    4.134    4.134  1   34.562   34.562  1
 1138.0 1138.1  1    4.134    4.134  1   34.562   34.562  1
 1140.0 1140.1  1    4.134    4.134  1   34.562   34.562  1
 1142.0 1142.1  1    4.133    4.133  1   34.561   34.561  1
 1144.0 1144.1  1    4.132    4.132  1   34.562   34.562  1
 1146.0 1146.1  1    4.125    4.125  1   34.562   34.562  1
 1148.0 1148.1  1    4.113    4.113  1   34.562   34.562  1
 1150.0 1150.1  1    4.106    4.106  1   34.562   34.562  1
 1152.0 1152.1  1    4.096    4.096  1   34.563   34.563  1
 1154.0 1154.1  1    4.091    4.091  1   34.562   34.562  1
 1156.0 1156.1  1    4.082    4.082  1   34.563   34.563  1
 1158.0 1158.1  1    4.076    4.076  1   34.563   34.563  1
 1160.0 1160.1  1    4.073    4.073  1   34.563   34.563  1
 1162.0 1162.1  1    4.073    4.073  1   34.563   34.563  1
 1164.0 1164.1  1    4.071    4.071  1   34.564   34.564  1
 1166.0 1166.1  1    4.069    4.069  1   34.563   34.563  1
 1168.0 1168.1  1    4.065    4.065  1   34.564   34.564  1
 1170.0 1170.1  1    4.060    4.060  1   34.564   34.564  1
 1172.0 1172.1  1    4.057    4.057  1   34.564   34.564  1
 1174.0 1174.1  1    4.055    4.055  1   34.564   34.564  1
 1176.0 1176.1  1    4.050    4.050  1   34.564   34.564  1
 1178.0 1178.1  1    4.047    4.047  1   34.564   34.564  1
 1180.0 1180.1  1    4.047    4.047  1   34.564   34.564  1
 1182.0 1182.1  1    4.044    4.044  1   34.564   34.564  1
 1184.0 1184.1  1    4.039    4.039  1   34.565   34.565  1
 1186.0 1186.1  1    4.035    4.035  1   34.565   34.565  1
 1188.0 1188.1  1    4.035    4.035  1   34.565   34.565  1
 1190.0 1190.1  1    4.033    4.033  1   34.565   34.565  1
 1192.0 1192.1  1    4.031    4.031  1   34.565   34.565  1
 1194.0 1194.1  1    4.023    4.023  1   34.565   34.565  1
 1196.0 1196.1  1    4.017    4.017  1   34.566   34.566  1
 1198.0 1198.1  1    4.017    4.017  1   34.566   34.566  1
 1200.0 1200.1  1    4.016    4.016  1   34.566   34.566  1
 1202.0 1202.1  1    4.014    4.014  1   34.566   34.566  1
 1204.0 1204.1  1    4.012    4.012  1   34.566   34.566  1
 1206.0 1206.1  1    4.010    4.010  1   34.566   34.566  1
 1208.0 1208.1  1    4.009    4.009  1   34.566   34.566  1
 1210.0 1210.1  1    4.008    4.008  1   34.566   34.566  1
 1212.0 1212.1  1    4.001    4.001  1   34.566   34.566  1
 1214.0 1214.1  1    3.999    3.999  1   34.566   34.566  1
 1216.0 1216.1  1    3.997    3.997  1   34.566   34.566  1
 1218.0 1218.1  1    3.994    3.994  1   34.566   34.566  1
 1220.0 1220.1  1    3.977    3.977  1   34.567   34.567  1
 1221.9 1222.0  1    3.969    3.969  1   34.568   34.568  1
 1224.0 1224.1  1    3.962    3.962  1   34.568   34.568  1
 1226.0 1226.1  1    3.956    3.956  1   34.568   34.568  1
 1228.0 1228.1  1    3.953    3.953  1   34.568   34.568  1
 1230.0 1230.1  1    3.948    3.948  1   34.568   34.568  1
 1232.0 1232.1  1    3.944    3.944  1   34.568   34.568  1
 1234.0 1234.1  1    3.939    3.939  1   34.568   34.568  1
 1236.0 1236.1  1    3.935    3.935  1   34.568   34.568  1
 1238.0 1238.1  1    3.931    3.931  1   34.568   34.568  1
 1240.0 1240.1  1    3.928    3.928  1   34.568   34.568  1
 1242.0 1242.1  1    3.920    3.920  1   34.568   34.568  1
 1244.0 1244.1  1    3.910    3.910  1   34.568   34.568  1
 1246.0 1246.1  1    3.904    3.904  1   34.567   34.567  1
 1248.0 1248.1  1    3.898    3.898  1   34.568   34.568  1
 1250.0 1250.1  1    3.894    3.894  1   34.567   34.567  1
 1252.0 1252.1  1    3.895    3.895  1   34.568   34.568  1
 1254.0 1254.1  1    3.896    3.896  1   34.568   34.568  1
 1256.0 1256.1  1    3.891    3.891  1   34.568   34.568  1
 1258.0 1258.1  1    3.888    3.888  1   34.568   34.568  1
 1260.0 1260.1  1    3.886    3.886  1   34.568   34.568  1
 1262.0 1262.1  1    3.885    3.885  1   34.568   34.568  1
 1264.0 1264.1  1    3.879    3.879  1   34.569   34.569  1
 1266.0 1266.1  1    3.864    3.864  1   34.569   34.569  1
 1268.0 1268.1  1    3.855    3.855  1   34.569   34.569  1
 1270.0 1270.1  1    3.852    3.852  1   34.569   34.569  1
 1272.0 1272.1  1    3.842    3.842  1   34.569   34.569  1
 1274.0 1274.1  1    3.831    3.831  1   34.569   34.569  1
 1276.0 1276.1  1    3.820    3.820  1   34.569   34.569  1
 1278.0 1278.1  1    3.810    3.810  1   34.569   34.569  1
 1280.0 1280.1  1    3.804    3.804  1   34.568   34.568  1
 1282.0 1282.1  1    3.796    3.796  1   34.569   34.569  1
 1284.0 1284.1  1    3.783    3.783  1   34.569   34.569  1
 1286.0 1286.1  1    3.777    3.777  1   34.569   34.569  1
 1288.0 1288.1  1    3.775    3.775  1   34.569   34.569  1
 1290.0 1290.1  1    3.772    3.772  1   34.569   34.569  1
 1292.0 1292.1  1    3.768    3.768  1   34.569   34.569  1
 1294.0 1294.1  1    3.763    3.763  1   34.569   34.569  1
 1296.0 1296.1  1    3.760    3.760  1   34.569   34.569  1
 1298.0 1298.1  1    3.758    3.758  1   34.569   34.569  1
 1300.0 1300.1  1    3.756    3.756  1   34.569   34.569  1
 1302.0 1302.1  1    3.752    3.752  1   34.570   34.570  1
 1304.0 1304.1  1    3.746    3.746  1   34.570   34.570  1
 1306.0 1306.1  1    3.743    3.743  1   34.570   34.570  1
 1308.0 1308.1  1    3.741    3.741  1   34.570   34.570  1
 1310.0 1310.1  1    3.739    3.739  1   34.570   34.570  1
 1312.0 1312.1  1    3.737    3.737  1   34.570   34.570  1
 1314.0 1314.1  1    3.734    3.734  1   34.570   34.570  1
 1316.0 1316.1  1    3.729    3.729  1   34.570   34.570  1
 1318.0 1318.1  1    3.724    3.724  1   34.570   34.570  1
 1320.0 1320.1  1    3.712    3.712  1   34.572   34.572  1
 1322.0 1322.1  1    3.675    3.675  1   34.573   34.573  1
 1324.0 1324.1  1    3.666    3.666  1   34.573   34.573  1
 1326.0 1326.1  1    3.663    3.663  1   34.573   34.573  1
 1328.0 1328.1  1    3.661    3.661  1   34.573   34.573  1
 1330.0 1330.1  1    3.654    3.654  1   34.574   34.574  1
 1332.0 1332.1  1    3.650    3.650  1   34.574   34.574  1
 1334.0 1334.1  1    3.646    3.646  1   34.574   34.574  1
 1336.0 1336.1  1    3.642    3.642  1   34.574   34.574  1
 1338.0 1338.1  1    3.639    3.639  1   34.574   34.574  1
 1339.9 1340.0  1    3.634    3.634  1   34.574   34.574  1
 1341.9 1342.0  1    3.627    3.627  1   34.575   34.575  1
 1344.0 1344.1  1    3.613    3.613  1   34.575   34.575  1
 1346.0 1346.1  1    3.599    3.599  1   34.576   34.576  1
 1348.0 1348.1  1    3.592    3.592  1   34.576   34.576  1
 1350.0 1350.1  1    3.591    3.591  1   34.576   34.576  1
 1352.0 1352.1  1    3.581    3.581  1   34.577   34.577  1
 1354.0 1354.1  1    3.570    3.570  1   34.577   34.577  1
 1356.0 1356.1  1    3.568    3.568  1   34.577   34.577  1
 1358.0 1358.1  1    3.566    3.566  1   34.577   34.577  1
 1360.0 1360.1  1    3.559    3.559  1   34.577   34.577  1
 1362.0 1362.1  1    3.551    3.551  1   34.578   34.578  1
 1364.0 1364.1  1    3.535    3.535  1   34.580   34.580  1
 1366.0 1366.1  1    3.527    3.527  1   34.580   34.580  1
 1368.0 1368.1  1    3.519    3.519  1   34.581   34.581  1
 1370.0 1370.1  1    3.512    3.512  1   34.580   34.580  1
 1372.0 1372.1  1    3.511    3.511  1   34.580   34.580  1
 1374.0 1374.1  1    3.506    3.506  1   34.580   34.580  1
 1376.0 1376.1  1    3.502    3.502  1   34.579   34.579  1
 1378.0 1378.1  1    3.501    3.501  1   34.579   34.579  1
 1380.0 1380.1  1    3.502    3.502  1   34.580   34.580  1
 1382.0 1382.1  1    3.502    3.502  1   34.580   34.580  1
 1384.0 1384.1  1    3.497    3.497  1   34.581   34.581  1
 1386.0 1386.1  1    3.489    3.489  1   34.582   34.582  1
 1388.0 1388.1  1    3.487    3.487  1   34.583   34.583  1
 1390.0 1390.1  1    3.474    3.474  1   34.584   34.584  1
 1392.0 1392.1  1    3.471    3.471  1   34.584   34.584  1
 1394.0 1394.1  1    3.464    3.464  1   34.584   34.584  1
 1396.0 1396.1  1    3.459    3.459  1   34.584   34.584  1
 1398.0 1398.1  1    3.456    3.456  1   34.584   34.584  1
 1400.0 1400.1  1    3.452    3.452  1   34.584   34.584  1
 1402.0 1402.1  1    3.449    3.449  1   34.585   34.585  1
 1404.0 1404.1  1    3.445    3.445  1   34.585   34.585  1
 1406.0 1406.1  1    3.444    3.444  1   34.585   34.585  1
 1407.9 1408.0  1    3.442    3.442  1   34.585   34.585  1
 1410.0 1410.1  1    3.432    3.432  1   34.586   34.586  1
 1412.0 1412.1  1    3.414    3.414  1   34.587   34.587  1
 1414.0 1414.1  1    3.410    3.410  1   34.587   34.587  1
 1416.0 1416.1  1    3.409    3.409  1   34.587   34.587  1
 1418.0 1418.1  1    3.407    3.407  1   34.587   34.587  1
 1420.0 1420.1  1    3.394    3.394  1   34.588   34.588  1
 1422.0 1422.1  1    3.388    3.388  1   34.588   34.588  1
 1424.0 1424.1  1    3.387    3.387  1   34.588   34.588  1
 1426.0 1426.1  1    3.385    3.385  1   34.588   34.588  1
 1428.0 1428.1  1    3.381    3.381  1   34.588   34.588  1
 1430.0 1430.1  1    3.362    3.362  1   34.587   34.587  1
 1432.0 1432.1  1    3.354    3.354  1   34.587   34.587  1
 1434.0 1434.1  1    3.339    3.339  1   34.587   34.587  1
 1436.0 1436.1  1    3.332    3.332  1   34.588   34.588  1
 1438.0 1438.1  1    3.317    3.317  1   34.588   34.588  1
 1440.0 1440.1  1    3.309    3.309  1   34.589   34.589  1
 1442.0 1442.1  1    3.303    3.303  1   34.589   34.589  1
 1444.0 1444.1  1    3.301    3.301  1   34.589   34.589  1
 1446.0 1446.1  1    3.299    3.299  1   34.589   34.589  1
 1448.0 1448.1  1    3.299    3.299  1   34.589   34.589  1
 1450.0 1450.1  1    3.298    3.298  1   34.589   34.589  1
 1452.0 1452.1  1    3.297    3.297  1   34.589   34.589  1
 1454.0 1454.1  1    3.297    3.297  1   34.589   34.589  1
 1456.0 1456.1  1    3.297    3.297  1   34.589   34.589  1
 1458.0 1458.1  1    3.297    3.297  1   34.589   34.589  1
 1460.0 1460.1  1    3.296    3.296  1   34.589   34.589  1
 1462.0 1462.1  1    3.295    3.295  1   34.589   34.589  1
 1464.0 1464.1  1    3.294    3.294  1   34.589   34.589  1
 1466.0 1466.1  1    3.294    3.294  1   34.589   34.589  1
 1468.0 1468.1  1    3.292    3.292  1   34.588   34.588  1
 1470.0 1470.1  1    3.288    3.288  1   34.588   34.588  1
 1472.0 1472.1  1    3.284    3.284  1   34.588   34.588  1
 1474.0 1474.1  1    3.270    3.270  1   34.588   34.588  1
 1476.0 1476.1  1    3.237    3.237  1   34.589   34.589  1
 1478.0 1478.1  1    3.217    3.217  1   34.590   34.590  1
 1480.0 1480.1  1    3.197    3.197  1   34.591   34.591  1
 1482.0 1482.1  1    3.187    3.187  1   34.592   34.592  1
 1484.0 1484.1  1    3.182    3.182  1   34.592   34.592  1
 1486.0 1486.1  1    3.176    3.176  1   34.592   34.592  1
 1488.0 1488.1  1    3.165    3.165  1   34.593   34.593  1
 1490.0 1490.1  1    3.147    3.147  1   34.593   34.593  1
 1492.0 1492.1  1    3.140    3.140  1   34.593   34.593  1
 1494.0 1494.1  1    3.123    3.123  1   34.594   34.594  1
 1496.0 1496.1  1    3.093    3.093  1   34.594   34.594  1
 1498.0 1498.1  1    3.079    3.079  1   34.594   34.594  1
 1500.0 1500.1  1    3.064    3.064  1   34.595   34.595  1
 1502.0 1502.1  1    3.053    3.053  1   34.596   34.596  1
 1504.0 1504.1  1    3.048    3.048  1   34.597   34.597  1
 1506.0 1506.1  1    3.039    3.039  1   34.598   34.598  1
 1508.0 1508.1  1    3.034    3.034  1   34.598   34.598  1
 1510.0 1510.1  1    3.029    3.029  1   34.598   34.598  1
 1512.0 1512.1  1    3.013    3.013  1   34.598   34.598  1
 1514.0 1514.1  1    3.003    3.003  1   34.598   34.598  1
 1516.0 1516.1  1    2.999    2.999  1   34.599   34.599  1
 1518.0 1518.1  1    2.990    2.990  1   34.599   34.599  1
 1520.0 1520.1  1    2.982    2.982  1   34.599   34.599  1
 1522.0 1522.1  1    2.982    2.982  1   34.600   34.600  1
 1524.0 1524.1  1    2.981    2.981  1   34.600   34.600  1
 1526.0 1526.1  1    2.977    2.977  1   34.600   34.600  1
 1528.0 1528.1  1    2.970    2.970  1   34.600   34.600  1
 1530.0 1530.1  1    2.968    2.968  1   34.600   34.600  1
 1532.0 1532.1  1    2.966    2.966  1   34.600   34.600  1
 1534.0 1534.1  1    2.964    2.964  1   34.600   34.600  1
 1536.0 1536.1  1    2.957    2.957  1   34.601   34.601  1
 1538.0 1538.1  1    2.953    2.953  1   34.601   34.601  1
 1540.0 1540.1  1    2.951    2.951  1   34.601   34.601  1
 1542.0 1542.1  1    2.948    2.948  1   34.601   34.601  1
 1544.0 1544.1  1    2.944    2.944  1   34.601   34.601  1
 1546.0 1546.1  1    2.942    2.942  1   34.601   34.601  1
 1548.0 1548.1  1    2.941    2.941  1   34.601   34.601  1
 1550.0 1550.1  1    2.941    2.941  1   34.601   34.601  1
 1552.0 1552.1  1    2.941    2.941  1   34.601   34.601  1
 1554.0 1554.1  1    2.939    2.939  1   34.601   34.601  1
 1556.0 1556.1  1    2.938    2.938  1   34.601   34.601  1
 1558.0 1558.1  1    2.931    2.931  1   34.602   34.602  1
 1560.0 1560.1  1    2.922    2.922  1   34.603   34.603  1
 1562.0 1562.1  1    2.917    2.917  1   34.603   34.603  1
 1564.0 1564.1  1    2.909    2.909  1   34.603   34.603  1
 1566.0 1566.1  1    2.899    2.899  1   34.603   34.603  1
 1568.0 1568.1  1    2.885    2.885  1   34.603   34.603  1
 1570.0 1570.1  1    2.878    2.878  1   34.604   34.604  1
 1572.0 1572.1  1    2.875    2.875  1   34.605   34.605  1
 1574.0 1574.1  1    2.874    2.874  1   34.605   34.605  1
 1576.0 1576.1  1    2.872    2.872  1   34.606   34.606  1
 1578.0 1578.1  1    2.868    2.868  1   34.606   34.606  1
 1580.0 1580.1  1    2.860    2.860  1   34.606   34.606  1
 1582.0 1582.1  1    2.853    2.853  1   34.606   34.606  1
 1584.0 1584.1  1    2.841    2.841  1   34.606   34.606  1
 1586.0 1586.1  1    2.835    2.835  1   34.606   34.606  1
 1588.0 1588.1  1    2.833    2.833  1   34.606   34.606  1
 1590.0 1590.1  1    2.832    2.832  1   34.606   34.606  1
 1592.0 1592.1  1    2.830    2.830  1   34.607   34.607  1
 1594.0 1594.1  1    2.825    2.825  1   34.607   34.607  1
 1596.0 1596.1  1    2.824    2.824  1   34.607   34.607  1
 1598.0 1598.1  1    2.819    2.819  1   34.608   34.608  1
 1600.0 1600.1  1    2.813    2.813  1   34.608   34.608  1
 1602.0 1602.1  1    2.811    2.811  1   34.608   34.608  1
 1604.0 1604.1  1    2.808    2.808  1   34.609   34.609  1
 1606.0 1606.1  1    2.802    2.802  1   34.609   34.609  1
 1608.0 1608.1  1    2.798    2.798  1   34.609   34.609  1
 1610.0 1610.1  1    2.796    2.796  1   34.609   34.609  1
 1612.0 1612.1  1    2.793    2.793  1   34.609   34.609  1
 1614.0 1614.1  1    2.791    2.791  1   34.609   34.609  1
 1616.0 1616.1  1    2.785    2.785  1   34.610   34.610  1
 1618.0 1618.1  1    2.782    2.782  1   34.610   34.610  1
 1620.0 1620.1  1    2.782    2.782  1   34.610   34.610  1
 1622.0 1622.1  1    2.781    2.781  1   34.610   34.610  1
 1624.0 1624.1  1    2.779    2.779  1   34.610   34.610  1
 1626.0 1626.1  1    2.778    2.778  1   34.610   34.610  1
 1628.0 1628.1  1    2.777    2.777  1   34.611   34.611  1
 1630.0 1630.1  1    2.777    2.777  1   34.611   34.611  1
 1632.0 1632.1  1    2.777    2.777  1   34.611   34.611  1
 1634.0 1634.1  1    2.775    2.775  1   34.612   34.612  1
 1636.0 1636.1  1    2.774    2.774  1   34.612   34.612  1
 1638.0 1638.1  1    2.771    2.771  1   34.612   34.612  1
 1640.0 1640.1  1    2.771    2.771  1   34.612   34.612  1
 1642.0 1642.1  1    2.770    2.770  1   34.612   34.612  1
 1644.0 1644.1  1    2.770    2.770  1   34.612   34.612  1
 1646.0 1646.1  1    2.770    2.770  1   34.612   34.612  1
 1648.0 1648.1  1    2.769    2.769  1   34.612   34.612  1
 1650.0 1650.1  1    2.768    2.768  1   34.612   34.612  1
 1652.0 1652.1  1    2.767    2.767  1   34.612   34.612  1
 1654.0 1654.1  1    2.766    2.766  1   34.612   34.612  1
 1656.0 1656.1  1    2.766    2.766  1   34.611   34.611  1
 1658.0 1658.1  1    2.765    2.765  1   34.612   34.612  1
 1660.0 1660.1  1    2.762    2.762  1   34.612   34.612  1
 1662.0 1662.1  1    2.758    2.758  1   34.612   34.612  1
 1664.0 1664.1  1    2.752    2.752  1   34.613   34.613  1
 1666.0 1666.1  1    2.745    2.745  1   34.613   34.613  1
 1668.0 1668.1  1    2.736    2.736  1   34.614   34.614  1
 1670.0 1670.1  1    2.728    2.728  1   34.614   34.614  1
 1672.0 1672.1  1    2.717    2.717  1   34.615   34.615  1
 1674.0 1674.1  1    2.711    2.711  1   34.615   34.615  1
 1676.0 1676.1  1    2.708    2.708  1   34.615   34.615  1
 1678.0 1678.1  1    2.707    2.707  1   34.615   34.615  1
 1680.0 1680.1  1    2.704    2.704  1   34.615   34.615  1
 1682.0 1682.1  1    2.700    2.700  1   34.615   34.615  1
 1684.0 1684.1  1    2.700    2.700  1   34.615   34.615  1
 1686.0 1686.1  1    2.699    2.699  1   34.615   34.615  1
 1688.0 1688.1  1    2.698    2.698  1   34.615   34.615  1
 1690.0 1690.1  1    2.698    2.698  1   34.615   34.615  1
 1692.0 1692.1  1    2.697    2.697  1   34.615   34.615  1
 1694.0 1694.1  1    2.696    2.696  1   34.615   34.615  1
 1696.0 1696.1  1    2.695    2.695  1   34.615   34.615  1
 1698.0 1698.1  1    2.690    2.690  1   34.615   34.615  1
 1700.0 1700.1  1    2.684    2.684  1   34.616   34.616  1
 1702.0 1702.1  1    2.682    2.682  1   34.616   34.616  1
 1704.0 1704.1  1    2.678    2.678  1   34.616   34.616  1
 1706.0 1706.1  1    2.676    2.676  1   34.616   34.616  1
 1708.0 1708.1  1    2.675    2.675  1   34.616   34.616  1
 1710.0 1710.1  1    2.675    2.675  1   34.616   34.616  1
 1712.0 1712.1  1    2.675    2.675  1   34.616   34.616  1
 1714.0 1714.1  1    2.675    2.675  1   34.616   34.616  1
 1716.0 1716.1  1    2.675    2.675  1   34.616   34.616  1
 1718.0 1718.1  1    2.676    2.676  1   34.617   34.617  1
 1720.0 1720.1  1    2.676    2.676  1   34.616   34.616  1
 1722.0 1722.1  1    2.676    2.676  1   34.617   34.617  1
 1724.0 1724.1  1    2.675    2.675  1   34.617   34.617  1
 1726.0 1726.1  1    2.671    2.671  1   34.617   34.617  1
 1728.0 1728.1  1    2.669    2.669  1   34.617   34.617  1
 1730.0 1730.1  1    2.667    2.667  1   34.617   34.617  1
 1732.0 1732.1  1    2.666    2.666  1   34.617   34.617  1
 1734.0 1734.1  1    2.665    2.665  1   34.617   34.617  1
 1736.0 1736.1  1    2.663    2.663  1   34.617   34.617  1
 1738.0 1738.1  1    2.663    2.663  1   34.617   34.617  1
 1740.0 1740.1  1    2.662    2.662  1   34.617   34.617  1
 1742.0 1742.1  1    2.662    2.662  1   34.617   34.617  1
 1744.0 1744.1  1    2.661    2.661  1   34.617   34.617  1
 1746.0 1746.1  1    2.660    2.660  1   34.617   34.617  1
 1748.0 1748.1  1    2.658    2.658  1   34.617   34.617  1
 1750.0 1750.1  1    2.655    2.655  1   34.618   34.618  1
 1752.0 1752.1  1    2.647    2.647  1   34.618   34.618  1
 1754.0 1754.1  1    2.646    2.646  1   34.618   34.618  1
 1756.0 1756.1  1    2.645    2.645  1   34.618   34.618  1
 1758.0 1758.1  1    2.646    2.646  1   34.618   34.618  1
 1760.0 1760.1  1    2.645    2.645  1   34.618   34.618  1
 1762.0 1762.1  1    2.645    2.645  1   34.618   34.618  1
 1764.0 1764.1  1    2.645    2.645  1   34.618   34.618  1
 1766.0 1766.1  1    2.635    2.635  1   34.618   34.618  1
 1768.0 1768.1  1    2.627    2.627  1   34.619   34.619  1
 1770.0 1770.1  1    2.624    2.624  1   34.619   34.619  1
 1772.0 1772.1  1    2.614    2.614  1   34.619   34.619  1
 1774.0 1774.1  1    2.612    2.612  1   34.619   34.619  1
 1776.0 1776.1  1    2.611    2.611  1   34.619   34.619  1
 1778.0 1778.1  1    2.610    2.610  1   34.619   34.619  1
 1780.0 1780.1  1    2.610    2.610  1   34.619   34.619  1
 1782.0 1782.1  1    2.609    2.609  1   34.619   34.619  1
 1784.0 1784.1  1    2.608    2.608  1   34.620   34.620  1
 1786.0 1786.1  1    2.608    2.608  1   34.620   34.620  1
 1788.0 1788.1  1    2.607    2.607  1   34.620   34.620  1
 1790.0 1790.1  1    2.606    2.606  1   34.619   34.619  1
 1792.0 1792.1  1    2.603    2.603  1   34.620   34.620  1
 1794.0 1794.1  1    2.599    2.599  1   34.620   34.620  1
 1796.0 1796.1  1    2.596    2.596  1   34.620   34.620  1
 1798.0 1798.1  1    2.590    2.590  1   34.620   34.620  1
 1800.0 1800.1  1    2.580    2.580  1   34.621   34.621  1
 1802.0 1802.1  1    2.571    2.571  1   34.621   34.621  1
 1804.0 1804.1  1    2.570    2.570  1   34.621   34.621  1
 1806.0 1806.1  1    2.569    2.569  1   34.621   34.621  1
 1808.0 1808.1  1    2.567    2.567  1   34.621   34.621  1
 1810.0 1810.1  1    2.565    2.565  1   34.621   34.621  1
 1812.0 1812.1  1    2.563    2.563  1   34.621   34.621  1
 1814.0 1814.1  1    2.561    2.561  1   34.621   34.621  1
 1816.0 1816.1  1    2.550    2.550  1   34.622   34.622  1
 1818.0 1818.1  1    2.545    2.545  1   34.622   34.622  1
 1820.0 1820.1  1    2.542    2.542  1   34.622   34.622  1
 1822.0 1822.1  1    2.537    2.537  1   34.623   34.623  1
 1824.0 1824.1  1    2.528    2.528  1   34.623   34.623  1
 1826.0 1826.1  1    2.523    2.523  1   34.623   34.623  1
 1828.0 1828.1  1    2.517    2.517  1   34.623   34.623  1
 1830.0 1830.1  1    2.504    2.504  1   34.624   34.624  1
 1832.0 1832.1  1    2.496    2.496  1   34.625   34.625  1
 1833.9 1834.0  1    2.487    2.487  1   34.625   34.625  1
 1836.0 1836.1  1    2.485    2.485  1   34.625   34.625  1
 1838.0 1838.1  1    2.480    2.480  1   34.625   34.625  1
 1840.0 1840.1  1    2.474    2.474  1   34.625   34.625  1
 1842.0 1842.1  1    2.469    2.469  1   34.625   34.625  1
 1844.0 1844.1  1    2.459    2.459  1   34.626   34.626  1
 1846.0 1846.1  1    2.455    2.455  1   34.626   34.626  1
 1848.0 1848.1  1    2.455    2.455  1   34.626   34.626  1
 1850.0 1850.1  1    2.455    2.455  1   34.626   34.626  1
 1852.0 1852.1  1    2.455    2.455  1   34.626   34.626  1
 1854.0 1854.1  1    2.455    2.455  1   34.626   34.626  1
 1856.0 1856.1  1    2.455    2.455  1   34.626   34.626  1
 1858.0 1858.1  1    2.452    2.452  1   34.626   34.626  1
 1860.0 1860.1  1    2.450    2.450  1   34.627   34.627  1
 1862.0 1862.1  1    2.446    2.446  1   34.627   34.627  1
 1864.0 1864.1  1    2.443    2.443  1   34.627   34.627  1
 1866.0 1866.1  1    2.439    2.439  1   34.628   34.628  1
 1868.0 1868.1  1    2.439    2.439  1   34.628   34.628  1
 1870.0 1870.1  1    2.439    2.439  1   34.628   34.628  1
 1872.0 1872.1  1    2.439    2.439  1   34.628   34.628  1
 1874.0 1874.1  1    2.439    2.439  1   34.628   34.628  1
 1876.0 1876.1  1    2.439    2.439  1   34.628   34.628  1
 1878.0 1878.1  1    2.439    2.439  1   34.628   34.628  1
 1880.0 1880.1  1    2.439    2.439  1   34.628   34.628  1
 1882.0 1882.1  1    2.439    2.439  1   34.628   34.628  1
 1884.0 1884.1  1    2.438    2.438  1   34.628   34.628  1
 1886.0 1886.1  1    2.438    2.438  1   34.628   34.628  1
 1888.0 1888.1  1    2.438    2.438  1   34.628   34.628  1
 1890.0 1890.1  1    2.438    2.438  1   34.628   34.628  1
 1892.0 1892.1  1    2.439    2.439  1   34.628   34.628  1
 1894.0 1894.1  1    2.439    2.439  1   34.628   34.628  1
 1896.0 1896.1  1    2.439    2.439  1   34.628   34.628  1
 1898.0 1898.1  1    2.438    2.438  1   34.628   34.628  1
 1900.1 1900.2  1    2.438    2.438  1   34.628   34.628  1
 1902.0 1902.1  1    2.438    2.438  1   34.628   34.628  1
 1904.0 1904.1  1    2.438    2.438  1   34.628   34.628  1
 1906.0 1906.1  1    2.437    2.437  1   34.628   34.628  1
 1908.0 1908.1  1    2.436    2.436  1   34.628   34.628  1
 1910.0 1910.1  1    2.436    2.436  1   34.628   34.628  1
 1912.0 1912.1  1    2.436    2.436  1   34.628   34.628  1
 1914.0 1914.1  1    2.436    2.436  1   34.628   34.628  1
 1916.0 1916.1  1    2.436    2.436  1   34.628   34.628  1
 1918.0 1918.1  1    2.435    2.435  1   34.628   34.628  1
 1920.0 1920.1  1    2.435    2.435  1   34.628   34.628  1
 1922.0 1922.1  1    2.435    2.435  1   34.628   34.628  1
 1924.0 1924.1  1    2.435    2.435  1   34.628   34.628  1
 1926.0 1926.1  1    2.435    2.435  1   34.628   34.628  1
 1928.0 1928.1  1    2.435    2.435  1   34.628   34.628  1
 1930.0 1930.1  1    2.435    2.435  1   34.628   34.628  1
 1932.0 1932.1  1    2.435    2.435  1   34.628   34.628  1
 1934.0 1934.1  1    2.435    2.435  1   34.628   34.628  1
 1936.0 1936.1  1    2.431    2.431  1   34.628   34.628  1
 1938.0 1938.1  1    2.429    2.429  1   34.628   34.628  1
 1940.0 1940.1  1    2.427    2.427  1   34.629   34.629  1
 1942.0 1942.1  1    2.421    2.421  1   34.629   34.629  1
 1944.0 1944.1  1    2.417    2.417  1   34.629   34.629  1
 1946.0 1946.1  1    2.415    2.415  1   34.629   34.629  1
 1948.0 1948.1  1    2.410    2.410  1   34.630   34.630  1
 1950.0 1950.1  1    2.401    2.401  1   34.630   34.630  1
 1952.0 1952.1  1    2.398    2.398  1   34.630   34.630  1
 1954.0 1954.1  1    2.396    2.396  1   34.630   34.630  1
 1956.0 1956.1  1    2.391    2.391  1   34.631   34.631  1
 1958.0 1958.1  1    2.382    2.382  1   34.632   34.632  1
 1960.0 1960.1  1    2.377    2.377  1   34.632   34.632  1
 1962.0 1962.1  1    2.370    2.370  1   34.632   34.632  1
 1964.0 1964.1  1    2.358    2.358  1   34.633   34.633  1
 1966.0 1966.1  1    2.350    2.350  1   34.633   34.633  1
 1968.0 1968.1  1    2.348    2.348  1   34.633   34.633  1
 1970.0 1970.1  1    2.345    2.345  1   34.633   34.633  1
 1972.0 1972.1  1    2.344    2.344  1   34.633   34.633  1
 1974.0 1974.1  1    2.341    2.341  1   34.634   34.634  1
 1976.0 1976.1  1    2.341    2.341  1   34.634   34.634  1
 1978.0 1978.1  1    2.340    2.340  1   34.634   34.634  1
 1980.0 1980.1  1    2.337    2.337  1   34.634   34.634  1
 1982.0 1982.1  1    2.332    2.332  1   34.634   34.634  1
 1984.0 1984.1  1    2.329    2.329  1   34.634   34.634  1
 1986.0 1986.1  1    2.324    2.324  1   34.635   34.635  1
 1988.0 1988.1  1    2.321    2.321  1   34.635   34.635  1
 1990.0 1990.1  1    2.315    2.315  1   34.635   34.635  1
 1992.0 1992.1  1    2.315    2.315  1   34.635   34.635  1
 1994.0 1994.1  1    2.314    2.314  1   34.635   34.635  1
 1996.0 1996.1  1    2.313    2.313  1   34.635   34.635  1
 1998.0 1998.1  1    2.312    2.312  1   34.635   34.635  1
 2000.0 2000.1  1    2.311    2.311  1   34.635   34.635  1
 2002.0 2002.1  1    2.310    2.310  1   34.635   34.635  1
 2004.1 2004.2  1    2.309    2.309  1   34.635   34.635  1
 2005.6 2005.7  1    2.307    2.307  1   34.636   34.636  1
