*SoftWare Version 3.0  2018/12/27

*HEADER
     PLATFORM NUMBER       :5905170
     CYCLE NUMBER          :115
     DATE CREATION         :20191208143106
     DATE UPDATE           :20191208164102
     PROJECT NAME          :Argo Australia
     PI NAME               :Susan Wijffels
     INSTRUMENT TYPE       :NAVIS_EBR
     FLOAT SERIAL NO       :703
     FIRMWARE VERSION      :102115
     WMO INSTRUMENT TYPE   :869
     TRANSMISSION SYSTEM   :IRIDIUM
     POSITIONING SYSTEM    :GPS
     SAMPLE DIRECTION      :A(A=Ascend; D=Descend)
     DATA MODE             :A(R=Real Time; D=Delayed Mode; A=Real Time Adjusted)
     JULIAN DAY            :25543.6049 (days since 1950-01-01 00:00:00 UTC)
     DATE                  :2019-12-08
     QC FLAG FOR DATE      :1
*LOCATION
     LATITUDE              :-42.160 
     LONGITUDE             :113.847 
     QC FLAG FOR LOCATION  :1
*FILE
     COLUMN 1              :Pressure (dbar)                             F7.1
     COLUMN 2              :Corrected Pressure (dbar)                   F7.1
     COLUMN 3              :Quality on Pressure                         I3
     COLUMN 4              :Temperature (degree_Celsius)                F9.3
     COLUMN 5              :Corrected Temperature (degree_Celsius)      F9.3
     COLUMN 6              :Quality on Temperature                      I3
     COLUMN 7              :Salinity (PSU)                              F9.3
     COLUMN 8              :Corrected Salinity (PSU)                    F9.3
     COLUMN 9              :Quality on Salinity                         I3
==========================================================================
    2.6    3.4  1   12.185   12.185  1   34.767   34.767  1
    4.0    4.8  1   12.186   12.186  1   34.767   34.767  1
    6.0    6.8  1   12.186   12.186  1   34.767   34.767  1
    8.0    8.8  1   12.186   12.186  1   34.767   34.767  1
   10.0   10.8  1   12.187   12.187  1   34.767   34.767  1
   12.0   12.8  1   12.186   12.186  1   34.767   34.767  1
   14.0   14.8  1   12.184   12.184  1   34.768   34.768  1
   16.0   16.8  1   12.183   12.183  1   34.768   34.768  1
   18.0   18.8  1   12.181   12.181  1   34.768   34.768  1
   20.0   20.8  1   12.167   12.167  1   34.767   34.767  1
   22.0   22.8  1   12.161   12.161  1   34.767   34.767  1
   24.0   24.8  1   12.130   12.130  1   34.768   34.768  1
   26.0   26.8  1   12.110   12.110  1   34.766   34.766  1
   27.9   28.7  1   12.092   12.092  1   34.766   34.766  1
   30.0   30.8  1   12.017   12.017  1   34.763   34.763  1
   31.9   32.7  1   11.940   11.940  1   34.759   34.759  1
   34.0   34.8  1   11.861   11.861  1   34.751   34.751  1
   35.9   36.7  1   11.679   11.679  1   34.740   34.740  1
   37.9   38.7  1   11.463   11.463  1   34.718   34.718  1
   40.0   40.8  1   11.402   11.402  1   34.707   34.707  1
   42.0   42.8  1   11.303   11.303  1   34.696   34.696  1
   44.0   44.8  1   11.015   11.015  1   34.678   34.678  1
   46.0   46.8  1   10.807   10.807  1   34.656   34.656  1
   48.0   48.8  1   10.752   10.752  1   34.652   34.652  1
   50.0   50.8  1   10.731   10.731  1   34.651   34.651  1
   52.0   52.8  1   10.715   10.715  1   34.652   34.652  1
   54.0   54.8  1   10.702   10.702  1   34.652   34.652  1
   56.0   56.8  1   10.689   10.689  1   34.652   34.652  1
   58.0   58.8  1   10.682   10.682  1   34.652   34.652  1
   59.9   60.7  1   10.675   10.675  1   34.652   34.652  1
   62.0   62.8  1   10.670   10.670  1   34.654   34.654  1
   64.0   64.8  1   10.667   10.667  1   34.655   34.655  1
   66.1   66.9  1   10.661   10.661  1   34.657   34.657  1
   68.0   68.8  1   10.658   10.658  1   34.657   34.657  1
   70.0   70.8  1   10.632   10.632  1   34.657   34.657  1
   72.0   72.8  1   10.614   10.614  1   34.656   34.656  1
   74.0   74.8  1   10.611   10.611  1   34.656   34.656  1
   76.0   76.8  1   10.602   10.602  1   34.656   34.656  1
   78.0   78.8  1   10.579   10.579  1   34.657   34.657  1
   80.0   80.8  1   10.535   10.535  1   34.662   34.662  1
   82.0   82.8  1   10.467   10.467  1   34.671   34.671  1
   84.0   84.8  1   10.385   10.385  1   34.670   34.670  1
   86.0   86.8  1   10.356   10.356  1   34.669   34.669  1
   88.0   88.8  1   10.238   10.238  1   34.673   34.673  1
   90.0   90.8  1   10.165   10.165  1   34.671   34.671  1
   91.9   92.7  1   10.069   10.069  1   34.663   34.663  1
   94.0   94.8  1    9.929    9.929  1   34.653   34.653  1
   96.0   96.8  1    9.873    9.873  1   34.645   34.645  1
   98.0   98.8  1    9.859    9.859  1   34.645   34.645  1
   99.9  100.7  1    9.863    9.863  1   34.651   34.651  1
  101.9  102.7  1    9.857    9.857  1   34.652   34.652  1
  104.0  104.8  1    9.841    9.841  1   34.650   34.650  1
  106.0  106.8  1    9.840    9.840  1   34.650   34.650  1
  107.9  108.7  1    9.856    9.856  1   34.654   34.654  1
  109.9  110.7  1    9.874    9.874  1   34.660   34.660  1
  112.0  112.8  1    9.877    9.877  1   34.661   34.661  1
  114.0  114.8  1    9.876    9.876  1   34.661   34.661  1
  115.9  116.7  1    9.844    9.844  1   34.657   34.657  1
  118.0  118.8  1    9.831    9.831  1   34.653   34.653  1
  120.0  120.8  1    9.817    9.817  1   34.651   34.651  1
  122.0  122.8  1    9.808    9.808  1   34.649   34.649  1
  124.1  124.9  1    9.806    9.806  1   34.649   34.649  1
  126.1  126.9  1    9.806    9.806  1   34.649   34.649  1
  128.0  128.8  1    9.804    9.804  1   34.649   34.649  1
  130.0  130.8  1    9.798    9.798  1   34.648   34.648  1
  132.0  132.8  1    9.797    9.797  1   34.648   34.648  1
  134.0  134.8  1    9.798    9.798  1   34.648   34.648  1
  136.0  136.8  1    9.804    9.804  1   34.649   34.649  1
  138.0  138.8  1    9.808    9.808  1   34.651   34.651  1
  140.0  140.8  1    9.807    9.807  1   34.651   34.651  1
  142.0  142.8  1    9.806    9.806  1   34.650   34.650  1
  144.0  144.8  1    9.803    9.803  1   34.650   34.650  1
  146.0  146.8  1    9.798    9.798  1   34.649   34.649  1
  148.0  148.8  1    9.798    9.798  1   34.649   34.649  1
  150.0  150.8  1    9.812    9.812  1   34.652   34.652  1
  151.9  152.7  1    9.811    9.811  1   34.653   34.653  1
  154.0  154.8  1    9.779    9.779  1   34.647   34.647  1
  156.0  156.8  1    9.771    9.771  1   34.645   34.645  1
  158.0  158.8  1    9.757    9.757  1   34.642   34.642  1
  160.0  160.8  1    9.758    9.758  1   34.643   34.643  1
  162.0  162.8  1    9.758    9.758  1   34.643   34.643  1
  164.0  164.8  1    9.756    9.756  1   34.643   34.643  1
  166.0  166.8  1    9.750    9.750  1   34.642   34.642  1
  168.0  168.8  1    9.749    9.749  1   34.641   34.641  1
  170.1  170.9  1    9.757    9.757  1   34.643   34.643  1
  172.0  172.8  1    9.766    9.766  1   34.646   34.646  1
  174.0  174.8  1    9.766    9.766  1   34.646   34.646  1
  176.0  176.8  1    9.765    9.765  1   34.646   34.646  1
  178.0  178.8  1    9.765    9.765  1   34.646   34.646  1
  180.0  180.8  1    9.770    9.770  1   34.648   34.648  1
  182.0  182.8  1    9.774    9.774  1   34.649   34.649  1
  184.0  184.8  1    9.777    9.777  1   34.650   34.650  1
  186.1  186.9  1    9.788    9.788  1   34.653   34.653  1
  188.1  188.9  1    9.801    9.801  1   34.658   34.658  1
  190.0  190.8  1    9.801    9.801  1   34.660   34.660  1
  192.0  192.8  1    9.802    9.802  1   34.661   34.661  1
  194.0  194.8  1    9.818    9.818  1   34.665   34.665  1
  196.0  196.8  1    9.836    9.836  1   34.672   34.672  1
  198.0  198.8  1    9.843    9.843  1   34.674   34.674  1
  200.0  200.8  1    9.857    9.857  1   34.680   34.680  1
  202.0  202.8  1    9.863    9.863  1   34.683   34.683  1
  204.0  204.8  1    9.865    9.865  1   34.685   34.685  1
  206.0  206.8  1    9.863    9.863  1   34.685   34.685  1
  208.0  208.8  1    9.854    9.854  1   34.685   34.685  1
  210.1  210.9  1    9.849    9.849  1   34.683   34.683  1
  212.0  212.8  1    9.843    9.843  1   34.683   34.683  1
  213.9  214.7  1    9.832    9.832  1   34.682   34.682  1
  216.0  216.8  1    9.815    9.815  1   34.681   34.681  1
  218.1  218.9  1    9.802    9.802  1   34.679   34.679  1
  220.0  220.8  1    9.793    9.793  1   34.680   34.680  1
  222.0  222.8  1    9.789    9.789  1   34.680   34.680  1
  224.0  224.8  1    9.793    9.793  1   34.681   34.681  1
  226.0  226.8  1    9.801    9.801  1   34.685   34.685  1
  228.0  228.8  1    9.796    9.796  1   34.686   34.686  1
  229.9  230.7  1    9.793    9.793  1   34.686   34.686  1
  232.0  232.8  1    9.781    9.781  1   34.685   34.685  1
  234.1  234.9  1    9.774    9.774  1   34.684   34.684  1
  236.1  236.9  1    9.772    9.772  1   34.685   34.685  1
  238.1  238.9  1    9.767    9.767  1   34.686   34.686  1
  240.0  240.8  1    9.749    9.749  1   34.684   34.684  1
  242.0  242.8  1    9.738    9.738  1   34.684   34.684  1
  244.0  244.8  1    9.735    9.735  1   34.683   34.683  1
  246.0  246.8  1    9.733    9.733  1   34.684   34.684  1
  248.0  248.8  1    9.724    9.724  1   34.683   34.683  1
  250.0  250.8  1    9.713    9.713  1   34.682   34.682  1
  251.9  252.7  1    9.710    9.710  1   34.681   34.681  1
  254.0  254.8  1    9.713    9.713  1   34.682   34.682  1
  256.0  256.8  1    9.715    9.715  1   34.683   34.683  1
  258.0  258.8  1    9.718    9.718  1   34.684   34.684  1
  260.0  260.8  1    9.720    9.720  1   34.686   34.686  1
  261.9  262.7  1    9.723    9.723  1   34.687   34.687  1
  263.9  264.7  1    9.725    9.725  1   34.687   34.687  1
  266.0  266.8  1    9.728    9.728  1   34.688   34.688  1
  268.1  268.9  1    9.734    9.734  1   34.690   34.690  1
  270.1  270.9  1    9.737    9.737  1   34.691   34.691  1
  272.1  272.9  1    9.744    9.744  1   34.693   34.693  1
  274.0  274.8  1    9.748    9.748  1   34.694   34.694  1
  275.9  276.7  1    9.748    9.748  1   34.695   34.695  1
  277.9  278.7  1    9.741    9.741  1   34.695   34.695  1
  279.9  280.7  1    9.742    9.742  1   34.695   34.695  1
  282.0  282.8  1    9.746    9.746  1   34.696   34.696  1
  283.9  284.7  1    9.745    9.745  1   34.696   34.696  1
  286.0  286.8  1    9.747    9.747  1   34.697   34.697  1
  288.0  288.8  1    9.750    9.750  1   34.698   34.698  1
  290.0  290.8  1    9.752    9.752  1   34.699   34.699  1
  292.0  292.8  1    9.754    9.754  1   34.700   34.700  1
  294.0  294.8  1    9.754    9.754  1   34.700   34.700  1
  296.0  296.8  1    9.758    9.758  1   34.702   34.702  1
  298.0  298.8  1    9.759    9.759  1   34.702   34.702  1
  300.1  300.9  1    9.760    9.760  1   34.703   34.703  1
  302.0  302.8  1    9.762    9.762  1   34.704   34.704  1
  304.0  304.8  1    9.766    9.766  1   34.705   34.705  1
  306.0  306.8  1    9.774    9.774  1   34.708   34.708  1
  308.0  308.8  1    9.779    9.779  1   34.710   34.710  1
  310.0  310.8  1    9.780    9.780  1   34.710   34.710  1
  312.0  312.8  1    9.784    9.784  1   34.711   34.711  1
  314.0  314.8  1    9.787    9.787  1   34.712   34.712  1
  316.0  316.8  1    9.790    9.790  1   34.713   34.713  1
  318.1  318.9  1    9.793    9.793  1   34.715   34.715  1
  320.1  320.9  1    9.796    9.796  1   34.715   34.715  1
  322.0  322.8  1    9.800    9.800  1   34.717   34.717  1
  324.0  324.8  1    9.801    9.801  1   34.718   34.718  1
  326.0  326.8  1    9.806    9.806  1   34.719   34.719  1
  328.0  328.8  1    9.815    9.815  1   34.722   34.722  1
  330.0  330.8  1    9.818    9.818  1   34.723   34.723  1
  332.1  332.9  1    9.818    9.818  1   34.724   34.724  1
  334.0  334.8  1    9.822    9.822  1   34.725   34.725  1
  336.0  336.8  1    9.824    9.824  1   34.726   34.726  1
  338.0  338.8  1    9.827    9.827  1   34.727   34.727  1
  340.0  340.8  1    9.830    9.830  1   34.728   34.728  1
  342.0  342.8  1    9.832    9.832  1   34.729   34.729  1
  344.0  344.8  1    9.835    9.835  1   34.730   34.730  1
  346.0  346.8  1    9.837    9.837  1   34.731   34.731  1
  348.0  348.8  1    9.837    9.837  1   34.731   34.731  1
  350.0  350.8  1    9.839    9.839  1   34.732   34.732  1
  352.0  352.8  1    9.839    9.839  1   34.732   34.732  1
  354.0  354.8  1    9.839    9.839  1   34.733   34.733  1
  356.0  356.8  1    9.837    9.837  1   34.733   34.733  1
  358.0  358.8  1    9.834    9.834  1   34.733   34.733  1
  360.0  360.8  1    9.835    9.835  1   34.734   34.734  1
  362.0  362.8  1    9.831    9.831  1   34.734   34.734  1
  364.0  364.8  1    9.828    9.828  1   34.734   34.734  1
  366.0  366.8  1    9.826    9.826  1   34.734   34.734  1
  368.0  368.8  1    9.826    9.826  1   34.734   34.734  1
  370.0  370.8  1    9.825    9.825  1   34.734   34.734  1
  372.1  372.9  1    9.824    9.824  1   34.734   34.734  1
  374.0  374.8  1    9.821    9.821  1   34.734   34.734  1
  375.9  376.7  1    9.818    9.818  1   34.734   34.734  1
  378.0  378.8  1    9.817    9.817  1   34.734   34.734  1
  380.0  380.8  1    9.815    9.815  1   34.734   34.734  1
  382.1  382.9  1    9.810    9.810  1   34.734   34.734  1
  384.1  384.9  1    9.806    9.806  1   34.733   34.733  1
  386.0  386.8  1    9.802    9.802  1   34.732   34.732  1
  388.0  388.8  1    9.800    9.800  1   34.732   34.732  1
  390.0  390.8  1    9.799    9.799  1   34.732   34.732  1
  392.0  392.8  1    9.795    9.795  1   34.731   34.731  1
  394.0  394.8  1    9.789    9.789  1   34.731   34.731  1
  396.1  396.9  1    9.781    9.781  1   34.730   34.730  1
  398.0  398.8  1    9.780    9.780  1   34.730   34.730  1
  399.9  400.7  1    9.774    9.774  1   34.729   34.729  1
  402.0  402.8  1    9.774    9.774  1   34.730   34.730  1
  404.0  404.8  1    9.767    9.767  1   34.729   34.729  1
  405.9  406.7  1    9.763    9.763  1   34.729   34.729  1
  407.9  408.7  1    9.755    9.755  1   34.728   34.728  1
  410.0  410.8  1    9.746    9.746  1   34.726   34.726  1
  412.0  412.8  1    9.736    9.736  1   34.725   34.725  1
  414.0  414.8  1    9.730    9.730  1   34.724   34.724  1
  416.0  416.8  1    9.723    9.723  1   34.723   34.723  1
  417.9  418.7  1    9.723    9.723  1   34.723   34.723  1
  419.9  420.7  1    9.725    9.725  1   34.724   34.724  1
  422.0  422.8  1    9.724    9.724  1   34.724   34.724  1
  424.0  424.8  1    9.721    9.721  1   34.724   34.724  1
  426.0  426.8  1    9.717    9.717  1   34.723   34.723  1
  428.0  428.8  1    9.711    9.711  1   34.723   34.723  1
  430.0  430.8  1    9.702    9.702  1   34.721   34.721  1
  431.9  432.7  1    9.698    9.698  1   34.720   34.720  1
  434.0  434.8  1    9.693    9.693  1   34.720   34.720  1
  436.1  436.9  1    9.688    9.688  1   34.719   34.719  1
  438.0  438.8  1    9.684    9.684  1   34.719   34.719  1
  440.0  440.8  1    9.679    9.679  1   34.718   34.718  1
  442.0  442.8  1    9.674    9.674  1   34.717   34.717  1
  444.0  444.8  1    9.670    9.670  1   34.717   34.717  1
  446.0  446.8  1    9.666    9.666  1   34.716   34.716  1
  448.0  448.8  1    9.664    9.664  1   34.716   34.716  1
  450.0  450.8  1    9.660    9.660  1   34.715   34.715  1
  452.0  452.8  1    9.648    9.648  1   34.714   34.714  1
  454.0  454.8  1    9.637    9.637  1   34.713   34.713  1
  456.0  456.8  1    9.632    9.632  1   34.712   34.712  1
  458.0  458.8  1    9.627    9.627  1   34.711   34.711  1
  460.0  460.8  1    9.619    9.619  1   34.710   34.710  1
  462.0  462.8  1    9.613    9.613  1   34.709   34.709  1
  464.0  464.8  1    9.608    9.608  1   34.709   34.709  1
  466.0  466.8  1    9.604    9.604  1   34.708   34.708  1
  468.0  468.8  1    9.602    9.602  1   34.708   34.708  1
  470.0  470.8  1    9.599    9.599  1   34.707   34.707  1
  472.0  472.8  1    9.598    9.598  1   34.707   34.707  1
  474.0  474.8  1    9.591    9.591  1   34.706   34.706  1
  476.0  476.8  1    9.581    9.581  1   34.705   34.705  1
  478.0  478.8  1    9.577    9.577  1   34.704   34.704  1
  480.0  480.8  1    9.567    9.567  1   34.703   34.703  1
  482.0  482.8  1    9.558    9.558  1   34.702   34.702  1
  484.0  484.8  1    9.552    9.552  1   34.701   34.701  1
  486.0  486.8  1    9.543    9.543  1   34.700   34.700  1
  488.0  488.8  1    9.535    9.535  1   34.699   34.699  1
  489.9  490.7  1    9.527    9.527  1   34.698   34.698  1
  491.9  492.7  1    9.515    9.515  1   34.696   34.696  1
  493.9  494.7  1    9.508    9.508  1   34.695   34.695  1
  496.0  496.8  1    9.502    9.502  1   34.695   34.695  1
  498.0  498.8  1    9.495    9.495  1   34.694   34.694  1
  500.0  500.8  1    9.492    9.492  1   34.694   34.694  1
  502.0  502.8  1    9.486    9.486  1   34.693   34.693  1
  504.0  504.8  1    9.480    9.480  1   34.693   34.693  1
  506.0  506.8  1    9.474    9.474  1   34.692   34.692  1
  508.0  508.8  1    9.462    9.462  1   34.690   34.690  1
  509.9  510.7  1    9.459    9.459  1   34.690   34.690  1
  511.9  512.7  1    9.454    9.454  1   34.689   34.689  1
  514.0  514.8  1    9.452    9.452  1   34.689   34.689  1
  516.0  516.8  1    9.444    9.444  1   34.688   34.688  1
  518.0  518.8  1    9.436    9.436  1   34.687   34.687  1
  520.0  520.8  1    9.425    9.425  1   34.685   34.685  1
  522.0  522.8  1    9.421    9.421  1   34.685   34.685  1
  524.1  524.9  1    9.420    9.420  1   34.685   34.685  1
  526.1  526.9  1    9.417    9.417  1   34.685   34.685  1
  528.0  528.8  1    9.414    9.414  1   34.684   34.684  1
  530.0  530.8  1    9.413    9.413  1   34.684   34.684  1
  532.0  532.8  1    9.407    9.407  1   34.683   34.683  1
  534.0  534.8  1    9.396    9.396  1   34.682   34.682  1
  536.0  536.8  1    9.390    9.390  1   34.681   34.681  1
  538.0  538.8  1    9.384    9.384  1   34.680   34.680  1
  540.0  540.8  1    9.381    9.381  1   34.680   34.680  1
  542.0  542.8  1    9.378    9.378  1   34.679   34.679  1
  544.0  544.8  1    9.369    9.369  1   34.678   34.678  1
  546.0  546.8  1    9.361    9.361  1   34.677   34.677  1
  548.0  548.8  1    9.353    9.353  1   34.676   34.676  1
  550.0  550.8  1    9.344    9.344  1   34.675   34.675  1
  552.0  552.8  1    9.334    9.334  1   34.674   34.674  1
  554.1  554.9  1    9.328    9.328  1   34.673   34.673  1
  556.0  556.8  1    9.318    9.318  1   34.673   34.673  1
  558.0  558.8  1    9.309    9.309  1   34.672   34.672  1
  560.0  560.8  1    9.301    9.301  1   34.671   34.671  1
  561.9  562.7  1    9.295    9.295  1   34.670   34.670  1
  563.9  564.7  1    9.293    9.293  1   34.670   34.670  1
  566.0  566.8  1    9.287    9.287  1   34.670   34.670  1
  568.0  568.8  1    9.280    9.280  1   34.669   34.669  1
  570.0  570.8  1    9.279    9.279  1   34.669   34.669  1
  572.0  572.8  1    9.274    9.274  1   34.669   34.669  1
  574.0  574.8  1    9.267    9.267  1   34.668   34.668  1
  576.0  576.8  1    9.258    9.258  1   34.667   34.667  1
  578.0  578.8  1    9.251    9.251  1   34.667   34.667  1
  580.1  580.9  1    9.247    9.247  1   34.666   34.666  1
  582.1  582.9  1    9.235    9.235  1   34.665   34.665  1
  584.0  584.8  1    9.228    9.228  1   34.664   34.664  1
  586.0  586.8  1    9.221    9.221  1   34.664   34.664  1
  588.0  588.8  1    9.214    9.214  1   34.663   34.663  1
  590.0  590.8  1    9.204    9.204  1   34.662   34.662  1
  592.0  592.8  1    9.191    9.191  1   34.660   34.660  1
  593.9  594.7  1    9.181    9.181  1   34.659   34.659  1
  596.0  596.8  1    9.171    9.171  1   34.658   34.658  1
  598.0  598.8  1    9.156    9.156  1   34.656   34.656  1
  600.0  600.8  1    9.150    9.150  1   34.655   34.655  1
  602.0  602.8  1    9.138    9.138  1   34.653   34.653  1
  604.0  604.8  1    9.130    9.130  1   34.652   34.652  1
  605.9  606.7  1    9.127    9.127  1   34.651   34.651  1
  607.9  608.7  1    9.121    9.121  1   34.650   34.650  1
  610.0  610.8  1    9.105    9.105  1   34.648   34.648  1
  612.0  612.8  1    9.094    9.094  1   34.646   34.646  1
  613.9  614.7  1    9.072    9.072  1   34.644   34.644  1
  616.0  616.8  1    9.058    9.058  1   34.642   34.642  1
  618.0  618.8  1    9.047    9.047  1   34.640   34.640  1
  620.0  620.8  1    9.040    9.040  1   34.639   34.639  1
  622.0  622.8  1    9.032    9.032  1   34.638   34.638  1
  624.0  624.8  1    9.022    9.022  1   34.636   34.636  1
  626.0  626.8  1    9.015    9.015  1   34.635   34.635  1
  627.9  628.7  1    9.004    9.004  1   34.634   34.634  1
  629.9  630.7  1    8.986    8.986  1   34.632   34.632  1
  632.0  632.8  1    8.968    8.968  1   34.630   34.630  1
  634.0  634.8  1    8.961    8.961  1   34.629   34.629  1
  636.0  636.8  1    8.965    8.965  1   34.630   34.630  1
  638.0  638.8  1    8.967    8.967  1   34.632   34.632  1
  640.0  640.8  1    8.958    8.958  1   34.631   34.631  1
  642.0  642.8  1    8.922    8.922  1   34.627   34.627  1
  644.0  644.8  1    8.937    8.937  1   34.629   34.629  1
  646.0  646.8  1    8.937    8.937  1   34.632   34.632  1
  648.0  648.8  1    8.937    8.937  1   34.633   34.633  1
  650.0  650.8  1    8.923    8.923  1   34.631   34.631  1
  652.0  652.8  1    8.896    8.896  1   34.626   34.626  1
  654.0  654.8  1    8.897    8.897  1   34.627   34.627  1
  655.9  656.7  1    8.881    8.881  1   34.625   34.625  1
  658.0  658.8  1    8.872    8.872  1   34.624   34.624  1
  660.1  660.9  1    8.866    8.866  1   34.623   34.623  1
  662.0  662.8  1    8.856    8.856  1   34.623   34.623  1
  664.0  664.8  1    8.848    8.848  1   34.622   34.622  1
  666.0  666.8  1    8.830    8.830  1   34.620   34.620  1
  668.0  668.8  1    8.817    8.817  1   34.618   34.618  1
  670.0  670.8  1    8.806    8.806  1   34.617   34.617  1
  672.0  672.8  1    8.803    8.803  1   34.616   34.616  1
  674.0  674.8  1    8.788    8.788  1   34.614   34.614  1
  675.9  676.7  1    8.776    8.776  1   34.613   34.613  1
  677.9  678.7  1    8.766    8.766  1   34.612   34.612  1
  680.0  680.8  1    8.763    8.763  1   34.611   34.611  1
  682.0  682.8  1    8.758    8.758  1   34.611   34.611  1
  684.0  684.8  1    8.743    8.743  1   34.609   34.609  1
  686.0  686.8  1    8.729    8.729  1   34.607   34.607  1
  688.0  688.8  1    8.725    8.725  1   34.607   34.607  1
  690.0  690.8  1    8.722    8.722  1   34.606   34.606  1
  692.0  692.8  1    8.702    8.702  1   34.604   34.604  1
  694.1  694.9  1    8.677    8.677  1   34.599   34.599  1
  696.1  696.9  1    8.654    8.654  1   34.596   34.596  1
  698.0  698.8  1    8.644    8.644  1   34.595   34.595  1
  700.0  700.8  1    8.623    8.623  1   34.593   34.593  1
  702.0  702.8  1    8.615    8.615  1   34.592   34.592  1
  704.0  704.8  1    8.607    8.607  1   34.592   34.592  1
  706.0  706.8  1    8.577    8.577  1   34.589   34.589  1
  708.0  708.8  1    8.551    8.551  1   34.587   34.587  1
  710.1  710.9  1    8.530    8.530  1   34.584   34.584  1
  712.0  712.8  1    8.504    8.504  1   34.581   34.581  1
  714.0  714.8  1    8.480    8.480  1   34.577   34.577  1
  716.0  716.8  1    8.472    8.472  1   34.576   34.576  1
  717.9  718.7  1    8.463    8.463  1   34.574   34.574  1
  720.0  720.8  1    8.453    8.453  1   34.573   34.573  1
  722.0  722.8  1    8.439    8.439  1   34.572   34.572  1
  724.0  724.8  1    8.412    8.412  1   34.570   34.570  1
  726.1  726.9  1    8.391    8.391  1   34.568   34.568  1
  728.0  728.8  1    8.364    8.364  1   34.565   34.565  1
  730.0  730.8  1    8.338    8.338  1   34.562   34.562  1
  732.0  732.8  1    8.319    8.319  1   34.561   34.561  1
  733.9  734.7  1    8.316    8.316  1   34.560   34.560  1
  735.9  736.7  1    8.314    8.314  1   34.560   34.560  1
  737.9  738.7  1    8.294    8.294  1   34.559   34.559  1
  740.0  740.8  1    8.292    8.292  1   34.558   34.558  1
  742.0  742.8  1    8.289    8.289  1   34.560   34.560  1
  744.0  744.8  1    8.270    8.270  1   34.558   34.558  1
  746.0  746.8  1    8.249    8.249  1   34.556   34.556  1
  748.0  748.8  1    8.224    8.224  1   34.554   34.554  1
  750.0  750.8  1    8.201    8.201  1   34.553   34.553  1
  752.1  752.9  1    8.188    8.188  1   34.552   34.552  1
  754.0  754.8  1    8.174    8.174  1   34.551   34.551  1
  756.0  756.8  1    8.163    8.163  1   34.550   34.550  1
  758.0  758.8  1    8.152    8.152  1   34.549   34.549  1
  760.0  760.8  1    8.132    8.132  1   34.548   34.548  1
  762.0  762.8  1    8.120    8.120  1   34.547   34.547  1
  764.0  764.8  1    8.108    8.108  1   34.546   34.546  1
  766.0  766.8  1    8.079    8.079  1   34.544   34.544  1
  768.0  768.8  1    8.055    8.055  1   34.541   34.541  1
  770.0  770.8  1    8.042    8.042  1   34.540   34.540  1
  772.0  772.8  1    8.025    8.025  1   34.539   34.539  1
  774.0  774.8  1    8.007    8.007  1   34.538   34.538  1
  776.0  776.8  1    7.995    7.995  1   34.537   34.537  1
  778.0  778.8  1    7.982    7.982  1   34.536   34.536  1
  779.9  780.7  1    7.970    7.970  1   34.535   34.535  1
  782.0  782.8  1    7.956    7.956  1   34.534   34.534  1
  784.0  784.8  1    7.946    7.946  1   34.533   34.533  1
  786.0  786.8  1    7.934    7.934  1   34.531   34.531  1
  788.0  788.8  1    7.920    7.920  1   34.531   34.531  1
  790.0  790.8  1    7.897    7.897  1   34.529   34.529  1
  792.0  792.8  1    7.882    7.882  1   34.529   34.529  1
  794.1  794.9  1    7.872    7.872  1   34.530   34.530  1
  796.0  796.8  1    7.858    7.858  1   34.529   34.529  1
  797.9  798.7  1    7.841    7.841  1   34.528   34.528  1
  800.0  800.8  1    7.824    7.824  1   34.527   34.527  1
  802.0  802.8  1    7.775    7.775  1   34.524   34.524  1
  804.0  804.8  1    7.762    7.762  1   34.522   34.522  1
  806.0  806.8  1    7.751    7.751  1   34.522   34.522  1
  807.9  808.7  1    7.728    7.728  1   34.520   34.520  1
  810.0  810.8  1    7.702    7.702  1   34.517   34.517  1
  812.0  812.8  1    7.690    7.690  1   34.517   34.517  1
  814.0  814.8  1    7.681    7.681  1   34.516   34.516  1
  816.0  816.8  1    7.665    7.665  1   34.515   34.515  1
  818.0  818.8  1    7.645    7.645  1   34.514   34.514  1
  820.0  820.8  1    7.633    7.633  1   34.513   34.513  1
  822.0  822.8  1    7.605    7.605  1   34.511   34.511  1
  823.9  824.7  1    7.562    7.562  1   34.508   34.508  1
  826.0  826.8  1    7.539    7.539  1   34.506   34.506  1
  828.0  828.8  1    7.517    7.517  1   34.505   34.505  1
  830.0  830.8  1    7.484    7.484  1   34.502   34.502  1
  832.0  832.8  1    7.467    7.467  1   34.501   34.501  1
  833.9  834.7  1    7.457    7.457  1   34.500   34.500  1
  836.0  836.8  1    7.437    7.437  1   34.498   34.498  1
  838.0  838.8  1    7.407    7.407  1   34.497   34.497  1
  840.1  840.9  1    7.373    7.373  1   34.494   34.494  1
  842.0  842.8  1    7.341    7.341  1   34.492   34.492  1
  844.0  844.8  1    7.317    7.317  1   34.490   34.490  1
  846.1  846.9  1    7.298    7.298  1   34.489   34.489  1
  848.1  848.9  1    7.290    7.290  1   34.488   34.488  1
  850.0  850.8  1    7.275    7.275  1   34.487   34.487  1
  852.0  852.8  1    7.244    7.244  1   34.486   34.486  1
  854.0  854.8  1    7.210    7.210  1   34.483   34.483  1
  856.0  856.8  1    7.180    7.180  1   34.481   34.481  1
  858.0  858.8  1    7.160    7.160  1   34.479   34.479  1
  860.0  860.8  1    7.146    7.146  1   34.478   34.478  1
  862.0  862.8  1    7.124    7.124  1   34.477   34.477  1
  863.9  864.7  1    7.114    7.114  1   34.475   34.475  1
  866.0  866.8  1    7.086    7.086  1   34.474   34.474  1
  868.0  868.8  1    7.039    7.039  1   34.470   34.470  1
  870.0  870.8  1    7.002    7.002  1   34.468   34.468  1
  872.0  872.8  1    6.979    6.979  1   34.466   34.466  1
  874.0  874.8  1    6.951    6.951  1   34.465   34.465  1
  876.0  876.8  1    6.927    6.927  1   34.463   34.463  1
  878.1  878.9  1    6.904    6.904  1   34.461   34.461  1
  880.1  880.9  1    6.885    6.885  1   34.460   34.460  1
  882.1  882.9  1    6.867    6.867  1   34.459   34.459  1
  884.1  884.9  1    6.841    6.841  1   34.457   34.457  1
  886.0  886.8  1    6.827    6.827  1   34.456   34.456  1
  888.0  888.8  1    6.812    6.812  1   34.455   34.455  1
  890.1  890.9  1    6.797    6.797  1   34.454   34.454  1
  892.0  892.8  1    6.769    6.769  1   34.453   34.453  1
  894.0  894.8  1    6.721    6.721  1   34.449   34.449  1
  896.0  896.8  1    6.703    6.703  1   34.448   34.448  1
  897.9  898.7  1    6.672    6.672  1   34.446   34.446  1
  899.9  900.7  1    6.646    6.646  1   34.444   34.444  1
  902.0  902.8  1    6.615    6.615  1   34.443   34.443  1
  904.1  904.9  1    6.583    6.583  1   34.441   34.441  1
  906.0  906.8  1    6.554    6.554  1   34.439   34.439  1
  908.0  908.8  1    6.546    6.546  1   34.438   34.438  1
  910.0  910.8  1    6.534    6.534  1   34.437   34.437  1
  912.0  912.8  1    6.524    6.524  1   34.437   34.437  1
  914.0  914.8  1    6.519    6.519  1   34.437   34.437  1
  916.0  916.8  1    6.501    6.501  1   34.434   34.434  1
  918.0  918.8  1    6.480    6.480  1   34.434   34.434  1
  920.1  920.9  1    6.468    6.468  1   34.433   34.433  1
  922.1  922.9  1    6.459    6.459  1   34.432   34.432  1
  924.0  924.8  1    6.420    6.420  1   34.431   34.431  1
  926.0  926.8  1    6.392    6.392  1   34.429   34.429  1
  928.0  928.8  1    6.368    6.368  1   34.428   34.428  1
  930.0  930.8  1    6.356    6.356  1   34.426   34.426  1
  932.0  932.8  1    6.349    6.349  1   34.426   34.426  1
  934.0  934.8  1    6.321    6.321  1   34.425   34.425  1
  936.0  936.8  1    6.299    6.299  1   34.423   34.423  1
  937.9  938.7  1    6.277    6.277  1   34.422   34.422  1
  939.9  940.7  1    6.263    6.263  1   34.421   34.421  1
  942.0  942.8  1    6.232    6.232  1   34.419   34.419  1
  944.0  944.8  1    6.174    6.174  1   34.417   34.417  1
  946.0  946.8  1    6.140    6.140  1   34.413   34.413  1
  948.0  948.8  1    6.124    6.124  1   34.413   34.413  1
  950.0  950.8  1    6.086    6.086  1   34.411   34.411  1
  952.0  952.8  1    6.053    6.053  1   34.410   34.410  1
  954.0  954.8  1    6.021    6.021  1   34.407   34.407  1
  956.0  956.8  1    5.985    5.985  1   34.405   34.405  1
  958.1  958.9  1    5.968    5.968  1   34.403   34.403  1
  960.1  960.9  1    5.955    5.955  1   34.403   34.403  1
  962.0  962.8  1    5.939    5.939  1   34.402   34.402  1
  964.0  964.8  1    5.911    5.911  1   34.402   34.402  1
  966.0  966.8  1    5.889    5.889  1   34.400   34.400  1
  968.0  968.8  1    5.879    5.879  1   34.399   34.399  1
  970.1  970.9  1    5.861    5.861  1   34.398   34.398  1
  972.1  972.9  1    5.833    5.833  1   34.398   34.398  1
  974.0  974.8  1    5.803    5.803  1   34.395   34.395  1
  976.0  976.8  1    5.772    5.772  1   34.394   34.394  1
  978.0  978.8  1    5.742    5.742  1   34.391   34.391  1
  980.0  980.8  1    5.701    5.701  1   34.391   34.391  1
  982.0  982.8  1    5.671    5.671  1   34.390   34.390  1
  984.0  984.8  1    5.646    5.646  1   34.388   34.388  1
  986.0  986.8  1    5.614    5.614  1   34.386   34.386  1
  988.0  988.8  1    5.589    5.589  1   34.385   34.385  1
  990.0  990.8  1    5.536    5.536  1   34.383   34.383  1
  992.0  992.8  1    5.494    5.494  1   34.382   34.382  1
  994.0  994.8  1    5.471    5.471  1   34.380   34.380  1
  995.9  996.7  1    5.466    5.466  1   34.380   34.380  1
  997.9  998.7  1    5.463    5.463  1   34.380   34.380  1
 1000.0 1000.8  1    5.460    5.460  1   34.380   34.380  1
 1002.0 1002.8  1    5.457    5.457  1   34.380   34.380  1
 1004.0 1004.8  1    5.452    5.452  1   34.380   34.380  1
 1006.0 1006.8  1    5.444    5.444  1   34.380   34.380  1
 1008.1 1008.9  1    5.437    5.437  1   34.379   34.379  1
 1010.0 1010.8  1    5.431    5.431  1   34.379   34.379  1
 1011.9 1012.7  1    5.418    5.418  1   34.378   34.378  1
 1013.9 1014.7  1    5.413    5.413  1   34.378   34.378  1
 1016.0 1016.8  1    5.390    5.390  1   34.377   34.377  1
 1017.9 1018.7  1    5.367    5.367  1   34.376   34.376  1
 1020.0 1020.8  1    5.311    5.311  1   34.374   34.374  1
 1022.0 1022.8  1    5.284    5.284  1   34.372   34.372  1
 1024.0 1024.8  1    5.277    5.277  1   34.372   34.372  1
 1026.0 1026.8  1    5.239    5.239  1   34.370   34.370  1
 1028.0 1028.8  1    5.220    5.220  1   34.369   34.369  1
 1030.0 1030.8  1    5.204    5.204  1   34.369   34.369  1
 1032.1 1032.9  1    5.179    5.179  1   34.368   34.368  1
 1034.1 1034.9  1    5.166    5.166  1   34.367   34.367  1
 1036.1 1036.9  1    5.152    5.152  1   34.366   34.366  1
 1038.0 1038.8  1    5.141    5.141  1   34.366   34.366  1
 1039.9 1040.7  1    5.135    5.135  1   34.367   34.367  1
 1042.0 1042.8  1    5.121    5.121  1   34.366   34.366  1
 1043.9 1044.7  1    5.110    5.110  1   34.366   34.366  1
 1045.9 1046.7  1    5.101    5.101  1   34.365   34.365  1
 1048.0 1048.8  1    5.087    5.087  1   34.365   34.365  1
 1050.0 1050.8  1    5.076    5.076  1   34.364   34.364  1
 1052.0 1052.8  1    5.070    5.070  1   34.364   34.364  1
 1054.0 1054.8  1    5.056    5.056  1   34.364   34.364  1
 1056.0 1056.8  1    5.035    5.035  1   34.362   34.362  1
 1058.0 1058.8  1    5.021    5.021  1   34.361   34.361  1
 1060.0 1060.8  1    5.007    5.007  1   34.360   34.360  1
 1062.0 1062.8  1    4.980    4.980  1   34.360   34.360  1
 1064.0 1064.8  1    4.964    4.964  1   34.359   34.359  1
 1066.0 1066.8  1    4.936    4.936  1   34.359   34.359  1
 1068.0 1068.8  1    4.926    4.926  1   34.359   34.359  1
 1070.0 1070.8  1    4.926    4.926  1   34.361   34.361  1
 1072.0 1072.8  1    4.917    4.917  1   34.362   34.362  1
 1074.0 1074.8  1    4.910    4.910  1   34.362   34.362  1
 1076.0 1076.8  1    4.905    4.905  1   34.362   34.362  1
 1078.0 1078.8  1    4.903    4.903  1   34.362   34.362  1
 1079.9 1080.7  1    4.879    4.879  1   34.361   34.361  1
 1081.9 1082.7  1    4.858    4.858  1   34.360   34.360  1
 1084.0 1084.8  1    4.845    4.845  1   34.360   34.360  1
 1086.0 1086.8  1    4.836    4.836  1   34.359   34.359  1
 1088.0 1088.8  1    4.824    4.824  1   34.359   34.359  1
 1090.1 1090.9  1    4.800    4.800  1   34.359   34.359  1
 1092.0 1092.8  1    4.776    4.776  1   34.357   34.357  1
 1094.0 1094.8  1    4.758    4.758  1   34.356   34.356  1
 1096.0 1096.8  1    4.720    4.720  1   34.354   34.354  1
 1097.9 1098.7  1    4.710    4.710  1   34.353   34.353  1
 1100.0 1100.8  1    4.689    4.689  1   34.353   34.353  1
 1102.1 1102.9  1    4.657    4.657  1   34.353   34.353  1
 1104.1 1104.9  1    4.644    4.644  1   34.353   34.353  1
 1106.1 1106.9  1    4.629    4.629  1   34.354   34.354  1
 1108.0 1108.8  1    4.623    4.623  1   34.353   34.353  1
 1110.0 1110.8  1    4.603    4.603  1   34.354   34.354  1
 1112.0 1112.8  1    4.594    4.594  1   34.353   34.353  1
 1114.0 1114.8  1    4.584    4.584  1   34.354   34.354  1
 1116.0 1116.8  1    4.578    4.578  1   34.354   34.354  1
 1118.0 1118.8  1    4.575    4.575  1   34.355   34.355  1
 1120.0 1120.8  1    4.584    4.584  1   34.362   34.362  1
 1122.0 1122.8  1    4.578    4.578  1   34.365   34.365  1
 1124.0 1124.8  1    4.556    4.556  1   34.366   34.366  1
 1126.0 1126.8  1    4.538    4.538  1   34.367   34.367  1
 1128.0 1128.8  1    4.520    4.520  1   34.366   34.366  1
 1130.0 1130.8  1    4.515    4.515  1   34.367   34.367  1
 1132.0 1132.8  1    4.511    4.511  1   34.367   34.367  1
 1134.0 1134.8  1    4.507    4.507  1   34.369   34.369  1
 1136.0 1136.8  1    4.493    4.493  1   34.370   34.370  1
 1138.0 1138.8  1    4.485    4.485  1   34.370   34.370  1
 1140.0 1140.8  1    4.464    4.464  1   34.371   34.371  1
 1142.0 1142.8  1    4.459    4.459  1   34.371   34.371  1
 1144.0 1144.8  1    4.454    4.454  1   34.371   34.371  1
 1146.0 1146.8  1    4.437    4.437  1   34.371   34.371  1
 1148.0 1148.8  1    4.422    4.422  1   34.373   34.373  1
 1150.0 1150.8  1    4.412    4.412  1   34.373   34.373  1
 1152.0 1152.8  1    4.397    4.397  1   34.374   34.374  1
 1154.0 1154.8  1    4.378    4.378  1   34.373   34.373  1
 1156.0 1156.8  1    4.372    4.372  1   34.373   34.373  1
 1158.0 1158.8  1    4.358    4.358  1   34.373   34.373  1
 1160.0 1160.8  1    4.334    4.334  1   34.373   34.373  1
 1162.0 1162.8  1    4.330    4.330  1   34.374   34.374  1
 1164.0 1164.8  1    4.315    4.315  1   34.376   34.376  1
 1166.1 1166.9  1    4.300    4.300  1   34.375   34.375  1
 1168.0 1168.8  1    4.294    4.294  1   34.376   34.376  1
 1170.0 1170.8  1    4.260    4.260  1   34.374   34.374  1
 1172.0 1172.8  1    4.250    4.250  1   34.374   34.374  1
 1174.0 1174.8  1    4.246    4.246  1   34.374   34.374  1
 1176.0 1176.8  1    4.230    4.230  1   34.374   34.374  1
 1178.0 1178.8  1    4.210    4.210  1   34.373   34.373  1
 1180.0 1180.8  1    4.195    4.195  1   34.374   34.374  1
 1182.1 1182.9  1    4.171    4.171  1   34.375   34.375  1
 1184.0 1184.8  1    4.160    4.160  1   34.375   34.375  1
 1186.0 1186.8  1    4.147    4.147  1   34.376   34.376  1
 1188.0 1188.8  1    4.137    4.137  1   34.376   34.376  1
 1190.0 1190.8  1    4.134    4.134  1   34.376   34.376  1
 1192.0 1192.8  1    4.132    4.132  1   34.376   34.376  1
 1194.0 1194.8  1    4.115    4.115  1   34.377   34.377  1
 1196.0 1196.8  1    4.097    4.097  1   34.378   34.378  1
 1198.0 1198.8  1    4.078    4.078  1   34.379   34.379  1
 1200.0 1200.8  1    4.072    4.072  1   34.378   34.378  1
 1202.0 1202.8  1    4.072    4.072  1   34.378   34.378  1
 1204.0 1204.8  1    4.068    4.068  1   34.378   34.378  1
 1206.0 1206.8  1    4.061    4.061  1   34.379   34.379  1
 1208.0 1208.8  1    4.057    4.057  1   34.379   34.379  1
 1210.0 1210.8  1    4.048    4.048  1   34.380   34.380  1
 1212.0 1212.8  1    4.042    4.042  1   34.380   34.380  1
 1214.0 1214.8  1    4.035    4.035  1   34.380   34.380  1
 1216.0 1216.8  1    4.023    4.023  1   34.381   34.381  1
 1218.0 1218.8  1    4.017    4.017  1   34.381   34.381  1
 1220.0 1220.8  1    4.007    4.007  1   34.382   34.382  1
 1222.1 1222.9  1    3.989    3.989  1   34.383   34.383  1
 1224.1 1224.9  1    3.980    3.980  1   34.383   34.383  1
 1226.1 1226.9  1    3.974    3.974  1   34.383   34.383  1
 1228.0 1228.8  1    3.968    3.968  1   34.383   34.383  1
 1230.0 1230.8  1    3.954    3.954  1   34.385   34.385  1
 1232.0 1232.8  1    3.942    3.942  1   34.385   34.385  1
 1234.1 1234.9  1    3.934    3.934  1   34.386   34.386  1
 1236.0 1236.8  1    3.927    3.927  1   34.386   34.386  1
 1238.0 1238.8  1    3.924    3.924  1   34.386   34.386  1
 1240.0 1240.8  1    3.908    3.908  1   34.387   34.387  1
 1241.9 1242.7  1    3.892    3.892  1   34.388   34.388  1
 1244.0 1244.8  1    3.886    3.886  1   34.389   34.389  1
 1246.0 1246.8  1    3.884    3.884  1   34.388   34.388  1
 1248.0 1248.8  1    3.883    3.883  1   34.388   34.388  1
 1250.0 1250.8  1    3.879    3.879  1   34.389   34.389  1
 1252.0 1252.8  1    3.873    3.873  1   34.389   34.389  1
 1254.1 1254.9  1    3.867    3.867  1   34.390   34.390  1
 1256.1 1256.9  1    3.855    3.855  1   34.391   34.391  1
 1258.1 1258.9  1    3.840    3.840  1   34.392   34.392  1
 1260.1 1260.9  1    3.822    3.822  1   34.394   34.394  1
 1262.0 1262.8  1    3.811    3.811  1   34.395   34.395  1
 1263.9 1264.7  1    3.804    3.804  1   34.396   34.396  1
 1266.0 1266.8  1    3.797    3.797  1   34.396   34.396  1
 1268.0 1268.8  1    3.793    3.793  1   34.397   34.397  1
 1270.0 1270.8  1    3.784    3.784  1   34.398   34.398  1
 1272.0 1272.8  1    3.780    3.780  1   34.398   34.398  1
 1274.0 1274.8  1    3.773    3.773  1   34.399   34.399  1
 1276.0 1276.8  1    3.764    3.764  1   34.399   34.399  1
 1278.0 1278.8  1    3.757    3.757  1   34.399   34.399  1
 1280.0 1280.8  1    3.751    3.751  1   34.400   34.400  1
 1282.0 1282.8  1    3.745    3.745  1   34.401   34.401  1
 1283.9 1284.7  1    3.735    3.735  1   34.401   34.401  1
 1286.0 1286.8  1    3.714    3.714  1   34.401   34.401  1
 1288.0 1288.8  1    3.709    3.709  1   34.401   34.401  1
 1290.0 1290.8  1    3.704    3.704  1   34.403   34.403  1
 1292.0 1292.8  1    3.703    3.703  1   34.404   34.404  1
 1294.0 1294.8  1    3.702    3.702  1   34.405   34.405  1
 1296.0 1296.8  1    3.698    3.698  1   34.404   34.404  1
 1298.0 1298.8  1    3.692    3.692  1   34.404   34.404  1
 1300.0 1300.8  1    3.683    3.683  1   34.405   34.405  1
 1302.0 1302.8  1    3.672    3.672  1   34.407   34.407  1
 1304.0 1304.8  1    3.667    3.667  1   34.407   34.407  1
 1306.0 1306.8  1    3.664    3.664  1   34.408   34.408  1
 1308.0 1308.8  1    3.658    3.658  1   34.409   34.409  1
 1310.0 1310.8  1    3.650    3.650  1   34.410   34.410  1
 1312.0 1312.8  1    3.639    3.639  1   34.411   34.411  1
 1314.0 1314.8  1    3.629    3.629  1   34.412   34.412  1
 1316.0 1316.8  1    3.616    3.616  1   34.413   34.413  1
 1318.0 1318.8  1    3.611    3.611  1   34.415   34.415  1
 1320.0 1320.8  1    3.603    3.603  1   34.415   34.415  1
 1322.0 1322.8  1    3.593    3.593  1   34.416   34.416  1
 1324.0 1324.8  1    3.582    3.582  1   34.417   34.417  1
 1326.0 1326.8  1    3.574    3.574  1   34.418   34.418  1
 1328.0 1328.8  1    3.568    3.568  1   34.418   34.418  1
 1330.0 1330.8  1    3.556    3.556  1   34.420   34.420  1
 1332.1 1332.9  1    3.549    3.549  1   34.420   34.420  1
 1334.0 1334.8  1    3.549    3.549  1   34.421   34.421  1
 1336.0 1336.8  1    3.548    3.548  1   34.421   34.421  1
 1338.0 1338.8  1    3.543    3.543  1   34.422   34.422  1
 1340.0 1340.8  1    3.535    3.535  1   34.424   34.424  1
 1342.0 1342.8  1    3.531    3.531  1   34.424   34.424  1
 1344.0 1344.8  1    3.530    3.530  1   34.424   34.424  1
 1346.0 1346.8  1    3.527    3.527  1   34.425   34.425  1
 1348.1 1348.9  1    3.519    3.519  1   34.426   34.426  1
 1350.0 1350.8  1    3.512    3.512  1   34.427   34.427  1
 1352.0 1352.8  1    3.507    3.507  1   34.427   34.427  1
 1354.1 1354.9  1    3.496    3.496  1   34.428   34.428  1
 1356.1 1356.9  1    3.486    3.486  1   34.429   34.429  1
 1358.1 1358.9  1    3.480    3.480  1   34.430   34.430  1
 1360.1 1360.9  1    3.470    3.470  1   34.431   34.431  1
 1362.1 1362.9  1    3.462    3.462  1   34.432   34.432  1
 1364.1 1364.9  1    3.456    3.456  1   34.433   34.433  1
 1366.1 1366.9  1    3.450    3.450  1   34.434   34.434  1
 1368.0 1368.8  1    3.444    3.444  1   34.434   34.434  1
 1369.9 1370.7  1    3.435    3.435  1   34.436   34.436  1
 1372.0 1372.8  1    3.428    3.428  1   34.436   34.436  1
 1374.0 1374.8  1    3.423    3.423  1   34.437   34.437  1
 1376.0 1376.8  1    3.416    3.416  1   34.438   34.438  1
 1378.0 1378.8  1    3.408    3.408  1   34.438   34.438  1
 1380.0 1380.8  1    3.402    3.402  1   34.439   34.439  1
 1382.0 1382.8  1    3.392    3.392  1   34.440   34.440  1
 1384.0 1384.8  1    3.389    3.389  1   34.441   34.441  1
 1386.0 1386.8  1    3.381    3.381  1   34.442   34.442  1
 1388.0 1388.8  1    3.378    3.378  1   34.443   34.443  1
 1390.0 1390.8  1    3.373    3.373  1   34.444   34.444  1
 1392.0 1392.8  1    3.365    3.365  1   34.445   34.445  1
 1394.0 1394.8  1    3.362    3.362  1   34.445   34.445  1
 1396.0 1396.8  1    3.358    3.358  1   34.446   34.446  1
 1397.9 1398.7  1    3.355    3.355  1   34.446   34.446  1
 1400.0 1400.8  1    3.346    3.346  1   34.448   34.448  1
 1402.1 1402.9  1    3.343    3.343  1   34.448   34.448  1
 1404.0 1404.8  1    3.335    3.335  1   34.448   34.448  1
 1406.0 1406.8  1    3.329    3.329  1   34.449   34.449  1
 1408.0 1408.8  1    3.323    3.323  1   34.450   34.450  1
 1410.0 1410.8  1    3.317    3.317  1   34.451   34.451  1
 1411.9 1412.7  1    3.310    3.310  1   34.452   34.452  1
 1414.0 1414.8  1    3.304    3.304  1   34.453   34.453  1
 1416.0 1416.8  1    3.298    3.298  1   34.453   34.453  1
 1418.0 1418.8  1    3.295    3.295  1   34.455   34.455  1
 1420.0 1420.8  1    3.288    3.288  1   34.456   34.456  1
 1422.0 1422.8  1    3.280    3.280  1   34.457   34.457  1
 1424.0 1424.8  1    3.274    3.274  1   34.458   34.458  1
 1426.1 1426.9  1    3.267    3.267  1   34.458   34.458  1
 1428.0 1428.8  1    3.260    3.260  1   34.459   34.459  1
 1429.9 1430.7  1    3.254    3.254  1   34.460   34.460  1
 1432.0 1432.8  1    3.250    3.250  1   34.461   34.461  1
 1434.0 1434.8  1    3.240    3.240  1   34.462   34.462  1
 1436.0 1436.8  1    3.232    3.232  1   34.463   34.463  1
 1438.0 1438.8  1    3.226    3.226  1   34.463   34.463  1
 1439.9 1440.7  1    3.217    3.217  1   34.464   34.464  1
 1442.0 1442.8  1    3.212    3.212  1   34.465   34.465  1
 1444.1 1444.9  1    3.206    3.206  1   34.465   34.465  1
 1446.0 1446.8  1    3.201    3.201  1   34.466   34.466  1
 1447.9 1448.7  1    3.198    3.198  1   34.467   34.467  1
 1449.9 1450.7  1    3.195    3.195  1   34.468   34.468  1
 1452.0 1452.8  1    3.192    3.192  1   34.469   34.469  1
 1454.0 1454.8  1    3.188    3.188  1   34.470   34.470  1
 1456.0 1456.8  1    3.184    3.184  1   34.470   34.470  1
 1458.0 1458.8  1    3.182    3.182  1   34.471   34.471  1
 1460.0 1460.8  1    3.175    3.175  1   34.473   34.473  1
 1462.0 1462.8  1    3.173    3.173  1   34.474   34.474  1
 1464.0 1464.8  1    3.171    3.171  1   34.475   34.475  1
 1466.0 1466.8  1    3.166    3.166  1   34.476   34.476  1
 1468.0 1468.8  1    3.163    3.163  1   34.477   34.477  1
 1470.0 1470.8  1    3.156    3.156  1   34.478   34.478  1
 1472.0 1472.8  1    3.155    3.155  1   34.479   34.479  1
 1473.9 1474.7  1    3.152    3.152  1   34.480   34.480  1
 1476.0 1476.8  1    3.150    3.150  1   34.480   34.480  1
 1478.0 1478.8  1    3.145    3.145  1   34.481   34.481  1
 1480.0 1480.8  1    3.143    3.143  1   34.481   34.481  1
 1482.0 1482.8  1    3.141    3.141  1   34.482   34.482  1
 1484.0 1484.8  1    3.135    3.135  1   34.483   34.483  1
 1486.0 1486.8  1    3.130    3.130  1   34.484   34.484  1
 1488.0 1488.8  1    3.123    3.123  1   34.486   34.486  1
 1490.0 1490.8  1    3.115    3.115  1   34.488   34.488  1
 1492.0 1492.8  1    3.108    3.108  1   34.489   34.489  1
 1494.0 1494.8  1    3.103    3.103  1   34.491   34.491  1
 1496.0 1496.8  1    3.099    3.099  1   34.492   34.492  1
 1498.0 1498.8  1    3.092    3.092  1   34.494   34.494  1
 1500.0 1500.8  1    3.090    3.090  1   34.494   34.494  1
 1502.0 1502.8  1    3.088    3.088  1   34.495   34.495  1
 1504.0 1504.8  1    3.087    3.087  1   34.495   34.495  1
 1506.0 1506.8  1    3.081    3.081  1   34.497   34.497  1
 1507.9 1508.7  1    3.077    3.077  1   34.498   34.498  1
 1510.0 1510.8  1    3.073    3.073  1   34.501   34.501  1
 1512.1 1512.9  1    3.070    3.070  1   34.502   34.502  1
 1514.0 1514.8  1    3.065    3.065  1   34.502   34.502  1
 1516.0 1516.8  1    3.057    3.057  1   34.504   34.504  1
 1518.0 1518.8  1    3.055    3.055  1   34.504   34.504  1
 1519.9 1520.7  1    3.055    3.055  1   34.506   34.506  1
 1522.0 1522.8  1    3.056    3.056  1   34.509   34.509  1
 1524.0 1524.8  1    3.052    3.052  1   34.511   34.511  1
 1526.0 1526.8  1    3.049    3.049  1   34.512   34.512  1
 1528.0 1528.8  1    3.047    3.047  1   34.512   34.512  1
 1530.0 1530.8  1    3.046    3.046  1   34.512   34.512  1
 1532.0 1532.8  1    3.043    3.043  1   34.513   34.513  1
 1534.0 1534.8  1    3.040    3.040  1   34.513   34.513  1
 1536.0 1536.8  1    3.038    3.038  1   34.513   34.513  1
 1538.0 1538.8  1    3.033    3.033  1   34.513   34.513  1
 1540.1 1540.9  1    3.026    3.026  1   34.513   34.513  1
 1542.0 1542.8  1    3.020    3.020  1   34.514   34.514  1
 1544.0 1544.8  1    3.013    3.013  1   34.514   34.514  1
 1546.0 1546.8  1    3.010    3.010  1   34.515   34.515  1
 1548.0 1548.8  1    3.007    3.007  1   34.515   34.515  1
 1550.0 1550.8  1    3.002    3.002  1   34.516   34.516  1
 1552.0 1552.8  1    2.995    2.995  1   34.517   34.517  1
 1554.0 1554.8  1    2.990    2.990  1   34.519   34.519  1
 1556.0 1556.8  1    2.985    2.985  1   34.520   34.520  1
 1558.0 1558.8  1    2.982    2.982  1   34.521   34.521  1
 1560.0 1560.8  1    2.982    2.982  1   34.521   34.521  1
 1562.0 1562.8  1    2.980    2.980  1   34.522   34.522  1
 1564.0 1564.8  1    2.976    2.976  1   34.522   34.522  1
 1566.0 1566.8  1    2.969    2.969  1   34.524   34.524  1
 1568.0 1568.8  1    2.960    2.960  1   34.524   34.524  1
 1570.0 1570.8  1    2.946    2.946  1   34.523   34.523  1
 1572.0 1572.8  1    2.930    2.930  1   34.522   34.522  1
 1573.9 1574.7  1    2.930    2.930  1   34.523   34.523  1
 1575.9 1576.7  1    2.928    2.928  1   34.525   34.525  1
 1578.0 1578.8  1    2.925    2.925  1   34.525   34.525  1
 1580.0 1580.8  1    2.929    2.929  1   34.527   34.527  1
 1582.1 1582.9  1    2.926    2.926  1   34.527   34.527  1
 1584.0 1584.8  1    2.925    2.925  1   34.529   34.529  1
 1586.0 1586.8  1    2.921    2.921  1   34.529   34.529  1
 1587.9 1588.7  1    2.919    2.919  1   34.530   34.530  1
 1590.0 1590.8  1    2.920    2.920  1   34.532   34.532  1
 1592.1 1592.9  1    2.911    2.911  1   34.533   34.533  1
 1594.0 1594.8  1    2.912    2.912  1   34.535   34.535  1
 1595.9 1596.7  1    2.919    2.919  1   34.536   34.536  1
 1598.0 1598.8  1    2.920    2.920  1   34.539   34.539  1
 1600.1 1600.9  1    2.916    2.916  1   34.540   34.540  1
 1602.0 1602.8  1    2.912    2.912  1   34.541   34.541  1
 1604.0 1604.8  1    2.907    2.907  1   34.542   34.542  1
 1606.0 1606.8  1    2.904    2.904  1   34.543   34.543  1
 1608.0 1608.8  1    2.902    2.902  1   34.543   34.543  1
 1610.1 1610.9  1    2.903    2.903  1   34.544   34.544  1
 1612.1 1612.9  1    2.901    2.901  1   34.546   34.546  1
 1614.1 1614.9  1    2.898    2.898  1   34.547   34.547  1
 1616.1 1616.9  1    2.896    2.896  1   34.547   34.547  1
 1618.0 1618.8  1    2.892    2.892  1   34.548   34.548  1
 1620.0 1620.8  1    2.888    2.888  1   34.550   34.550  1
 1622.1 1622.9  1    2.886    2.886  1   34.551   34.551  1
 1624.0 1624.8  1    2.885    2.885  1   34.552   34.552  1
 1626.0 1626.8  1    2.882    2.882  1   34.552   34.552  1
 1628.1 1628.9  1    2.878    2.878  1   34.553   34.553  1
 1630.1 1630.9  1    2.872    2.872  1   34.553   34.553  1
 1632.0 1632.8  1    2.867    2.867  1   34.554   34.554  1
 1634.0 1634.8  1    2.864    2.864  1   34.555   34.555  1
 1636.1 1636.9  1    2.862    2.862  1   34.556   34.556  1
 1638.1 1638.9  1    2.857    2.857  1   34.558   34.558  1
 1640.1 1640.9  1    2.854    2.854  1   34.559   34.559  1
 1642.1 1642.9  1    2.852    2.852  1   34.560   34.560  1
 1644.0 1644.8  1    2.850    2.850  1   34.561   34.561  1
 1646.0 1646.8  1    2.847    2.847  1   34.561   34.561  1
 1648.0 1648.8  1    2.846    2.846  1   34.562   34.562  1
 1650.0 1650.8  1    2.845    2.845  1   34.563   34.563  1
 1652.1 1652.9  1    2.842    2.842  1   34.563   34.563  1
 1654.0 1654.8  1    2.839    2.839  1   34.564   34.564  1
 1656.0 1656.8  1    2.838    2.838  1   34.564   34.564  1
 1658.0 1658.8  1    2.835    2.835  1   34.566   34.566  1
 1660.0 1660.8  1    2.836    2.836  1   34.567   34.567  1
 1662.0 1662.8  1    2.835    2.835  1   34.567   34.567  1
 1664.0 1664.8  1    2.831    2.831  1   34.568   34.568  1
 1666.0 1666.8  1    2.826    2.826  1   34.569   34.569  1
 1668.1 1668.9  1    2.823    2.823  1   34.570   34.570  1
 1670.0 1670.8  1    2.821    2.821  1   34.571   34.571  1
 1672.0 1672.8  1    2.819    2.819  1   34.571   34.571  1
 1673.9 1674.7  1    2.817    2.817  1   34.572   34.572  1
 1675.9 1676.7  1    2.813    2.813  1   34.574   34.574  1
 1677.9 1678.7  1    2.811    2.811  1   34.575   34.575  1
 1680.0 1680.8  1    2.809    2.809  1   34.576   34.576  1
 1682.0 1682.8  1    2.806    2.806  1   34.577   34.577  1
 1684.0 1684.8  1    2.804    2.804  1   34.577   34.577  1
 1686.0 1686.8  1    2.803    2.803  1   34.578   34.578  1
 1688.0 1688.8  1    2.800    2.800  1   34.579   34.579  1
 1690.0 1690.8  1    2.798    2.798  1   34.580   34.580  1
 1692.0 1692.8  1    2.795    2.795  1   34.582   34.582  1
 1694.0 1694.8  1    2.793    2.793  1   34.582   34.582  1
 1696.0 1696.8  1    2.792    2.792  1   34.583   34.583  1
 1698.0 1698.8  1    2.790    2.790  1   34.584   34.584  1
 1700.0 1700.8  1    2.786    2.786  1   34.586   34.586  1
 1702.0 1702.8  1    2.783    2.783  1   34.587   34.587  1
 1704.0 1704.8  1    2.781    2.781  1   34.589   34.589  1
 1706.0 1706.8  1    2.778    2.778  1   34.590   34.590  1
 1708.0 1708.8  1    2.776    2.776  1   34.592   34.592  1
 1710.0 1710.8  1    2.772    2.772  1   34.594   34.594  1
 1712.0 1712.8  1    2.771    2.771  1   34.595   34.595  1
 1714.0 1714.8  1    2.770    2.770  1   34.596   34.596  1
 1716.1 1716.9  1    2.767    2.767  1   34.597   34.597  1
 1718.1 1718.9  1    2.764    2.764  1   34.598   34.598  1
 1720.0 1720.8  1    2.757    2.757  1   34.599   34.599  1
 1722.0 1722.8  1    2.754    2.754  1   34.600   34.600  1
 1724.0 1724.8  1    2.751    2.751  1   34.601   34.601  1
 1726.0 1726.8  1    2.748    2.748  1   34.601   34.601  1
 1728.0 1728.8  1    2.747    2.747  1   34.602   34.602  1
 1730.0 1730.8  1    2.745    2.745  1   34.602   34.602  1
 1732.0 1732.8  1    2.742    2.742  1   34.603   34.603  1
 1734.0 1734.8  1    2.741    2.741  1   34.604   34.604  1
 1736.0 1736.8  1    2.741    2.741  1   34.605   34.605  1
 1738.1 1738.9  1    2.739    2.739  1   34.606   34.606  1
 1740.0 1740.8  1    2.740    2.740  1   34.608   34.608  1
 1742.0 1742.8  1    2.736    2.736  1   34.608   34.608  1
 1744.0 1744.8  1    2.736    2.736  1   34.608   34.608  1
 1746.0 1746.8  1    2.737    2.737  1   34.609   34.609  1
 1748.0 1748.8  1    2.737    2.737  1   34.609   34.609  1
 1750.0 1750.8  1    2.737    2.737  1   34.610   34.610  1
 1752.0 1752.8  1    2.734    2.734  1   34.609   34.609  1
 1754.0 1754.8  1    2.730    2.730  1   34.610   34.610  1
 1756.0 1756.8  1    2.730    2.730  1   34.610   34.610  1
 1758.0 1758.8  1    2.732    2.732  1   34.611   34.611  1
 1760.0 1760.8  1    2.727    2.727  1   34.612   34.612  1
 1762.0 1762.8  1    2.726    2.726  1   34.613   34.613  1
 1764.0 1764.8  1    2.724    2.724  1   34.613   34.613  1
 1765.9 1766.7  1    2.722    2.722  1   34.613   34.613  1
 1768.0 1768.8  1    2.722    2.722  1   34.613   34.613  1
 1770.0 1770.8  1    2.719    2.719  1   34.614   34.614  1
 1772.0 1772.8  1    2.719    2.719  1   34.615   34.615  1
 1774.0 1774.8  1    2.719    2.719  1   34.616   34.616  1
 1776.0 1776.8  1    2.715    2.715  1   34.616   34.616  1
 1778.0 1778.8  1    2.713    2.713  1   34.617   34.617  1
 1780.0 1780.8  1    2.711    2.711  1   34.618   34.618  1
 1782.0 1782.8  1    2.710    2.710  1   34.618   34.618  1
 1783.9 1784.7  1    2.708    2.708  1   34.619   34.619  1
 1786.0 1786.8  1    2.707    2.707  1   34.620   34.620  1
 1788.0 1788.8  1    2.707    2.707  1   34.621   34.621  1
 1790.0 1790.8  1    2.707    2.707  1   34.621   34.621  1
 1792.0 1792.8  1    2.705    2.705  1   34.621   34.621  1
 1793.9 1794.7  1    2.700    2.700  1   34.622   34.622  1
 1796.0 1796.8  1    2.698    2.698  1   34.623   34.623  1
 1798.0 1798.8  1    2.694    2.694  1   34.624   34.624  1
 1800.0 1800.8  1    2.690    2.690  1   34.625   34.625  1
 1802.0 1802.8  1    2.688    2.688  1   34.626   34.626  1
 1804.0 1804.8  1    2.686    2.686  1   34.627   34.627  1
 1806.0 1806.8  1    2.684    2.684  1   34.627   34.627  1
 1808.0 1808.8  1    2.683    2.683  1   34.628   34.628  1
 1810.0 1810.8  1    2.681    2.681  1   34.628   34.628  1
 1812.1 1812.9  1    2.679    2.679  1   34.629   34.629  1
 1814.0 1814.8  1    2.678    2.678  1   34.630   34.630  1
 1816.0 1816.8  1    2.675    2.675  1   34.632   34.632  1
 1818.1 1818.9  1    2.672    2.672  1   34.633   34.633  1
 1820.0 1820.8  1    2.671    2.671  1   34.634   34.634  1
 1822.0 1822.8  1    2.671    2.671  1   34.634   34.634  1
 1824.0 1824.8  1    2.670    2.670  1   34.634   34.634  1
 1826.0 1826.8  1    2.669    2.669  1   34.634   34.634  1
 1828.0 1828.8  1    2.668    2.668  1   34.635   34.635  1
 1830.0 1830.8  1    2.666    2.666  1   34.636   34.636  1
 1832.0 1832.8  1    2.666    2.666  1   34.636   34.636  1
 1834.0 1834.8  1    2.665    2.665  1   34.636   34.636  1
 1836.0 1836.8  1    2.665    2.665  1   34.636   34.636  1
 1838.0 1838.8  1    2.665    2.665  1   34.637   34.637  1
 1840.1 1840.9  1    2.664    2.664  1   34.637   34.637  1
 1842.0 1842.8  1    2.664    2.664  1   34.637   34.637  1
 1844.0 1844.8  1    2.661    2.661  1   34.638   34.638  1
 1846.0 1846.8  1    2.659    2.659  1   34.640   34.640  1
 1848.0 1848.8  1    2.657    2.657  1   34.640   34.640  1
 1850.0 1850.8  1    2.657    2.657  1   34.640   34.640  1
 1852.0 1852.8  1    2.657    2.657  1   34.640   34.640  1
 1854.0 1854.8  1    2.656    2.656  1   34.641   34.641  1
 1856.0 1856.8  1    2.653    2.653  1   34.643   34.643  1
 1858.0 1858.8  1    2.651    2.651  1   34.643   34.643  1
 1860.0 1860.8  1    2.649    2.649  1   34.644   34.644  1
 1862.0 1862.8  1    2.647    2.647  1   34.645   34.645  1
 1864.0 1864.8  1    2.645    2.645  1   34.645   34.645  1
 1865.9 1866.7  1    2.642    2.642  1   34.646   34.646  1
 1868.0 1868.8  1    2.640    2.640  1   34.647   34.647  1
 1870.0 1870.8  1    2.640    2.640  1   34.647   34.647  1
 1872.0 1872.8  1    2.640    2.640  1   34.648   34.648  1
 1874.0 1874.8  1    2.640    2.640  1   34.648   34.648  1
 1876.0 1876.8  1    2.638    2.638  1   34.649   34.649  1
 1878.0 1878.8  1    2.635    2.635  1   34.650   34.650  1
 1880.0 1880.8  1    2.632    2.632  1   34.651   34.651  1
 1881.9 1882.7  1    2.630    2.630  1   34.651   34.651  1
 1883.9 1884.7  1    2.628    2.628  1   34.652   34.652  1
 1885.9 1886.7  1    2.626    2.626  1   34.653   34.653  1
 1888.0 1888.8  1    2.624    2.624  1   34.654   34.654  1
 1890.0 1890.8  1    2.621    2.621  1   34.655   34.655  1
 1892.0 1892.8  1    2.621    2.621  1   34.655   34.655  1
 1894.0 1894.8  1    2.621    2.621  1   34.655   34.655  1
 1896.0 1896.8  1    2.620    2.620  1   34.655   34.655  1
 1898.0 1898.8  1    2.619    2.619  1   34.656   34.656  1
 1900.0 1900.8  1    2.617    2.617  1   34.657   34.657  1
 1902.0 1902.8  1    2.615    2.615  1   34.658   34.658  1
 1904.1 1904.9  1    2.614    2.614  1   34.658   34.658  1
 1906.0 1906.8  1    2.614    2.614  1   34.658   34.658  1
 1908.0 1908.8  1    2.614    2.614  1   34.658   34.658  1
 1910.0 1910.8  1    2.613    2.613  1   34.659   34.659  1
 1912.0 1912.8  1    2.611    2.611  1   34.660   34.660  1
 1914.0 1914.8  1    2.609    2.609  1   34.661   34.661  1
 1916.0 1916.8  1    2.608    2.608  1   34.661   34.661  1
 1918.0 1918.8  1    2.608    2.608  1   34.661   34.661  1
 1920.1 1920.9  1    2.607    2.607  1   34.661   34.661  1
 1922.1 1922.9  1    2.606    2.606  1   34.661   34.661  1
 1924.1 1924.9  1    2.605    2.605  1   34.662   34.662  1
 1926.0 1926.8  1    2.604    2.604  1   34.662   34.662  1
 1928.0 1928.8  1    2.603    2.603  1   34.663   34.663  1
 1930.0 1930.8  1    2.602    2.602  1   34.664   34.664  1
 1932.0 1932.8  1    2.600    2.600  1   34.664   34.664  1
 1934.0 1934.8  1    2.597    2.597  1   34.665   34.665  1
 1936.0 1936.8  1    2.598    2.598  1   34.666   34.666  1
 1937.9 1938.7  1    2.600    2.600  1   34.667   34.667  1
 1939.9 1940.7  1    2.599    2.599  1   34.667   34.667  1
 1942.0 1942.8  1    2.597    2.597  1   34.668   34.668  1
 1944.1 1944.9  1    2.592    2.592  1   34.668   34.668  1
 1946.0 1946.8  1    2.590    2.590  1   34.668   34.668  1
 1948.0 1948.8  1    2.589    2.589  1   34.669   34.669  1
 1950.0 1950.8  1    2.587    2.587  1   34.669   34.669  1
 1952.0 1952.8  1    2.587    2.587  1   34.670   34.670  1
 1954.0 1954.8  1    2.587    2.587  1   34.670   34.670  1
 1956.0 1956.8  1    2.587    2.587  1   34.671   34.671  1
 1958.0 1958.8  1    2.586    2.586  1   34.671   34.671  1
 1960.0 1960.8  1    2.585    2.585  1   34.671   34.671  1
 1962.1 1962.9  1    2.584    2.584  1   34.671   34.671  1
 1964.0 1964.8  1    2.582    2.582  1   34.672   34.672  1
 1966.0 1966.8  1    2.580    2.580  1   34.672   34.672  1
 1968.0 1968.8  1    2.578    2.578  1   34.673   34.673  1
 1970.0 1970.8  1    2.577    2.577  1   34.673   34.673  1
 1972.0 1972.8  1    2.575    2.575  1   34.674   34.674  1
 1974.0 1974.8  1    2.574    2.574  1   34.674   34.674  1
 1975.9 1976.7  1    2.571    2.571  1   34.675   34.675  1
 1978.0 1978.8  1    2.569    2.569  1   34.675   34.675  1
 1980.0 1980.8  1    2.567    2.567  1   34.676   34.676  1
 1982.0 1982.8  1    2.565    2.565  1   34.676   34.676  1
 1984.0 1984.8  1    2.564    2.564  1   34.677   34.677  1
 1985.9 1986.7  1    2.564    2.564  1   34.677   34.677  1
 1988.0 1988.8  1    2.562    2.562  1   34.677   34.677  1
 1990.0 1990.8  1    2.560    2.560  1   34.678   34.678  1
 1991.9 1992.7  1    2.559    2.559  1   34.678   34.678  1
 1994.0 1994.8  1    2.557    2.557  1   34.678   34.678  1
 1996.0 1996.8  1    2.556    2.556  1   34.679   34.679  1
 1998.1 1998.9  1    2.554    2.554  1   34.679   34.679  1
 1999.5 2000.3  1    2.554    2.554  1   34.680   34.680  1
