*SoftWare Version 3.0  2018/12/27

*HEADER
     PLATFORM NUMBER       :5905278
     CYCLE NUMBER          :071
     DATE CREATION         :20191222100049
     DATE UPDATE           :20191222100049
     PROJECT NAME          :US ARGO PROJECT
     PI NAME               :DEAN ROEMMICH
     INSTRUMENT TYPE       :SOLO_II
     FLOAT SERIAL NO       :8574
     FIRMWARE VERSION      :V02.40; SBE602 15Aug17
     WMO INSTRUMENT TYPE   :853
     TRANSMISSION SYSTEM   :IRIDIUM
     POSITIONING SYSTEM    :GPS
     SAMPLE DIRECTION      :A(A=Ascend; D=Descend)
     DATA MODE             :R(R=Real Time; D=Delayed Mode; A=Real Time Adjusted)
     JULIAN DAY            :25547.3450 (days since 1950-01-01 00:00:00 UTC)
     DATE                  :2019-12-12
     QC FLAG FOR DATE      :1
*LOCATION
     LATITUDE              :-51.461 
     LONGITUDE             :-148.374
     QC FLAG FOR LOCATION  :1
*FILE
     COLUMN 1              :Pressure (dbar)                             F7.1
     COLUMN 2              :Corrected Pressure (dbar)                   F7.1
     COLUMN 3              :Quality on Pressure                         I3
     COLUMN 4              :Temperature (degree_Celsius)                F9.3
     COLUMN 5              :Corrected Temperature (degree_Celsius)      F9.3
     COLUMN 6              :Quality on Temperature                      I3
     COLUMN 7              :Salinity (PSU)                              F9.3
     COLUMN 8              :Corrected Salinity (PSU)                    F9.3
     COLUMN 9              :Quality on Salinity                         I3
==========================================================================
    1.0    1.0  1    9.385    9.385  1   34.474   34.474  1
    2.0    2.0  1    9.386    9.386  1   34.473   34.473  1
    3.0    3.0  1    9.386    9.386  1   34.473   34.473  1
    4.0    4.0  1    9.387    9.387  1   34.473   34.473  1
    5.0    5.0  1    9.387    9.387  1   34.473   34.473  1
    6.0    6.0  1    9.388    9.388  1   34.473   34.473  1
    7.0    7.0  1    9.388    9.388  1   34.473   34.473  1
    8.0    8.0  1    9.388    9.388  1   34.473   34.473  1
    9.0    9.0  1    9.388    9.388  1   34.473   34.473  1
   10.0   10.0  1    9.388    9.388  1   34.473   34.473  1
   10.7   10.7  1    9.388    9.388  1   34.473   34.473  1
   12.0   12.0  1    9.388    9.388  1   34.473   34.473  1
   14.0   14.0  1    9.388    9.388  1   34.473   34.473  1
   16.0   16.0  1    9.389    9.389  1   34.473   34.473  1
   17.9   17.9  1    9.389    9.389  1   34.473   34.473  1
   20.0   20.0  1    9.389    9.389  1   34.473   34.473  1
   22.0   22.0  1    9.386    9.386  1   34.472   34.472  1
   24.0   24.0  1    9.377    9.377  1   34.473   34.473  1
   25.9   25.9  1    9.379    9.379  1   34.472   34.472  1
   28.0   28.0  1    9.367    9.367  1   34.472   34.472  1
   30.0   30.0  1    9.344    9.344  1   34.474   34.474  1
   32.0   32.0  1    9.310    9.310  1   34.473   34.473  1
   33.9   33.9  1    9.287    9.287  1   34.472   34.472  1
   36.0   36.0  1    9.281    9.281  1   34.471   34.471  1
   37.9   37.9  1    9.278    9.278  1   34.471   34.471  1
   40.0   40.0  1    9.277    9.277  1   34.471   34.471  1
   42.0   42.0  1    9.275    9.275  1   34.471   34.471  1
   44.0   44.0  1    9.273    9.273  1   34.471   34.471  1
   46.0   46.0  1    9.271    9.271  1   34.471   34.471  1
   48.0   48.0  1    9.271    9.271  1   34.471   34.471  1
   50.0   50.0  1    9.271    9.271  1   34.472   34.472  1
   52.0   52.0  1    9.272    9.272  1   34.472   34.472  1
   54.1   54.1  1    9.272    9.272  1   34.472   34.472  1
   56.1   56.1  1    9.270    9.270  1   34.472   34.472  1
   58.0   58.0  1    9.269    9.269  1   34.472   34.472  1
   60.0   60.0  1    9.265    9.265  1   34.472   34.472  1
   62.0   62.0  1    9.262    9.262  1   34.472   34.472  1
   64.1   64.1  1    9.254    9.254  1   34.472   34.472  1
   66.0   66.0  1    9.244    9.244  1   34.472   34.472  1
   68.0   68.0  1    9.230    9.230  1   34.471   34.471  1
   70.0   70.0  1    9.225    9.225  1   34.470   34.470  1
   71.9   71.9  1    9.204    9.204  1   34.472   34.472  1
   74.0   74.0  1    9.190    9.190  1   34.470   34.470  1
   76.0   76.0  1    9.176    9.176  1   34.471   34.471  1
   78.0   78.0  1    9.161    9.161  1   34.472   34.472  1
   79.9   79.9  1    9.158    9.158  1   34.473   34.473  1
   81.9   81.9  1    9.156    9.156  1   34.473   34.473  1
   84.0   84.0  1    9.152    9.152  1   34.474   34.474  1
   86.1   86.1  1    9.140    9.140  1   34.477   34.477  1
   88.0   88.0  1    9.137    9.137  1   34.478   34.478  1
   90.0   90.0  1    9.137    9.137  1   34.478   34.478  1
   92.0   92.0  1    9.135    9.135  1   34.480   34.480  1
   94.0   94.0  1    9.134    9.134  1   34.483   34.483  1
   96.0   96.0  1    9.135    9.135  1   34.484   34.484  1
   98.0   98.0  1    9.134    9.134  1   34.485   34.485  1
  100.0  100.0  1    9.111    9.111  1   34.486   34.486  1
  102.0  102.0  1    9.070    9.070  1   34.484   34.484  1
  104.0  104.0  1    8.977    8.977  1   34.489   34.489  1
  106.0  106.0  1    8.885    8.885  1   34.489   34.489  1
  108.0  108.0  1    8.824    8.824  1   34.491   34.491  1
  110.0  110.0  1    8.781    8.781  1   34.496   34.496  1
  112.0  112.0  1    8.727    8.727  1   34.500   34.500  1
  114.0  114.0  1    8.694    8.694  1   34.502   34.502  1
  116.0  116.0  1    8.712    8.712  1   34.510   34.510  1
  118.0  118.0  1    8.730    8.730  1   34.515   34.515  1
  119.9  119.9  1    8.744    8.744  1   34.520   34.520  1
  122.0  122.0  1    8.745    8.745  1   34.522   34.522  1
  124.0  124.0  1    8.748    8.748  1   34.523   34.523  1
  126.0  126.0  1    8.759    8.759  1   34.526   34.526  1
  128.0  128.0  1    8.770    8.770  1   34.529   34.529  1
  130.1  130.1  1    8.777    8.777  1   34.531   34.531  1
  132.0  132.0  1    8.780    8.780  1   34.532   34.532  1
  134.0  134.0  1    8.780    8.780  1   34.532   34.532  1
  136.0  136.0  1    8.780    8.780  1   34.532   34.532  1
  138.1  138.1  1    8.780    8.780  1   34.532   34.532  1
  140.0  140.0  1    8.780    8.780  1   34.532   34.532  1
  142.0  142.0  1    8.780    8.780  1   34.531   34.531  1
  143.9  143.9  1    8.777    8.777  1   34.531   34.531  1
  146.0  146.0  1    8.773    8.773  1   34.530   34.530  1
  148.0  148.0  1    8.770    8.770  1   34.529   34.529  1
  150.0  150.0  1    8.769    8.769  1   34.529   34.529  1
  152.0  152.0  1    8.756    8.756  1   34.527   34.527  1
  154.1  154.1  1    8.736    8.736  1   34.525   34.525  1
  156.0  156.0  1    8.723    8.723  1   34.523   34.523  1
  158.0  158.0  1    8.713    8.713  1   34.521   34.521  1
  160.0  160.0  1    8.697    8.697  1   34.519   34.519  1
  162.0  162.0  1    8.686    8.686  1   34.516   34.516  1
  164.0  164.0  1    8.667    8.667  1   34.514   34.514  1
  166.0  166.0  1    8.640    8.640  1   34.510   34.510  1
  168.0  168.0  1    8.621    8.621  1   34.507   34.507  1
  170.0  170.0  1    8.598    8.598  1   34.503   34.503  1
  172.0  172.0  1    8.575    8.575  1   34.500   34.500  1
  174.0  174.0  1    8.559    8.559  1   34.498   34.498  1
  176.0  176.0  1    8.540    8.540  1   34.494   34.494  1
  178.0  178.0  1    8.535    8.535  1   34.493   34.493  1
  180.0  180.0  1    8.518    8.518  1   34.491   34.491  1
  182.0  182.0  1    8.483    8.483  1   34.486   34.486  1
  184.0  184.0  1    8.460    8.460  1   34.482   34.482  1
  186.0  186.0  1    8.433    8.433  1   34.477   34.477  1
  188.0  188.0  1    8.408    8.408  1   34.474   34.474  1
  190.0  190.0  1    8.384    8.384  1   34.470   34.470  1
  192.0  192.0  1    8.350    8.350  1   34.467   34.467  1
  194.0  194.0  1    8.320    8.320  1   34.462   34.462  1
  196.0  196.0  1    8.303    8.303  1   34.459   34.459  1
  198.0  198.0  1    8.279    8.279  1   34.456   34.456  1
  200.0  200.0  1    8.258    8.258  1   34.452   34.452  1
  202.0  202.0  1    8.243    8.243  1   34.449   34.449  1
  204.0  204.0  1    8.207    8.207  1   34.445   34.445  1
  206.0  206.0  1    8.177    8.177  1   34.440   34.440  1
  208.0  208.0  1    8.164    8.164  1   34.438   34.438  1
  210.0  210.0  1    8.145    8.145  1   34.436   34.436  1
  212.0  212.0  1    8.129    8.129  1   34.433   34.433  1
  214.1  214.1  1    8.112    8.112  1   34.431   34.431  1
  216.0  216.0  1    8.075    8.075  1   34.426   34.426  1
  218.0  218.0  1    8.053    8.053  1   34.423   34.423  1
  220.0  220.0  1    8.021    8.021  1   34.419   34.419  1
  222.0  222.0  1    8.001    8.001  1   34.415   34.415  1
  224.0  224.0  1    7.984    7.984  1   34.413   34.413  1
  226.0  226.0  1    7.967    7.967  1   34.411   34.411  1
  228.0  228.0  1    7.941    7.941  1   34.408   34.408  1
  230.0  230.0  1    7.896    7.896  1   34.402   34.402  1
  232.0  232.0  1    7.885    7.885  1   34.400   34.400  1
  234.0  234.0  1    7.858    7.858  1   34.397   34.397  1
  236.0  236.0  1    7.843    7.843  1   34.395   34.395  1
  238.0  238.0  1    7.838    7.838  1   34.394   34.394  1
  240.0  240.0  1    7.823    7.823  1   34.393   34.393  1
  242.0  242.0  1    7.811    7.811  1   34.392   34.392  1
  244.0  244.0  1    7.805    7.805  1   34.391   34.391  1
  246.0  246.0  1    7.803    7.803  1   34.391   34.391  1
  248.0  248.0  1    7.802    7.802  1   34.392   34.392  1
  250.0  250.0  1    7.801    7.801  1   34.392   34.392  1
  252.0  252.0  1    7.803    7.803  1   34.393   34.393  1
  254.0  254.0  1    7.800    7.800  1   34.394   34.394  1
  256.0  256.0  1    7.806    7.806  1   34.397   34.397  1
  258.0  258.0  1    7.801    7.801  1   34.397   34.397  1
  260.1  260.1  1    7.790    7.790  1   34.395   34.395  1
  262.0  262.0  1    7.789    7.789  1   34.395   34.395  1
  264.0  264.0  1    7.789    7.789  1   34.395   34.395  1
  266.0  266.0  1    7.786    7.786  1   34.394   34.394  1
  268.0  268.0  1    7.756    7.756  1   34.392   34.392  1
  270.0  270.0  1    7.744    7.744  1   34.391   34.391  1
  272.0  272.0  1    7.730    7.730  1   34.391   34.391  1
  274.0  274.0  1    7.755    7.755  1   34.395   34.395  1
  276.0  276.0  1    7.753    7.753  1   34.398   34.398  1
  278.0  278.0  1    7.740    7.740  1   34.396   34.396  1
  280.0  280.0  1    7.732    7.732  1   34.396   34.396  1
  282.0  282.0  1    7.725    7.725  1   34.395   34.395  1
  284.0  284.0  1    7.724    7.724  1   34.395   34.395  1
  286.0  286.0  1    7.714    7.714  1   34.394   34.394  1
  288.0  288.0  1    7.691    7.691  1   34.391   34.391  1
  290.0  290.0  1    7.617    7.617  1   34.384   34.384  1
  292.0  292.0  1    7.595    7.595  1   34.379   34.379  1
  294.0  294.0  1    7.604    7.604  1   34.380   34.380  1
  296.0  296.0  1    7.617    7.617  1   34.383   34.383  1
  298.0  298.0  1    7.590    7.590  1   34.380   34.380  1
  300.0  300.0  1    7.558    7.558  1   34.377   34.377  1
  302.0  302.0  1    7.535    7.535  1   34.374   34.374  1
  304.0  304.0  1    7.521    7.521  1   34.372   34.372  1
  306.0  306.0  1    7.515    7.515  1   34.371   34.371  1
  308.0  308.0  1    7.513    7.513  1   34.370   34.370  1
  310.0  310.0  1    7.495    7.495  1   34.370   34.370  1
  312.0  312.0  1    7.499    7.499  1   34.371   34.371  1
  314.0  314.0  1    7.498    7.498  1   34.371   34.371  1
  316.0  316.0  1    7.501    7.501  1   34.372   34.372  1
  318.0  318.0  1    7.523    7.523  1   34.376   34.376  1
  320.0  320.0  1    7.499    7.499  1   34.374   34.374  1
  322.0  322.0  1    7.472    7.472  1   34.371   34.371  1
  324.0  324.0  1    7.475    7.475  1   34.372   34.372  1
  326.0  326.0  1    7.500    7.500  1   34.375   34.375  1
  328.0  328.0  1    7.525    7.525  1   34.383   34.383  1
  330.1  330.1  1    7.521    7.521  1   34.384   34.384  1
  332.0  332.0  1    7.585    7.585  1   34.391   34.391  1
  334.0  334.0  1    7.627    7.627  1   34.403   34.403  1
  336.0  336.0  1    7.621    7.621  1   34.405   34.405  1
  338.0  338.0  1    7.623    7.623  1   34.405   34.405  1
  340.0  340.0  1    7.634    7.634  1   34.407   34.407  1
  342.0  342.0  1    7.643    7.643  1   34.409   34.409  1
  344.1  344.1  1    7.644    7.644  1   34.409   34.409  1
  346.0  346.0  1    7.642    7.642  1   34.410   34.410  1
  348.0  348.0  1    7.637    7.637  1   34.409   34.409  1
  350.0  350.0  1    7.641    7.641  1   34.411   34.411  1
  352.0  352.0  1    7.643    7.643  1   34.413   34.413  1
  354.0  354.0  1    7.642    7.642  1   34.413   34.413  1
  356.0  356.0  1    7.639    7.639  1   34.412   34.412  1
  358.0  358.0  1    7.616    7.616  1   34.409   34.409  1
  360.0  360.0  1    7.605    7.605  1   34.408   34.408  1
  362.0  362.0  1    7.600    7.600  1   34.408   34.408  1
  364.0  364.0  1    7.599    7.599  1   34.408   34.408  1
  366.0  366.0  1    7.587    7.587  1   34.407   34.407  1
  368.0  368.0  1    7.584    7.584  1   34.406   34.406  1
  370.0  370.0  1    7.575    7.575  1   34.406   34.406  1
  372.0  372.0  1    7.574    7.574  1   34.405   34.405  1
  373.9  373.9  1    7.575    7.575  1   34.407   34.407  1
  376.0  376.0  1    7.568    7.568  1   34.406   34.406  1
  378.0  378.0  1    7.565    7.565  1   34.405   34.405  1
  380.0  380.0  1    7.560    7.560  1   34.406   34.406  1
  382.0  382.0  1    7.552    7.552  1   34.405   34.405  1
  384.0  384.0  1    7.546    7.546  1   34.405   34.405  1
  386.0  386.0  1    7.542    7.542  1   34.404   34.404  1
  388.0  388.0  1    7.540    7.540  1   34.404   34.404  1
  390.0  390.0  1    7.539    7.539  1   34.404   34.404  1
  392.0  392.0  1    7.538    7.538  1   34.404   34.404  1
  394.0  394.0  1    7.533    7.533  1   34.403   34.403  1
  396.0  396.0  1    7.529    7.529  1   34.403   34.403  1
  398.0  398.0  1    7.528    7.528  1   34.403   34.403  1
  400.0  400.0  1    7.525    7.525  1   34.403   34.403  1
  402.0  402.0  1    7.522    7.522  1   34.403   34.403  1
  404.0  404.0  1    7.520    7.520  1   34.403   34.403  1
  406.0  406.0  1    7.515    7.515  1   34.403   34.403  1
  408.0  408.0  1    7.499    7.499  1   34.401   34.401  1
  410.0  410.0  1    7.488    7.488  1   34.400   34.400  1
  412.0  412.0  1    7.484    7.484  1   34.399   34.399  1
  414.0  414.0  1    7.483    7.483  1   34.399   34.399  1
  416.0  416.0  1    7.477    7.477  1   34.400   34.400  1
  418.0  418.0  1    7.473    7.473  1   34.399   34.399  1
  420.0  420.0  1    7.465    7.465  1   34.398   34.398  1
  422.0  422.0  1    7.461    7.461  1   34.398   34.398  1
  424.0  424.0  1    7.457    7.457  1   34.397   34.397  1
  426.0  426.0  1    7.448    7.448  1   34.396   34.396  1
  428.1  428.1  1    7.438    7.438  1   34.396   34.396  1
  430.1  430.1  1    7.424    7.424  1   34.394   34.394  1
  432.0  432.0  1    7.414    7.414  1   34.392   34.392  1
  434.0  434.0  1    7.410    7.410  1   34.391   34.391  1
  436.0  436.0  1    7.396    7.396  1   34.390   34.390  1
  438.0  438.0  1    7.380    7.380  1   34.387   34.387  1
  440.0  440.0  1    7.372    7.372  1   34.385   34.385  1
  442.0  442.0  1    7.365    7.365  1   34.384   34.384  1
  444.0  444.0  1    7.359    7.359  1   34.384   34.384  1
  446.0  446.0  1    7.359    7.359  1   34.383   34.383  1
  448.0  448.0  1    7.344    7.344  1   34.382   34.382  1
  450.0  450.0  1    7.327    7.327  1   34.381   34.381  1
  452.0  452.0  1    7.311    7.311  1   34.379   34.379  1
  454.0  454.0  1    7.305    7.305  1   34.378   34.378  1
  456.0  456.0  1    7.295    7.295  1   34.377   34.377  1
  458.0  458.0  1    7.250    7.250  1   34.371   34.371  1
  460.0  460.0  1    7.235    7.235  1   34.368   34.368  1
  462.0  462.0  1    7.234    7.234  1   34.368   34.368  1
  463.9  463.9  1    7.233    7.233  1   34.369   34.369  1
  466.0  466.0  1    7.239    7.239  1   34.370   34.370  1
  468.1  468.1  1    7.253    7.253  1   34.374   34.374  1
  470.0  470.0  1    7.260    7.260  1   34.375   34.375  1
  472.0  472.0  1    7.260    7.260  1   34.376   34.376  1
  474.0  474.0  1    7.259    7.259  1   34.377   34.377  1
  476.0  476.0  1    7.254    7.254  1   34.376   34.376  1
  478.0  478.0  1    7.243    7.243  1   34.375   34.375  1
  480.0  480.0  1    7.233    7.233  1   34.375   34.375  1
  482.0  482.0  1    7.227    7.227  1   34.374   34.374  1
  484.1  484.1  1    7.221    7.221  1   34.374   34.374  1
  486.0  486.0  1    7.220    7.220  1   34.374   34.374  1
  488.0  488.0  1    7.211    7.211  1   34.373   34.373  1
  490.0  490.0  1    7.203    7.203  1   34.372   34.372  1
  492.0  492.0  1    7.197    7.197  1   34.372   34.372  1
  494.0  494.0  1    7.185    7.185  1   34.371   34.371  1
  496.0  496.0  1    7.182    7.182  1   34.371   34.371  1
  498.0  498.0  1    7.187    7.187  1   34.371   34.371  1
  500.0  500.0  1    7.180    7.180  1   34.372   34.372  1
  502.0  502.0  1    7.158    7.158  1   34.369   34.369  1
  504.0  504.0  1    7.160    7.160  1   34.368   34.368  1
  506.0  506.0  1    7.160    7.160  1   34.370   34.370  1
  508.0  508.0  1    7.152    7.152  1   34.369   34.369  1
  510.0  510.0  1    7.140    7.140  1   34.368   34.368  1
  512.0  512.0  1    7.136    7.136  1   34.368   34.368  1
  514.0  514.0  1    7.132    7.132  1   34.367   34.367  1
  516.0  516.0  1    7.136    7.136  1   34.367   34.367  1
  518.0  518.0  1    7.151    7.151  1   34.372   34.372  1
  520.0  520.0  1    7.140    7.140  1   34.371   34.371  1
  522.0  522.0  1    7.123    7.123  1   34.369   34.369  1
  524.0  524.0  1    7.087    7.087  1   34.366   34.366  1
  526.0  526.0  1    7.061    7.061  1   34.363   34.363  1
  528.0  528.0  1    7.056    7.056  1   34.361   34.361  1
  530.0  530.0  1    7.083    7.083  1   34.365   34.365  1
  532.0  532.0  1    7.103    7.103  1   34.372   34.372  1
  534.0  534.0  1    7.090    7.090  1   34.370   34.370  1
  536.0  536.0  1    7.081    7.081  1   34.369   34.369  1
  538.0  538.0  1    7.083    7.083  1   34.370   34.370  1
  540.0  540.0  1    7.061    7.061  1   34.368   34.368  1
  542.0  542.0  1    7.016    7.016  1   34.362   34.362  1
  544.0  544.0  1    7.013    7.013  1   34.361   34.361  1
  546.0  546.0  1    7.012    7.012  1   34.361   34.361  1
  548.0  548.0  1    6.992    6.992  1   34.360   34.360  1
  550.0  550.0  1    6.970    6.970  1   34.357   34.357  1
  552.0  552.0  1    6.964    6.964  1   34.356   34.356  1
  554.0  554.0  1    6.962    6.962  1   34.357   34.357  1
  556.0  556.0  1    6.959    6.959  1   34.356   34.356  1
  558.0  558.0  1    6.949    6.949  1   34.357   34.357  1
  560.0  560.0  1    6.946    6.946  1   34.356   34.356  1
  562.0  562.0  1    6.936    6.936  1   34.356   34.356  1
  564.0  564.0  1    6.925    6.925  1   34.355   34.355  1
  566.0  566.0  1    6.924    6.924  1   34.355   34.355  1
  568.0  568.0  1    6.918    6.918  1   34.355   34.355  1
  570.0  570.0  1    6.912    6.912  1   34.355   34.355  1
  572.0  572.0  1    6.906    6.906  1   34.355   34.355  1
  574.0  574.0  1    6.889    6.889  1   34.355   34.355  1
  576.0  576.0  1    6.875    6.875  1   34.353   34.353  1
  578.0  578.0  1    6.862    6.862  1   34.352   34.352  1
  580.0  580.0  1    6.839    6.839  1   34.349   34.349  1
  582.0  582.0  1    6.830    6.830  1   34.348   34.348  1
  584.0  584.0  1    6.821    6.821  1   34.348   34.348  1
  586.0  586.0  1    6.816    6.816  1   34.347   34.347  1
  588.0  588.0  1    6.807    6.807  1   34.347   34.347  1
  590.0  590.0  1    6.794    6.794  1   34.346   34.346  1
  592.0  592.0  1    6.795    6.795  1   34.346   34.346  1
  594.0  594.0  1    6.798    6.798  1   34.347   34.347  1
  596.0  596.0  1    6.786    6.786  1   34.348   34.348  1
  598.0  598.0  1    6.764    6.764  1   34.346   34.346  1
  600.0  600.0  1    6.754    6.754  1   34.346   34.346  1
  602.0  602.0  1    6.743    6.743  1   34.345   34.345  1
  604.1  604.1  1    6.742    6.742  1   34.346   34.346  1
  606.1  606.1  1    6.738    6.738  1   34.346   34.346  1
  608.0  608.0  1    6.723    6.723  1   34.345   34.345  1
  610.0  610.0  1    6.712    6.712  1   34.344   34.344  1
  612.0  612.0  1    6.704    6.704  1   34.343   34.343  1
  614.0  614.0  1    6.683    6.683  1   34.341   34.341  1
  616.0  616.0  1    6.650    6.650  1   34.338   34.338  1
  618.0  618.0  1    6.640    6.640  1   34.336   34.336  1
  620.0  620.0  1    6.660    6.660  1   34.343   34.343  1
  622.0  622.0  1    6.655    6.655  1   34.342   34.342  1
  624.0  624.0  1    6.651    6.651  1   34.342   34.342  1
  626.0  626.0  1    6.624    6.624  1   34.341   34.341  1
  628.0  628.0  1    6.619    6.619  1   34.342   34.342  1
  630.0  630.0  1    6.637    6.637  1   34.346   34.346  1
  632.0  632.0  1    6.635    6.635  1   34.347   34.347  1
  634.0  634.0  1    6.628    6.628  1   34.347   34.347  1
  636.0  636.0  1    6.623    6.623  1   34.346   34.346  1
  638.0  638.0  1    6.613    6.613  1   34.346   34.346  1
  640.0  640.0  1    6.610    6.610  1   34.345   34.345  1
  642.0  642.0  1    6.611    6.611  1   34.345   34.345  1
  644.0  644.0  1    6.612    6.612  1   34.347   34.347  1
  646.0  646.0  1    6.607    6.607  1   34.346   34.346  1
  648.0  648.0  1    6.590    6.590  1   34.345   34.345  1
  650.1  650.1  1    6.549    6.549  1   34.341   34.341  1
  652.0  652.0  1    6.542    6.542  1   34.339   34.339  1
  654.0  654.0  1    6.534    6.534  1   34.337   34.337  1
  656.0  656.0  1    6.508    6.508  1   34.336   34.336  1
  657.9  657.9  1    6.469    6.469  1   34.332   34.332  1
  660.0  660.0  1    6.449    6.449  1   34.328   34.328  1
  662.0  662.0  1    6.434    6.434  1   34.327   34.327  1
  664.0  664.0  1    6.426    6.426  1   34.326   34.326  1
  666.0  666.0  1    6.416    6.416  1   34.326   34.326  1
  668.0  668.0  1    6.403    6.403  1   34.325   34.325  1
  670.0  670.0  1    6.393    6.393  1   34.325   34.325  1
  672.0  672.0  1    6.383    6.383  1   34.324   34.324  1
  673.9  673.9  1    6.347    6.347  1   34.322   34.322  1
  676.0  676.0  1    6.321    6.321  1   34.318   34.318  1
  678.0  678.0  1    6.307    6.307  1   34.317   34.317  1
  680.0  680.0  1    6.297    6.297  1   34.316   34.316  1
  682.0  682.0  1    6.294    6.294  1   34.316   34.316  1
  684.0  684.0  1    6.293    6.293  1   34.316   34.316  1
  686.0  686.0  1    6.276    6.276  1   34.317   34.317  1
  688.0  688.0  1    6.266    6.266  1   34.317   34.317  1
  690.0  690.0  1    6.255    6.255  1   34.316   34.316  1
  692.0  692.0  1    6.234    6.234  1   34.315   34.315  1
  694.0  694.0  1    6.221    6.221  1   34.313   34.313  1
  696.0  696.0  1    6.216    6.216  1   34.314   34.314  1
  698.0  698.0  1    6.220    6.220  1   34.315   34.315  1
  700.0  700.0  1    6.225    6.225  1   34.319   34.319  1
  702.0  702.0  1    6.219    6.219  1   34.320   34.320  1
  704.0  704.0  1    6.211    6.211  1   34.320   34.320  1
  706.0  706.0  1    6.212    6.212  1   34.321   34.321  1
  708.1  708.1  1    6.222    6.222  1   34.325   34.325  1
  710.0  710.0  1    6.224    6.224  1   34.327   34.327  1
  712.0  712.0  1    6.212    6.212  1   34.327   34.327  1
  714.0  714.0  1    6.199    6.199  1   34.327   34.327  1
  716.0  716.0  1    6.180    6.180  1   34.325   34.325  1
  718.0  718.0  1    6.178    6.178  1   34.325   34.325  1
  720.0  720.0  1    6.164    6.164  1   34.326   34.326  1
  722.0  722.0  1    6.148    6.148  1   34.325   34.325  1
  724.0  724.0  1    6.143    6.143  1   34.324   34.324  1
  726.0  726.0  1    6.126    6.126  1   34.323   34.323  1
  728.1  728.1  1    6.087    6.087  1   34.320   34.320  1
  730.1  730.1  1    6.083    6.083  1   34.317   34.317  1
  732.0  732.0  1    6.063    6.063  1   34.316   34.316  1
  734.0  734.0  1    6.044    6.044  1   34.315   34.315  1
  736.0  736.0  1    6.013    6.013  1   34.313   34.313  1
  738.0  738.0  1    5.997    5.997  1   34.311   34.311  1
  740.0  740.0  1    5.988    5.988  1   34.310   34.310  1
  742.1  742.1  1    5.976    5.976  1   34.310   34.310  1
  744.0  744.0  1    5.966    5.966  1   34.311   34.311  1
  746.0  746.0  1    5.956    5.956  1   34.313   34.313  1
  748.1  748.1  1    5.958    5.958  1   34.316   34.316  1
  750.1  750.1  1    5.957    5.957  1   34.317   34.317  1
  752.0  752.0  1    5.946    5.946  1   34.317   34.317  1
  754.0  754.0  1    5.942    5.942  1   34.317   34.317  1
  756.0  756.0  1    5.937    5.937  1   34.318   34.318  1
  758.0  758.0  1    5.924    5.924  1   34.318   34.318  1
  760.0  760.0  1    5.908    5.908  1   34.317   34.317  1
  762.0  762.0  1    5.900    5.900  1   34.317   34.317  1
  764.1  764.1  1    5.885    5.885  1   34.317   34.317  1
  766.0  766.0  1    5.867    5.867  1   34.315   34.315  1
  768.0  768.0  1    5.859    5.859  1   34.315   34.315  1
  770.0  770.0  1    5.854    5.854  1   34.315   34.315  1
  772.0  772.0  1    5.853    5.853  1   34.316   34.316  1
  774.0  774.0  1    5.852    5.852  1   34.317   34.317  1
  776.0  776.0  1    5.850    5.850  1   34.316   34.316  1
  778.0  778.0  1    5.848    5.848  1   34.316   34.316  1
  779.9  779.9  1    5.844    5.844  1   34.316   34.316  1
  782.0  782.0  1    5.813    5.813  1   34.315   34.315  1
  784.0  784.0  1    5.795    5.795  1   34.314   34.314  1
  786.0  786.0  1    5.791    5.791  1   34.313   34.313  1
  787.9  787.9  1    5.780    5.780  1   34.313   34.313  1
  790.0  790.0  1    5.761    5.761  1   34.311   34.311  1
  792.0  792.0  1    5.717    5.717  1   34.308   34.308  1
  794.0  794.0  1    5.682    5.682  1   34.303   34.303  1
  796.0  796.0  1    5.671    5.671  1   34.302   34.302  1
  798.0  798.0  1    5.666    5.666  1   34.302   34.302  1
  800.0  800.0  1    5.670    5.670  1   34.303   34.303  1
  802.0  802.0  1    5.680    5.680  1   34.305   34.305  1
  804.0  804.0  1    5.659    5.659  1   34.306   34.306  1
  806.0  806.0  1    5.634    5.634  1   34.301   34.301  1
  808.0  808.0  1    5.624    5.624  1   34.300   34.300  1
  810.0  810.0  1    5.600    5.600  1   34.300   34.300  1
  812.0  812.0  1    5.578    5.578  1   34.297   34.297  1
  814.0  814.0  1    5.574    5.574  1   34.297   34.297  1
  816.0  816.0  1    5.572    5.572  1   34.297   34.297  1
  818.0  818.0  1    5.562    5.562  1   34.297   34.297  1
  820.0  820.0  1    5.551    5.551  1   34.297   34.297  1
  822.0  822.0  1    5.549    5.549  1   34.297   34.297  1
  824.0  824.0  1    5.548    5.548  1   34.298   34.298  1
  826.0  826.0  1    5.542    5.542  1   34.299   34.299  1
  828.0  828.0  1    5.530    5.530  1   34.300   34.300  1
  830.0  830.0  1    5.523    5.523  1   34.301   34.301  1
  832.0  832.0  1    5.529    5.529  1   34.304   34.304  1
  834.0  834.0  1    5.523    5.523  1   34.306   34.306  1
  836.0  836.0  1    5.513    5.513  1   34.306   34.306  1
  838.0  838.0  1    5.506    5.506  1   34.306   34.306  1
  840.0  840.0  1    5.492    5.492  1   34.307   34.307  1
  842.0  842.0  1    5.466    5.466  1   34.305   34.305  1
  844.0  844.0  1    5.453    5.453  1   34.305   34.305  1
  846.0  846.0  1    5.453    5.453  1   34.308   34.308  1
  848.1  848.1  1    5.450    5.450  1   34.309   34.309  1
  850.0  850.0  1    5.448    5.448  1   34.309   34.309  1
  852.0  852.0  1    5.445    5.445  1   34.309   34.309  1
  854.0  854.0  1    5.441    5.441  1   34.309   34.309  1
  856.0  856.0  1    5.433    5.433  1   34.309   34.309  1
  858.1  858.1  1    5.421    5.421  1   34.308   34.308  1
  860.0  860.0  1    5.409    5.409  1   34.308   34.308  1
  862.0  862.0  1    5.403    5.403  1   34.308   34.308  1
  864.0  864.0  1    5.394    5.394  1   34.307   34.307  1
  866.0  866.0  1    5.379    5.379  1   34.308   34.308  1
  868.0  868.0  1    5.369    5.369  1   34.307   34.307  1
  870.0  870.0  1    5.343    5.343  1   34.307   34.307  1
  871.9  871.9  1    5.329    5.329  1   34.305   34.305  1
  874.0  874.0  1    5.312    5.312  1   34.304   34.304  1
  876.0  876.0  1    5.292    5.292  1   34.303   34.303  1
  878.0  878.0  1    5.260    5.260  1   34.304   34.304  1
  880.0  880.0  1    5.241    5.241  1   34.303   34.303  1
  882.0  882.0  1    5.229    5.229  1   34.303   34.303  1
  884.0  884.0  1    5.209    5.209  1   34.302   34.302  1
  885.9  885.9  1    5.190    5.190  1   34.302   34.302  1
  888.0  888.0  1    5.174    5.174  1   34.302   34.302  1
  890.1  890.1  1    5.154    5.154  1   34.302   34.302  1
  892.1  892.1  1    5.141    5.141  1   34.302   34.302  1
  894.0  894.0  1    5.137    5.137  1   34.301   34.301  1
  896.0  896.0  1    5.134    5.134  1   34.301   34.301  1
  898.0  898.0  1    5.123    5.123  1   34.302   34.302  1
  900.0  900.0  1    5.113    5.113  1   34.301   34.301  1
  902.0  902.0  1    5.099    5.099  1   34.302   34.302  1
  904.0  904.0  1    5.094    5.094  1   34.301   34.301  1
  906.0  906.0  1    5.090    5.090  1   34.301   34.301  1
  908.0  908.0  1    5.085    5.085  1   34.301   34.301  1
  910.1  910.1  1    5.076    5.076  1   34.301   34.301  1
  912.0  912.0  1    5.064    5.064  1   34.302   34.302  1
  914.0  914.0  1    5.049    5.049  1   34.302   34.302  1
  916.0  916.0  1    5.041    5.041  1   34.302   34.302  1
  917.9  917.9  1    5.019    5.019  1   34.302   34.302  1
  920.0  920.0  1    5.003    5.003  1   34.302   34.302  1
  922.0  922.0  1    4.990    4.990  1   34.302   34.302  1
  924.0  924.0  1    4.979    4.979  1   34.302   34.302  1
  926.0  926.0  1    4.974    4.974  1   34.302   34.302  1
  928.0  928.0  1    4.955    4.955  1   34.303   34.303  1
  930.0  930.0  1    4.946    4.946  1   34.303   34.303  1
  932.0  932.0  1    4.938    4.938  1   34.303   34.303  1
  934.0  934.0  1    4.933    4.933  1   34.303   34.303  1
  936.0  936.0  1    4.915    4.915  1   34.304   34.304  1
  938.0  938.0  1    4.899    4.899  1   34.303   34.303  1
  940.0  940.0  1    4.894    4.894  1   34.303   34.303  1
  942.0  942.0  1    4.892    4.892  1   34.303   34.303  1
  944.0  944.0  1    4.885    4.885  1   34.303   34.303  1
  945.9  945.9  1    4.877    4.877  1   34.303   34.303  1
  947.9  947.9  1    4.860    4.860  1   34.304   34.304  1
  950.0  950.0  1    4.838    4.838  1   34.305   34.305  1
  952.0  952.0  1    4.826    4.826  1   34.305   34.305  1
  954.0  954.0  1    4.823    4.823  1   34.304   34.304  1
  956.0  956.0  1    4.821    4.821  1   34.304   34.304  1
  958.0  958.0  1    4.810    4.810  1   34.305   34.305  1
  960.0  960.0  1    4.801    4.801  1   34.305   34.305  1
  962.0  962.0  1    4.798    4.798  1   34.306   34.306  1
  964.0  964.0  1    4.796    4.796  1   34.305   34.305  1
  966.0  966.0  1    4.791    4.791  1   34.307   34.307  1
  968.0  968.0  1    4.779    4.779  1   34.307   34.307  1
  969.9  969.9  1    4.776    4.776  1   34.307   34.307  1
  972.0  972.0  1    4.771    4.771  1   34.307   34.307  1
  974.0  974.0  1    4.767    4.767  1   34.307   34.307  1
  976.0  976.0  1    4.761    4.761  1   34.306   34.306  1
  978.0  978.0  1    4.743    4.743  1   34.308   34.308  1
  980.0  980.0  1    4.718    4.718  1   34.308   34.308  1
  982.0  982.0  1    4.712    4.712  1   34.308   34.308  1
  984.0  984.0  1    4.709    4.709  1   34.308   34.308  1
  986.0  986.0  1    4.704    4.704  1   34.307   34.307  1
  988.0  988.0  1    4.695    4.695  1   34.307   34.307  1
  989.9  989.9  1    4.693    4.693  1   34.307   34.307  1
  992.0  992.0  1    4.690    4.690  1   34.306   34.306  1
  994.0  994.0  1    4.672    4.672  1   34.308   34.308  1
  996.1  996.1  1    4.634    4.634  1   34.305   34.305  1
  998.0  998.0  1    4.609    4.609  1   34.308   34.308  1
 1000.0 1000.0  1    4.602    4.602  1   34.308   34.308  1
 1002.0 1002.0  1    4.600    4.600  1   34.308   34.308  1
 1004.0 1004.0  1    4.592    4.592  1   34.308   34.308  1
 1006.0 1006.0  1    4.589    4.589  1   34.307   34.307  1
 1008.0 1008.0  1    4.575    4.575  1   34.308   34.308  1
 1009.9 1009.9  1    4.564    4.564  1   34.307   34.307  1
 1012.0 1012.0  1    4.559    4.559  1   34.306   34.306  1
 1014.0 1014.0  1    4.525    4.525  1   34.308   34.308  1
 1016.0 1016.0  1    4.507    4.507  1   34.306   34.306  1
 1018.0 1018.0  1    4.498    4.498  1   34.305   34.305  1
 1020.0 1020.0  1    4.481    4.481  1   34.306   34.306  1
 1022.0 1022.0  1    4.471    4.471  1   34.305   34.305  1
 1024.0 1024.0  1    4.469    4.469  1   34.305   34.305  1
 1026.0 1026.0  1    4.458    4.458  1   34.304   34.304  1
 1028.0 1028.0  1    4.441    4.441  1   34.304   34.304  1
 1030.0 1030.0  1    4.423    4.423  1   34.303   34.303  1
 1032.0 1032.0  1    4.418    4.418  1   34.303   34.303  1
 1034.0 1034.0  1    4.402    4.402  1   34.303   34.303  1
 1036.0 1036.0  1    4.396    4.396  1   34.303   34.303  1
 1038.0 1038.0  1    4.392    4.392  1   34.304   34.304  1
 1040.0 1040.0  1    4.389    4.389  1   34.305   34.305  1
 1042.0 1042.0  1    4.384    4.384  1   34.306   34.306  1
 1044.0 1044.0  1    4.372    4.372  1   34.307   34.307  1
 1046.0 1046.0  1    4.364    4.364  1   34.307   34.307  1
 1048.0 1048.0  1    4.356    4.356  1   34.307   34.307  1
 1050.0 1050.0  1    4.347    4.347  1   34.307   34.307  1
 1052.0 1052.0  1    4.331    4.331  1   34.307   34.307  1
 1054.0 1054.0  1    4.319    4.319  1   34.306   34.306  1
 1056.0 1056.0  1    4.301    4.301  1   34.307   34.307  1
 1058.0 1058.0  1    4.284    4.284  1   34.308   34.308  1
 1060.0 1060.0  1    4.276    4.276  1   34.308   34.308  1
 1062.0 1062.0  1    4.259    4.259  1   34.310   34.310  1
 1064.0 1064.0  1    4.248    4.248  1   34.311   34.311  1
 1066.0 1066.0  1    4.242    4.242  1   34.312   34.312  1
 1068.0 1068.0  1    4.236    4.236  1   34.313   34.313  1
 1070.0 1070.0  1    4.234    4.234  1   34.313   34.313  1
 1072.0 1072.0  1    4.229    4.229  1   34.313   34.313  1
 1074.0 1074.0  1    4.210    4.210  1   34.314   34.314  1
 1076.0 1076.0  1    4.206    4.206  1   34.314   34.314  1
 1078.0 1078.0  1    4.201    4.201  1   34.318   34.318  1
 1080.0 1080.0  1    4.193    4.193  1   34.321   34.321  1
 1082.0 1082.0  1    4.192    4.192  1   34.321   34.321  1
 1084.0 1084.0  1    4.191    4.191  1   34.321   34.321  1
 1086.0 1086.0  1    4.180    4.180  1   34.324   34.324  1
 1088.0 1088.0  1    4.166    4.166  1   34.325   34.325  1
 1090.0 1090.0  1    4.157    4.157  1   34.326   34.326  1
 1092.0 1092.0  1    4.147    4.147  1   34.326   34.326  1
 1094.0 1094.0  1    4.135    4.135  1   34.328   34.328  1
 1096.0 1096.0  1    4.121    4.121  1   34.328   34.328  1
 1098.0 1098.0  1    4.114    4.114  1   34.328   34.328  1
 1100.0 1100.0  1    4.113    4.113  1   34.328   34.328  1
 1102.0 1102.0  1    4.107    4.107  1   34.329   34.329  1
 1104.0 1104.0  1    4.102    4.102  1   34.329   34.329  1
 1106.0 1106.0  1    4.085    4.085  1   34.330   34.330  1
 1108.0 1108.0  1    4.079    4.079  1   34.330   34.330  1
 1110.0 1110.0  1    4.074    4.074  1   34.330   34.330  1
 1112.0 1112.0  1    4.053    4.053  1   34.331   34.331  1
 1114.0 1114.0  1    4.042    4.042  1   34.332   34.332  1
 1116.0 1116.0  1    4.039    4.039  1   34.332   34.332  1
 1118.0 1118.0  1    4.034    4.034  1   34.332   34.332  1
 1120.0 1120.0  1    4.024    4.024  1   34.333   34.333  1
 1122.0 1122.0  1    4.015    4.015  1   34.333   34.333  1
 1124.0 1124.0  1    4.010    4.010  1   34.334   34.334  1
 1126.0 1126.0  1    3.998    3.998  1   34.335   34.335  1
 1128.0 1128.0  1    3.995    3.995  1   34.335   34.335  1
 1130.1 1130.1  1    3.990    3.990  1   34.336   34.336  1
 1132.0 1132.0  1    3.969    3.969  1   34.336   34.336  1
 1134.0 1134.0  1    3.960    3.960  1   34.336   34.336  1
 1136.0 1136.0  1    3.956    3.956  1   34.336   34.336  1
 1138.0 1138.0  1    3.954    3.954  1   34.337   34.337  1
 1140.0 1140.0  1    3.946    3.946  1   34.337   34.337  1
 1142.0 1142.0  1    3.938    3.938  1   34.338   34.338  1
 1144.0 1144.0  1    3.929    3.929  1   34.338   34.338  1
 1146.0 1146.0  1    3.926    3.926  1   34.339   34.339  1
 1148.0 1148.0  1    3.924    3.924  1   34.338   34.338  1
 1150.0 1150.0  1    3.908    3.908  1   34.341   34.341  1
 1152.0 1152.0  1    3.892    3.892  1   34.342   34.342  1
 1154.0 1154.0  1    3.876    3.876  1   34.343   34.343  1
 1156.0 1156.0  1    3.857    3.857  1   34.343   34.343  1
 1158.0 1158.0  1    3.850    3.850  1   34.343   34.343  1
 1160.0 1160.0  1    3.838    3.838  1   34.344   34.344  1
 1162.1 1162.1  1    3.832    3.832  1   34.344   34.344  1
 1164.0 1164.0  1    3.826    3.826  1   34.344   34.344  1
 1166.0 1166.0  1    3.822    3.822  1   34.344   34.344  1
 1168.0 1168.0  1    3.820    3.820  1   34.344   34.344  1
 1170.0 1170.0  1    3.811    3.811  1   34.344   34.344  1
 1172.0 1172.0  1    3.795    3.795  1   34.345   34.345  1
 1174.0 1174.0  1    3.777    3.777  1   34.345   34.345  1
 1176.0 1176.0  1    3.775    3.775  1   34.345   34.345  1
 1178.0 1178.0  1    3.772    3.772  1   34.345   34.345  1
 1180.0 1180.0  1    3.757    3.757  1   34.345   34.345  1
 1182.0 1182.0  1    3.744    3.744  1   34.345   34.345  1
 1184.1 1184.1  1    3.737    3.737  1   34.344   34.344  1
 1186.1 1186.1  1    3.722    3.722  1   34.345   34.345  1
 1188.0 1188.0  1    3.697    3.697  1   34.347   34.347  1
 1190.0 1190.0  1    3.678    3.678  1   34.348   34.348  1
 1192.0 1192.0  1    3.664    3.664  1   34.349   34.349  1
 1194.0 1194.0  1    3.660    3.660  1   34.349   34.349  1
 1196.0 1196.0  1    3.653    3.653  1   34.349   34.349  1
 1198.0 1198.0  1    3.649    3.649  1   34.349   34.349  1
 1200.0 1200.0  1    3.643    3.643  1   34.350   34.350  1
 1202.0 1202.0  1    3.639    3.639  1   34.350   34.350  1
 1204.0 1204.0  1    3.633    3.633  1   34.350   34.350  1
 1206.0 1206.0  1    3.629    3.629  1   34.350   34.350  1
 1208.0 1208.0  1    3.620    3.620  1   34.351   34.351  1
 1210.0 1210.0  1    3.602    3.602  1   34.353   34.353  1
 1212.0 1212.0  1    3.591    3.591  1   34.354   34.354  1
 1214.0 1214.0  1    3.583    3.583  1   34.355   34.355  1
 1216.0 1216.0  1    3.564    3.564  1   34.357   34.357  1
 1218.0 1218.0  1    3.554    3.554  1   34.357   34.357  1
 1220.0 1220.0  1    3.550    3.550  1   34.357   34.357  1
 1222.0 1222.0  1    3.547    3.547  1   34.358   34.358  1
 1224.0 1224.0  1    3.544    3.544  1   34.358   34.358  1
 1226.0 1226.0  1    3.539    3.539  1   34.358   34.358  1
 1228.0 1228.0  1    3.531    3.531  1   34.358   34.358  1
 1230.0 1230.0  1    3.530    3.530  1   34.359   34.359  1
 1232.0 1232.0  1    3.523    3.523  1   34.359   34.359  1
 1234.0 1234.0  1    3.520    3.520  1   34.359   34.359  1
 1236.0 1236.0  1    3.517    3.517  1   34.359   34.359  1
 1238.0 1238.0  1    3.507    3.507  1   34.360   34.360  1
 1240.0 1240.0  1    3.492    3.492  1   34.361   34.361  1
 1242.0 1242.0  1    3.485    3.485  1   34.362   34.362  1
 1244.0 1244.0  1    3.476    3.476  1   34.362   34.362  1
 1246.0 1246.0  1    3.463    3.463  1   34.363   34.363  1
 1248.0 1248.0  1    3.460    3.460  1   34.363   34.363  1
 1250.0 1250.0  1    3.457    3.457  1   34.363   34.363  1
 1252.0 1252.0  1    3.454    3.454  1   34.364   34.364  1
 1254.0 1254.0  1    3.449    3.449  1   34.364   34.364  1
 1256.0 1256.0  1    3.440    3.440  1   34.366   34.366  1
 1258.0 1258.0  1    3.432    3.432  1   34.367   34.367  1
 1260.0 1260.0  1    3.431    3.431  1   34.367   34.367  1
 1262.0 1262.0  1    3.428    3.428  1   34.367   34.367  1
 1264.0 1264.0  1    3.421    3.421  1   34.368   34.368  1
 1266.0 1266.0  1    3.416    3.416  1   34.368   34.368  1
 1268.0 1268.0  1    3.411    3.411  1   34.369   34.369  1
 1270.1 1270.1  1    3.407    3.407  1   34.369   34.369  1
 1272.0 1272.0  1    3.403    3.403  1   34.370   34.370  1
 1274.0 1274.0  1    3.400    3.400  1   34.370   34.370  1
 1276.0 1276.0  1    3.396    3.396  1   34.372   34.372  1
 1278.0 1278.0  1    3.390    3.390  1   34.373   34.373  1
 1280.0 1280.0  1    3.386    3.386  1   34.374   34.374  1
 1282.0 1282.0  1    3.381    3.381  1   34.375   34.375  1
 1284.0 1284.0  1    3.364    3.364  1   34.379   34.379  1
 1286.0 1286.0  1    3.362    3.362  1   34.380   34.380  1
 1288.0 1288.0  1    3.367    3.367  1   34.381   34.381  1
 1290.0 1290.0  1    3.375    3.375  1   34.384   34.384  1
 1292.0 1292.0  1    3.380    3.380  1   34.385   34.385  1
 1294.0 1294.0  1    3.386    3.386  1   34.388   34.388  1
 1296.0 1296.0  1    3.388    3.388  1   34.389   34.389  1
 1298.0 1298.0  1    3.384    3.384  1   34.389   34.389  1
 1300.0 1300.0  1    3.373    3.373  1   34.389   34.389  1
 1302.0 1302.0  1    3.359    3.359  1   34.389   34.389  1
 1304.0 1304.0  1    3.364    3.364  1   34.390   34.390  1
 1306.0 1306.0  1    3.363    3.363  1   34.390   34.390  1
 1308.0 1308.0  1    3.364    3.364  1   34.390   34.390  1
 1310.0 1310.0  1    3.366    3.366  1   34.390   34.390  1
 1312.0 1312.0  1    3.366    3.366  1   34.391   34.391  1
 1314.0 1314.0  1    3.347    3.347  1   34.391   34.391  1
 1316.0 1316.0  1    3.340    3.340  1   34.392   34.392  1
 1318.0 1318.0  1    3.340    3.340  1   34.393   34.393  1
 1320.0 1320.0  1    3.340    3.340  1   34.394   34.394  1
 1322.0 1322.0  1    3.340    3.340  1   34.394   34.394  1
 1324.0 1324.0  1    3.340    3.340  1   34.394   34.394  1
 1326.0 1326.0  1    3.341    3.341  1   34.394   34.394  1
 1328.0 1328.0  1    3.341    3.341  1   34.395   34.395  1
 1330.0 1330.0  1    3.340    3.340  1   34.395   34.395  1
 1332.0 1332.0  1    3.338    3.338  1   34.395   34.395  1
 1334.0 1334.0  1    3.331    3.331  1   34.398   34.398  1
 1336.0 1336.0  1    3.328    3.328  1   34.398   34.398  1
 1338.0 1338.0  1    3.324    3.324  1   34.399   34.399  1
 1340.0 1340.0  1    3.314    3.314  1   34.402   34.402  1
 1342.0 1342.0  1    3.293    3.293  1   34.406   34.406  1
 1344.0 1344.0  1    3.285    3.285  1   34.407   34.407  1
 1346.0 1346.0  1    3.281    3.281  1   34.408   34.408  1
 1348.0 1348.0  1    3.277    3.277  1   34.408   34.408  1
 1350.0 1350.0  1    3.276    3.276  1   34.409   34.409  1
 1352.0 1352.0  1    3.276    3.276  1   34.409   34.409  1
 1354.0 1354.0  1    3.275    3.275  1   34.409   34.409  1
 1356.0 1356.0  1    3.273    3.273  1   34.410   34.410  1
 1358.0 1358.0  1    3.268    3.268  1   34.411   34.411  1
 1360.0 1360.0  1    3.254    3.254  1   34.414   34.414  1
 1362.0 1362.0  1    3.249    3.249  1   34.414   34.414  1
 1364.0 1364.0  1    3.246    3.246  1   34.415   34.415  1
 1366.0 1366.0  1    3.246    3.246  1   34.415   34.415  1
 1368.0 1368.0  1    3.246    3.246  1   34.416   34.416  1
 1370.0 1370.0  1    3.246    3.246  1   34.416   34.416  1
 1372.0 1372.0  1    3.242    3.242  1   34.417   34.417  1
 1374.0 1374.0  1    3.236    3.236  1   34.419   34.419  1
 1376.0 1376.0  1    3.228    3.228  1   34.421   34.421  1
 1378.0 1378.0  1    3.226    3.226  1   34.421   34.421  1
 1380.0 1380.0  1    3.222    3.222  1   34.422   34.422  1
 1382.0 1382.0  1    3.219    3.219  1   34.422   34.422  1
 1384.0 1384.0  1    3.218    3.218  1   34.423   34.423  1
 1386.0 1386.0  1    3.217    3.217  1   34.423   34.423  1
 1388.0 1388.0  1    3.214    3.214  1   34.424   34.424  1
 1390.0 1390.0  1    3.210    3.210  1   34.425   34.425  1
 1392.0 1392.0  1    3.202    3.202  1   34.427   34.427  1
 1394.0 1394.0  1    3.195    3.195  1   34.429   34.429  1
 1396.0 1396.0  1    3.190    3.190  1   34.430   34.430  1
 1398.0 1398.0  1    3.184    3.184  1   34.431   34.431  1
 1400.1 1400.1  1    3.181    3.181  1   34.432   34.432  1
 1402.1 1402.1  1    3.174    3.174  1   34.433   34.433  1
 1404.0 1404.0  1    3.170    3.170  1   34.434   34.434  1
 1406.0 1406.0  1    3.166    3.166  1   34.435   34.435  1
 1408.0 1408.0  1    3.161    3.161  1   34.436   34.436  1
 1410.0 1410.0  1    3.159    3.159  1   34.437   34.437  1
 1412.0 1412.0  1    3.157    3.157  1   34.437   34.437  1
 1414.0 1414.0  1    3.151    3.151  1   34.439   34.439  1
 1416.0 1416.0  1    3.142    3.142  1   34.440   34.440  1
 1418.0 1418.0  1    3.138    3.138  1   34.441   34.441  1
 1420.0 1420.0  1    3.136    3.136  1   34.441   34.441  1
 1422.0 1422.0  1    3.133    3.133  1   34.442   34.442  1
 1424.0 1424.0  1    3.131    3.131  1   34.442   34.442  1
 1425.9 1425.9  1    3.129    3.129  1   34.442   34.442  1
 1427.9 1427.9  1    3.113    3.113  1   34.444   34.444  1
 1430.0 1430.0  1    3.103    3.103  1   34.446   34.446  1
 1432.0 1432.0  1    3.092    3.092  1   34.448   34.448  1
 1434.0 1434.0  1    3.086    3.086  1   34.449   34.449  1
 1436.0 1436.0  1    3.084    3.084  1   34.450   34.450  1
 1438.0 1438.0  1    3.081    3.081  1   34.450   34.450  1
 1440.0 1440.0  1    3.075    3.075  1   34.452   34.452  1
 1442.0 1442.0  1    3.073    3.073  1   34.452   34.452  1
 1444.0 1444.0  1    3.070    3.070  1   34.452   34.452  1
 1446.0 1446.0  1    3.068    3.068  1   34.453   34.453  1
 1448.0 1448.0  1    3.066    3.066  1   34.454   34.454  1
 1450.0 1450.0  1    3.065    3.065  1   34.454   34.454  1
 1452.0 1452.0  1    3.063    3.063  1   34.455   34.455  1
 1454.0 1454.0  1    3.060    3.060  1   34.456   34.456  1
 1456.0 1456.0  1    3.060    3.060  1   34.456   34.456  1
 1458.0 1458.0  1    3.059    3.059  1   34.456   34.456  1
 1460.0 1460.0  1    3.059    3.059  1   34.456   34.456  1
 1462.0 1462.0  1    3.056    3.056  1   34.458   34.458  1
 1464.0 1464.0  1    3.049    3.049  1   34.460   34.460  1
 1466.0 1466.0  1    3.041    3.041  1   34.462   34.462  1
 1468.0 1468.0  1    3.037    3.037  1   34.464   34.464  1
 1470.0 1470.0  1    3.035    3.035  1   34.464   34.464  1
 1472.0 1472.0  1    3.034    3.034  1   34.464   34.464  1
 1474.0 1474.0  1    3.034    3.034  1   34.464   34.464  1
 1476.0 1476.0  1    3.033    3.033  1   34.465   34.465  1
 1478.0 1478.0  1    3.030    3.030  1   34.466   34.466  1
 1480.0 1480.0  1    3.023    3.023  1   34.469   34.469  1
 1482.0 1482.0  1    3.018    3.018  1   34.470   34.470  1
 1484.0 1484.0  1    3.015    3.015  1   34.471   34.471  1
 1486.0 1486.0  1    3.010    3.010  1   34.473   34.473  1
 1488.0 1488.0  1    3.005    3.005  1   34.474   34.474  1
 1490.0 1490.0  1    3.003    3.003  1   34.474   34.474  1
 1492.0 1492.0  1    3.003    3.003  1   34.474   34.474  1
 1494.0 1494.0  1    3.002    3.002  1   34.475   34.475  1
 1496.1 1496.1  1    2.997    2.997  1   34.476   34.476  1
 1498.0 1498.0  1    2.994    2.994  1   34.476   34.476  1
 1500.0 1500.0  1    2.992    2.992  1   34.477   34.477  1
 1502.0 1502.0  1    2.990    2.990  1   34.477   34.477  1
 1504.0 1504.0  1    2.986    2.986  1   34.478   34.478  1
 1506.0 1506.0  1    2.983    2.983  1   34.479   34.479  1
 1507.9 1507.9  1    2.982    2.982  1   34.479   34.479  1
 1510.0 1510.0  1    2.980    2.980  1   34.479   34.479  1
 1512.0 1512.0  1    2.977    2.977  1   34.480   34.480  1
 1514.0 1514.0  1    2.974    2.974  1   34.481   34.481  1
 1516.0 1516.0  1    2.968    2.968  1   34.483   34.483  1
 1518.0 1518.0  1    2.961    2.961  1   34.484   34.484  1
 1520.0 1520.0  1    2.956    2.956  1   34.485   34.485  1
 1522.0 1522.0  1    2.953    2.953  1   34.486   34.486  1
 1524.0 1524.0  1    2.949    2.949  1   34.487   34.487  1
 1526.1 1526.1  1    2.943    2.943  1   34.488   34.488  1
 1528.0 1528.0  1    2.941    2.941  1   34.488   34.488  1
 1530.0 1530.0  1    2.932    2.932  1   34.490   34.490  1
 1532.0 1532.0  1    2.930    2.930  1   34.490   34.490  1
 1534.0 1534.0  1    2.930    2.930  1   34.491   34.491  1
 1536.0 1536.0  1    2.929    2.929  1   34.491   34.491  1
 1538.0 1538.0  1    2.927    2.927  1   34.492   34.492  1
 1540.0 1540.0  1    2.925    2.925  1   34.492   34.492  1
 1542.0 1542.0  1    2.925    2.925  1   34.492   34.492  1
 1544.0 1544.0  1    2.924    2.924  1   34.493   34.493  1
 1546.0 1546.0  1    2.924    2.924  1   34.493   34.493  1
 1548.0 1548.0  1    2.924    2.924  1   34.493   34.493  1
 1550.0 1550.0  1    2.923    2.923  1   34.493   34.493  1
 1552.0 1552.0  1    2.919    2.919  1   34.494   34.494  1
 1554.0 1554.0  1    2.915    2.915  1   34.495   34.495  1
 1556.0 1556.0  1    2.914    2.914  1   34.495   34.495  1
 1558.0 1558.0  1    2.911    2.911  1   34.496   34.496  1
 1560.0 1560.0  1    2.903    2.903  1   34.498   34.498  1
 1562.0 1562.0  1    2.885    2.885  1   34.501   34.501  1
 1564.0 1564.0  1    2.876    2.876  1   34.503   34.503  1
 1566.0 1566.0  1    2.875    2.875  1   34.503   34.503  1
 1568.0 1568.0  1    2.875    2.875  1   34.503   34.503  1
 1570.0 1570.0  1    2.872    2.872  1   34.504   34.504  1
 1572.0 1572.0  1    2.867    2.867  1   34.505   34.505  1
 1574.0 1574.0  1    2.866    2.866  1   34.505   34.505  1
 1576.0 1576.0  1    2.863    2.863  1   34.505   34.505  1
 1578.0 1578.0  1    2.863    2.863  1   34.505   34.505  1
 1580.0 1580.0  1    2.862    2.862  1   34.505   34.505  1
 1582.0 1582.0  1    2.859    2.859  1   34.507   34.507  1
 1584.0 1584.0  1    2.855    2.855  1   34.508   34.508  1
 1586.0 1586.0  1    2.848    2.848  1   34.509   34.509  1
 1588.0 1588.0  1    2.842    2.842  1   34.510   34.510  1
 1590.0 1590.0  1    2.839    2.839  1   34.511   34.511  1
 1591.9 1591.9  1    2.837    2.837  1   34.511   34.511  1
 1594.0 1594.0  1    2.830    2.830  1   34.513   34.513  1
 1596.0 1596.0  1    2.829    2.829  1   34.513   34.513  1
 1598.0 1598.0  1    2.828    2.828  1   34.513   34.513  1
 1600.0 1600.0  1    2.825    2.825  1   34.514   34.514  1
 1602.0 1602.0  1    2.822    2.822  1   34.515   34.515  1
 1604.0 1604.0  1    2.821    2.821  1   34.515   34.515  1
 1605.9 1605.9  1    2.819    2.819  1   34.515   34.515  1
 1608.0 1608.0  1    2.817    2.817  1   34.516   34.516  1
 1610.0 1610.0  1    2.816    2.816  1   34.516   34.516  1
 1612.0 1612.0  1    2.815    2.815  1   34.516   34.516  1
 1614.0 1614.0  1    2.813    2.813  1   34.517   34.517  1
 1616.0 1616.0  1    2.809    2.809  1   34.517   34.517  1
 1618.0 1618.0  1    2.806    2.806  1   34.518   34.518  1
 1620.0 1620.0  1    2.800    2.800  1   34.519   34.519  1
 1622.0 1622.0  1    2.797    2.797  1   34.520   34.520  1
 1624.0 1624.0  1    2.795    2.795  1   34.521   34.521  1
 1626.0 1626.0  1    2.791    2.791  1   34.522   34.522  1
 1628.0 1628.0  1    2.787    2.787  1   34.523   34.523  1
 1630.0 1630.0  1    2.783    2.783  1   34.524   34.524  1
 1632.0 1632.0  1    2.776    2.776  1   34.526   34.526  1
 1634.0 1634.0  1    2.768    2.768  1   34.527   34.527  1
 1636.0 1636.0  1    2.767    2.767  1   34.527   34.527  1
 1638.0 1638.0  1    2.767    2.767  1   34.527   34.527  1
 1640.0 1640.0  1    2.766    2.766  1   34.527   34.527  1
 1642.0 1642.0  1    2.765    2.765  1   34.528   34.528  1
 1644.0 1644.0  1    2.764    2.764  1   34.528   34.528  1
 1646.0 1646.0  1    2.763    2.763  1   34.528   34.528  1
 1648.0 1648.0  1    2.760    2.760  1   34.529   34.529  1
 1650.0 1650.0  1    2.759    2.759  1   34.530   34.530  1
 1652.0 1652.0  1    2.756    2.756  1   34.531   34.531  1
 1654.0 1654.0  1    2.754    2.754  1   34.531   34.531  1
 1656.0 1656.0  1    2.753    2.753  1   34.532   34.532  1
 1658.0 1658.0  1    2.753    2.753  1   34.532   34.532  1
 1660.0 1660.0  1    2.752    2.752  1   34.532   34.532  1
 1662.0 1662.0  1    2.752    2.752  1   34.532   34.532  1
 1664.0 1664.0  1    2.747    2.747  1   34.534   34.534  1
 1666.0 1666.0  1    2.739    2.739  1   34.537   34.537  1
 1668.0 1668.0  1    2.737    2.737  1   34.538   34.538  1
 1670.0 1670.0  1    2.735    2.735  1   34.538   34.538  1
 1672.0 1672.0  1    2.730    2.730  1   34.540   34.540  1
 1674.0 1674.0  1    2.728    2.728  1   34.541   34.541  1
 1676.0 1676.0  1    2.725    2.725  1   34.541   34.541  1
 1678.0 1678.0  1    2.721    2.721  1   34.542   34.542  1
 1680.0 1680.0  1    2.717    2.717  1   34.543   34.543  1
 1682.0 1682.0  1    2.715    2.715  1   34.544   34.544  1
 1684.0 1684.0  1    2.712    2.712  1   34.544   34.544  1
 1686.0 1686.0  1    2.706    2.706  1   34.546   34.546  1
 1688.0 1688.0  1    2.700    2.700  1   34.548   34.548  1
 1690.0 1690.0  1    2.699    2.699  1   34.548   34.548  1
 1692.0 1692.0  1    2.697    2.697  1   34.549   34.549  1
 1694.0 1694.0  1    2.696    2.696  1   34.549   34.549  1
 1696.0 1696.0  1    2.695    2.695  1   34.550   34.550  1
 1698.0 1698.0  1    2.694    2.694  1   34.550   34.550  1
 1700.0 1700.0  1    2.693    2.693  1   34.551   34.551  1
 1702.0 1702.0  1    2.693    2.693  1   34.551   34.551  1
 1704.0 1704.0  1    2.693    2.693  1   34.551   34.551  1
 1706.0 1706.0  1    2.692    2.692  1   34.551   34.551  1
 1708.0 1708.0  1    2.692    2.692  1   34.551   34.551  1
 1710.0 1710.0  1    2.691    2.691  1   34.551   34.551  1
 1712.0 1712.0  1    2.689    2.689  1   34.552   34.552  1
 1714.1 1714.1  1    2.687    2.687  1   34.552   34.552  1
 1716.0 1716.0  1    2.683    2.683  1   34.553   34.553  1
 1718.0 1718.0  1    2.680    2.680  1   34.554   34.554  1
 1720.0 1720.0  1    2.679    2.679  1   34.555   34.555  1
 1722.0 1722.0  1    2.675    2.675  1   34.557   34.557  1
 1724.0 1724.0  1    2.673    2.673  1   34.557   34.557  1
 1726.0 1726.0  1    2.669    2.669  1   34.559   34.559  1
 1728.0 1728.0  1    2.666    2.666  1   34.560   34.560  1
 1730.0 1730.0  1    2.665    2.665  1   34.561   34.561  1
 1732.0 1732.0  1    2.663    2.663  1   34.561   34.561  1
 1734.0 1734.0  1    2.662    2.662  1   34.562   34.562  1
 1736.0 1736.0  1    2.661    2.661  1   34.562   34.562  1
 1738.0 1738.0  1    2.656    2.656  1   34.564   34.564  1
 1740.0 1740.0  1    2.652    2.652  1   34.566   34.566  1
 1742.0 1742.0  1    2.651    2.651  1   34.566   34.566  1
 1744.0 1744.0  1    2.651    2.651  1   34.566   34.566  1
 1746.0 1746.0  1    2.651    2.651  1   34.566   34.566  1
 1748.0 1748.0  1    2.651    2.651  1   34.567   34.567  1
 1750.0 1750.0  1    2.650    2.650  1   34.567   34.567  1
 1752.1 1752.1  1    2.650    2.650  1   34.567   34.567  1
 1754.0 1754.0  1    2.648    2.648  1   34.568   34.568  1
 1756.0 1756.0  1    2.647    2.647  1   34.568   34.568  1
 1758.0 1758.0  1    2.646    2.646  1   34.569   34.569  1
 1760.0 1760.0  1    2.644    2.644  1   34.570   34.570  1
 1762.0 1762.0  1    2.643    2.643  1   34.570   34.570  1
 1764.0 1764.0  1    2.644    2.644  1   34.570   34.570  1
 1766.0 1766.0  1    2.644    2.644  1   34.570   34.570  1
 1767.9 1767.9  1    2.643    2.643  1   34.570   34.570  1
 1770.0 1770.0  1    2.644    2.644  1   34.570   34.570  1
 1772.0 1772.0  1    2.643    2.643  1   34.570   34.570  1
 1774.0 1774.0  1    2.643    2.643  1   34.570   34.570  1
 1776.0 1776.0  1    2.641    2.641  1   34.571   34.571  1
 1778.0 1778.0  1    2.638    2.638  1   34.572   34.572  1
 1780.0 1780.0  1    2.634    2.634  1   34.573   34.573  1
 1782.0 1782.0  1    2.633    2.633  1   34.573   34.573  1
 1784.0 1784.0  1    2.628    2.628  1   34.575   34.575  1
 1786.0 1786.0  1    2.624    2.624  1   34.576   34.576  1
 1788.0 1788.0  1    2.621    2.621  1   34.577   34.577  1
 1790.0 1790.0  1    2.619    2.619  1   34.578   34.578  1
 1792.0 1792.0  1    2.616    2.616  1   34.579   34.579  1
 1794.0 1794.0  1    2.615    2.615  1   34.580   34.580  1
 1796.0 1796.0  1    2.614    2.614  1   34.580   34.580  1
 1798.0 1798.0  1    2.613    2.613  1   34.580   34.580  1
 1800.0 1800.0  1    2.612    2.612  1   34.580   34.580  1
 1802.0 1802.0  1    2.611    2.611  1   34.581   34.581  1
 1804.0 1804.0  1    2.610    2.610  1   34.581   34.581  1
 1806.0 1806.0  1    2.610    2.610  1   34.581   34.581  1
 1808.0 1808.0  1    2.608    2.608  1   34.582   34.582  1
 1810.0 1810.0  1    2.608    2.608  1   34.582   34.582  1
 1811.9 1811.9  1    2.607    2.607  1   34.582   34.582  1
 1814.0 1814.0  1    2.607    2.607  1   34.582   34.582  1
 1816.0 1816.0  1    2.605    2.605  1   34.583   34.583  1
 1818.0 1818.0  1    2.604    2.604  1   34.583   34.583  1
 1820.0 1820.0  1    2.602    2.602  1   34.584   34.584  1
 1822.0 1822.0  1    2.600    2.600  1   34.584   34.584  1
 1824.0 1824.0  1    2.593    2.593  1   34.586   34.586  1
 1826.0 1826.0  1    2.590    2.590  1   34.587   34.587  1
 1828.0 1828.0  1    2.587    2.587  1   34.588   34.588  1
 1830.0 1830.0  1    2.586    2.586  1   34.588   34.588  1
 1832.0 1832.0  1    2.585    2.585  1   34.589   34.589  1
 1834.0 1834.0  1    2.584    2.584  1   34.589   34.589  1
 1835.9 1835.9  1    2.584    2.584  1   34.589   34.589  1
 1838.0 1838.0  1    2.582    2.582  1   34.590   34.590  1
 1840.0 1840.0  1    2.575    2.575  1   34.592   34.592  1
 1841.9 1841.9  1    2.572    2.572  1   34.593   34.593  1
 1843.9 1843.9  1    2.569    2.569  1   34.594   34.594  1
 1846.0 1846.0  1    2.567    2.567  1   34.595   34.595  1
 1848.0 1848.0  1    2.564    2.564  1   34.596   34.596  1
 1850.0 1850.0  1    2.563    2.563  1   34.596   34.596  1
 1852.0 1852.0  1    2.559    2.559  1   34.598   34.598  1
 1854.0 1854.0  1    2.557    2.557  1   34.599   34.599  1
 1856.0 1856.0  1    2.555    2.555  1   34.599   34.599  1
 1858.0 1858.0  1    2.554    2.554  1   34.600   34.600  1
 1860.0 1860.0  1    2.553    2.553  1   34.600   34.600  1
 1862.0 1862.0  1    2.552    2.552  1   34.601   34.601  1
 1864.0 1864.0  1    2.552    2.552  1   34.601   34.601  1
 1866.0 1866.0  1    2.551    2.551  1   34.601   34.601  1
 1868.0 1868.0  1    2.551    2.551  1   34.601   34.601  1
 1870.0 1870.0  1    2.550    2.550  1   34.601   34.601  1
 1872.0 1872.0  1    2.549    2.549  1   34.602   34.602  1
 1874.0 1874.0  1    2.547    2.547  1   34.603   34.603  1
 1876.0 1876.0  1    2.546    2.546  1   34.603   34.603  1
 1878.0 1878.0  1    2.545    2.545  1   34.603   34.603  1
 1880.0 1880.0  1    2.544    2.544  1   34.604   34.604  1
 1882.1 1882.1  1    2.543    2.543  1   34.604   34.604  1
 1884.0 1884.0  1    2.541    2.541  1   34.605   34.605  1
 1886.0 1886.0  1    2.539    2.539  1   34.605   34.605  1
 1888.0 1888.0  1    2.535    2.535  1   34.607   34.607  1
 1890.0 1890.0  1    2.533    2.533  1   34.608   34.608  1
 1892.0 1892.0  1    2.531    2.531  1   34.608   34.608  1
 1894.0 1894.0  1    2.528    2.528  1   34.610   34.610  1
 1896.0 1896.0  1    2.527    2.527  1   34.610   34.610  1
 1898.0 1898.0  1    2.526    2.526  1   34.610   34.610  1
 1900.0 1900.0  1    2.523    2.523  1   34.612   34.612  1
 1902.0 1902.0  1    2.520    2.520  1   34.613   34.613  1
 1904.0 1904.0  1    2.518    2.518  1   34.614   34.614  1
 1906.0 1906.0  1    2.516    2.516  1   34.615   34.615  1
 1908.0 1908.0  1    2.513    2.513  1   34.615   34.615  1
 1910.0 1910.0  1    2.513    2.513  1   34.616   34.616  1
 1912.0 1912.0  1    2.513    2.513  1   34.616   34.616  1
 1914.0 1914.0  1    2.512    2.512  1   34.616   34.616  1
 1915.9 1915.9  1    2.511    2.511  1   34.616   34.616  1
 1918.0 1918.0  1    2.511    2.511  1   34.617   34.617  1
 1920.0 1920.0  1    2.509    2.509  1   34.617   34.617  1
 1922.0 1922.0  1    2.508    2.508  1   34.618   34.618  1
 1924.0 1924.0  1    2.507    2.507  1   34.618   34.618  1
 1926.0 1926.0  1    2.505    2.505  1   34.618   34.618  1
 1928.0 1928.0  1    2.504    2.504  1   34.619   34.619  1
 1930.0 1930.0  1    2.502    2.502  1   34.620   34.620  1
 1932.0 1932.0  1    2.501    2.501  1   34.620   34.620  1
 1934.0 1934.0  1    2.500    2.500  1   34.620   34.620  1
 1936.0 1936.0  1    2.500    2.500  1   34.621   34.621  1
 1938.0 1938.0  1    2.498    2.498  1   34.621   34.621  1
 1940.0 1940.0  1    2.497    2.497  1   34.622   34.622  1
 1942.0 1942.0  1    2.494    2.494  1   34.623   34.623  1
 1944.0 1944.0  1    2.491    2.491  1   34.624   34.624  1
 1946.0 1946.0  1    2.489    2.489  1   34.625   34.625  1
 1948.0 1948.0  1    2.488    2.488  1   34.625   34.625  1
 1950.0 1950.0  1    2.487    2.487  1   34.626   34.626  1
 1952.0 1952.0  1    2.487    2.487  1   34.626   34.626  1
 1954.0 1954.0  1    2.486    2.486  1   34.626   34.626  1
 1956.0 1956.0  1    2.482    2.482  1   34.628   34.628  1
 1958.0 1958.0  1    2.481    2.481  1   34.628   34.628  1
 1960.0 1960.0  1    2.480    2.480  1   34.629   34.629  1
 1962.0 1962.0  1    2.478    2.478  1   34.629   34.629  1
 1964.0 1964.0  1    2.477    2.477  1   34.630   34.630  1
 1966.0 1966.0  1    2.477    2.477  1   34.630   34.630  1
 1968.0 1968.0  1    2.477    2.477  1   34.630   34.630  1
 1970.0 1970.0  1    2.476    2.476  1   34.630   34.630  1
 1971.9 1971.9  1    2.475    2.475  1   34.631   34.631  1
 1974.0 1974.0  1    2.474    2.474  1   34.631   34.631  1
 1976.0 1976.0  1    2.472    2.472  1   34.632   34.632  1
 1978.0 1978.0  1    2.469    2.469  1   34.633   34.633  1
 1980.0 1980.0  1    2.466    2.466  1   34.634   34.634  1
 1982.0 1982.0  1    2.463    2.463  1   34.635   34.635  1
 1984.0 1984.0  1    2.462    2.462  1   34.635   34.635  1
 1986.0 1986.0  1    2.461    2.461  1   34.635   34.635  1
 1988.0 1988.0  1    2.460    2.460  1   34.636   34.636  1
 1990.0 1990.0  1    2.458    2.458  1   34.636   34.636  1
 1992.0 1992.0  1    2.455    2.455  1   34.637   34.637  1
 1994.0 1994.0  1    2.453    2.453  1   34.638   34.638  1
 1996.0 1996.0  1    2.448    2.448  1   34.640   34.640  1
 1998.0 1998.0  1    2.448    2.448  1   34.640   34.640  1
 2000.1 2000.1  1    2.448    2.448  1   34.640   34.640  1
 2001.5 2001.5  1    2.448    2.448  1   34.640   34.640  1
