*SoftWare Version 3.0  2018/12/27

*HEADER
     PLATFORM NUMBER       :5905113
     CYCLE NUMBER          :167
     DATE CREATION         :20191208130031
     DATE UPDATE           :20191208130031
     PROJECT NAME          :UW Argo
     PI NAME               :STEPHEN RISER
     INSTRUMENT TYPE       :APEX
     FLOAT SERIAL NO       :5315
     FIRMWARE VERSION      :020915
     WMO INSTRUMENT TYPE   :846
     TRANSMISSION SYSTEM   :IRIDIUM
     POSITIONING SYSTEM    :GPS
     SAMPLE DIRECTION      :A(A=Ascend; D=Descend)
     DATA MODE             :A(R=Real Time; D=Delayed Mode; A=Real Time Adjusted)
     JULIAN DAY            :25543.4123 (days since 1950-01-01 00:00:00 UTC)
     DATE                  :2019-12-08
     QC FLAG FOR DATE      :1
*LOCATION
     LATITUDE              :-33.184 
     LONGITUDE             :-135.930
     QC FLAG FOR LOCATION  :1
*FILE
     COLUMN 1              :Pressure (dbar)                             F7.1
     COLUMN 2              :Corrected Pressure (dbar)                   F7.1
     COLUMN 3              :Quality on Pressure                         I3
     COLUMN 4              :Temperature (degree_Celsius)                F9.3
     COLUMN 5              :Corrected Temperature (degree_Celsius)      F9.3
     COLUMN 6              :Quality on Temperature                      I3
     COLUMN 7              :Salinity (PSU)                              F9.3
     COLUMN 8              :Corrected Salinity (PSU)                    F9.3
     COLUMN 9              :Quality on Salinity                         I3
==========================================================================
    2.8    2.9  1   18.242   18.242  1   35.161   35.161  1
    4.0    4.1  1   18.240   18.240  1   35.162   35.162  1
    6.0    6.1  1   18.248   18.248  1   35.161   35.161  1
    8.0    8.1  1   18.257   18.257  1   35.160   35.160  1
   10.0   10.1  1   18.255   18.255  1   35.161   35.161  1
   12.0   12.1  1   18.252   18.252  1   35.161   35.161  1
   14.0   14.1  1   18.258   18.258  1   35.161   35.161  1
   16.0   16.1  1   18.256   18.256  1   35.161   35.161  1
   18.0   18.1  1   18.264   18.264  1   35.161   35.161  1
   20.0   20.1  1   18.263   18.263  1   35.161   35.161  1
   22.0   22.1  1   18.263   18.263  1   35.160   35.160  1
   24.0   24.1  1   18.262   18.262  1   35.160   35.160  1
   26.0   26.1  1   18.263   18.263  1   35.159   35.159  1
   28.0   28.1  1   18.262   18.262  1   35.159   35.159  1
   30.0   30.1  1   18.261   18.261  1   35.159   35.159  1
   32.0   32.1  1   18.261   18.261  1   35.159   35.159  1
   34.0   34.1  1   18.228   18.228  1   35.159   35.159  1
   36.0   36.1  1   18.194   18.194  1   35.161   35.161  1
   38.0   38.1  1   18.288   18.288  1   35.220   35.220  1
   40.0   40.1  1   18.430   18.430  1   35.279   35.279  1
   42.0   42.1  1   18.434   18.434  1   35.283   35.283  1
   44.0   44.1  1   18.418   18.418  1   35.281   35.281  1
   46.0   46.1  1   18.357   18.357  1   35.264   35.264  1
   48.0   48.1  1   18.283   18.283  1   35.245   35.245  1
   50.0   50.1  1   18.237   18.237  1   35.238   35.238  1
   52.0   52.1  1   18.159   18.159  1   35.228   35.228  1
   54.0   54.1  1   18.104   18.104  1   35.225   35.225  1
   56.0   56.1  1   18.103   18.103  1   35.228   35.228  1
   58.0   58.1  1   18.094   18.094  1   35.231   35.231  1
   60.0   60.1  1   18.073   18.073  1   35.228   35.228  1
   62.0   62.1  1   18.023   18.023  1   35.222   35.222  1
   64.0   64.1  1   17.957   17.957  1   35.218   35.218  1
   66.0   66.1  1   17.913   17.913  1   35.215   35.215  1
   68.0   68.1  1   17.867   17.867  1   35.218   35.218  1
   70.0   70.1  1   17.854   17.854  1   35.236   35.236  1
   72.0   72.1  1   17.841   17.841  1   35.256   35.256  1
   74.0   74.1  1   17.849   17.849  1   35.281   35.281  1
   76.0   76.1  1   17.776   17.776  1   35.292   35.292  1
   78.0   78.1  1   17.666   17.666  1   35.288   35.288  1
   80.0   80.1  1   17.631   17.631  1   35.287   35.287  1
   82.0   82.1  1   17.611   17.611  1   35.283   35.283  1
   84.0   84.1  1   17.606   17.606  1   35.281   35.281  1
   86.0   86.1  1   17.598   17.598  1   35.274   35.274  1
   88.0   88.1  1   17.387   17.387  1   35.231   35.231  1
   90.0   90.1  1   17.066   17.066  1   35.173   35.173  1
   92.0   92.1  1   16.915   16.915  1   35.148   35.148  1
   94.0   94.1  1   16.881   16.881  1   35.159   35.159  1
   96.0   96.1  1   16.897   16.897  1   35.173   35.173  1
   98.0   98.1  1   16.901   16.901  1   35.178   35.178  1
  100.0  100.1  1   16.922   16.922  1   35.188   35.188  1
  102.0  102.1  1   16.944   16.944  1   35.206   35.206  1
  104.0  104.1  1   16.966   16.966  1   35.217   35.217  1
  106.0  106.1  1   16.983   16.983  1   35.230   35.230  1
  108.0  108.1  1   17.019   17.019  1   35.251   35.251  1
  110.0  110.1  1   16.995   16.995  1   35.249   35.249  1
  112.0  112.1  1   16.995   16.995  1   35.254   35.254  1
  114.0  114.1  1   16.982   16.982  1   35.261   35.261  1
  116.0  116.1  1   16.923   16.923  1   35.257   35.257  1
  118.0  118.1  1   16.903   16.903  1   35.259   35.259  1
  120.0  120.1  1   16.846   16.846  1   35.250   35.250  1
  122.0  122.1  1   16.829   16.829  1   35.247   35.247  1
  124.0  124.1  1   16.834   16.834  1   35.257   35.257  1
  126.0  126.1  1   16.774   16.774  1   35.254   35.254  1
  128.0  128.1  1   16.769   16.769  1   35.263   35.263  1
  130.0  130.1  1   16.722   16.722  1   35.259   35.259  1
  132.0  132.1  1   16.687   16.687  1   35.255   35.255  1
  134.0  134.1  1   16.658   16.658  1   35.254   35.254  1
  136.0  136.1  1   16.633   16.633  1   35.254   35.254  1
  138.0  138.1  1   16.582   16.582  1   35.245   35.245  1
  140.0  140.1  1   16.533   16.533  1   35.237   35.237  1
  142.0  142.1  1   16.490   16.490  1   35.230   35.230  1
  144.0  144.1  1   16.397   16.397  1   35.217   35.217  1
  146.0  146.1  1   16.337   16.337  1   35.214   35.214  1
  148.0  148.1  1   16.297   16.297  1   35.212   35.212  1
  150.0  150.1  1   16.257   16.257  1   35.212   35.212  1
  152.0  152.1  1   16.203   16.203  1   35.209   35.209  1
  154.0  154.1  1   16.128   16.128  1   35.204   35.204  1
  156.0  156.1  1   16.065   16.065  1   35.194   35.194  1
  158.0  158.1  1   15.958   15.958  1   35.178   35.178  1
  160.0  160.1  1   15.846   15.846  1   35.163   35.163  1
  162.0  162.1  1   15.778   15.778  1   35.152   35.152  1
  164.0  164.1  1   15.679   15.679  1   35.141   35.141  1
  166.0  166.1  1   15.575   15.575  1   35.127   35.127  1
  168.0  168.1  1   15.427   15.427  1   35.110   35.110  1
  170.0  170.1  1   15.228   15.228  1   35.089   35.089  1
  172.0  172.1  1   15.079   15.079  1   35.072   35.072  1
  174.0  174.1  1   15.070   15.070  1   35.083   35.083  1
  176.0  176.1  1   15.078   15.078  1   35.100   35.100  1
  178.0  178.1  1   14.980   14.980  1   35.089   35.089  1
  180.0  180.1  1   15.004   15.004  1   35.106   35.106  1
  182.0  182.1  1   14.984   14.984  1   35.108   35.108  1
  184.0  184.1  1   14.913   14.913  1   35.101   35.101  1
  186.0  186.1  1   14.869   14.869  1   35.103   35.103  1
  188.0  188.1  1   14.800   14.800  1   35.099   35.099  1
  190.0  190.1  1   14.720   14.720  1   35.089   35.089  1
  192.0  192.1  1   14.690   14.690  1   35.085   35.085  1
  194.0  194.1  1   14.639   14.639  1   35.076   35.076  1
  196.0  196.1  1   14.542   14.542  1   35.061   35.061  1
  198.0  198.1  1   14.486   14.486  1   35.053   35.053  1
  200.0  200.1  1   14.392   14.392  1   35.043   35.043  1
  202.0  202.1  1   14.312   14.312  1   35.035   35.035  1
  204.0  204.1  1   14.274   14.274  1   35.029   35.029  1
  206.0  206.1  1   14.219   14.219  1   35.021   35.021  1
  208.0  208.1  1   14.117   14.117  1   35.013   35.013  1
  210.0  210.1  1   14.053   14.053  1   35.006   35.006  1
  212.0  212.1  1   13.992   13.992  1   35.002   35.002  1
  214.0  214.1  1   13.974   13.974  1   35.000   35.000  1
  216.0  216.1  1   13.930   13.930  1   34.993   34.993  1
  218.0  218.1  1   13.838   13.838  1   34.982   34.982  1
  220.0  220.1  1   13.735   13.735  1   34.968   34.968  1
  222.0  222.1  1   13.697   13.697  1   34.961   34.961  1
  224.0  224.1  1   13.638   13.638  1   34.952   34.952  1
  226.0  226.1  1   13.569   13.569  1   34.945   34.945  1
  228.0  228.1  1   13.510   13.510  1   34.939   34.939  1
  230.0  230.1  1   13.450   13.450  1   34.935   34.935  1
  232.0  232.1  1   13.430   13.430  1   34.934   34.934  1
  234.0  234.1  1   13.364   13.364  1   34.928   34.928  1
  236.0  236.1  1   13.289   13.289  1   34.921   34.921  1
  238.0  238.1  1   13.244   13.244  1   34.917   34.917  1
  240.0  240.1  1   13.201   13.201  1   34.912   34.912  1
  242.0  242.1  1   13.189   13.189  1   34.910   34.910  1
  244.0  244.1  1   13.180   13.180  1   34.908   34.908  1
  246.0  246.1  1   13.160   13.160  1   34.904   34.904  1
  248.0  248.1  1   13.086   13.086  1   34.894   34.894  1
  250.0  250.1  1   12.923   12.923  1   34.879   34.879  1
  252.0  252.1  1   12.875   12.875  1   34.874   34.874  1
  254.0  254.1  1   12.857   12.857  1   34.871   34.871  1
  256.0  256.1  1   12.799   12.799  1   34.864   34.864  1
  258.0  258.1  1   12.687   12.687  1   34.852   34.852  1
  260.0  260.1  1   12.643   12.643  1   34.847   34.847  1
  262.0  262.1  1   12.591   12.591  1   34.841   34.841  1
  264.0  264.1  1   12.530   12.530  1   34.833   34.833  1
  266.0  266.1  1   12.478   12.478  1   34.826   34.826  1
  268.0  268.1  1   12.451   12.451  1   34.823   34.823  1
  270.0  270.1  1   12.423   12.423  1   34.820   34.820  1
  272.0  272.1  1   12.405   12.405  1   34.819   34.819  1
  274.0  274.1  1   12.342   12.342  1   34.814   34.814  1
  276.0  276.1  1   12.287   12.287  1   34.804   34.804  1
  278.0  278.1  1   12.103   12.103  1   34.783   34.783  1
  280.0  280.1  1   11.999   11.999  1   34.769   34.769  1
  282.0  282.1  1   11.822   11.822  1   34.750   34.750  1
  284.0  284.1  1   11.757   11.757  1   34.741   34.741  1
  286.1  286.2  1   11.633   11.633  1   34.728   34.728  1
  288.0  288.1  1   11.591   11.591  1   34.722   34.722  1
  290.0  290.1  1   11.539   11.539  1   34.716   34.716  1
  292.0  292.1  1   11.501   11.501  1   34.711   34.711  1
  294.0  294.1  1   11.427   11.427  1   34.702   34.702  1
  296.0  296.1  1   11.365   11.365  1   34.694   34.694  1
  298.0  298.1  1   11.265   11.265  1   34.684   34.684  1
  300.0  300.1  1   11.216   11.216  1   34.677   34.677  1
  302.0  302.1  1   11.187   11.187  1   34.671   34.671  1
  304.0  304.1  1   11.044   11.044  1   34.657   34.657  1
  306.0  306.1  1   10.951   10.951  1   34.647   34.647  1
  308.0  308.1  1   10.900   10.900  1   34.641   34.641  1
  310.0  310.1  1   10.850   10.850  1   34.636   34.636  1
  312.0  312.1  1   10.776   10.776  1   34.630   34.630  1
  314.0  314.1  1   10.709   10.709  1   34.627   34.627  1
  316.0  316.1  1   10.676   10.676  1   34.624   34.624  1
  318.0  318.1  1   10.594   10.594  1   34.617   34.617  1
  320.0  320.1  1   10.554   10.554  1   34.612   34.612  1
  322.0  322.1  1   10.466   10.466  1   34.604   34.604  1
  324.0  324.1  1   10.389   10.389  1   34.597   34.597  1
  326.0  326.1  1   10.349   10.349  1   34.593   34.593  1
  328.1  328.2  1   10.317   10.317  1   34.590   34.590  1
  330.1  330.2  1   10.292   10.292  1   34.585   34.585  1
  332.0  332.1  1   10.207   10.207  1   34.577   34.577  1
  334.0  334.1  1   10.134   10.134  1   34.570   34.570  1
  336.0  336.1  1   10.082   10.082  1   34.564   34.564  1
  338.0  338.1  1   10.026   10.026  1   34.558   34.558  1
  340.0  340.1  1    9.939    9.939  1   34.549   34.549  1
  342.0  342.1  1    9.841    9.841  1   34.539   34.539  1
  344.0  344.1  1    9.766    9.766  1   34.532   34.532  1
  346.0  346.1  1    9.667    9.667  1   34.525   34.525  1
  348.0  348.1  1    9.604    9.604  1   34.520   34.520  1
  350.0  350.1  1    9.569    9.569  1   34.518   34.518  1
  352.0  352.1  1    9.515    9.515  1   34.511   34.511  1
  354.0  354.1  1    9.417    9.417  1   34.500   34.500  1
  356.0  356.1  1    9.251    9.251  1   34.487   34.487  1
  358.0  358.1  1    9.207    9.207  1   34.484   34.484  1
  360.0  360.1  1    9.184    9.184  1   34.483   34.483  1
  362.0  362.1  1    9.140    9.140  1   34.479   34.479  1
  364.0  364.1  1    9.063    9.063  1   34.473   34.473  1
  366.0  366.1  1    9.011    9.011  1   34.470   34.470  1
  368.0  368.1  1    8.998    8.998  1   34.469   34.469  1
  370.0  370.1  1    8.993    8.993  1   34.468   34.468  1
  372.0  372.1  1    8.956    8.956  1   34.465   34.465  1
  374.0  374.1  1    8.928    8.928  1   34.463   34.463  1
  376.0  376.1  1    8.868    8.868  1   34.458   34.458  1
  378.0  378.1  1    8.792    8.792  1   34.453   34.453  1
  380.0  380.1  1    8.744    8.744  1   34.451   34.451  1
  382.0  382.1  1    8.713    8.713  1   34.450   34.450  1
  384.0  384.1  1    8.692    8.692  1   34.448   34.448  1
  386.0  386.1  1    8.641    8.641  1   34.445   34.445  1
  388.0  388.1  1    8.610    8.610  1   34.443   34.443  1
  390.0  390.1  1    8.579    8.579  1   34.440   34.440  1
  392.0  392.1  1    8.507    8.507  1   34.436   34.436  1
  394.0  394.1  1    8.466    8.466  1   34.435   34.435  1
  396.0  396.1  1    8.447    8.447  1   34.435   34.435  1
  398.0  398.1  1    8.411    8.411  1   34.433   34.433  1
  400.0  400.1  1    8.361    8.361  1   34.433   34.433  1
  402.0  402.1  1    8.347    8.347  1   34.434   34.434  1
  404.0  404.1  1    8.343    8.343  1   34.436   34.436  1
  406.0  406.1  1    8.322    8.322  1   34.436   34.436  1
  408.0  408.1  1    8.299    8.299  1   34.435   34.435  1
  410.0  410.1  1    8.273    8.273  1   34.436   34.436  1
  412.0  412.1  1    8.231    8.231  1   34.434   34.434  1
  414.0  414.1  1    8.225    8.225  1   34.435   34.435  1
  416.0  416.1  1    8.202    8.202  1   34.433   34.433  1
  418.0  418.1  1    8.193    8.193  1   34.432   34.432  1
  420.0  420.1  1    8.185    8.185  1   34.431   34.431  1
  422.0  422.1  1    8.176    8.176  1   34.429   34.429  1
  424.0  424.1  1    8.136    8.136  1   34.426   34.426  1
  426.0  426.1  1    8.118    8.118  1   34.427   34.427  1
  428.0  428.1  1    8.100    8.100  1   34.424   34.424  1
  430.0  430.1  1    8.071    8.071  1   34.424   34.424  1
  432.0  432.1  1    8.027    8.027  1   34.421   34.421  1
  434.0  434.1  1    7.988    7.988  1   34.418   34.418  1
  436.0  436.1  1    7.968    7.968  1   34.418   34.418  1
  438.0  438.1  1    7.958    7.958  1   34.418   34.418  1
  440.0  440.1  1    7.955    7.955  1   34.419   34.419  1
  442.0  442.1  1    7.953    7.953  1   34.419   34.419  1
  444.0  444.1  1    7.952    7.952  1   34.418   34.418  1
  446.0  446.1  1    7.952    7.952  1   34.418   34.418  1
  448.0  448.1  1    7.947    7.947  1   34.417   34.417  1
  450.0  450.1  1    7.923    7.923  1   34.415   34.415  1
  452.0  452.1  1    7.885    7.885  1   34.412   34.412  1
  454.0  454.1  1    7.885    7.885  1   34.415   34.415  1
  456.0  456.1  1    7.853    7.853  1   34.413   34.413  1
  458.0  458.1  1    7.819    7.819  1   34.413   34.413  1
  460.0  460.1  1    7.814    7.814  1   34.416   34.416  1
  462.0  462.1  1    7.792    7.792  1   34.419   34.419  1
  464.0  464.1  1    7.792    7.792  1   34.422   34.422  1
  466.0  466.1  1    7.780    7.780  1   34.421   34.421  1
  468.0  468.1  1    7.744    7.744  1   34.419   34.419  1
  470.0  470.1  1    7.746    7.746  1   34.421   34.421  1
  472.0  472.1  1    7.743    7.743  1   34.422   34.422  1
  474.0  474.1  1    7.731    7.731  1   34.421   34.421  1
  476.0  476.1  1    7.715    7.715  1   34.420   34.420  1
  478.0  478.1  1    7.691    7.691  1   34.418   34.418  1
  480.0  480.1  1    7.675    7.675  1   34.417   34.417  1
  482.0  482.1  1    7.666    7.666  1   34.416   34.416  1
  484.0  484.1  1    7.654    7.654  1   34.415   34.415  1
  486.0  486.1  1    7.641    7.641  1   34.413   34.413  1
  488.0  488.1  1    7.624    7.624  1   34.412   34.412  1
  490.0  490.1  1    7.604    7.604  1   34.410   34.410  1
  492.0  492.1  1    7.571    7.571  1   34.407   34.407  1
  494.0  494.1  1    7.532    7.532  1   34.404   34.404  1
  496.0  496.1  1    7.516    7.516  1   34.403   34.403  1
  498.0  498.1  1    7.512    7.512  1   34.403   34.403  1
  500.0  500.1  1    7.504    7.504  1   34.402   34.402  1
  502.0  502.1  1    7.495    7.495  1   34.402   34.402  1
  504.0  504.1  1    7.486    7.486  1   34.401   34.401  1
  506.0  506.1  1    7.465    7.465  1   34.399   34.399  1
  508.0  508.1  1    7.451    7.451  1   34.398   34.398  1
  510.0  510.1  1    7.445    7.445  1   34.398   34.398  1
  512.0  512.1  1    7.437    7.437  1   34.397   34.397  1
  514.0  514.1  1    7.425    7.425  1   34.396   34.396  1
  516.0  516.1  1    7.404    7.404  1   34.394   34.394  1
  518.0  518.1  1    7.390    7.390  1   34.393   34.393  1
  520.0  520.1  1    7.380    7.380  1   34.392   34.392  1
  522.0  522.1  1    7.355    7.355  1   34.390   34.390  1
  524.0  524.1  1    7.331    7.331  1   34.389   34.389  1
  526.0  526.1  1    7.327    7.327  1   34.389   34.389  1
  528.0  528.1  1    7.324    7.324  1   34.389   34.389  1
  530.0  530.1  1    7.322    7.322  1   34.388   34.388  1
  532.0  532.1  1    7.319    7.319  1   34.388   34.388  1
  534.0  534.1  1    7.312    7.312  1   34.387   34.387  1
  536.0  536.1  1    7.289    7.289  1   34.385   34.385  1
  538.0  538.1  1    7.276    7.276  1   34.384   34.384  1
  540.0  540.1  1    7.265    7.265  1   34.383   34.383  1
  542.0  542.1  1    7.242    7.242  1   34.382   34.382  1
  544.0  544.1  1    7.232    7.232  1   34.381   34.381  1
  546.0  546.1  1    7.218    7.218  1   34.380   34.380  1
  548.0  548.1  1    7.213    7.213  1   34.380   34.380  1
  550.0  550.1  1    7.211    7.211  1   34.379   34.379  1
  552.0  552.1  1    7.203    7.203  1   34.379   34.379  1
  554.0  554.1  1    7.189    7.189  1   34.377   34.377  1
  556.0  556.1  1    7.171    7.171  1   34.376   34.376  1
  558.0  558.1  1    7.164    7.164  1   34.375   34.375  1
  560.0  560.1  1    7.143    7.143  1   34.373   34.373  1
  562.0  562.1  1    7.118    7.118  1   34.371   34.371  1
  564.0  564.1  1    7.099    7.099  1   34.370   34.370  1
  566.0  566.1  1    7.067    7.067  1   34.367   34.367  1
  568.0  568.1  1    7.051    7.051  1   34.366   34.366  1
  570.0  570.1  1    7.040    7.040  1   34.365   34.365  1
  572.0  572.1  1    7.019    7.019  1   34.364   34.364  1
  574.0  574.1  1    7.008    7.008  1   34.363   34.363  1
  576.0  576.1  1    6.997    6.997  1   34.362   34.362  1
  578.0  578.1  1    6.983    6.983  1   34.361   34.361  1
  580.0  580.1  1    6.970    6.970  1   34.360   34.360  1
  582.0  582.1  1    6.964    6.964  1   34.359   34.359  1
  584.0  584.1  1    6.945    6.945  1   34.358   34.358  1
  586.0  586.1  1    6.939    6.939  1   34.357   34.357  1
  588.0  588.1  1    6.937    6.937  1   34.357   34.357  1
  590.0  590.1  1    6.934    6.934  1   34.356   34.356  1
  592.0  592.1  1    6.909    6.909  1   34.355   34.355  1
  594.0  594.1  1    6.902    6.902  1   34.354   34.354  1
  596.0  596.1  1    6.899    6.899  1   34.354   34.354  1
  598.0  598.1  1    6.879    6.879  1   34.352   34.352  1
  600.0  600.1  1    6.862    6.862  1   34.351   34.351  1
  602.0  602.1  1    6.858    6.858  1   34.351   34.351  1
  604.0  604.1  1    6.850    6.850  1   34.350   34.350  1
  606.0  606.1  1    6.841    6.841  1   34.350   34.350  1
  607.9  608.0  1    6.822    6.822  1   34.350   34.350  1
  610.0  610.1  1    6.811    6.811  1   34.350   34.350  1
  612.0  612.1  1    6.803    6.803  1   34.349   34.349  1
  614.0  614.1  1    6.795    6.795  1   34.349   34.349  1
  616.0  616.1  1    6.786    6.786  1   34.348   34.348  1
  618.0  618.1  1    6.784    6.784  1   34.348   34.348  1
  620.0  620.1  1    6.781    6.781  1   34.348   34.348  1
  622.0  622.1  1    6.780    6.780  1   34.347   34.347  1
  624.0  624.1  1    6.774    6.774  1   34.347   34.347  1
  626.0  626.1  1    6.769    6.769  1   34.346   34.346  1
  628.0  628.1  1    6.755    6.755  1   34.344   34.344  1
  630.0  630.1  1    6.743    6.743  1   34.343   34.343  1
  632.0  632.1  1    6.732    6.732  1   34.343   34.343  1
  634.0  634.1  1    6.721    6.721  1   34.342   34.342  1
  636.0  636.1  1    6.717    6.717  1   34.343   34.343  1
  638.0  638.1  1    6.715    6.715  1   34.343   34.343  1
  640.0  640.1  1    6.714    6.714  1   34.342   34.342  1
  642.0  642.1  1    6.707    6.707  1   34.341   34.341  1
  644.0  644.1  1    6.692    6.692  1   34.340   34.340  1
  646.0  646.1  1    6.677    6.677  1   34.339   34.339  1
  648.0  648.1  1    6.665    6.665  1   34.338   34.338  1
  650.0  650.1  1    6.642    6.642  1   34.336   34.336  1
  652.0  652.1  1    6.610    6.610  1   34.333   34.333  1
  654.0  654.1  1    6.597    6.597  1   34.332   34.332  1
  656.0  656.1  1    6.580    6.580  1   34.331   34.331  1
  658.0  658.1  1    6.574    6.574  1   34.331   34.331  1
  660.0  660.1  1    6.570    6.570  1   34.330   34.330  1
  662.0  662.1  1    6.557    6.557  1   34.330   34.330  1
  664.0  664.1  1    6.548    6.548  1   34.330   34.330  1
  666.0  666.1  1    6.544    6.544  1   34.330   34.330  1
  668.0  668.1  1    6.543    6.543  1   34.330   34.330  1
  670.0  670.1  1    6.534    6.534  1   34.330   34.330  1
  672.0  672.1  1    6.527    6.527  1   34.330   34.330  1
  674.0  674.1  1    6.518    6.518  1   34.330   34.330  1
  675.9  676.0  1    6.511    6.511  1   34.329   34.329  1
  678.0  678.1  1    6.506    6.506  1   34.329   34.329  1
  680.0  680.1  1    6.502    6.502  1   34.329   34.329  1
  682.0  682.1  1    6.501    6.501  1   34.329   34.329  1
  684.0  684.1  1    6.491    6.491  1   34.329   34.329  1
  686.0  686.1  1    6.487    6.487  1   34.328   34.328  1
  688.0  688.1  1    6.471    6.471  1   34.327   34.327  1
  690.0  690.1  1    6.457    6.457  1   34.326   34.326  1
  692.0  692.1  1    6.444    6.444  1   34.326   34.326  1
  694.0  694.1  1    6.425    6.425  1   34.325   34.325  1
  696.0  696.1  1    6.413    6.413  1   34.324   34.324  1
  698.0  698.1  1    6.400    6.400  1   34.323   34.323  1
  700.0  700.1  1    6.390    6.390  1   34.323   34.323  1
  702.0  702.1  1    6.383    6.383  1   34.322   34.322  1
  704.0  704.1  1    6.372    6.372  1   34.322   34.322  1
  706.0  706.1  1    6.351    6.351  1   34.321   34.321  1
  708.0  708.1  1    6.341    6.341  1   34.320   34.320  1
  710.0  710.1  1    6.329    6.329  1   34.320   34.320  1
  712.0  712.1  1    6.320    6.320  1   34.319   34.319  1
  714.0  714.1  1    6.301    6.301  1   34.318   34.318  1
  716.0  716.1  1    6.295    6.295  1   34.317   34.317  1
  718.0  718.1  1    6.273    6.273  1   34.317   34.317  1
  720.0  720.1  1    6.254    6.254  1   34.316   34.316  1
  722.0  722.1  1    6.245    6.245  1   34.316   34.316  1
  724.0  724.1  1    6.235    6.235  1   34.315   34.315  1
  726.0  726.1  1    6.229    6.229  1   34.315   34.315  1
  728.0  728.1  1    6.225    6.225  1   34.315   34.315  1
  730.0  730.1  1    6.222    6.222  1   34.314   34.314  1
  732.0  732.1  1    6.216    6.216  1   34.314   34.314  1
  734.0  734.1  1    6.206    6.206  1   34.313   34.313  1
  736.0  736.1  1    6.192    6.192  1   34.313   34.313  1
  738.0  738.1  1    6.175    6.175  1   34.312   34.312  1
  740.0  740.1  1    6.161    6.161  1   34.311   34.311  1
  742.0  742.1  1    6.144    6.144  1   34.311   34.311  1
  744.0  744.1  1    6.134    6.134  1   34.310   34.310  1
  746.0  746.1  1    6.122    6.122  1   34.310   34.310  1
  748.0  748.1  1    6.115    6.115  1   34.309   34.309  1
  750.0  750.1  1    6.103    6.103  1   34.309   34.309  1
  752.0  752.1  1    6.086    6.086  1   34.308   34.308  1
  754.0  754.1  1    6.080    6.080  1   34.308   34.308  1
  756.0  756.1  1    6.075    6.075  1   34.307   34.307  1
  758.0  758.1  1    6.054    6.054  1   34.307   34.307  1
  760.0  760.1  1    6.037    6.037  1   34.306   34.306  1
  762.0  762.1  1    6.025    6.025  1   34.306   34.306  1
  764.0  764.1  1    6.011    6.011  1   34.305   34.305  1
  766.0  766.1  1    5.999    5.999  1   34.305   34.305  1
  768.0  768.1  1    5.992    5.992  1   34.305   34.305  1
  770.0  770.1  1    5.986    5.986  1   34.304   34.304  1
  772.0  772.1  1    5.969    5.969  1   34.304   34.304  1
  774.0  774.1  1    5.955    5.955  1   34.303   34.303  1
  776.0  776.1  1    5.936    5.936  1   34.303   34.303  1
  778.0  778.1  1    5.927    5.927  1   34.303   34.303  1
  780.0  780.1  1    5.921    5.921  1   34.303   34.303  1
  782.0  782.1  1    5.919    5.919  1   34.303   34.303  1
  784.0  784.1  1    5.913    5.913  1   34.302   34.302  1
  786.0  786.1  1    5.902    5.902  1   34.302   34.302  1
  788.0  788.1  1    5.890    5.890  1   34.302   34.302  1
  790.0  790.1  1    5.883    5.883  1   34.302   34.302  1
  792.0  792.1  1    5.880    5.880  1   34.302   34.302  1
  794.0  794.1  1    5.874    5.874  1   34.301   34.301  1
  796.0  796.1  1    5.858    5.858  1   34.301   34.301  1
  798.0  798.1  1    5.850    5.850  1   34.301   34.301  1
  800.0  800.1  1    5.838    5.838  1   34.300   34.300  1
  802.0  802.1  1    5.831    5.831  1   34.300   34.300  1
  804.0  804.1  1    5.827    5.827  1   34.300   34.300  1
  806.0  806.1  1    5.819    5.819  1   34.300   34.300  1
  808.0  808.1  1    5.810    5.810  1   34.300   34.300  1
  810.0  810.1  1    5.795    5.795  1   34.300   34.300  1
  812.0  812.1  1    5.790    5.790  1   34.300   34.300  1
  814.0  814.1  1    5.787    5.787  1   34.299   34.299  1
  816.0  816.1  1    5.780    5.780  1   34.299   34.299  1
  818.0  818.1  1    5.775    5.775  1   34.299   34.299  1
  820.0  820.1  1    5.774    5.774  1   34.299   34.299  1
  822.0  822.1  1    5.767    5.767  1   34.299   34.299  1
  824.0  824.1  1    5.756    5.756  1   34.298   34.298  1
  826.0  826.1  1    5.731    5.731  1   34.298   34.298  1
  828.0  828.1  1    5.709    5.709  1   34.298   34.298  1
  830.0  830.1  1    5.697    5.697  1   34.298   34.298  1
  832.0  832.1  1    5.689    5.689  1   34.297   34.297  1
  834.0  834.1  1    5.682    5.682  1   34.297   34.297  1
  836.0  836.1  1    5.673    5.673  1   34.297   34.297  1
  838.0  838.1  1    5.657    5.657  1   34.297   34.297  1
  840.0  840.1  1    5.642    5.642  1   34.297   34.297  1
  842.0  842.1  1    5.627    5.627  1   34.297   34.297  1
  844.0  844.1  1    5.621    5.621  1   34.296   34.296  1
  846.0  846.1  1    5.610    5.610  1   34.297   34.297  1
  848.0  848.1  1    5.602    5.602  1   34.297   34.297  1
  850.0  850.1  1    5.596    5.596  1   34.296   34.296  1
  852.0  852.1  1    5.591    5.591  1   34.296   34.296  1
  854.0  854.1  1    5.576    5.576  1   34.296   34.296  1
  856.0  856.1  1    5.571    5.571  1   34.296   34.296  1
  858.0  858.1  1    5.561    5.561  1   34.296   34.296  1
  860.0  860.1  1    5.540    5.540  1   34.296   34.296  1
  862.0  862.1  1    5.535    5.535  1   34.296   34.296  1
  864.0  864.1  1    5.532    5.532  1   34.296   34.296  1
  866.0  866.1  1    5.511    5.511  1   34.296   34.296  1
  868.0  868.1  1    5.497    5.497  1   34.296   34.296  1
  870.0  870.1  1    5.490    5.490  1   34.296   34.296  1
  872.0  872.1  1    5.476    5.476  1   34.296   34.296  1
  874.0  874.1  1    5.458    5.458  1   34.296   34.296  1
  876.0  876.1  1    5.443    5.443  1   34.296   34.296  1
  878.0  878.1  1    5.427    5.427  1   34.296   34.296  1
  880.0  880.1  1    5.417    5.417  1   34.296   34.296  1
  882.0  882.1  1    5.404    5.404  1   34.296   34.296  1
  884.0  884.1  1    5.399    5.399  1   34.296   34.296  1
  886.0  886.1  1    5.394    5.394  1   34.296   34.296  1
  888.0  888.1  1    5.385    5.385  1   34.296   34.296  1
  890.0  890.1  1    5.373    5.373  1   34.297   34.297  1
  892.0  892.1  1    5.357    5.357  1   34.297   34.297  1
  894.0  894.1  1    5.350    5.350  1   34.297   34.297  1
  896.0  896.1  1    5.344    5.344  1   34.297   34.297  1
  898.0  898.1  1    5.335    5.335  1   34.297   34.297  1
  900.0  900.1  1    5.322    5.322  1   34.297   34.297  1
  902.0  902.1  1    5.314    5.314  1   34.298   34.298  1
  904.0  904.1  1    5.305    5.305  1   34.298   34.298  1
  906.0  906.1  1    5.288    5.288  1   34.298   34.298  1
  908.0  908.1  1    5.275    5.275  1   34.298   34.298  1
  910.0  910.1  1    5.274    5.274  1   34.298   34.298  1
  912.0  912.1  1    5.270    5.270  1   34.298   34.298  1
  914.0  914.1  1    5.260    5.260  1   34.298   34.298  1
  916.0  916.1  1    5.253    5.253  1   34.298   34.298  1
  918.0  918.1  1    5.244    5.244  1   34.298   34.298  1
  920.0  920.1  1    5.234    5.234  1   34.298   34.298  1
  922.0  922.1  1    5.226    5.226  1   34.298   34.298  1
  924.0  924.1  1    5.213    5.213  1   34.299   34.299  1
  926.0  926.1  1    5.206    5.206  1   34.299   34.299  1
  928.0  928.1  1    5.197    5.197  1   34.299   34.299  1
  930.0  930.1  1    5.188    5.188  1   34.299   34.299  1
  932.0  932.1  1    5.175    5.175  1   34.299   34.299  1
  934.0  934.1  1    5.164    5.164  1   34.300   34.300  1
  936.0  936.1  1    5.157    5.157  1   34.300   34.300  1
  938.0  938.1  1    5.153    5.153  1   34.300   34.300  1
  940.0  940.1  1    5.140    5.140  1   34.299   34.299  1
  942.0  942.1  1    5.124    5.124  1   34.299   34.299  1
  944.0  944.1  1    5.112    5.112  1   34.300   34.300  1
  946.0  946.1  1    5.104    5.104  1   34.300   34.300  1
  948.0  948.1  1    5.091    5.091  1   34.300   34.300  1
  950.0  950.1  1    5.077    5.077  1   34.300   34.300  1
  952.0  952.1  1    5.061    5.061  1   34.301   34.301  1
  954.0  954.1  1    5.047    5.047  1   34.302   34.302  1
  956.0  956.1  1    5.043    5.043  1   34.302   34.302  1
  958.0  958.1  1    5.037    5.037  1   34.302   34.302  1
  960.0  960.1  1    5.030    5.030  1   34.302   34.302  1
  962.0  962.1  1    5.019    5.019  1   34.302   34.302  1
  964.0  964.1  1    5.006    5.006  1   34.303   34.303  1
  966.0  966.1  1    4.990    4.990  1   34.303   34.303  1
  968.0  968.1  1    4.970    4.970  1   34.303   34.303  1
  970.0  970.1  1    4.957    4.957  1   34.304   34.304  1
  972.0  972.1  1    4.950    4.950  1   34.304   34.304  1
  974.0  974.1  1    4.932    4.932  1   34.304   34.304  1
  976.0  976.1  1    4.910    4.910  1   34.305   34.305  1
  978.0  978.1  1    4.894    4.894  1   34.305   34.305  1
  979.3  979.4  1    4.884    4.884  1   34.311   34.311  1
  988.2  988.2  1    4.835    4.835  1   34.307   34.307  1
  997.8  997.9  1    4.759    4.759  1   34.309   34.309  1
 1007.8 1007.9  1    4.700    4.700  1   34.311   34.311  1
 1017.6 1017.7  1    4.661    4.661  1   34.312   34.312  1
 1027.8 1027.8  1    4.598    4.598  1   34.314   34.314  1
 1038.3 1038.4  1    4.508    4.508  1   34.317   34.317  1
 1047.8 1047.9  1    4.451    4.451  1   34.320   34.320  1
 1057.5 1057.5  1    4.379    4.379  1   34.323   34.323  1
 1067.7 1067.8  1    4.326    4.326  1   34.326   34.326  1
 1077.8 1077.9  1    4.298    4.298  1   34.327   34.327  1
 1088.1 1088.2  1    4.235    4.235  1   34.332   34.332  1
 1097.4 1097.5  1    4.202    4.202  1   34.333   34.333  1
 1108.0 1108.1  1    4.135    4.135  1   34.338   34.338  1
 1117.4 1117.4  1    4.080    4.080  1   34.341   34.341  1
 1127.2 1127.3  1    4.046    4.046  1   34.344   34.344  1
 1138.5 1138.6  1    3.985    3.985  1   34.348   34.348  1
 1148.9 1149.0  1    3.936    3.936  1   34.353   34.353  1
 1158.9 1159.0  1    3.872    3.872  1   34.359   34.359  1
 1168.7 1168.8  1    3.836    3.836  1   34.362   34.362  1
 1178.5 1178.6  1    3.797    3.797  1   34.366   34.366  1
 1188.5 1188.6  1    3.752    3.752  1   34.370   34.370  1
 1198.5 1198.5  1    3.701    3.701  1   34.375   34.375  1
 1208.8 1208.9  1    3.667    3.667  1   34.378   34.378  1
 1218.3 1218.3  1    3.597    3.597  1   34.387   34.387  1
 1227.8 1227.9  1    3.562    3.562  1   34.390   34.390  1
 1238.2 1238.3  1    3.519    3.519  1   34.395   34.395  1
 1248.6 1248.7  1    3.452    3.452  1   34.404   34.404  1
 1258.3 1258.4  1    3.393    3.393  1   34.408   34.408  1
 1267.6 1267.7  1    3.362    3.362  1   34.413   34.413  1
 1277.9 1278.0  1    3.338    3.338  1   34.417   34.417  1
 1288.4 1288.4  1    3.316    3.316  1   34.421   34.421  1
 1298.3 1298.4  1    3.304    3.304  1   34.423   34.423  1
 1308.0 1308.1  1    3.293    3.293  1   34.425   34.425  1
 1317.7 1317.7  1    3.266    3.266  1   34.429   34.429  1
 1327.7 1327.8  1    3.228    3.228  1   34.433   34.433  1
 1337.6 1337.6  1    3.202    3.202  1   34.436   34.436  1
 1347.4 1347.5  1    3.165    3.165  1   34.438   34.438  1
 1357.2 1357.3  1    3.158    3.158  1   34.444   34.444  1
 1367.5 1367.6  1    3.135    3.135  1   34.447   34.447  1
 1377.6 1377.6  1    3.102    3.102  1   34.453   34.453  1
 1387.5 1387.6  1    3.074    3.074  1   34.456   34.456  1
 1397.7 1397.8  1    3.054    3.054  1   34.459   34.459  1
 1407.5 1407.6  1    3.027    3.027  1   34.466   34.466  1
 1417.3 1417.4  1    3.004    3.004  1   34.471   34.471  1
 1427.4 1427.4  1    2.977    2.977  1   34.476   34.476  1
 1437.8 1437.9  1    2.954    2.954  1   34.480   34.480  1
 1448.0 1448.1  1    2.927    2.927  1   34.486   34.486  1
 1458.1 1458.2  1    2.899    2.899  1   34.492   34.492  1
 1467.4 1467.5  1    2.873    2.873  1   34.498   34.498  1
 1477.5 1477.6  1    2.848    2.848  1   34.502   34.502  1
 1488.1 1488.2  1    2.827    2.827  1   34.507   34.507  1
 1498.8 1498.9  1    2.807    2.807  1   34.512   34.512  1
 1523.3 1523.3  1    2.751    2.751  1   34.523   34.523  1
 1548.5 1548.6  1    2.714    2.714  1   34.530   34.530  1
 1573.0 1573.1  1    2.648    2.648  1   34.544   34.544  1
 1597.8 1597.9  1    2.607    2.607  1   34.552   34.552  1
 1623.2 1623.3  1    2.571    2.571  1   34.559   34.559  1
 1647.8 1647.9  1    2.540    2.540  1   34.565   34.565  1
 1673.0 1673.1  1    2.508    2.508  1   34.571   34.571  1
 1697.5 1697.6  1    2.479    2.479  1   34.577   34.577  1
 1722.6 1722.6  1    2.447    2.447  1   34.583   34.583  1
 1747.7 1747.8  1    2.405    2.405  1   34.590   34.590  1
 1772.6 1772.7  1    2.365    2.365  1   34.597   34.597  1
 1798.4 1798.4  1    2.323    2.323  1   34.604   34.604  1
 1823.3 1823.4  1    2.296    2.296  1   34.608   34.608  1
 1847.2 1847.3  1    2.273    2.273  1   34.611   34.611  1
 1872.9 1873.0  1    2.251    2.251  1   34.615   34.615  1
 1897.3 1897.3  1    2.230    2.230  1   34.617   34.617  1
 1922.0 1922.1  1    2.209    2.209  1   34.620   34.620  1
 1947.5 1947.6  1    2.186    2.186  1   34.623   34.623  1
