*SoftWare Version 3.0  2018/12/27

*HEADER
     PLATFORM NUMBER       :5905265
     CYCLE NUMBER          :078
     DATE CREATION         :20191229150117
     DATE UPDATE           :20191229150117
     PROJECT NAME          :Argo New Zealand
     PI NAME               :PHIL SUTTON
     INSTRUMENT TYPE       :SOLO_II
     FLOAT SERIAL NO       :8597
     FIRMWARE VERSION      :V02.40; SBE602 15Aug17
     WMO INSTRUMENT TYPE   :853
     TRANSMISSION SYSTEM   :IRIDIUM
     POSITIONING SYSTEM    :GPS
     SAMPLE DIRECTION      :A(A=Ascend; D=Descend)
     DATA MODE             :R(R=Real Time; D=Delayed Mode; A=Real Time Adjusted)
     JULIAN DAY            :25554.5905 (days since 1950-01-01 00:00:00 UTC)
     DATE                  :2019-12-19
     QC FLAG FOR DATE      :1
*LOCATION
     LATITUDE              :-26.721 
     LONGITUDE             :-158.385
     QC FLAG FOR LOCATION  :1
*FILE
     COLUMN 1              :Pressure (dbar)                             F7.1
     COLUMN 2              :Corrected Pressure (dbar)                   F7.1
     COLUMN 3              :Quality on Pressure                         I3
     COLUMN 4              :Temperature (degree_Celsius)                F9.3
     COLUMN 5              :Corrected Temperature (degree_Celsius)      F9.3
     COLUMN 6              :Quality on Temperature                      I3
     COLUMN 7              :Salinity (PSU)                              F9.3
     COLUMN 8              :Corrected Salinity (PSU)                    F9.3
     COLUMN 9              :Quality on Salinity                         I3
==========================================================================
    1.0    1.0  1   23.553   23.553  1   35.661   35.661  1
    2.0    2.0  1   23.557   23.557  1   35.661   35.661  1
    3.0    3.0  1   23.557   23.557  1   35.661   35.661  1
    4.0    4.0  1   23.556   23.556  1   35.661   35.661  1
    5.0    5.0  1   23.556   23.556  1   35.661   35.661  1
    6.0    6.0  1   23.557   23.557  1   35.660   35.660  1
    7.0    7.0  1   23.554   23.554  1   35.661   35.661  1
    8.0    8.0  1   23.554   23.554  1   35.661   35.661  1
    9.0    9.0  1   23.554   23.554  1   35.661   35.661  1
   10.0   10.0  1   23.553   23.553  1   35.661   35.661  1
   10.8   10.8  1   23.554   23.554  1   35.661   35.661  1
   11.9   11.9  1   23.554   23.554  1   35.661   35.661  1
   13.9   13.9  1   23.561   23.561  1   35.660   35.660  1
   15.9   15.9  1   23.567   23.567  1   35.661   35.661  1
   17.9   17.9  1   23.568   23.568  1   35.662   35.662  1
   20.0   20.0  1   23.567   23.567  1   35.662   35.662  1
   22.0   22.0  1   23.567   23.567  1   35.661   35.661  1
   24.0   24.0  1   23.568   23.568  1   35.661   35.661  1
   26.0   26.0  1   23.568   23.568  1   35.662   35.662  1
   28.0   28.0  1   23.568   23.568  1   35.662   35.662  1
   30.0   30.0  1   23.569   23.569  1   35.662   35.662  1
   32.0   32.0  1   23.569   23.569  1   35.662   35.662  1
   34.0   34.0  1   23.569   23.569  1   35.662   35.662  1
   36.0   36.0  1   23.570   23.570  1   35.661   35.661  1
   38.0   38.0  1   23.570   23.570  1   35.662   35.662  1
   40.0   40.0  1   23.571   23.571  1   35.661   35.661  1
   42.0   42.0  1   23.571   23.571  1   35.662   35.662  1
   44.0   44.0  1   23.572   23.572  1   35.662   35.662  1
   46.0   46.0  1   23.571   23.571  1   35.661   35.661  1
   48.0   48.0  1   23.570   23.570  1   35.661   35.661  1
   50.0   50.0  1   23.571   23.571  1   35.661   35.661  1
   52.0   52.0  1   23.571   23.571  1   35.659   35.659  1
   54.0   54.0  1   23.557   23.557  1   35.656   35.656  1
   56.0   56.0  1   23.512   23.512  1   35.643   35.643  1
   58.0   58.0  1   23.310   23.310  1   35.631   35.631  1
   60.0   60.0  1   22.935   22.935  1   35.593   35.593  1
   62.0   62.0  1   22.836   22.836  1   35.582   35.582  1
   64.0   64.0  1   22.650   22.650  1   35.580   35.580  1
   66.0   66.0  1   22.394   22.394  1   35.581   35.581  1
   68.0   68.0  1   22.303   22.303  1   35.577   35.577  1
   70.0   70.0  1   22.262   22.262  1   35.576   35.576  1
   72.0   72.0  1   22.200   22.200  1   35.579   35.579  1
   74.0   74.0  1   22.134   22.134  1   35.577   35.577  1
   76.0   76.0  1   22.052   22.052  1   35.578   35.578  1
   78.0   78.0  1   21.964   21.964  1   35.576   35.576  1
   80.0   80.0  1   21.917   21.917  1   35.573   35.573  1
   82.0   82.0  1   21.868   21.868  1   35.571   35.571  1
   84.0   84.0  1   21.825   21.825  1   35.574   35.574  1
   86.0   86.0  1   21.798   21.798  1   35.578   35.578  1
   88.0   88.0  1   21.785   21.785  1   35.579   35.579  1
   90.0   90.0  1   21.763   21.763  1   35.579   35.579  1
   92.0   92.0  1   21.739   21.739  1   35.580   35.580  1
   94.0   94.0  1   21.685   21.685  1   35.578   35.578  1
   96.0   96.0  1   21.628   21.628  1   35.575   35.575  1
   98.0   98.0  1   21.577   21.577  1   35.580   35.580  1
  100.0  100.0  1   21.516   21.516  1   35.587   35.587  1
  102.0  102.0  1   21.477   21.477  1   35.586   35.586  1
  104.0  104.0  1   21.464   21.464  1   35.585   35.585  1
  106.0  106.0  1   21.454   21.454  1   35.584   35.584  1
  108.0  108.0  1   21.408   21.408  1   35.585   35.585  1
  110.0  110.0  1   21.333   21.333  1   35.588   35.588  1
  112.0  112.0  1   21.209   21.209  1   35.592   35.592  1
  114.0  114.0  1   21.141   21.141  1   35.592   35.592  1
  116.0  116.0  1   21.130   21.130  1   35.592   35.592  1
  118.0  118.0  1   21.115   21.115  1   35.592   35.592  1
  120.0  120.0  1   21.102   21.102  1   35.592   35.592  1
  122.0  122.0  1   21.075   21.075  1   35.592   35.592  1
  124.0  124.0  1   21.035   21.035  1   35.592   35.592  1
  126.0  126.0  1   20.989   20.989  1   35.594   35.594  1
  128.0  128.0  1   20.945   20.945  1   35.603   35.603  1
  130.0  130.0  1   20.857   20.857  1   35.607   35.607  1
  132.1  132.1  1   20.780   20.780  1   35.606   35.606  1
  134.0  134.0  1   20.743   20.743  1   35.604   35.604  1
  136.0  136.0  1   20.726   20.726  1   35.605   35.605  1
  138.0  138.0  1   20.695   20.695  1   35.605   35.605  1
  140.0  140.0  1   20.674   20.674  1   35.603   35.603  1
  142.0  142.0  1   20.660   20.660  1   35.603   35.603  1
  144.0  144.0  1   20.626   20.626  1   35.605   35.605  1
  146.0  146.0  1   20.574   20.574  1   35.604   35.604  1
  148.0  148.0  1   20.548   20.548  1   35.603   35.603  1
  150.0  150.0  1   20.527   20.527  1   35.603   35.603  1
  152.0  152.0  1   20.490   20.490  1   35.603   35.603  1
  154.0  154.0  1   20.451   20.451  1   35.605   35.605  1
  156.0  156.0  1   20.403   20.403  1   35.603   35.603  1
  158.0  158.0  1   20.375   20.375  1   35.605   35.605  1
  160.0  160.0  1   20.324   20.324  1   35.606   35.606  1
  161.9  161.9  1   20.302   20.302  1   35.606   35.606  1
  163.9  163.9  1   20.295   20.295  1   35.606   35.606  1
  166.0  166.0  1   20.291   20.291  1   35.609   35.609  1
  168.0  168.0  1   20.222   20.222  1   35.617   35.617  1
  170.0  170.0  1   20.170   20.170  1   35.613   35.613  1
  172.0  172.0  1   20.153   20.153  1   35.616   35.616  1
  174.0  174.0  1   20.129   20.129  1   35.617   35.617  1
  176.0  176.0  1   20.113   20.113  1   35.618   35.618  1
  178.0  178.0  1   20.040   20.040  1   35.630   35.630  1
  180.0  180.0  1   19.972   19.972  1   35.635   35.635  1
  182.0  182.0  1   19.926   19.926  1   35.633   35.633  1
  184.0  184.0  1   19.879   19.879  1   35.635   35.635  1
  186.0  186.0  1   19.845   19.845  1   35.633   35.633  1
  188.0  188.0  1   19.843   19.843  1   35.632   35.632  1
  190.0  190.0  1   19.824   19.824  1   35.633   35.633  1
  192.0  192.0  1   19.718   19.718  1   35.633   35.633  1
  194.0  194.0  1   19.656   19.656  1   35.628   35.628  1
  196.0  196.0  1   19.620   19.620  1   35.625   35.625  1
  198.0  198.0  1   19.603   19.603  1   35.623   35.623  1
  200.0  200.0  1   19.566   19.566  1   35.623   35.623  1
  202.0  202.0  1   19.489   19.489  1   35.626   35.626  1
  204.1  204.1  1   19.418   19.418  1   35.618   35.618  1
  206.0  206.0  1   19.400   19.400  1   35.616   35.616  1
  208.0  208.0  1   19.345   19.345  1   35.616   35.616  1
  210.0  210.0  1   19.293   19.293  1   35.615   35.615  1
  212.0  212.0  1   19.252   19.252  1   35.616   35.616  1
  214.0  214.0  1   19.209   19.209  1   35.613   35.613  1
  216.0  216.0  1   19.177   19.177  1   35.611   35.611  1
  218.0  218.0  1   19.114   19.114  1   35.608   35.608  1
  220.0  220.0  1   19.028   19.028  1   35.603   35.603  1
  222.0  222.0  1   18.924   18.924  1   35.595   35.595  1
  224.0  224.0  1   18.863   18.863  1   35.589   35.589  1
  226.0  226.0  1   18.812   18.812  1   35.586   35.586  1
  228.0  228.0  1   18.710   18.710  1   35.578   35.578  1
  230.0  230.0  1   18.605   18.605  1   35.567   35.567  1
  232.0  232.0  1   18.588   18.588  1   35.564   35.564  1
  234.0  234.0  1   18.563   18.563  1   35.562   35.562  1
  236.0  236.0  1   18.483   18.483  1   35.555   35.555  1
  238.0  238.0  1   18.424   18.424  1   35.544   35.544  1
  240.0  240.0  1   18.400   18.400  1   35.542   35.542  1
  242.0  242.0  1   18.295   18.295  1   35.530   35.530  1
  244.0  244.0  1   18.219   18.219  1   35.523   35.523  1
  246.0  246.0  1   18.174   18.174  1   35.523   35.523  1
  248.0  248.0  1   18.055   18.055  1   35.508   35.508  1
  250.0  250.0  1   18.010   18.010  1   35.502   35.502  1
  252.0  252.0  1   17.960   17.960  1   35.500   35.500  1
  254.0  254.0  1   17.893   17.893  1   35.496   35.496  1
  256.0  256.0  1   17.861   17.861  1   35.492   35.492  1
  258.0  258.0  1   17.806   17.806  1   35.483   35.483  1
  260.0  260.0  1   17.768   17.768  1   35.477   35.477  1
  262.0  262.0  1   17.733   17.733  1   35.477   35.477  1
  264.0  264.0  1   17.688   17.688  1   35.472   35.472  1
  266.0  266.0  1   17.648   17.648  1   35.466   35.466  1
  268.0  268.0  1   17.579   17.579  1   35.454   35.454  1
  270.0  270.0  1   17.550   17.550  1   35.447   35.447  1
  272.0  272.0  1   17.454   17.454  1   35.441   35.441  1
  274.0  274.0  1   17.426   17.426  1   35.436   35.436  1
  276.0  276.0  1   17.379   17.379  1   35.438   35.438  1
  278.0  278.0  1   17.327   17.327  1   35.436   35.436  1
  280.0  280.0  1   17.289   17.289  1   35.432   35.432  1
  282.0  282.0  1   17.250   17.250  1   35.427   35.427  1
  284.0  284.0  1   17.191   17.191  1   35.425   35.425  1
  286.0  286.0  1   17.093   17.093  1   35.413   35.413  1
  288.0  288.0  1   16.995   16.995  1   35.398   35.398  1
  290.0  290.0  1   16.917   16.917  1   35.393   35.393  1
  292.0  292.0  1   16.878   16.878  1   35.390   35.390  1
  294.0  294.0  1   16.843   16.843  1   35.387   35.387  1
  296.0  296.0  1   16.770   16.770  1   35.378   35.378  1
  298.0  298.0  1   16.721   16.721  1   35.370   35.370  1
  299.9  299.9  1   16.686   16.686  1   35.366   35.366  1
  302.0  302.0  1   16.626   16.626  1   35.358   35.358  1
  304.0  304.0  1   16.577   16.577  1   35.352   35.352  1
  306.0  306.0  1   16.494   16.494  1   35.343   35.343  1
  308.0  308.0  1   16.466   16.466  1   35.337   35.337  1
  310.0  310.0  1   16.431   16.431  1   35.333   35.333  1
  312.0  312.0  1   16.422   16.422  1   35.329   35.329  1
  314.0  314.0  1   16.406   16.406  1   35.327   35.327  1
  316.0  316.0  1   16.345   16.345  1   35.319   35.319  1
  318.0  318.0  1   16.262   16.262  1   35.305   35.305  1
  320.0  320.0  1   16.132   16.132  1   35.292   35.292  1
  322.0  322.0  1   16.046   16.046  1   35.282   35.282  1
  324.0  324.0  1   15.947   15.947  1   35.267   35.267  1
  326.0  326.0  1   15.824   15.824  1   35.255   35.255  1
  328.0  328.0  1   15.736   15.736  1   35.239   35.239  1
  330.0  330.0  1   15.707   15.707  1   35.235   35.235  1
  332.0  332.0  1   15.685   15.685  1   35.233   35.233  1
  334.1  334.1  1   15.631   15.631  1   35.226   35.226  1
  336.0  336.0  1   15.563   15.563  1   35.220   35.220  1
  338.0  338.0  1   15.466   15.466  1   35.206   35.206  1
  340.0  340.0  1   15.416   15.416  1   35.202   35.202  1
  342.0  342.0  1   15.355   15.355  1   35.192   35.192  1
  344.0  344.0  1   15.298   15.298  1   35.187   35.187  1
  346.0  346.0  1   15.167   15.167  1   35.172   35.172  1
  348.0  348.0  1   15.106   15.106  1   35.162   35.162  1
  350.0  350.0  1   15.065   15.065  1   35.159   35.159  1
  352.0  352.0  1   14.972   14.972  1   35.146   35.146  1
  354.0  354.0  1   14.929   14.929  1   35.140   35.140  1
  355.9  355.9  1   14.893   14.893  1   35.134   35.134  1
  358.0  358.0  1   14.729   14.729  1   35.121   35.121  1
  360.0  360.0  1   14.683   14.683  1   35.109   35.109  1
  362.0  362.0  1   14.659   14.659  1   35.107   35.107  1
  364.0  364.0  1   14.617   14.617  1   35.099   35.099  1
  366.0  366.0  1   14.570   14.570  1   35.094   35.094  1
  368.0  368.0  1   14.493   14.493  1   35.083   35.083  1
  370.0  370.0  1   14.386   14.386  1   35.076   35.076  1
  372.0  372.0  1   14.247   14.247  1   35.055   35.055  1
  374.0  374.0  1   14.123   14.123  1   35.040   35.040  1
  376.0  376.0  1   14.032   14.032  1   35.024   35.024  1
  378.0  378.0  1   13.962   13.962  1   35.014   35.014  1
  380.0  380.0  1   13.891   13.891  1   35.003   35.003  1
  382.0  382.0  1   13.798   13.798  1   34.992   34.992  1
  384.0  384.0  1   13.748   13.748  1   34.984   34.984  1
  386.0  386.0  1   13.677   13.677  1   34.976   34.976  1
  388.0  388.0  1   13.585   13.585  1   34.970   34.970  1
  390.0  390.0  1   13.466   13.466  1   34.957   34.957  1
  392.0  392.0  1   13.398   13.398  1   34.947   34.947  1
  394.0  394.0  1   13.354   13.354  1   34.941   34.941  1
  396.0  396.0  1   13.302   13.302  1   34.935   34.935  1
  398.0  398.0  1   13.222   13.222  1   34.930   34.930  1
  400.0  400.0  1   13.158   13.158  1   34.924   34.924  1
  402.0  402.0  1   13.136   13.136  1   34.920   34.920  1
  404.0  404.0  1   13.131   13.131  1   34.918   34.918  1
  406.0  406.0  1   13.058   13.058  1   34.917   34.917  1
  408.0  408.0  1   12.878   12.878  1   34.900   34.900  1
  410.0  410.0  1   12.831   12.831  1   34.892   34.892  1
  412.0  412.0  1   12.823   12.823  1   34.890   34.890  1
  414.0  414.0  1   12.741   12.741  1   34.886   34.886  1
  416.0  416.0  1   12.668   12.668  1   34.875   34.875  1
  418.0  418.0  1   12.605   12.605  1   34.868   34.868  1
  420.0  420.0  1   12.498   12.498  1   34.859   34.859  1
  422.0  422.0  1   12.424   12.424  1   34.847   34.847  1
  424.0  424.0  1   12.342   12.342  1   34.837   34.837  1
  426.0  426.0  1   12.279   12.279  1   34.829   34.829  1
  428.0  428.0  1   12.242   12.242  1   34.822   34.822  1
  430.0  430.0  1   12.142   12.142  1   34.811   34.811  1
  432.0  432.0  1   12.103   12.103  1   34.803   34.803  1
  434.0  434.0  1   12.083   12.083  1   34.801   34.801  1
  436.0  436.0  1   12.022   12.022  1   34.796   34.796  1
  438.0  438.0  1   11.991   11.991  1   34.799   34.799  1
  440.0  440.0  1   11.925   11.925  1   34.794   34.794  1
  442.0  442.0  1   11.866   11.866  1   34.791   34.791  1
  444.0  444.0  1   11.825   11.825  1   34.783   34.783  1
  446.0  446.0  1   11.763   11.763  1   34.781   34.781  1
  448.0  448.0  1   11.706   11.706  1   34.770   34.770  1
  450.0  450.0  1   11.611   11.611  1   34.767   34.767  1
  452.1  452.1  1   11.573   11.573  1   34.758   34.758  1
  454.0  454.0  1   11.560   11.560  1   34.756   34.756  1
  455.9  455.9  1   11.536   11.536  1   34.754   34.754  1
  457.9  457.9  1   11.491   11.491  1   34.751   34.751  1
  460.0  460.0  1   11.427   11.427  1   34.741   34.741  1
  462.0  462.0  1   11.371   11.371  1   34.737   34.737  1
  464.0  464.0  1   11.291   11.291  1   34.728   34.728  1
  466.0  466.0  1   11.180   11.180  1   34.720   34.720  1
  468.0  468.0  1   11.062   11.062  1   34.707   34.707  1
  470.0  470.0  1   10.977   10.977  1   34.701   34.701  1
  472.0  472.0  1   10.850   10.850  1   34.684   34.684  1
  474.0  474.0  1   10.820   10.820  1   34.679   34.679  1
  476.0  476.0  1   10.746   10.746  1   34.677   34.677  1
  478.1  478.1  1   10.639   10.639  1   34.665   34.665  1
  480.0  480.0  1   10.615   10.615  1   34.660   34.660  1
  482.0  482.0  1   10.556   10.556  1   34.659   34.659  1
  484.0  484.0  1   10.475   10.475  1   34.648   34.648  1
  486.0  486.0  1   10.448   10.448  1   34.641   34.641  1
  488.0  488.0  1   10.432   10.432  1   34.636   34.636  1
  490.0  490.0  1   10.273   10.273  1   34.627   34.627  1
  492.0  492.0  1   10.176   10.176  1   34.607   34.607  1
  494.0  494.0  1   10.097   10.097  1   34.603   34.603  1
  496.0  496.0  1    9.996    9.996  1   34.589   34.589  1
  498.0  498.0  1    9.980    9.980  1   34.584   34.584  1
  500.0  500.0  1    9.972    9.972  1   34.582   34.582  1
  502.0  502.0  1    9.938    9.938  1   34.579   34.579  1
  504.0  504.0  1    9.795    9.795  1   34.573   34.573  1
  506.0  506.0  1    9.746    9.746  1   34.565   34.565  1
  508.0  508.0  1    9.743    9.743  1   34.565   34.565  1
  510.0  510.0  1    9.729    9.729  1   34.568   34.568  1
  512.0  512.0  1    9.678    9.678  1   34.564   34.564  1
  514.0  514.0  1    9.582    9.582  1   34.555   34.555  1
  516.0  516.0  1    9.584    9.584  1   34.563   34.563  1
  518.0  518.0  1    9.521    9.521  1   34.558   34.558  1
  519.9  519.9  1    9.425    9.425  1   34.553   34.553  1
  522.0  522.0  1    9.350    9.350  1   34.539   34.539  1
  524.0  524.0  1    9.310    9.310  1   34.532   34.532  1
  526.0  526.0  1    9.266    9.266  1   34.529   34.529  1
  528.0  528.0  1    9.146    9.146  1   34.520   34.520  1
  530.0  530.0  1    9.127    9.127  1   34.515   34.515  1
  532.0  532.0  1    9.060    9.060  1   34.512   34.512  1
  534.0  534.0  1    9.007    9.007  1   34.506   34.506  1
  536.0  536.0  1    8.975    8.975  1   34.504   34.504  1
  537.9  537.9  1    8.917    8.917  1   34.500   34.500  1
  540.0  540.0  1    8.868    8.868  1   34.496   34.496  1
  542.0  542.0  1    8.808    8.808  1   34.490   34.490  1
  544.0  544.0  1    8.741    8.741  1   34.486   34.486  1
  546.0  546.0  1    8.669    8.669  1   34.479   34.479  1
  548.0  548.0  1    8.634    8.634  1   34.475   34.475  1
  550.0  550.0  1    8.598    8.598  1   34.473   34.473  1
  552.0  552.0  1    8.556    8.556  1   34.470   34.470  1
  554.0  554.0  1    8.486    8.486  1   34.466   34.466  1
  556.0  556.0  1    8.428    8.428  1   34.463   34.463  1
  558.0  558.0  1    8.380    8.380  1   34.459   34.459  1
  560.0  560.0  1    8.333    8.333  1   34.454   34.454  1
  562.0  562.0  1    8.318    8.318  1   34.454   34.454  1
  564.0  564.0  1    8.305    8.305  1   34.454   34.454  1
  566.0  566.0  1    8.291    8.291  1   34.453   34.453  1
  568.0  568.0  1    8.271    8.271  1   34.453   34.453  1
  570.0  570.0  1    8.250    8.250  1   34.458   34.458  1
  572.0  572.0  1    8.199    8.199  1   34.452   34.452  1
  574.0  574.0  1    8.180    8.180  1   34.450   34.450  1
  576.0  576.0  1    8.118    8.118  1   34.449   34.449  1
  578.0  578.0  1    8.052    8.052  1   34.441   34.441  1
  580.0  580.0  1    8.029    8.029  1   34.438   34.438  1
  582.0  582.0  1    7.990    7.990  1   34.435   34.435  1
  584.1  584.1  1    7.961    7.961  1   34.433   34.433  1
  586.0  586.0  1    7.935    7.935  1   34.433   34.433  1
  588.0  588.0  1    7.880    7.880  1   34.429   34.429  1
  590.0  590.0  1    7.866    7.866  1   34.432   34.432  1
  592.0  592.0  1    7.840    7.840  1   34.430   34.430  1
  594.0  594.0  1    7.826    7.826  1   34.430   34.430  1
  596.0  596.0  1    7.809    7.809  1   34.428   34.428  1
  598.0  598.0  1    7.799    7.799  1   34.426   34.426  1
  600.0  600.0  1    7.781    7.781  1   34.425   34.425  1
  602.0  602.0  1    7.755    7.755  1   34.423   34.423  1
  604.0  604.0  1    7.714    7.714  1   34.418   34.418  1
  606.0  606.0  1    7.678    7.678  1   34.415   34.415  1
  608.0  608.0  1    7.639    7.639  1   34.412   34.412  1
  610.0  610.0  1    7.581    7.581  1   34.409   34.409  1
  612.0  612.0  1    7.536    7.536  1   34.405   34.405  1
  614.0  614.0  1    7.505    7.505  1   34.399   34.399  1
  616.0  616.0  1    7.494    7.494  1   34.399   34.399  1
  617.9  617.9  1    7.485    7.485  1   34.398   34.398  1
  620.0  620.0  1    7.478    7.478  1   34.397   34.397  1
  622.0  622.0  1    7.471    7.471  1   34.396   34.396  1
  624.0  624.0  1    7.459    7.459  1   34.396   34.396  1
  626.0  626.0  1    7.445    7.445  1   34.394   34.394  1
  628.0  628.0  1    7.418    7.418  1   34.395   34.395  1
  629.9  629.9  1    7.374    7.374  1   34.391   34.391  1
  632.0  632.0  1    7.353    7.353  1   34.389   34.389  1
  634.1  634.1  1    7.313    7.313  1   34.386   34.386  1
  636.0  636.0  1    7.256    7.256  1   34.384   34.384  1
  638.0  638.0  1    7.223    7.223  1   34.378   34.378  1
  640.0  640.0  1    7.216    7.216  1   34.377   34.377  1
  642.0  642.0  1    7.192    7.192  1   34.377   34.377  1
  644.0  644.0  1    7.179    7.179  1   34.375   34.375  1
  646.0  646.0  1    7.165    7.165  1   34.376   34.376  1
  648.0  648.0  1    7.132    7.132  1   34.375   34.375  1
  649.9  649.9  1    7.110    7.110  1   34.373   34.373  1
  652.0  652.0  1    7.092    7.092  1   34.371   34.371  1
  654.0  654.0  1    7.074    7.074  1   34.369   34.369  1
  656.0  656.0  1    7.054    7.054  1   34.370   34.370  1
  658.0  658.0  1    7.030    7.030  1   34.367   34.367  1
  660.0  660.0  1    7.010    7.010  1   34.365   34.365  1
  661.9  661.9  1    6.988    6.988  1   34.366   34.366  1
  664.0  664.0  1    6.973    6.973  1   34.366   34.366  1
  666.0  666.0  1    6.964    6.964  1   34.365   34.365  1
  668.0  668.0  1    6.947    6.947  1   34.365   34.365  1
  669.9  669.9  1    6.936    6.936  1   34.364   34.364  1
  671.9  671.9  1    6.932    6.932  1   34.364   34.364  1
  674.0  674.0  1    6.925    6.925  1   34.363   34.363  1
  676.0  676.0  1    6.911    6.911  1   34.362   34.362  1
  678.0  678.0  1    6.906    6.906  1   34.362   34.362  1
  680.1  680.1  1    6.897    6.897  1   34.360   34.360  1
  682.0  682.0  1    6.885    6.885  1   34.360   34.360  1
  684.0  684.0  1    6.870    6.870  1   34.359   34.359  1
  686.0  686.0  1    6.858    6.858  1   34.358   34.358  1
  688.0  688.0  1    6.848    6.848  1   34.357   34.357  1
  690.0  690.0  1    6.829    6.829  1   34.357   34.357  1
  692.0  692.0  1    6.795    6.795  1   34.354   34.354  1
  694.0  694.0  1    6.766    6.766  1   34.353   34.353  1
  696.0  696.0  1    6.752    6.752  1   34.351   34.351  1
  698.0  698.0  1    6.732    6.732  1   34.350   34.350  1
  700.0  700.0  1    6.707    6.707  1   34.350   34.350  1
  702.0  702.0  1    6.694    6.694  1   34.347   34.347  1
  704.0  704.0  1    6.683    6.683  1   34.347   34.347  1
  706.0  706.0  1    6.679    6.679  1   34.347   34.347  1
  708.0  708.0  1    6.679    6.679  1   34.346   34.346  1
  710.0  710.0  1    6.678    6.678  1   34.346   34.346  1
  712.0  712.0  1    6.673    6.673  1   34.346   34.346  1
  714.0  714.0  1    6.667    6.667  1   34.345   34.345  1
  716.0  716.0  1    6.659    6.659  1   34.345   34.345  1
  718.0  718.0  1    6.641    6.641  1   34.344   34.344  1
  720.0  720.0  1    6.637    6.637  1   34.343   34.343  1
  722.0  722.0  1    6.631    6.631  1   34.343   34.343  1
  724.0  724.0  1    6.613    6.613  1   34.342   34.342  1
  726.0  726.0  1    6.595    6.595  1   34.341   34.341  1
  728.0  728.0  1    6.569    6.569  1   34.339   34.339  1
  730.0  730.0  1    6.558    6.558  1   34.338   34.338  1
  732.0  732.0  1    6.534    6.534  1   34.338   34.338  1
  734.0  734.0  1    6.501    6.501  1   34.336   34.336  1
  736.0  736.0  1    6.486    6.486  1   34.335   34.335  1
  738.1  738.1  1    6.462    6.462  1   34.333   34.333  1
  740.1  740.1  1    6.447    6.447  1   34.333   34.333  1
  742.0  742.0  1    6.439    6.439  1   34.332   34.332  1
  744.0  744.0  1    6.424    6.424  1   34.331   34.331  1
  746.0  746.0  1    6.413    6.413  1   34.331   34.331  1
  748.0  748.0  1    6.389    6.389  1   34.330   34.330  1
  750.0  750.0  1    6.360    6.360  1   34.328   34.328  1
  752.0  752.0  1    6.331    6.331  1   34.327   34.327  1
  754.0  754.0  1    6.302    6.302  1   34.326   34.326  1
  756.0  756.0  1    6.290    6.290  1   34.325   34.325  1
  758.0  758.0  1    6.270    6.270  1   34.325   34.325  1
  760.0  760.0  1    6.256    6.256  1   34.324   34.324  1
  762.0  762.0  1    6.236    6.236  1   34.324   34.324  1
  764.0  764.0  1    6.216    6.216  1   34.323   34.323  1
  766.0  766.0  1    6.204    6.204  1   34.322   34.322  1
  768.0  768.0  1    6.193    6.193  1   34.322   34.322  1
  770.0  770.0  1    6.170    6.170  1   34.321   34.321  1
  772.0  772.0  1    6.154    6.154  1   34.320   34.320  1
  774.0  774.0  1    6.126    6.126  1   34.319   34.319  1
  776.0  776.0  1    6.114    6.114  1   34.319   34.319  1
  778.0  778.0  1    6.110    6.110  1   34.318   34.318  1
  780.0  780.0  1    6.089    6.089  1   34.321   34.321  1
  782.0  782.0  1    6.065    6.065  1   34.319   34.319  1
  784.0  784.0  1    6.062    6.062  1   34.319   34.319  1
  786.0  786.0  1    6.059    6.059  1   34.319   34.319  1
  788.0  788.0  1    6.054    6.054  1   34.319   34.319  1
  790.0  790.0  1    6.049    6.049  1   34.318   34.318  1
  792.0  792.0  1    6.041    6.041  1   34.318   34.318  1
  794.0  794.0  1    6.026    6.026  1   34.318   34.318  1
  796.0  796.0  1    6.010    6.010  1   34.318   34.318  1
  798.0  798.0  1    6.004    6.004  1   34.318   34.318  1
  800.0  800.0  1    5.994    5.994  1   34.318   34.318  1
  802.0  802.0  1    5.978    5.978  1   34.317   34.317  1
  803.9  803.9  1    5.971    5.971  1   34.317   34.317  1
  806.0  806.0  1    5.958    5.958  1   34.317   34.317  1
  808.0  808.0  1    5.953    5.953  1   34.316   34.316  1
  810.0  810.0  1    5.946    5.946  1   34.316   34.316  1
  812.0  812.0  1    5.932    5.932  1   34.316   34.316  1
  814.0  814.0  1    5.914    5.914  1   34.316   34.316  1
  816.0  816.0  1    5.895    5.895  1   34.316   34.316  1
  818.0  818.0  1    5.883    5.883  1   34.315   34.315  1
  820.0  820.0  1    5.871    5.871  1   34.316   34.316  1
  822.0  822.0  1    5.854    5.854  1   34.315   34.315  1
  824.0  824.0  1    5.849    5.849  1   34.315   34.315  1
  826.0  826.0  1    5.841    5.841  1   34.314   34.314  1
  828.0  828.0  1    5.827    5.827  1   34.315   34.315  1
  830.0  830.0  1    5.821    5.821  1   34.314   34.314  1
  831.9  831.9  1    5.815    5.815  1   34.315   34.315  1
  834.0  834.0  1    5.800    5.800  1   34.315   34.315  1
  836.0  836.0  1    5.793    5.793  1   34.315   34.315  1
  838.0  838.0  1    5.782    5.782  1   34.315   34.315  1
  840.0  840.0  1    5.766    5.766  1   34.315   34.315  1
  842.0  842.0  1    5.751    5.751  1   34.314   34.314  1
  844.0  844.0  1    5.741    5.741  1   34.314   34.314  1
  846.0  846.0  1    5.730    5.730  1   34.314   34.314  1
  848.0  848.0  1    5.715    5.715  1   34.315   34.315  1
  850.0  850.0  1    5.692    5.692  1   34.314   34.314  1
  852.0  852.0  1    5.685    5.685  1   34.313   34.313  1
  854.0  854.0  1    5.674    5.674  1   34.313   34.313  1
  856.0  856.0  1    5.651    5.651  1   34.313   34.313  1
  858.0  858.0  1    5.634    5.634  1   34.313   34.313  1
  860.0  860.0  1    5.620    5.620  1   34.313   34.313  1
  862.0  862.0  1    5.614    5.614  1   34.312   34.312  1
  864.0  864.0  1    5.597    5.597  1   34.314   34.314  1
  866.0  866.0  1    5.573    5.573  1   34.313   34.313  1
  868.0  868.0  1    5.566    5.566  1   34.313   34.313  1
  870.0  870.0  1    5.545    5.545  1   34.313   34.313  1
  872.0  872.0  1    5.529    5.529  1   34.313   34.313  1
  874.0  874.0  1    5.522    5.522  1   34.313   34.313  1
  876.0  876.0  1    5.519    5.519  1   34.314   34.314  1
  878.0  878.0  1    5.516    5.516  1   34.314   34.314  1
  880.0  880.0  1    5.514    5.514  1   34.314   34.314  1
  882.0  882.0  1    5.503    5.503  1   34.315   34.315  1
  884.0  884.0  1    5.479    5.479  1   34.316   34.316  1
  886.1  886.1  1    5.457    5.457  1   34.316   34.316  1
  888.0  888.0  1    5.449    5.449  1   34.314   34.314  1
  890.0  890.0  1    5.445    5.445  1   34.314   34.314  1
  892.0  892.0  1    5.436    5.436  1   34.314   34.314  1
  894.0  894.0  1    5.427    5.427  1   34.313   34.313  1
  896.0  896.0  1    5.415    5.415  1   34.313   34.313  1
  898.0  898.0  1    5.398    5.398  1   34.314   34.314  1
  900.0  900.0  1    5.390    5.390  1   34.314   34.314  1
  902.0  902.0  1    5.384    5.384  1   34.314   34.314  1
  904.0  904.0  1    5.380    5.380  1   34.314   34.314  1
  906.0  906.0  1    5.376    5.376  1   34.315   34.315  1
  908.0  908.0  1    5.367    5.367  1   34.315   34.315  1
  910.0  910.0  1    5.355    5.355  1   34.316   34.316  1
  912.0  912.0  1    5.331    5.331  1   34.316   34.316  1
  914.0  914.0  1    5.323    5.323  1   34.315   34.315  1
  916.0  916.0  1    5.311    5.311  1   34.316   34.316  1
  918.1  918.1  1    5.279    5.279  1   34.314   34.314  1
  920.0  920.0  1    5.271    5.271  1   34.315   34.315  1
  922.0  922.0  1    5.245    5.245  1   34.315   34.315  1
  923.9  923.9  1    5.237    5.237  1   34.316   34.316  1
  926.0  926.0  1    5.223    5.223  1   34.316   34.316  1
  928.0  928.0  1    5.201    5.201  1   34.317   34.317  1
  930.0  930.0  1    5.186    5.186  1   34.317   34.317  1
  932.0  932.0  1    5.172    5.172  1   34.318   34.318  1
  934.0  934.0  1    5.151    5.151  1   34.319   34.319  1
  936.0  936.0  1    5.147    5.147  1   34.319   34.319  1
  938.0  938.0  1    5.139    5.139  1   34.319   34.319  1
  940.0  940.0  1    5.124    5.124  1   34.320   34.320  1
  942.0  942.0  1    5.118    5.118  1   34.320   34.320  1
  944.0  944.0  1    5.107    5.107  1   34.320   34.320  1
  946.0  946.0  1    5.084    5.084  1   34.321   34.321  1
  948.0  948.0  1    5.079    5.079  1   34.320   34.320  1
  950.0  950.0  1    5.065    5.065  1   34.322   34.322  1
  952.0  952.0  1    5.052    5.052  1   34.324   34.324  1
  954.0  954.0  1    5.040    5.040  1   34.325   34.325  1
  956.0  956.0  1    5.036    5.036  1   34.325   34.325  1
  958.0  958.0  1    5.011    5.011  1   34.327   34.327  1
  960.0  960.0  1    5.002    5.002  1   34.327   34.327  1
  962.0  962.0  1    4.995    4.995  1   34.328   34.328  1
  964.0  964.0  1    4.991    4.991  1   34.329   34.329  1
  966.0  966.0  1    4.987    4.987  1   34.328   34.328  1
  968.0  968.0  1    4.986    4.986  1   34.328   34.328  1
  970.0  970.0  1    4.982    4.982  1   34.329   34.329  1
  972.0  972.0  1    4.977    4.977  1   34.329   34.329  1
  973.9  973.9  1    4.971    4.971  1   34.329   34.329  1
  976.0  976.0  1    4.950    4.950  1   34.330   34.330  1
  978.0  978.0  1    4.931    4.931  1   34.331   34.331  1
  980.0  980.0  1    4.918    4.918  1   34.331   34.331  1
  982.0  982.0  1    4.915    4.915  1   34.331   34.331  1
  984.0  984.0  1    4.906    4.906  1   34.332   34.332  1
  986.0  986.0  1    4.880    4.880  1   34.333   34.333  1
  988.0  988.0  1    4.856    4.856  1   34.333   34.333  1
  990.0  990.0  1    4.851    4.851  1   34.332   34.332  1
  992.0  992.0  1    4.840    4.840  1   34.334   34.334  1
  994.0  994.0  1    4.827    4.827  1   34.334   34.334  1
  996.0  996.0  1    4.815    4.815  1   34.335   34.335  1
  998.0  998.0  1    4.809    4.809  1   34.334   34.334  1
 1000.1 1000.1  1    4.798    4.798  1   34.335   34.335  1
 1002.0 1002.0  1    4.773    4.773  1   34.334   34.334  1
 1004.0 1004.0  1    4.762    4.762  1   34.334   34.334  1
 1006.0 1006.0  1    4.748    4.748  1   34.333   34.333  1
 1008.0 1008.0  1    4.728    4.728  1   34.334   34.334  1
 1010.0 1010.0  1    4.709    4.709  1   34.336   34.336  1
 1012.0 1012.0  1    4.698    4.698  1   34.338   34.338  1
 1014.0 1014.0  1    4.664    4.664  1   34.338   34.338  1
 1016.0 1016.0  1    4.660    4.660  1   34.339   34.339  1
 1018.0 1018.0  1    4.652    4.652  1   34.341   34.341  1
 1020.0 1020.0  1    4.646    4.646  1   34.341   34.341  1
 1022.0 1022.0  1    4.644    4.644  1   34.341   34.341  1
 1024.0 1024.0  1    4.640    4.640  1   34.341   34.341  1
 1026.0 1026.0  1    4.623    4.623  1   34.342   34.342  1
 1028.0 1028.0  1    4.617    4.617  1   34.341   34.341  1
 1030.0 1030.0  1    4.614    4.614  1   34.342   34.342  1
 1032.0 1032.0  1    4.604    4.604  1   34.343   34.343  1
 1034.0 1034.0  1    4.594    4.594  1   34.344   34.344  1
 1036.0 1036.0  1    4.585    4.585  1   34.346   34.346  1
 1038.0 1038.0  1    4.552    4.552  1   34.346   34.346  1
 1040.0 1040.0  1    4.547    4.547  1   34.345   34.345  1
 1042.0 1042.0  1    4.544    4.544  1   34.345   34.345  1
 1044.0 1044.0  1    4.533    4.533  1   34.347   34.347  1
 1046.0 1046.0  1    4.488    4.488  1   34.353   34.353  1
 1048.0 1048.0  1    4.468    4.468  1   34.355   34.355  1
 1050.0 1050.0  1    4.453    4.453  1   34.357   34.357  1
 1052.0 1052.0  1    4.448    4.448  1   34.358   34.358  1
 1054.0 1054.0  1    4.441    4.441  1   34.358   34.358  1
 1056.0 1056.0  1    4.432    4.432  1   34.360   34.360  1
 1058.0 1058.0  1    4.422    4.422  1   34.362   34.362  1
 1060.0 1060.0  1    4.415    4.415  1   34.363   34.363  1
 1062.0 1062.0  1    4.410    4.410  1   34.364   34.364  1
 1063.9 1063.9  1    4.395    4.395  1   34.365   34.365  1
 1066.0 1066.0  1    4.384    4.384  1   34.364   34.364  1
 1068.0 1068.0  1    4.365    4.365  1   34.365   34.365  1
 1070.0 1070.0  1    4.345    4.345  1   34.366   34.366  1
 1072.0 1072.0  1    4.352    4.352  1   34.370   34.370  1
 1074.0 1074.0  1    4.349    4.349  1   34.371   34.371  1
 1076.0 1076.0  1    4.342    4.342  1   34.372   34.372  1
 1078.0 1078.0  1    4.335    4.335  1   34.372   34.372  1
 1080.0 1080.0  1    4.335    4.335  1   34.371   34.371  1
 1082.0 1082.0  1    4.329    4.329  1   34.373   34.373  1
 1084.1 1084.1  1    4.307    4.307  1   34.375   34.375  1
 1086.0 1086.0  1    4.293    4.293  1   34.377   34.377  1
 1087.9 1087.9  1    4.279    4.279  1   34.376   34.376  1
 1090.0 1090.0  1    4.274    4.274  1   34.376   34.376  1
 1092.0 1092.0  1    4.266    4.266  1   34.378   34.378  1
 1094.0 1094.0  1    4.257    4.257  1   34.377   34.377  1
 1096.0 1096.0  1    4.254    4.254  1   34.377   34.377  1
 1098.0 1098.0  1    4.253    4.253  1   34.377   34.377  1
 1099.9 1099.9  1    4.245    4.245  1   34.380   34.380  1
 1102.0 1102.0  1    4.235    4.235  1   34.380   34.380  1
 1104.0 1104.0  1    4.226    4.226  1   34.381   34.381  1
 1106.0 1106.0  1    4.218    4.218  1   34.381   34.381  1
 1108.0 1108.0  1    4.217    4.217  1   34.380   34.380  1
 1110.0 1110.0  1    4.197    4.197  1   34.381   34.381  1
 1112.0 1112.0  1    4.183    4.183  1   34.381   34.381  1
 1114.0 1114.0  1    4.160    4.160  1   34.379   34.379  1
 1116.0 1116.0  1    4.162    4.162  1   34.381   34.381  1
 1118.0 1118.0  1    4.159    4.159  1   34.382   34.382  1
 1120.0 1120.0  1    4.153    4.153  1   34.382   34.382  1
 1122.0 1122.0  1    4.146    4.146  1   34.384   34.384  1
 1124.0 1124.0  1    4.139    4.139  1   34.384   34.384  1
 1126.0 1126.0  1    4.127    4.127  1   34.386   34.386  1
 1128.0 1128.0  1    4.104    4.104  1   34.387   34.387  1
 1130.0 1130.0  1    4.095    4.095  1   34.388   34.388  1
 1132.0 1132.0  1    4.086    4.086  1   34.389   34.389  1
 1134.0 1134.0  1    4.067    4.067  1   34.391   34.391  1
 1136.0 1136.0  1    4.060    4.060  1   34.390   34.390  1
 1138.1 1138.1  1    4.045    4.045  1   34.393   34.393  1
 1140.0 1140.0  1    4.024    4.024  1   34.394   34.394  1
 1142.0 1142.0  1    4.005    4.005  1   34.397   34.397  1
 1144.0 1144.0  1    3.995    3.995  1   34.398   34.398  1
 1146.0 1146.0  1    3.992    3.992  1   34.397   34.397  1
 1148.0 1148.0  1    3.991    3.991  1   34.398   34.398  1
 1149.9 1149.9  1    3.988    3.988  1   34.398   34.398  1
 1152.0 1152.0  1    3.980    3.980  1   34.399   34.399  1
 1154.1 1154.1  1    3.971    3.971  1   34.399   34.399  1
 1156.0 1156.0  1    3.967    3.967  1   34.400   34.400  1
 1158.0 1158.0  1    3.953    3.953  1   34.402   34.402  1
 1160.0 1160.0  1    3.941    3.941  1   34.402   34.402  1
 1162.1 1162.1  1    3.937    3.937  1   34.402   34.402  1
 1164.1 1164.1  1    3.921    3.921  1   34.404   34.404  1
 1166.1 1166.1  1    3.906    3.906  1   34.405   34.405  1
 1168.1 1168.1  1    3.895    3.895  1   34.406   34.406  1
 1170.0 1170.0  1    3.892    3.892  1   34.406   34.406  1
 1172.0 1172.0  1    3.890    3.890  1   34.407   34.407  1
 1174.0 1174.0  1    3.887    3.887  1   34.407   34.407  1
 1176.1 1176.1  1    3.882    3.882  1   34.408   34.408  1
 1178.0 1178.0  1    3.874    3.874  1   34.408   34.408  1
 1180.0 1180.0  1    3.869    3.869  1   34.409   34.409  1
 1182.0 1182.0  1    3.864    3.864  1   34.411   34.411  1
 1184.0 1184.0  1    3.853    3.853  1   34.413   34.413  1
 1186.0 1186.0  1    3.829    3.829  1   34.416   34.416  1
 1188.0 1188.0  1    3.820    3.820  1   34.415   34.415  1
 1190.0 1190.0  1    3.816    3.816  1   34.416   34.416  1
 1192.0 1192.0  1    3.815    3.815  1   34.416   34.416  1
 1194.0 1194.0  1    3.809    3.809  1   34.417   34.417  1
 1196.0 1196.0  1    3.802    3.802  1   34.417   34.417  1
 1198.0 1198.0  1    3.795    3.795  1   34.417   34.417  1
 1200.0 1200.0  1    3.784    3.784  1   34.418   34.418  1
 1202.1 1202.1  1    3.766    3.766  1   34.420   34.420  1
 1204.0 1204.0  1    3.748    3.748  1   34.422   34.422  1
 1206.0 1206.0  1    3.740    3.740  1   34.423   34.423  1
 1208.1 1208.1  1    3.737    3.737  1   34.423   34.423  1
 1210.0 1210.0  1    3.732    3.732  1   34.423   34.423  1
 1212.0 1212.0  1    3.727    3.727  1   34.424   34.424  1
 1214.0 1214.0  1    3.723    3.723  1   34.424   34.424  1
 1216.0 1216.0  1    3.720    3.720  1   34.425   34.425  1
 1218.0 1218.0  1    3.713    3.713  1   34.425   34.425  1
 1220.0 1220.0  1    3.699    3.699  1   34.427   34.427  1
 1222.0 1222.0  1    3.674    3.674  1   34.430   34.430  1
 1224.0 1224.0  1    3.660    3.660  1   34.430   34.430  1
 1226.0 1226.0  1    3.653    3.653  1   34.431   34.431  1
 1228.0 1228.0  1    3.639    3.639  1   34.433   34.433  1
 1230.0 1230.0  1    3.625    3.625  1   34.434   34.434  1
 1232.0 1232.0  1    3.610    3.610  1   34.436   34.436  1
 1234.0 1234.0  1    3.602    3.602  1   34.436   34.436  1
 1236.0 1236.0  1    3.599    3.599  1   34.437   34.437  1
 1238.0 1238.0  1    3.590    3.590  1   34.438   34.438  1
 1240.0 1240.0  1    3.580    3.580  1   34.439   34.439  1
 1242.0 1242.0  1    3.568    3.568  1   34.440   34.440  1
 1244.0 1244.0  1    3.561    3.561  1   34.441   34.441  1
 1246.0 1246.0  1    3.556    3.556  1   34.442   34.442  1
 1248.0 1248.0  1    3.548    3.548  1   34.443   34.443  1
 1250.0 1250.0  1    3.535    3.535  1   34.444   34.444  1
 1252.0 1252.0  1    3.509    3.509  1   34.446   34.446  1
 1254.0 1254.0  1    3.500    3.500  1   34.447   34.447  1
 1256.0 1256.0  1    3.481    3.481  1   34.450   34.450  1
 1258.0 1258.0  1    3.468    3.468  1   34.451   34.451  1
 1260.0 1260.0  1    3.463    3.463  1   34.451   34.451  1
 1262.0 1262.0  1    3.459    3.459  1   34.452   34.452  1
 1264.0 1264.0  1    3.457    3.457  1   34.452   34.452  1
 1266.0 1266.0  1    3.454    3.454  1   34.452   34.452  1
 1268.0 1268.0  1    3.453    3.453  1   34.452   34.452  1
 1270.0 1270.0  1    3.450    3.450  1   34.452   34.452  1
 1272.0 1272.0  1    3.439    3.439  1   34.454   34.454  1
 1274.0 1274.0  1    3.422    3.422  1   34.456   34.456  1
 1276.0 1276.0  1    3.417    3.417  1   34.457   34.457  1
 1278.0 1278.0  1    3.415    3.415  1   34.457   34.457  1
 1280.0 1280.0  1    3.413    3.413  1   34.457   34.457  1
 1282.0 1282.0  1    3.408    3.408  1   34.458   34.458  1
 1284.0 1284.0  1    3.401    3.401  1   34.459   34.459  1
 1286.0 1286.0  1    3.394    3.394  1   34.460   34.460  1
 1288.0 1288.0  1    3.391    3.391  1   34.460   34.460  1
 1290.0 1290.0  1    3.390    3.390  1   34.461   34.461  1
 1292.0 1292.0  1    3.388    3.388  1   34.462   34.462  1
 1294.0 1294.0  1    3.382    3.382  1   34.463   34.463  1
 1296.0 1296.0  1    3.377    3.377  1   34.464   34.464  1
 1298.0 1298.0  1    3.373    3.373  1   34.464   34.464  1
 1300.1 1300.1  1    3.367    3.367  1   34.465   34.465  1
 1302.0 1302.0  1    3.358    3.358  1   34.466   34.466  1
 1304.0 1304.0  1    3.349    3.349  1   34.467   34.467  1
 1306.0 1306.0  1    3.345    3.345  1   34.467   34.467  1
 1308.0 1308.0  1    3.337    3.337  1   34.468   34.468  1
 1310.1 1310.1  1    3.332    3.332  1   34.469   34.469  1
 1312.0 1312.0  1    3.331    3.331  1   34.469   34.469  1
 1314.0 1314.0  1    3.327    3.327  1   34.469   34.469  1
 1316.0 1316.0  1    3.324    3.324  1   34.470   34.470  1
 1318.0 1318.0  1    3.322    3.322  1   34.470   34.470  1
 1320.0 1320.0  1    3.321    3.321  1   34.470   34.470  1
 1322.0 1322.0  1    3.319    3.319  1   34.470   34.470  1
 1324.0 1324.0  1    3.311    3.311  1   34.472   34.472  1
 1326.0 1326.0  1    3.298    3.298  1   34.473   34.473  1
 1328.0 1328.0  1    3.295    3.295  1   34.473   34.473  1
 1330.0 1330.0  1    3.294    3.294  1   34.473   34.473  1
 1332.0 1332.0  1    3.293    3.293  1   34.473   34.473  1
 1334.0 1334.0  1    3.292    3.292  1   34.473   34.473  1
 1336.0 1336.0  1    3.290    3.290  1   34.474   34.474  1
 1338.0 1338.0  1    3.286    3.286  1   34.474   34.474  1
 1340.0 1340.0  1    3.284    3.284  1   34.474   34.474  1
 1342.0 1342.0  1    3.278    3.278  1   34.475   34.475  1
 1344.0 1344.0  1    3.271    3.271  1   34.476   34.476  1
 1346.0 1346.0  1    3.263    3.263  1   34.477   34.477  1
 1348.0 1348.0  1    3.258    3.258  1   34.478   34.478  1
 1350.0 1350.0  1    3.256    3.256  1   34.478   34.478  1
 1352.0 1352.0  1    3.255    3.255  1   34.479   34.479  1
 1354.0 1354.0  1    3.252    3.252  1   34.479   34.479  1
 1355.9 1355.9  1    3.243    3.243  1   34.481   34.481  1
 1358.0 1358.0  1    3.237    3.237  1   34.482   34.482  1
 1360.0 1360.0  1    3.234    3.234  1   34.482   34.482  1
 1362.0 1362.0  1    3.226    3.226  1   34.483   34.483  1
 1364.0 1364.0  1    3.218    3.218  1   34.485   34.485  1
 1366.0 1366.0  1    3.212    3.212  1   34.485   34.485  1
 1368.0 1368.0  1    3.207    3.207  1   34.486   34.486  1
 1370.0 1370.0  1    3.201    3.201  1   34.487   34.487  1
 1372.0 1372.0  1    3.195    3.195  1   34.488   34.488  1
 1374.0 1374.0  1    3.186    3.186  1   34.489   34.489  1
 1376.0 1376.0  1    3.182    3.182  1   34.489   34.489  1
 1378.0 1378.0  1    3.176    3.176  1   34.490   34.490  1
 1380.0 1380.0  1    3.169    3.169  1   34.491   34.491  1
 1382.0 1382.0  1    3.164    3.164  1   34.492   34.492  1
 1384.0 1384.0  1    3.159    3.159  1   34.492   34.492  1
 1386.0 1386.0  1    3.156    3.156  1   34.492   34.492  1
 1388.0 1388.0  1    3.151    3.151  1   34.492   34.492  1
 1390.0 1390.0  1    3.142    3.142  1   34.493   34.493  1
 1392.0 1392.0  1    3.133    3.133  1   34.494   34.494  1
 1394.0 1394.0  1    3.123    3.123  1   34.495   34.495  1
 1396.0 1396.0  1    3.117    3.117  1   34.496   34.496  1
 1398.0 1398.0  1    3.109    3.109  1   34.497   34.497  1
 1400.0 1400.0  1    3.099    3.099  1   34.498   34.498  1
 1402.0 1402.0  1    3.095    3.095  1   34.498   34.498  1
 1404.0 1404.0  1    3.094    3.094  1   34.498   34.498  1
 1406.0 1406.0  1    3.091    3.091  1   34.499   34.499  1
 1408.0 1408.0  1    3.088    3.088  1   34.499   34.499  1
 1410.1 1410.1  1    3.082    3.082  1   34.500   34.500  1
 1412.0 1412.0  1    3.078    3.078  1   34.500   34.500  1
 1414.0 1414.0  1    3.076    3.076  1   34.500   34.500  1
 1416.0 1416.0  1    3.073    3.073  1   34.501   34.501  1
 1418.0 1418.0  1    3.063    3.063  1   34.503   34.503  1
 1420.0 1420.0  1    3.055    3.055  1   34.504   34.504  1
 1422.0 1422.0  1    3.044    3.044  1   34.505   34.505  1
 1424.0 1424.0  1    3.040    3.040  1   34.505   34.505  1
 1426.0 1426.0  1    3.034    3.034  1   34.506   34.506  1
 1428.0 1428.0  1    3.016    3.016  1   34.508   34.508  1
 1429.9 1429.9  1    3.006    3.006  1   34.509   34.509  1
 1432.0 1432.0  1    3.002    3.002  1   34.509   34.509  1
 1434.0 1434.0  1    2.999    2.999  1   34.509   34.509  1
 1436.0 1436.0  1    2.998    2.998  1   34.509   34.509  1
 1438.0 1438.0  1    2.998    2.998  1   34.509   34.509  1
 1440.0 1440.0  1    2.996    2.996  1   34.509   34.509  1
 1442.0 1442.0  1    2.992    2.992  1   34.510   34.510  1
 1444.0 1444.0  1    2.987    2.987  1   34.511   34.511  1
 1446.0 1446.0  1    2.981    2.981  1   34.511   34.511  1
 1448.0 1448.0  1    2.978    2.978  1   34.512   34.512  1
 1450.0 1450.0  1    2.977    2.977  1   34.512   34.512  1
 1452.0 1452.0  1    2.975    2.975  1   34.512   34.512  1
 1454.0 1454.0  1    2.974    2.974  1   34.512   34.512  1
 1456.0 1456.0  1    2.975    2.975  1   34.513   34.513  1
 1458.0 1458.0  1    2.975    2.975  1   34.513   34.513  1
 1460.0 1460.0  1    2.970    2.970  1   34.514   34.514  1
 1462.0 1462.0  1    2.966    2.966  1   34.514   34.514  1
 1464.0 1464.0  1    2.964    2.964  1   34.515   34.515  1
 1466.0 1466.0  1    2.963    2.963  1   34.515   34.515  1
 1468.0 1468.0  1    2.961    2.961  1   34.516   34.516  1
 1470.0 1470.0  1    2.960    2.960  1   34.516   34.516  1
 1472.0 1472.0  1    2.959    2.959  1   34.516   34.516  1
 1474.0 1474.0  1    2.958    2.958  1   34.516   34.516  1
 1476.0 1476.0  1    2.953    2.953  1   34.517   34.517  1
 1478.0 1478.0  1    2.946    2.946  1   34.518   34.518  1
 1480.0 1480.0  1    2.944    2.944  1   34.518   34.518  1
 1482.0 1482.0  1    2.943    2.943  1   34.518   34.518  1
 1484.0 1484.0  1    2.937    2.937  1   34.519   34.519  1
 1486.0 1486.0  1    2.933    2.933  1   34.519   34.519  1
 1488.0 1488.0  1    2.933    2.933  1   34.519   34.519  1
 1490.0 1490.0  1    2.930    2.930  1   34.520   34.520  1
 1492.0 1492.0  1    2.927    2.927  1   34.520   34.520  1
 1494.0 1494.0  1    2.922    2.922  1   34.521   34.521  1
 1496.0 1496.0  1    2.918    2.918  1   34.521   34.521  1
 1497.9 1497.9  1    2.915    2.915  1   34.521   34.521  1
 1500.0 1500.0  1    2.910    2.910  1   34.522   34.522  1
 1502.0 1502.0  1    2.902    2.902  1   34.523   34.523  1
 1504.0 1504.0  1    2.896    2.896  1   34.524   34.524  1
 1506.0 1506.0  1    2.891    2.891  1   34.524   34.524  1
 1508.0 1508.0  1    2.886    2.886  1   34.525   34.525  1
 1510.0 1510.0  1    2.878    2.878  1   34.526   34.526  1
 1512.0 1512.0  1    2.871    2.871  1   34.527   34.527  1
 1514.0 1514.0  1    2.865    2.865  1   34.528   34.528  1
 1516.0 1516.0  1    2.861    2.861  1   34.529   34.529  1
 1518.0 1518.0  1    2.854    2.854  1   34.530   34.530  1
 1520.0 1520.0  1    2.843    2.843  1   34.531   34.531  1
 1522.0 1522.0  1    2.838    2.838  1   34.532   34.532  1
 1524.0 1524.0  1    2.834    2.834  1   34.532   34.532  1
 1526.0 1526.0  1    2.831    2.831  1   34.533   34.533  1
 1528.0 1528.0  1    2.822    2.822  1   34.534   34.534  1
 1530.0 1530.0  1    2.818    2.818  1   34.535   34.535  1
 1532.0 1532.0  1    2.813    2.813  1   34.536   34.536  1
 1534.0 1534.0  1    2.811    2.811  1   34.536   34.536  1
 1536.1 1536.1  1    2.810    2.810  1   34.536   34.536  1
 1538.0 1538.0  1    2.808    2.808  1   34.536   34.536  1
 1540.0 1540.0  1    2.803    2.803  1   34.537   34.537  1
 1542.0 1542.0  1    2.794    2.794  1   34.538   34.538  1
 1544.0 1544.0  1    2.786    2.786  1   34.540   34.540  1
 1546.0 1546.0  1    2.779    2.779  1   34.541   34.541  1
 1548.0 1548.0  1    2.777    2.777  1   34.541   34.541  1
 1550.0 1550.0  1    2.776    2.776  1   34.541   34.541  1
 1552.0 1552.0  1    2.775    2.775  1   34.541   34.541  1
 1554.0 1554.0  1    2.771    2.771  1   34.542   34.542  1
 1556.0 1556.0  1    2.762    2.762  1   34.543   34.543  1
 1558.0 1558.0  1    2.759    2.759  1   34.543   34.543  1
 1560.0 1560.0  1    2.754    2.754  1   34.544   34.544  1
 1562.0 1562.0  1    2.749    2.749  1   34.545   34.545  1
 1564.0 1564.0  1    2.748    2.748  1   34.545   34.545  1
 1566.0 1566.0  1    2.746    2.746  1   34.545   34.545  1
 1568.0 1568.0  1    2.743    2.743  1   34.545   34.545  1
 1570.0 1570.0  1    2.738    2.738  1   34.546   34.546  1
 1572.0 1572.0  1    2.736    2.736  1   34.546   34.546  1
 1574.0 1574.0  1    2.728    2.728  1   34.548   34.548  1
 1576.0 1576.0  1    2.727    2.727  1   34.548   34.548  1
 1578.0 1578.0  1    2.725    2.725  1   34.548   34.548  1
 1580.0 1580.0  1    2.724    2.724  1   34.548   34.548  1
 1582.0 1582.0  1    2.719    2.719  1   34.549   34.549  1
 1584.0 1584.0  1    2.712    2.712  1   34.550   34.550  1
 1586.0 1586.0  1    2.709    2.709  1   34.550   34.550  1
 1588.0 1588.0  1    2.707    2.707  1   34.551   34.551  1
 1590.0 1590.0  1    2.706    2.706  1   34.551   34.551  1
 1592.0 1592.0  1    2.701    2.701  1   34.551   34.551  1
 1594.0 1594.0  1    2.694    2.694  1   34.552   34.552  1
 1596.0 1596.0  1    2.689    2.689  1   34.553   34.553  1
 1598.0 1598.0  1    2.688    2.688  1   34.553   34.553  1
 1600.0 1600.0  1    2.688    2.688  1   34.553   34.553  1
 1602.0 1602.0  1    2.687    2.687  1   34.553   34.553  1
 1604.0 1604.0  1    2.681    2.681  1   34.555   34.555  1
 1606.0 1606.0  1    2.677    2.677  1   34.555   34.555  1
 1608.0 1608.0  1    2.672    2.672  1   34.556   34.556  1
 1610.0 1610.0  1    2.671    2.671  1   34.556   34.556  1
 1612.0 1612.0  1    2.667    2.667  1   34.557   34.557  1
 1614.0 1614.0  1    2.665    2.665  1   34.557   34.557  1
 1616.0 1616.0  1    2.664    2.664  1   34.557   34.557  1
 1618.0 1618.0  1    2.658    2.658  1   34.558   34.558  1
 1620.0 1620.0  1    2.650    2.650  1   34.560   34.560  1
 1622.0 1622.0  1    2.649    2.649  1   34.560   34.560  1
 1624.0 1624.0  1    2.644    2.644  1   34.561   34.561  1
 1626.0 1626.0  1    2.641    2.641  1   34.561   34.561  1
 1628.0 1628.0  1    2.637    2.637  1   34.562   34.562  1
 1630.0 1630.0  1    2.631    2.631  1   34.563   34.563  1
 1632.0 1632.0  1    2.624    2.624  1   34.564   34.564  1
 1634.0 1634.0  1    2.621    2.621  1   34.565   34.565  1
 1636.0 1636.0  1    2.620    2.620  1   34.565   34.565  1
 1638.0 1638.0  1    2.616    2.616  1   34.566   34.566  1
 1640.0 1640.0  1    2.615    2.615  1   34.566   34.566  1
 1642.0 1642.0  1    2.612    2.612  1   34.566   34.566  1
 1644.0 1644.0  1    2.608    2.608  1   34.567   34.567  1
 1646.0 1646.0  1    2.602    2.602  1   34.568   34.568  1
 1648.0 1648.0  1    2.599    2.599  1   34.568   34.568  1
 1650.0 1650.0  1    2.596    2.596  1   34.569   34.569  1
 1652.0 1652.0  1    2.593    2.593  1   34.570   34.570  1
 1654.0 1654.0  1    2.591    2.591  1   34.570   34.570  1
 1656.0 1656.0  1    2.591    2.591  1   34.570   34.570  1
 1658.0 1658.0  1    2.590    2.590  1   34.570   34.570  1
 1660.0 1660.0  1    2.589    2.589  1   34.570   34.570  1
 1662.0 1662.0  1    2.587    2.587  1   34.571   34.571  1
 1664.0 1664.0  1    2.585    2.585  1   34.571   34.571  1
 1666.0 1666.0  1    2.583    2.583  1   34.571   34.571  1
 1668.0 1668.0  1    2.581    2.581  1   34.572   34.572  1
 1670.0 1670.0  1    2.574    2.574  1   34.573   34.573  1
 1672.0 1672.0  1    2.571    2.571  1   34.574   34.574  1
 1674.0 1674.0  1    2.568    2.568  1   34.574   34.574  1
 1676.0 1676.0  1    2.567    2.567  1   34.574   34.574  1
 1678.0 1678.0  1    2.566    2.566  1   34.574   34.574  1
 1680.0 1680.0  1    2.560    2.560  1   34.576   34.576  1
 1682.0 1682.0  1    2.554    2.554  1   34.576   34.576  1
 1684.0 1684.0  1    2.547    2.547  1   34.578   34.578  1
 1686.0 1686.0  1    2.541    2.541  1   34.579   34.579  1
 1688.0 1688.0  1    2.539    2.539  1   34.579   34.579  1
 1690.0 1690.0  1    2.538    2.538  1   34.579   34.579  1
 1692.0 1692.0  1    2.534    2.534  1   34.580   34.580  1
 1694.0 1694.0  1    2.532    2.532  1   34.581   34.581  1
 1696.0 1696.0  1    2.527    2.527  1   34.582   34.582  1
 1698.0 1698.0  1    2.523    2.523  1   34.582   34.582  1
 1700.0 1700.0  1    2.520    2.520  1   34.583   34.583  1
 1702.0 1702.0  1    2.518    2.518  1   34.583   34.583  1
 1704.0 1704.0  1    2.514    2.514  1   34.584   34.584  1
 1706.0 1706.0  1    2.509    2.509  1   34.585   34.585  1
 1708.0 1708.0  1    2.507    2.507  1   34.585   34.585  1
 1710.0 1710.0  1    2.505    2.505  1   34.585   34.585  1
 1712.0 1712.0  1    2.502    2.502  1   34.586   34.586  1
 1714.0 1714.0  1    2.500    2.500  1   34.586   34.586  1
 1716.0 1716.0  1    2.495    2.495  1   34.587   34.587  1
 1718.0 1718.0  1    2.490    2.490  1   34.588   34.588  1
 1720.0 1720.0  1    2.488    2.488  1   34.588   34.588  1
 1722.0 1722.0  1    2.488    2.488  1   34.588   34.588  1
 1724.0 1724.0  1    2.485    2.485  1   34.589   34.589  1
 1726.0 1726.0  1    2.482    2.482  1   34.589   34.589  1
 1728.0 1728.0  1    2.478    2.478  1   34.590   34.590  1
 1730.0 1730.0  1    2.477    2.477  1   34.590   34.590  1
 1732.0 1732.0  1    2.476    2.476  1   34.590   34.590  1
 1734.0 1734.0  1    2.474    2.474  1   34.591   34.591  1
 1736.0 1736.0  1    2.466    2.466  1   34.592   34.592  1
 1738.0 1738.0  1    2.461    2.461  1   34.593   34.593  1
 1740.0 1740.0  1    2.456    2.456  1   34.594   34.594  1
 1742.0 1742.0  1    2.454    2.454  1   34.594   34.594  1
 1744.0 1744.0  1    2.448    2.448  1   34.595   34.595  1
 1746.0 1746.0  1    2.446    2.446  1   34.595   34.595  1
 1747.9 1747.9  1    2.444    2.444  1   34.596   34.596  1
 1750.0 1750.0  1    2.441    2.441  1   34.596   34.596  1
 1752.0 1752.0  1    2.437    2.437  1   34.597   34.597  1
 1754.0 1754.0  1    2.436    2.436  1   34.597   34.597  1
 1756.0 1756.0  1    2.432    2.432  1   34.598   34.598  1
 1758.0 1758.0  1    2.429    2.429  1   34.598   34.598  1
 1760.0 1760.0  1    2.428    2.428  1   34.598   34.598  1
 1762.0 1762.0  1    2.424    2.424  1   34.599   34.599  1
 1764.0 1764.0  1    2.423    2.423  1   34.599   34.599  1
 1766.0 1766.0  1    2.423    2.423  1   34.599   34.599  1
 1768.0 1768.0  1    2.421    2.421  1   34.599   34.599  1
 1770.0 1770.0  1    2.418    2.418  1   34.600   34.600  1
 1772.0 1772.0  1    2.412    2.412  1   34.601   34.601  1
 1774.0 1774.0  1    2.408    2.408  1   34.602   34.602  1
 1776.0 1776.0  1    2.406    2.406  1   34.602   34.602  1
 1778.0 1778.0  1    2.405    2.405  1   34.602   34.602  1
 1780.0 1780.0  1    2.405    2.405  1   34.602   34.602  1
 1782.0 1782.0  1    2.404    2.404  1   34.602   34.602  1
 1784.0 1784.0  1    2.403    2.403  1   34.603   34.603  1
 1786.0 1786.0  1    2.402    2.402  1   34.603   34.603  1
 1788.0 1788.0  1    2.401    2.401  1   34.603   34.603  1
 1790.0 1790.0  1    2.398    2.398  1   34.603   34.603  1
 1792.0 1792.0  1    2.395    2.395  1   34.604   34.604  1
 1794.0 1794.0  1    2.391    2.391  1   34.604   34.604  1
 1796.0 1796.0  1    2.389    2.389  1   34.605   34.605  1
 1798.0 1798.0  1    2.386    2.386  1   34.605   34.605  1
 1800.0 1800.0  1    2.386    2.386  1   34.605   34.605  1
 1802.0 1802.0  1    2.383    2.383  1   34.606   34.606  1
 1804.0 1804.0  1    2.381    2.381  1   34.606   34.606  1
 1806.0 1806.0  1    2.378    2.378  1   34.606   34.606  1
 1808.0 1808.0  1    2.374    2.374  1   34.607   34.607  1
 1810.0 1810.0  1    2.370    2.370  1   34.608   34.608  1
 1812.0 1812.0  1    2.370    2.370  1   34.608   34.608  1
 1814.0 1814.0  1    2.370    2.370  1   34.608   34.608  1
 1816.0 1816.0  1    2.369    2.369  1   34.608   34.608  1
 1818.0 1818.0  1    2.369    2.369  1   34.608   34.608  1
 1820.0 1820.0  1    2.367    2.367  1   34.608   34.608  1
 1822.0 1822.0  1    2.363    2.363  1   34.609   34.609  1
 1824.0 1824.0  1    2.361    2.361  1   34.609   34.609  1
 1825.9 1825.9  1    2.357    2.357  1   34.609   34.609  1
 1828.0 1828.0  1    2.354    2.354  1   34.610   34.610  1
 1830.0 1830.0  1    2.353    2.353  1   34.610   34.610  1
 1832.0 1832.0  1    2.352    2.352  1   34.610   34.610  1
 1834.0 1834.0  1    2.349    2.349  1   34.610   34.610  1
 1836.0 1836.0  1    2.348    2.348  1   34.611   34.611  1
 1838.0 1838.0  1    2.348    2.348  1   34.611   34.611  1
 1840.0 1840.0  1    2.346    2.346  1   34.611   34.611  1
 1842.0 1842.0  1    2.342    2.342  1   34.612   34.612  1
 1844.0 1844.0  1    2.342    2.342  1   34.612   34.612  1
 1846.0 1846.0  1    2.342    2.342  1   34.612   34.612  1
 1848.0 1848.0  1    2.341    2.341  1   34.612   34.612  1
 1850.0 1850.0  1    2.340    2.340  1   34.612   34.612  1
 1851.9 1851.9  1    2.334    2.334  1   34.613   34.613  1
 1854.0 1854.0  1    2.329    2.329  1   34.614   34.614  1
 1856.0 1856.0  1    2.327    2.327  1   34.614   34.614  1
 1858.0 1858.0  1    2.324    2.324  1   34.614   34.614  1
 1860.0 1860.0  1    2.323    2.323  1   34.615   34.615  1
 1862.0 1862.0  1    2.320    2.320  1   34.615   34.615  1
 1864.0 1864.0  1    2.320    2.320  1   34.615   34.615  1
 1866.0 1866.0  1    2.314    2.314  1   34.616   34.616  1
 1868.0 1868.0  1    2.313    2.313  1   34.616   34.616  1
 1870.0 1870.0  1    2.311    2.311  1   34.616   34.616  1
 1872.0 1872.0  1    2.307    2.307  1   34.617   34.617  1
 1874.0 1874.0  1    2.305    2.305  1   34.617   34.617  1
 1876.0 1876.0  1    2.304    2.304  1   34.617   34.617  1
 1878.0 1878.0  1    2.304    2.304  1   34.617   34.617  1
 1880.0 1880.0  1    2.303    2.303  1   34.617   34.617  1
 1882.0 1882.0  1    2.301    2.301  1   34.618   34.618  1
 1884.0 1884.0  1    2.297    2.297  1   34.618   34.618  1
 1886.0 1886.0  1    2.296    2.296  1   34.618   34.618  1
 1888.0 1888.0  1    2.293    2.293  1   34.619   34.619  1
 1890.0 1890.0  1    2.292    2.292  1   34.619   34.619  1
 1892.0 1892.0  1    2.290    2.290  1   34.619   34.619  1
 1894.0 1894.0  1    2.288    2.288  1   34.619   34.619  1
 1896.0 1896.0  1    2.284    2.284  1   34.620   34.620  1
 1898.0 1898.0  1    2.282    2.282  1   34.620   34.620  1
 1900.0 1900.0  1    2.281    2.281  1   34.620   34.620  1
 1902.0 1902.0  1    2.280    2.280  1   34.620   34.620  1
 1904.0 1904.0  1    2.274    2.274  1   34.621   34.621  1
 1906.0 1906.0  1    2.272    2.272  1   34.621   34.621  1
 1908.0 1908.0  1    2.271    2.271  1   34.622   34.622  1
 1910.0 1910.0  1    2.268    2.268  1   34.622   34.622  1
 1912.0 1912.0  1    2.268    2.268  1   34.622   34.622  1
 1914.0 1914.0  1    2.268    2.268  1   34.622   34.622  1
 1916.0 1916.0  1    2.266    2.266  1   34.622   34.622  1
 1918.0 1918.0  1    2.263    2.263  1   34.623   34.623  1
 1920.0 1920.0  1    2.260    2.260  1   34.623   34.623  1
 1922.0 1922.0  1    2.258    2.258  1   34.623   34.623  1
 1924.0 1924.0  1    2.257    2.257  1   34.623   34.623  1
 1926.0 1926.0  1    2.255    2.255  1   34.624   34.624  1
 1928.1 1928.1  1    2.254    2.254  1   34.624   34.624  1
 1930.0 1930.0  1    2.254    2.254  1   34.624   34.624  1
 1932.0 1932.0  1    2.252    2.252  1   34.624   34.624  1
 1934.0 1934.0  1    2.251    2.251  1   34.624   34.624  1
 1936.0 1936.0  1    2.250    2.250  1   34.624   34.624  1
 1938.0 1938.0  1    2.248    2.248  1   34.625   34.625  1
 1940.1 1940.1  1    2.248    2.248  1   34.625   34.625  1
 1942.0 1942.0  1    2.247    2.247  1   34.625   34.625  1
 1944.0 1944.0  1    2.246    2.246  1   34.625   34.625  1
 1946.0 1946.0  1    2.246    2.246  1   34.625   34.625  1
 1948.0 1948.0  1    2.245    2.245  1   34.625   34.625  1
 1950.0 1950.0  1    2.245    2.245  1   34.625   34.625  1
 1952.0 1952.0  1    2.245    2.245  1   34.625   34.625  1
 1954.0 1954.0  1    2.244    2.244  1   34.625   34.625  1
 1956.0 1956.0  1    2.243    2.243  1   34.625   34.625  1
 1958.0 1958.0  1    2.241    2.241  1   34.625   34.625  1
 1960.0 1960.0  1    2.240    2.240  1   34.625   34.625  1
 1961.9 1961.9  1    2.236    2.236  1   34.626   34.626  1
 1964.0 1964.0  1    2.232    2.232  1   34.626   34.626  1
 1966.0 1966.0  1    2.231    2.231  1   34.626   34.626  1
 1968.0 1968.0  1    2.231    2.231  1   34.626   34.626  1
 1970.0 1970.0  1    2.231    2.231  1   34.626   34.626  1
 1972.0 1972.0  1    2.230    2.230  1   34.627   34.627  1
 1974.0 1974.0  1    2.227    2.227  1   34.627   34.627  1
 1976.0 1976.0  1    2.227    2.227  1   34.627   34.627  1
 1977.9 1977.9  1    2.227    2.227  1   34.627   34.627  1
 1980.0 1980.0  1    2.226    2.226  1   34.627   34.627  1
 1982.0 1982.0  1    2.223    2.223  1   34.627   34.627  1
 1984.0 1984.0  1    2.220    2.220  1   34.628   34.628  1
 1986.0 1986.0  1    2.216    2.216  1   34.628   34.628  1
 1988.0 1988.0  1    2.215    2.215  1   34.628   34.628  1
 1990.0 1990.0  1    2.215    2.215  1   34.628   34.628  1
 1992.0 1992.0  1    2.214    2.214  1   34.628   34.628  1
 1994.1 1994.1  1    2.214    2.214  1   34.628   34.628  1
 1996.0 1996.0  1    2.214    2.214  1   34.628   34.628  1
 1998.0 1998.0  1    2.213    2.213  1   34.628   34.628  1
 2000.0 2000.0  1    2.212    2.212  1   34.628   34.628  1
 2002.0 2002.0  1    2.211    2.211  1   34.629   34.629  1
 2004.0 2004.0  1    2.208    2.208  1   34.629   34.629  1
 2005.2 2005.2  1    2.207    2.207  1   34.629   34.629  1
