*SoftWare Version 3.0  2018/12/27

*HEADER
     PLATFORM NUMBER       :5905389
     CYCLE NUMBER          :075
     DATE CREATION         :20191222072838
     DATE UPDATE           :20191222105713
     PROJECT NAME          :Argo Australia
     PI NAME               :Peter Oke
     INSTRUMENT TYPE       :APEX
     FLOAT SERIAL NO       :8154
     FIRMWARE VERSION      :APF11-2MB-v2.5.2
     WMO INSTRUMENT TYPE   :846
     TRANSMISSION SYSTEM   :IRIDIUM
     POSITIONING SYSTEM    :GPS
     SAMPLE DIRECTION      :A(A=Ascend; D=Descend)
     DATA MODE             :A(R=Real Time; D=Delayed Mode; A=Real Time Adjusted)
     JULIAN DAY            :25557.3116 (days since 1950-01-01 00:00:00 UTC)
     DATE                  :2019-12-22
     QC FLAG FOR DATE      :1
*LOCATION
     LATITUDE              :-23.201 
     LONGITUDE             :-174.452
     QC FLAG FOR LOCATION  :1
*FILE
     COLUMN 1              :Pressure (dbar)                             F7.1
     COLUMN 2              :Corrected Pressure (dbar)                   F7.1
     COLUMN 3              :Quality on Pressure                         I3
     COLUMN 4              :Temperature (degree_Celsius)                F9.3
     COLUMN 5              :Corrected Temperature (degree_Celsius)      F9.3
     COLUMN 6              :Quality on Temperature                      I3
     COLUMN 7              :Salinity (PSU)                              F9.3
     COLUMN 8              :Corrected Salinity (PSU)                    F9.3
     COLUMN 9              :Quality on Salinity                         I3
==========================================================================
    2.4    2.4  1   25.858   25.858  1   35.281   35.281  1
    3.9    4.0  1   25.749   25.749  1   35.322   35.322  1
    6.0    6.0  1   25.603   25.603  1   35.353   35.353  1
    8.0    8.0  1   25.580   25.580  1   35.354   35.354  1
   10.0   10.0  1   25.567   25.567  1   35.355   35.355  1
   12.0   12.1  1   25.558   25.558  1   35.355   35.355  1
   14.0   14.0  1   25.548   25.548  1   35.354   35.354  1
   16.0   16.0  1   25.521   25.521  1   35.352   35.352  1
   18.0   18.0  1   25.438   25.438  1   35.347   35.347  1
   20.0   20.0  1   25.252   25.252  1   35.345   35.345  1
   22.0   22.0  1   24.836   24.836  1   35.339   35.339  1
   24.0   24.0  1   24.571   24.571  1   35.329   35.329  1
   26.0   26.0  1   24.548   24.548  1   35.331   35.331  1
   28.0   28.0  1   24.527   24.527  1   35.331   35.331  1
   30.0   30.0  1   24.515   24.515  1   35.333   35.333  1
   32.0   32.0  1   24.484   24.484  1   35.334   35.334  1
   34.0   34.0  1   24.471   24.471  1   35.335   35.335  1
   36.0   36.0  1   24.443   24.443  1   35.335   35.335  1
   38.0   38.0  1   24.430   24.430  1   35.334   35.334  1
   40.0   40.0  1   24.416   24.416  1   35.333   35.333  1
   42.0   42.0  1   24.396   24.396  1   35.332   35.332  1
   44.0   44.0  1   24.370   24.370  1   35.328   35.328  1
   46.0   46.0  1   24.312   24.312  1   35.323   35.323  1
   48.0   48.0  1   24.209   24.209  1   35.319   35.319  1
   50.0   50.1  1   24.136   24.136  1   35.317   35.317  1
   52.0   52.0  1   24.064   24.064  1   35.318   35.317  1
   54.0   54.0  1   24.011   24.011  1   35.318   35.318  1
   56.0   56.0  1   23.942   23.942  1   35.319   35.319  1
   58.1   58.1  1   23.895   23.895  1   35.321   35.321  1
   60.0   60.0  1   23.825   23.825  1   35.326   35.326  1
   62.0   62.0  1   23.765   23.765  1   35.331   35.331  1
   64.0   64.1  1   23.689   23.689  1   35.337   35.337  1
   66.1   66.1  1   23.573   23.573  1   35.354   35.354  1
   68.0   68.1  1   23.551   23.551  1   35.356   35.356  1
   70.0   70.0  1   23.517   23.517  1   35.361   35.361  1
   72.0   72.0  1   23.490   23.490  1   35.361   35.361  1
   74.0   74.0  1   23.433   23.433  1   35.363   35.363  1
   76.0   76.0  1   23.305   23.305  1   35.373   35.373  1
   78.0   78.0  1   23.292   23.292  1   35.372   35.372  1
   80.0   80.0  1   23.293   23.293  1   35.372   35.372  1
   82.0   82.0  1   23.293   23.293  1   35.372   35.372  1
   84.0   84.0  1   23.292   23.292  1   35.372   35.372  1
   86.0   86.0  1   23.289   23.289  1   35.372   35.372  1
   88.0   88.0  1   23.282   23.282  1   35.372   35.372  1
   90.0   90.1  1   23.242   23.242  1   35.375   35.375  1
   92.0   92.1  1   23.152   23.152  1   35.385   35.385  1
   94.0   94.0  1   23.122   23.122  1   35.387   35.387  1
   96.0   96.0  1   23.071   23.071  1   35.395   35.395  1
   98.0   98.0  1   23.010   23.010  1   35.408   35.408  1
  100.0  100.0  1   22.961   22.961  1   35.417   35.416  1
  102.0  102.0  1   22.854   22.854  1   35.429   35.429  1
  104.0  104.0  1   22.764   22.764  1   35.421   35.421  1
  106.0  106.0  1   22.714   22.714  1   35.422   35.422  1
  108.0  108.1  1   22.672   22.672  1   35.429   35.429  1
  110.1  110.1  1   22.604   22.604  1   35.446   35.446  1
  112.0  112.0  1   22.587   22.587  1   35.456   35.456  1
  114.0  114.0  1   22.526   22.526  1   35.466   35.466  1
  116.0  116.0  1   22.483   22.483  1   35.478   35.478  1
  118.0  118.0  1   22.451   22.451  1   35.495   35.495  1
  120.0  120.0  1   22.370   22.370  1   35.505   35.505  1
  122.0  122.0  1   22.352   22.352  1   35.506   35.506  1
  124.0  124.0  1   22.314   22.314  1   35.512   35.512  1
  126.0  126.0  1   22.256   22.256  1   35.519   35.519  1
  128.0  128.0  1   22.218   22.218  1   35.525   35.525  1
  130.0  130.0  1   22.185   22.185  1   35.533   35.533  1
  132.0  132.0  1   22.097   22.097  1   35.553   35.553  1
  134.0  134.0  1   22.062   22.062  1   35.560   35.560  1
  136.0  136.0  1   22.040   22.040  1   35.563   35.563  1
  138.0  138.0  1   22.015   22.015  1   35.564   35.564  1
  140.0  140.0  1   21.949   21.949  1   35.568   35.568  1
  142.0  142.0  1   21.823   21.823  1   35.582   35.582  1
  144.0  144.0  1   21.777   21.777  1   35.590   35.590  1
  146.0  146.0  1   21.755   21.755  1   35.596   35.595  1
  148.0  148.0  1   21.719   21.719  1   35.601   35.601  1
  150.0  150.0  1   21.613   21.613  1   35.612   35.612  1
  152.0  152.0  1   21.568   21.568  1   35.612   35.612  1
  154.0  154.0  1   21.556   21.556  1   35.612   35.612  1
  156.0  156.0  1   21.505   21.505  1   35.615   35.615  1
  158.1  158.1  1   21.410   21.410  1   35.621   35.621  1
  160.0  160.1  1   21.358   21.358  1   35.622   35.622  1
  162.0  162.0  1   21.253   21.253  1   35.619   35.619  1
  164.0  164.0  1   21.189   21.189  1   35.615   35.615  1
  166.0  166.0  1   21.151   21.151  1   35.615   35.615  1
  168.0  168.0  1   21.133   21.133  1   35.620   35.620  1
  170.0  170.0  1   21.100   21.100  1   35.626   35.626  1
  172.0  172.0  1   21.074   21.074  1   35.633   35.633  1
  174.0  174.0  1   21.041   21.041  1   35.632   35.632  1
  176.0  176.0  1   21.001   21.001  1   35.634   35.634  1
  178.0  178.0  1   20.987   20.987  1   35.638   35.638  1
  180.0  180.0  1   20.987   20.987  1   35.639   35.639  1
  182.0  182.0  1   20.968   20.968  1   35.645   35.645  1
  184.0  184.0  1   20.935   20.935  1   35.652   35.651  1
  186.0  186.0  1   20.908   20.908  1   35.656   35.656  1
  188.0  188.0  1   20.870   20.870  1   35.660   35.660  1
  190.0  190.0  1   20.806   20.806  1   35.671   35.671  1
  192.0  192.0  1   20.785   20.785  1   35.670   35.670  1
  194.0  194.0  1   20.773   20.773  1   35.671   35.671  1
  196.0  196.0  1   20.742   20.742  1   35.676   35.676  1
  198.0  198.0  1   20.703   20.703  1   35.680   35.680  1
  200.0  200.0  1   20.656   20.656  1   35.683   35.683  1
  202.0  202.0  1   20.611   20.611  1   35.683   35.683  1
  204.0  204.0  1   20.570   20.570  1   35.682   35.682  1
  206.0  206.0  1   20.524   20.524  1   35.684   35.684  1
  208.0  208.0  1   20.471   20.471  1   35.685   35.685  1
  210.0  210.0  1   20.435   20.435  1   35.685   35.685  1
  212.0  212.0  1   20.401   20.401  1   35.687   35.687  1
  214.0  214.0  1   20.390   20.390  1   35.687   35.687  1
  216.0  216.0  1   20.380   20.380  1   35.688   35.688  1
  218.0  218.0  1   20.362   20.362  1   35.688   35.688  1
  220.0  220.0  1   20.343   20.343  1   35.689   35.689  1
  222.0  222.0  1   20.306   20.306  1   35.691   35.691  1
  224.0  224.0  1   20.268   20.268  1   35.693   35.693  1
  226.0  226.0  1   20.213   20.213  1   35.697   35.697  1
  228.0  228.0  1   20.133   20.133  1   35.697   35.697  1
  230.0  230.0  1   20.052   20.052  1   35.698   35.698  1
  232.0  232.0  1   19.989   19.989  1   35.696   35.696  1
  234.0  234.0  1   19.932   19.932  1   35.698   35.698  1
  236.0  236.0  1   19.916   19.916  1   35.699   35.699  1
  238.0  238.0  1   19.913   19.913  1   35.699   35.699  1
  240.0  240.0  1   19.900   19.900  1   35.700   35.700  1
  242.0  242.0  1   19.883   19.883  1   35.702   35.702  1
  244.0  244.0  1   19.863   19.863  1   35.703   35.703  1
  246.0  246.1  1   19.839   19.839  1   35.703   35.703  1
  248.0  248.0  1   19.773   19.773  1   35.702   35.702  1
  250.0  250.0  1   19.685   19.685  1   35.697   35.697  1
  252.0  252.0  1   19.614   19.614  1   35.691   35.691  1
  254.0  254.0  1   19.594   19.594  1   35.690   35.690  1
  256.0  256.0  1   19.584   19.584  1   35.689   35.689  1
  258.0  258.0  1   19.570   19.570  1   35.688   35.688  1
  260.0  260.0  1   19.541   19.541  1   35.685   35.685  1
  262.0  262.0  1   19.499   19.499  1   35.680   35.680  1
  264.0  264.0  1   19.463   19.463  1   35.674   35.674  1
  266.0  266.0  1   19.330   19.330  1   35.669   35.669  1
  268.0  268.1  1   19.243   19.243  1   35.660   35.660  1
  270.0  270.0  1   19.138   19.138  1   35.651   35.650  1
  272.0  272.0  1   19.106   19.106  1   35.648   35.648  1
  274.0  274.0  1   19.100   19.100  1   35.646   35.646  1
  276.0  276.0  1   19.062   19.062  1   35.646   35.646  1
  278.0  278.0  1   18.962   18.962  1   35.643   35.643  1
  280.0  280.0  1   18.870   18.870  1   35.637   35.637  1
  282.0  282.0  1   18.839   18.839  1   35.633   35.633  1
  284.0  284.0  1   18.783   18.783  1   35.627   35.627  1
  286.0  286.1  1   18.673   18.673  1   35.618   35.618  1
  288.0  288.0  1   18.629   18.629  1   35.612   35.612  1
  290.0  290.0  1   18.602   18.602  1   35.610   35.609  1
  292.0  292.0  1   18.579   18.579  1   35.607   35.607  1
  294.0  294.0  1   18.513   18.513  1   35.602   35.602  1
  296.0  296.0  1   18.434   18.434  1   35.595   35.594  1
  298.0  298.0  1   18.369   18.369  1   35.588   35.588  1
  300.0  300.0  1   18.302   18.302  1   35.583   35.583  1
  302.0  302.0  1   18.245   18.245  1   35.576   35.576  1
  304.0  304.0  1   18.219   18.219  1   35.574   35.574  1
  306.0  306.0  1   18.153   18.153  1   35.569   35.569  1
  308.0  308.0  1   18.107   18.107  1   35.564   35.564  1
  310.0  310.0  1   18.100   18.100  1   35.562   35.562  1
  312.0  312.0  1   18.035   18.035  1   35.557   35.557  1
  314.0  314.0  1   17.975   17.975  1   35.552   35.552  1
  316.0  316.0  1   17.885   17.885  1   35.543   35.543  1
  318.0  318.0  1   17.812   17.812  1   35.537   35.537  1
  320.0  320.0  1   17.779   17.779  1   35.534   35.533  1
  322.0  322.0  1   17.775   17.775  1   35.532   35.532  1
  324.0  324.0  1   17.761   17.761  1   35.529   35.529  1
  326.0  326.0  1   17.641   17.641  1   35.521   35.521  1
  328.0  328.0  1   17.532   17.532  1   35.509   35.509  1
  330.0  330.0  1   17.402   17.402  1   35.499   35.499  1
  332.0  332.0  1   17.315   17.315  1   35.491   35.491  1
  334.0  334.0  1   17.244   17.244  1   35.484   35.484  1
  336.0  336.1  1   17.174   17.174  1   35.478   35.478  1
  338.0  338.0  1   17.142   17.142  1   35.473   35.473  1
  340.0  340.0  1   17.111   17.111  1   35.471   35.471  1
  342.0  342.0  1   17.085   17.085  1   35.467   35.467  1
  344.0  344.0  1   17.073   17.073  1   35.467   35.467  1
  346.0  346.0  1   17.023   17.023  1   35.464   35.464  1
  348.0  348.0  1   16.984   16.984  1   35.457   35.457  1
  350.0  350.0  1   16.892   16.892  1   35.448   35.448  1
  352.0  352.1  1   16.711   16.711  1   35.428   35.428  1
  354.0  354.0  1   16.605   16.605  1   35.416   35.416  1
  356.0  356.0  1   16.526   16.526  1   35.408   35.408  1
  358.0  358.0  1   16.470   16.470  1   35.402   35.402  1
  360.0  360.0  1   16.380   16.380  1   35.395   35.395  1
  362.0  362.0  1   16.360   16.360  1   35.398   35.398  1
  364.0  364.0  1   16.335   16.335  1   35.400   35.399  1
  366.0  366.0  1   16.331   16.331  1   35.399   35.399  1
  368.1  368.1  1   16.315   16.315  1   35.397   35.397  1
  370.1  370.1  1   16.302   16.302  1   35.395   35.395  1
  372.0  372.1  1   16.213   16.213  1   35.387   35.387  1
  374.0  374.0  1   16.179   16.179  1   35.381   35.381  1
  376.0  376.0  1   16.168   16.168  1   35.379   35.379  1
  378.0  378.1  1   16.124   16.124  1   35.375   35.374  1
  380.1  380.1  1   16.109   16.109  1   35.372   35.372  1
  382.0  382.0  1   16.101   16.101  1   35.371   35.371  1
  384.0  384.0  1   16.058   16.058  1   35.367   35.367  1
  386.0  386.0  1   15.916   15.916  1   35.351   35.351  1
  388.0  388.0  1   15.883   15.883  1   35.345   35.345  1
  390.0  390.0  1   15.797   15.797  1   35.336   35.336  1
  392.0  392.0  1   15.762   15.762  1   35.329   35.329  1
  394.0  394.0  1   15.658   15.658  1   35.319   35.319  1
  396.0  396.0  1   15.553   15.553  1   35.303   35.303  1
  398.0  398.0  1   15.486   15.486  1   35.292   35.292  1
  400.0  400.0  1   15.409   15.409  1   35.283   35.283  1
  402.0  402.0  1   15.271   15.271  1   35.267   35.267  1
  404.0  404.0  1   15.191   15.191  1   35.257   35.257  1
  406.0  406.0  1   15.128   15.128  1   35.250   35.250  1
  408.0  408.0  1   15.090   15.090  1   35.246   35.246  1
  410.0  410.0  1   15.026   15.026  1   35.240   35.240  1
  412.0  412.0  1   14.950   14.950  1   35.234   35.234  1
  414.0  414.0  1   14.859   14.859  1   35.228   35.228  1
  416.0  416.0  1   14.833   14.833  1   35.225   35.225  1
  418.0  418.0  1   14.762   14.762  1   35.222   35.222  1
  420.0  420.0  1   14.578   14.578  1   35.211   35.211  1
  422.0  422.0  1   14.471   14.471  1   35.202   35.202  1
  424.0  424.0  1   14.382   14.382  1   35.192   35.192  1
  426.0  426.0  1   14.264   14.264  1   35.174   35.173  1
  428.0  428.0  1   14.145   14.145  1   35.160   35.160  1
  430.0  430.0  1   14.064   14.064  1   35.150   35.150  1
  432.0  432.0  1   14.010   14.010  1   35.145   35.144  1
  434.0  434.0  1   13.988   13.988  1   35.142   35.142  1
  436.0  436.0  1   13.943   13.943  1   35.136   35.136  1
  438.0  438.0  1   13.908   13.908  1   35.132   35.132  1
  440.0  440.0  1   13.893   13.893  1   35.132   35.132  1
  442.0  442.1  1   13.888   13.888  1   35.132   35.131  1
  444.0  444.0  1   13.853   13.853  1   35.129   35.129  1
  446.0  446.0  1   13.826   13.826  1   35.125   35.125  1
  448.0  448.0  1   13.794   13.794  1   35.121   35.121  1
  450.0  450.0  1   13.714   13.714  1   35.117   35.117  1
  452.0  452.0  1   13.642   13.642  1   35.114   35.114  1
  454.0  454.0  1   13.619   13.619  1   35.112   35.112  1
  456.0  456.1  1   13.523   13.523  1   35.103   35.103  1
  458.0  458.0  1   13.493   13.493  1   35.098   35.098  1
  460.0  460.0  1   13.422   13.422  1   35.090   35.090  1
  462.0  462.0  1   13.322   13.322  1   35.074   35.073  1
  464.0  464.0  1   13.233   13.233  1   35.061   35.061  1
  466.0  466.0  1   13.152   13.152  1   35.048   35.048  1
  468.0  468.0  1   13.081   13.081  1   35.035   35.035  1
  470.0  470.0  1   13.031   13.031  1   35.027   35.027  1
  472.0  472.0  1   12.892   12.892  1   35.013   35.013  1
  474.0  474.0  1   12.758   12.758  1   34.997   34.997  1
  476.0  476.0  1   12.568   12.568  1   34.974   34.974  1
  478.0  478.0  1   12.407   12.407  1   34.949   34.948  1
  480.0  480.0  1   12.245   12.245  1   34.924   34.924  1
  482.0  482.0  1   11.985   11.985  1   34.882   34.882  1
  484.0  484.0  1   11.883   11.883  1   34.867   34.867  1
  486.0  486.0  1   11.821   11.821  1   34.854   34.854  1
  488.0  488.0  1   11.661   11.661  1   34.837   34.837  1
  490.0  490.0  1   11.486   11.486  1   34.805   34.805  1
  492.0  492.0  1   11.412   11.412  1   34.790   34.790  1
  494.0  494.0  1   11.295   11.295  1   34.772   34.772  1
  496.0  496.1  1   11.130   11.130  1   34.740   34.740  1
  498.0  498.0  1   11.070   11.070  1   34.734   34.733  1
  500.0  500.0  1   11.023   11.023  1   34.728   34.728  1
  502.0  502.0  1   11.008   11.008  1   34.728   34.728  1
  504.0  504.0  1   10.881   10.881  1   34.716   34.716  1
  506.0  506.0  1   10.846   10.846  1   34.720   34.720  1
  508.0  508.0  1   10.835   10.835  1   34.729   34.729  1
  510.0  510.0  1   10.843   10.843  1   34.744   34.744  1
  512.0  512.0  1   10.812   10.812  1   34.752   34.752  1
  514.0  514.0  1   10.750   10.750  1   34.755   34.755  1
  516.0  516.0  1   10.692   10.692  1   34.751   34.751  1
  518.0  518.0  1   10.630   10.630  1   34.744   34.744  1
  520.0  520.0  1   10.589   10.589  1   34.741   34.741  1
  522.0  522.0  1   10.554   10.554  1   34.738   34.738  1
  524.0  524.0  1   10.512   10.512  1   34.734   34.734  1
  526.0  526.0  1   10.460   10.460  1   34.727   34.727  1
  528.0  528.0  1   10.391   10.391  1   34.720   34.720  1
  530.0  530.0  1   10.278   10.278  1   34.710   34.710  1
  532.0  532.0  1   10.223   10.223  1   34.703   34.703  1
  534.0  534.0  1   10.193   10.193  1   34.701   34.701  1
  536.0  536.0  1   10.150   10.150  1   34.697   34.697  1
  538.0  538.0  1   10.141   10.141  1   34.696   34.696  1
  540.0  540.0  1   10.135   10.135  1   34.695   34.695  1
  542.0  542.0  1   10.127   10.127  1   34.693   34.693  1
  544.0  544.0  1   10.063   10.063  1   34.688   34.688  1
  546.0  546.0  1    9.979    9.979  1   34.679   34.679  1
  548.0  548.0  1    9.944    9.944  1   34.674   34.674  1
  550.0  550.0  1    9.884    9.884  1   34.669   34.669  1
  552.0  552.0  1    9.834    9.834  1   34.663   34.663  1
  554.0  554.0  1    9.790    9.790  1   34.657   34.657  1
  556.0  556.0  1    9.758    9.758  1   34.653   34.653  1
  558.0  558.0  1    9.708    9.708  1   34.648   34.648  1
  560.0  560.0  1    9.663    9.663  1   34.643   34.642  1
  562.0  562.0  1    9.540    9.540  1   34.631   34.631  1
  564.0  564.0  1    9.457    9.457  1   34.622   34.622  1
  566.0  566.1  1    9.391    9.391  1   34.613   34.613  1
  568.0  568.0  1    9.349    9.349  1   34.608   34.608  1
  570.0  570.0  1    9.311    9.311  1   34.602   34.602  1
  572.0  572.0  1    9.288    9.288  1   34.597   34.597  1
  574.0  574.0  1    9.270    9.270  1   34.593   34.593  1
  576.0  576.0  1    9.180    9.180  1   34.584   34.584  1
  578.0  578.0  1    9.095    9.095  1   34.574   34.574  1
  580.0  580.0  1    9.043    9.043  1   34.566   34.566  1
  582.0  582.0  1    9.026    9.026  1   34.563   34.563  1
  584.0  584.0  1    9.008    9.008  1   34.562   34.562  1
  586.0  586.0  1    8.937    8.937  1   34.560   34.560  1
  588.0  588.0  1    8.926    8.926  1   34.561   34.560  1
  590.0  590.0  1    8.880    8.880  1   34.558   34.558  1
  592.0  592.0  1    8.810    8.810  1   34.550   34.550  1
  594.0  594.0  1    8.781    8.781  1   34.546   34.546  1
  596.0  596.0  1    8.736    8.736  1   34.540   34.540  1
  598.0  598.0  1    8.659    8.659  1   34.535   34.535  1
  600.0  600.0  1    8.626    8.626  1   34.530   34.530  1
  602.0  602.0  1    8.618    8.618  1   34.529   34.529  1
  604.0  604.0  1    8.587    8.587  1   34.526   34.526  1
  606.0  606.0  1    8.529    8.529  1   34.520   34.520  1
  608.0  608.0  1    8.495    8.495  1   34.515   34.515  1
  610.0  610.0  1    8.441    8.441  1   34.511   34.511  1
  612.0  612.0  1    8.369    8.369  1   34.503   34.503  1
  614.0  614.0  1    8.337    8.337  1   34.500   34.500  1
  616.0  616.0  1    8.279    8.279  1   34.494   34.494  1
  618.0  618.0  1    8.263    8.263  1   34.492   34.492  1
  620.0  620.0  1    8.230    8.230  1   34.489   34.489  1
  622.0  622.0  1    8.210    8.210  1   34.486   34.486  1
  624.0  624.0  1    8.181    8.181  1   34.484   34.484  1
  626.0  626.0  1    8.132    8.132  1   34.479   34.479  1
  628.0  628.0  1    8.104    8.104  1   34.477   34.476  1
  630.0  630.0  1    8.053    8.053  1   34.472   34.472  1
  632.0  632.0  1    8.033    8.033  1   34.468   34.468  1
  634.0  634.0  1    7.997    7.997  1   34.466   34.466  1
  636.0  636.1  1    7.968    7.968  1   34.464   34.464  1
  638.1  638.1  1    7.928    7.928  1   34.459   34.459  1
  640.0  640.0  1    7.888    7.888  1   34.454   34.454  1
  642.0  642.0  1    7.861    7.861  1   34.452   34.452  1
  644.0  644.0  1    7.834    7.834  1   34.449   34.449  1
  646.0  646.0  1    7.806    7.806  1   34.446   34.446  1
  648.0  648.0  1    7.789    7.789  1   34.445   34.445  1
  650.0  650.0  1    7.775    7.775  1   34.443   34.443  1
  652.0  652.0  1    7.762    7.762  1   34.441   34.441  1
  654.0  654.0  1    7.733    7.733  1   34.438   34.438  1
  656.0  656.0  1    7.672    7.672  1   34.433   34.433  1
  658.0  658.0  1    7.626    7.626  1   34.429   34.429  1
  660.0  660.0  1    7.588    7.588  1   34.425   34.425  1
  662.0  662.0  1    7.569    7.569  1   34.423   34.423  1
  664.0  664.0  1    7.557    7.557  1   34.422   34.421  1
  666.0  666.0  1    7.525    7.525  1   34.419   34.419  1
  668.0  668.0  1    7.505    7.505  1   34.416   34.416  1
  670.0  670.0  1    7.499    7.499  1   34.415   34.415  1
  672.0  672.0  1    7.496    7.496  1   34.415   34.415  1
  674.0  674.0  1    7.425    7.425  1   34.408   34.408  1
  676.0  676.0  1    7.404    7.404  1   34.404   34.404  1
  678.0  678.0  1    7.385    7.385  1   34.402   34.402  1
  680.0  680.0  1    7.340    7.340  1   34.399   34.399  1
  682.0  682.0  1    7.328    7.328  1   34.400   34.400  1
  684.0  684.0  1    7.286    7.286  1   34.397   34.397  1
  686.0  686.0  1    7.272    7.272  1   34.395   34.395  1
  688.0  688.0  1    7.254    7.254  1   34.393   34.393  1
  690.0  690.0  1    7.242    7.242  1   34.391   34.391  1
  692.0  692.0  1    7.231    7.231  1   34.390   34.390  1
  694.0  694.0  1    7.183    7.183  1   34.386   34.385  1
  696.0  696.0  1    7.146    7.146  1   34.381   34.381  1
  698.0  698.0  1    7.082    7.082  1   34.375   34.375  1
  700.0  700.0  1    7.051    7.051  1   34.371   34.371  1
  702.0  702.0  1    7.040    7.040  1   34.370   34.370  1
  704.0  704.0  1    7.024    7.024  1   34.369   34.369  1
  706.0  706.0  1    6.999    6.999  1   34.366   34.366  1
  708.0  708.0  1    6.983    6.983  1   34.366   34.366  1
  710.0  710.0  1    6.934    6.934  1   34.363   34.363  1
  712.0  712.0  1    6.890    6.890  1   34.359   34.359  1
  714.0  714.0  1    6.869    6.869  1   34.357   34.357  1
  716.0  716.0  1    6.846    6.846  1   34.356   34.356  1
  718.0  718.0  1    6.836    6.836  1   34.355   34.355  1
  720.0  720.0  1    6.813    6.813  1   34.355   34.355  1
  722.0  722.0  1    6.773    6.773  1   34.352   34.352  1
  724.0  724.0  1    6.725    6.725  1   34.349   34.349  1
  726.0  726.0  1    6.717    6.717  1   34.349   34.349  1
  728.0  728.1  1    6.708    6.708  1   34.349   34.349  1
  730.0  730.0  1    6.666    6.666  1   34.347   34.347  1
  732.0  732.0  1    6.654    6.654  1   34.345   34.345  1
  734.0  734.0  1    6.637    6.637  1   34.344   34.344  1
  736.0  736.0  1    6.614    6.614  1   34.342   34.342  1
  738.0  738.0  1    6.596    6.596  1   34.341   34.341  1
  740.0  740.0  1    6.573    6.573  1   34.339   34.339  1
  742.0  742.0  1    6.555    6.555  1   34.338   34.338  1
  744.0  744.0  1    6.547    6.547  1   34.337   34.337  1
  746.0  746.0  1    6.542    6.542  1   34.337   34.337  1
  748.0  748.0  1    6.529    6.529  1   34.336   34.336  1
  750.0  750.0  1    6.506    6.506  1   34.334   34.334  1
  752.0  752.0  1    6.483    6.483  1   34.333   34.333  1
  754.0  754.0  1    6.472    6.472  1   34.332   34.332  1
  756.0  756.0  1    6.466    6.466  1   34.331   34.331  1
  758.0  758.0  1    6.443    6.443  1   34.331   34.331  1
  760.0  760.0  1    6.427    6.427  1   34.330   34.330  1
  762.0  762.0  1    6.418    6.418  1   34.329   34.329  1
  764.0  764.0  1    6.404    6.404  1   34.329   34.329  1
  766.0  766.0  1    6.380    6.380  1   34.328   34.328  1
  768.0  768.0  1    6.360    6.360  1   34.328   34.328  1
  770.0  770.0  1    6.345    6.345  1   34.327   34.327  1
  772.0  772.0  1    6.332    6.332  1   34.327   34.327  1
  774.0  774.0  1    6.315    6.315  1   34.327   34.327  1
  776.0  776.0  1    6.308    6.308  1   34.328   34.328  1
  778.0  778.0  1    6.300    6.300  1   34.329   34.329  1
  780.0  780.1  1    6.291    6.291  1   34.329   34.329  1
  782.0  782.0  1    6.289    6.289  1   34.328   34.328  1
  784.0  784.0  1    6.276    6.276  1   34.328   34.328  1
  786.0  786.0  1    6.257    6.257  1   34.327   34.327  1
  788.0  788.0  1    6.234    6.234  1   34.326   34.326  1
  790.0  790.0  1    6.210    6.210  1   34.325   34.324  1
  792.0  792.0  1    6.173    6.173  1   34.323   34.323  1
  794.0  794.1  1    6.145    6.145  1   34.323   34.323  1
  796.0  796.0  1    6.122    6.122  1   34.322   34.322  1
  798.0  798.0  1    6.113    6.113  1   34.321   34.321  1
  800.0  800.0  1    6.105    6.105  1   34.321   34.321  1
  802.0  802.0  1    6.096    6.096  1   34.321   34.321  1
  804.0  804.0  1    6.091    6.091  1   34.321   34.321  1
  806.0  806.0  1    6.081    6.081  1   34.321   34.321  1
  808.0  808.0  1    6.069    6.069  1   34.321   34.321  1
  810.0  810.0  1    6.051    6.051  1   34.319   34.319  1
  812.0  812.0  1    5.996    5.996  1   34.318   34.318  1
  814.0  814.0  1    5.981    5.981  1   34.317   34.316  1
  816.0  816.0  1    5.966    5.966  1   34.315   34.315  1
  818.0  818.0  1    5.960    5.960  1   34.315   34.315  1
  820.0  820.0  1    5.931    5.931  1   34.314   34.314  1
  822.0  822.0  1    5.905    5.905  1   34.313   34.313  1
  824.0  824.0  1    5.888    5.888  1   34.313   34.313  1
  826.0  826.0  1    5.864    5.864  1   34.313   34.313  1
  828.0  828.0  1    5.853    5.853  1   34.312   34.312  1
  830.0  830.0  1    5.848    5.848  1   34.312   34.312  1
  832.0  832.0  1    5.814    5.814  1   34.313   34.313  1
  834.0  834.0  1    5.799    5.799  1   34.312   34.312  1
  836.0  836.0  1    5.796    5.796  1   34.312   34.312  1
  838.0  838.0  1    5.786    5.786  1   34.312   34.312  1
  840.0  840.0  1    5.761    5.761  1   34.313   34.313  1
  842.0  842.0  1    5.740    5.740  1   34.314   34.314  1
  844.0  844.0  1    5.709    5.709  1   34.313   34.313  1
  846.0  846.0  1    5.701    5.701  1   34.313   34.313  1
  848.0  848.0  1    5.678    5.678  1   34.314   34.314  1
  850.0  850.0  1    5.663    5.663  1   34.314   34.314  1
  852.0  852.0  1    5.656    5.656  1   34.314   34.314  1
  854.0  854.0  1    5.652    5.652  1   34.314   34.314  1
  856.0  856.0  1    5.646    5.646  1   34.314   34.314  1
  858.0  858.0  1    5.639    5.639  1   34.314   34.314  1
  860.0  860.0  1    5.622    5.622  1   34.315   34.315  1
  862.0  862.0  1    5.605    5.605  1   34.317   34.316  1
  864.0  864.0  1    5.602    5.602  1   34.318   34.318  1
  866.0  866.0  1    5.601    5.601  1   34.319   34.319  1
  868.0  868.0  1    5.601    5.601  1   34.319   34.319  1
  870.0  870.0  1    5.601    5.601  1   34.319   34.319  1
  872.0  872.0  1    5.604    5.604  1   34.320   34.320  1
  874.0  874.0  1    5.607    5.607  1   34.322   34.322  1
  876.0  876.0  1    5.597    5.597  1   34.323   34.323  1
  878.0  878.1  1    5.574    5.574  1   34.322   34.322  1
  880.0  880.1  1    5.563    5.563  1   34.321   34.321  1
  882.0  882.0  1    5.546    5.546  1   34.322   34.322  1
  884.0  884.0  1    5.538    5.538  1   34.325   34.325  1
  886.0  886.0  1    5.530    5.530  1   34.325   34.325  1
  888.0  888.0  1    5.522    5.522  1   34.325   34.325  1
  890.0  890.0  1    5.514    5.514  1   34.325   34.325  1
  892.0  892.0  1    5.501    5.501  1   34.325   34.325  1
  894.0  894.0  1    5.482    5.482  1   34.324   34.324  1
  896.0  896.0  1    5.466    5.466  1   34.323   34.323  1
  898.0  898.0  1    5.431    5.431  1   34.322   34.322  1
  900.0  900.0  1    5.411    5.411  1   34.321   34.321  1
  902.0  902.0  1    5.402    5.402  1   34.321   34.321  1
  904.0  904.1  1    5.387    5.387  1   34.321   34.321  1
  906.0  906.1  1    5.369    5.369  1   34.321   34.321  1
  908.0  908.0  1    5.362    5.362  1   34.320   34.320  1
  910.0  910.0  1    5.353    5.353  1   34.320   34.320  1
  912.0  912.0  1    5.347    5.347  1   34.320   34.320  1
  914.0  914.0  1    5.342    5.342  1   34.321   34.321  1
  916.0  916.0  1    5.327    5.327  1   34.321   34.321  1
  918.0  918.0  1    5.306    5.306  1   34.321   34.321  1
  920.0  920.0  1    5.295    5.295  1   34.322   34.322  1
  922.0  922.0  1    5.274    5.274  1   34.322   34.322  1
  924.0  924.0  1    5.256    5.256  1   34.321   34.321  1
  926.0  926.0  1    5.234    5.234  1   34.320   34.320  1
  928.0  928.0  1    5.228    5.228  1   34.320   34.320  1
  930.0  930.0  1    5.222    5.222  1   34.320   34.320  1
  932.0  932.0  1    5.216    5.216  1   34.319   34.319  1
  934.0  934.0  1    5.212    5.212  1   34.319   34.319  1
  936.0  936.0  1    5.198    5.198  1   34.319   34.319  1
  938.0  938.0  1    5.168    5.168  1   34.319   34.319  1
  940.0  940.0  1    5.135    5.135  1   34.319   34.319  1
  942.0  942.0  1    5.120    5.120  1   34.319   34.319  1
  944.0  944.0  1    5.107    5.107  1   34.320   34.320  1
  946.0  946.0  1    5.094    5.094  1   34.319   34.319  1
  948.0  948.0  1    5.069    5.069  1   34.320   34.320  1
  950.0  950.0  1    5.049    5.049  1   34.320   34.320  1
  952.0  952.0  1    5.025    5.025  1   34.321   34.321  1
  954.0  954.0  1    5.005    5.005  1   34.321   34.321  1
  956.0  956.0  1    4.958    4.958  1   34.324   34.324  1
  958.0  958.0  1    4.939    4.939  1   34.324   34.324  1
  960.0  960.0  1    4.932    4.932  1   34.324   34.324  1
  962.0  962.0  1    4.920    4.920  1   34.324   34.324  1
  964.0  964.0  1    4.909    4.909  1   34.325   34.324  1
  966.0  966.0  1    4.903    4.903  1   34.324   34.324  1
  968.0  968.0  1    4.897    4.897  1   34.325   34.324  1
  970.0  970.0  1    4.878    4.878  1   34.325   34.325  1
  972.0  972.0  1    4.854    4.854  1   34.326   34.326  1
  974.0  974.0  1    4.829    4.829  1   34.327   34.327  1
  976.0  976.0  1    4.818    4.818  1   34.327   34.327  1
  978.0  978.0  1    4.807    4.807  1   34.328   34.328  1
  980.0  980.0  1    4.789    4.789  1   34.329   34.329  1
  982.0  982.0  1    4.783    4.783  1   34.329   34.329  1
  984.0  984.0  1    4.774    4.774  1   34.330   34.330  1
  986.0  986.0  1    4.761    4.761  1   34.330   34.330  1
  988.0  988.0  1    4.728    4.728  1   34.331   34.331  1
  990.0  990.0  1    4.689    4.689  1   34.333   34.333  1
  992.0  992.0  1    4.667    4.667  1   34.334   34.334  1
  994.0  994.0  1    4.643    4.643  1   34.336   34.336  1
  996.0  996.0  1    4.625    4.625  1   34.336   34.336  1
  998.0  998.1  1    4.619    4.619  1   34.337   34.337  1
 1000.0 1000.0  1    4.606    4.606  1   34.338   34.337  1
 1002.0 1002.0  1    4.601    4.601  1   34.338   34.338  1
 1004.0 1004.1  1    4.597    4.597  1   34.338   34.338  1
 1006.0 1006.0  1    4.579    4.579  1   34.339   34.339  1
 1008.0 1008.0  1    4.572    4.572  1   34.339   34.339  1
 1010.0 1010.0  1    4.569    4.569  1   34.340   34.339  1
 1012.0 1012.0  1    4.559    4.559  1   34.340   34.340  1
 1014.0 1014.0  1    4.545    4.545  1   34.341   34.341  1
 1016.0 1016.0  1    4.539    4.539  1   34.341   34.341  1
 1018.0 1018.0  1    4.534    4.534  1   34.342   34.342  1
 1020.0 1020.0  1    4.528    4.528  1   34.342   34.342  1
 1022.0 1022.0  1    4.511    4.511  1   34.343   34.343  1
 1024.0 1024.0  1    4.501    4.501  1   34.344   34.344  1
 1026.0 1026.0  1    4.483    4.483  1   34.345   34.345  1
 1028.0 1028.0  1    4.453    4.453  1   34.347   34.347  1
 1030.0 1030.0  1    4.448    4.448  1   34.348   34.348  1
 1032.0 1032.0  1    4.446    4.446  1   34.348   34.348  1
 1034.0 1034.1  1    4.444    4.444  1   34.348   34.348  1
 1036.0 1036.0  1    4.434    4.434  1   34.349   34.349  1
 1038.0 1038.0  1    4.419    4.419  1   34.350   34.350  1
 1040.0 1040.0  1    4.406    4.406  1   34.352   34.352  1
 1042.0 1042.0  1    4.404    4.404  1   34.353   34.352  1
 1044.0 1044.0  1    4.389    4.389  1   34.354   34.354  1
 1046.0 1046.0  1    4.366    4.366  1   34.355   34.355  1
 1048.0 1048.0  1    4.345    4.345  1   34.357   34.357  1
 1050.0 1050.0  1    4.332    4.332  1   34.357   34.357  1
 1052.0 1052.0  1    4.325    4.325  1   34.358   34.358  1
 1054.0 1054.0  1    4.316    4.316  1   34.358   34.358  1
 1056.0 1056.0  1    4.291    4.291  1   34.362   34.362  1
 1058.0 1058.0  1    4.283    4.283  1   34.362   34.362  1
 1060.0 1060.0  1    4.269    4.269  1   34.365   34.365  1
 1062.0 1062.1  1    4.263    4.263  1   34.367   34.367  1
 1064.0 1064.0  1    4.247    4.247  1   34.369   34.369  1
 1066.0 1066.0  1    4.240    4.240  1   34.369   34.369  1
 1068.0 1068.0  1    4.234    4.234  1   34.370   34.370  1
 1070.0 1070.0  1    4.223    4.223  1   34.370   34.370  1
 1072.0 1072.0  1    4.216    4.216  1   34.370   34.370  1
 1074.0 1074.0  1    4.207    4.207  1   34.370   34.370  1
 1076.0 1076.1  1    4.186    4.186  1   34.371   34.371  1
 1078.0 1078.0  1    4.177    4.177  1   34.371   34.371  1
 1080.0 1080.0  1    4.164    4.164  1   34.373   34.373  1
 1082.0 1082.0  1    4.150    4.150  1   34.374   34.374  1
 1084.0 1084.1  1    4.140    4.140  1   34.374   34.374  1
 1086.0 1086.1  1    4.127    4.127  1   34.377   34.377  1
 1088.0 1088.0  1    4.113    4.113  1   34.379   34.379  1
 1090.0 1090.0  1    4.109    4.109  1   34.379   34.379  1
 1092.0 1092.0  1    4.104    4.104  1   34.380   34.379  1
 1094.0 1094.1  1    4.095    4.095  1   34.381   34.381  1
 1096.0 1096.1  1    4.090    4.090  1   34.381   34.381  1
 1098.0 1098.1  1    4.087    4.087  1   34.381   34.381  1
 1100.0 1100.0  1    4.078    4.078  1   34.381   34.381  1
 1102.0 1102.0  1    4.057    4.057  1   34.383   34.383  1
 1104.0 1104.0  1    4.043    4.043  1   34.384   34.384  1
 1106.0 1106.0  1    4.034    4.034  1   34.385   34.385  1
 1108.0 1108.0  1    4.015    4.015  1   34.387   34.387  1
 1110.0 1110.0  1    4.008    4.008  1   34.387   34.387  1
 1112.0 1112.0  1    4.001    4.001  1   34.388   34.388  1
 1114.0 1114.0  1    3.985    3.985  1   34.389   34.389  1
 1116.0 1116.0  1    3.970    3.970  1   34.391   34.391  1
 1118.0 1118.0  1    3.961    3.961  1   34.391   34.391  1
 1120.0 1120.0  1    3.947    3.947  1   34.392   34.392  1
 1122.0 1122.1  1    3.926    3.926  1   34.395   34.394  1
 1124.0 1124.1  1    3.909    3.909  1   34.396   34.396  1
 1126.0 1126.0  1    3.900    3.900  1   34.396   34.396  1
 1128.0 1128.0  1    3.883    3.883  1   34.398   34.398  1
 1130.0 1130.0  1    3.871    3.871  1   34.399   34.399  1
 1132.0 1132.0  1    3.861    3.861  1   34.400   34.400  1
 1134.0 1134.0  1    3.843    3.843  1   34.401   34.401  1
 1136.0 1136.0  1    3.839    3.839  1   34.402   34.402  1
 1138.0 1138.0  1    3.835    3.835  1   34.402   34.402  1
 1140.0 1140.0  1    3.828    3.828  1   34.403   34.403  1
 1142.0 1142.0  1    3.825    3.825  1   34.403   34.403  1
 1144.0 1144.0  1    3.813    3.813  1   34.404   34.404  1
 1146.0 1146.0  1    3.802    3.802  1   34.404   34.404  1
 1148.0 1148.0  1    3.786    3.786  1   34.406   34.406  1
 1150.0 1150.0  1    3.773    3.773  1   34.407   34.407  1
 1152.0 1152.0  1    3.768    3.768  1   34.408   34.408  1
 1154.0 1154.0  1    3.764    3.764  1   34.408   34.408  1
 1156.0 1156.0  1    3.762    3.762  1   34.408   34.408  1
 1158.0 1158.0  1    3.760    3.760  1   34.408   34.408  1
 1160.0 1160.0  1    3.758    3.758  1   34.408   34.408  1
 1162.0 1162.0  1    3.750    3.750  1   34.409   34.409  1
 1164.0 1164.0  1    3.724    3.724  1   34.412   34.412  1
 1166.0 1166.0  1    3.708    3.708  1   34.414   34.414  1
 1168.0 1168.0  1    3.690    3.690  1   34.416   34.416  1
 1170.0 1170.0  1    3.684    3.684  1   34.417   34.417  1
 1172.0 1172.0  1    3.680    3.680  1   34.417   34.417  1
 1174.0 1174.0  1    3.672    3.672  1   34.418   34.418  1
 1176.0 1176.0  1    3.661    3.661  1   34.419   34.419  1
 1178.0 1178.0  1    3.651    3.651  1   34.421   34.420  1
 1180.0 1180.0  1    3.641    3.641  1   34.422   34.422  1
 1182.0 1182.0  1    3.626    3.626  1   34.424   34.423  1
 1184.0 1184.0  1    3.607    3.607  1   34.425   34.425  1
 1186.0 1186.0  1    3.599    3.599  1   34.426   34.426  1
 1188.0 1188.0  1    3.576    3.576  1   34.430   34.430  1
 1190.0 1190.0  1    3.548    3.548  1   34.433   34.433  1
 1192.0 1192.0  1    3.535    3.535  1   34.435   34.435  1
 1194.0 1194.0  1    3.524    3.524  1   34.436   34.436  1
 1196.0 1196.0  1    3.519    3.519  1   34.436   34.436  1
 1198.0 1198.0  1    3.504    3.504  1   34.439   34.439  1
 1200.0 1200.1  1    3.484    3.484  1   34.442   34.442  1
 1202.0 1202.0  1    3.476    3.476  1   34.443   34.443  1
 1204.0 1204.0  1    3.470    3.470  1   34.444   34.444  1
 1206.0 1206.0  1    3.470    3.470  1   34.444   34.444  1
 1208.0 1208.0  1    3.467    3.467  1   34.444   34.444  1
 1209.9 1210.0  1    3.459    3.459  1   34.445   34.445  1
 1212.0 1212.0  1    3.450    3.450  1   34.447   34.447  1
 1214.0 1214.0  1    3.435    3.435  1   34.448   34.448  1
 1216.0 1216.0  1    3.430    3.430  1   34.448   34.448  1
 1218.0 1218.0  1    3.426    3.426  1   34.448   34.448  1
 1220.0 1220.1  1    3.419    3.419  1   34.449   34.449  1
 1222.0 1222.0  1    3.409    3.409  1   34.450   34.450  1
 1224.0 1224.0  1    3.404    3.404  1   34.451   34.451  1
 1226.0 1226.0  1    3.403    3.403  1   34.451   34.451  1
 1228.0 1228.0  1    3.398    3.398  1   34.452   34.452  1
 1230.0 1230.0  1    3.392    3.392  1   34.453   34.453  1
 1232.0 1232.0  1    3.388    3.388  1   34.454   34.454  1
 1234.0 1234.0  1    3.386    3.386  1   34.454   34.454  1
 1236.0 1236.0  1    3.384    3.384  1   34.455   34.455  1
 1238.0 1238.0  1    3.384    3.384  1   34.455   34.455  1
 1240.0 1240.0  1    3.383    3.383  1   34.455   34.455  1
 1242.0 1242.0  1    3.379    3.379  1   34.456   34.455  1
 1244.0 1244.0  1    3.372    3.372  1   34.456   34.456  1
 1246.0 1246.0  1    3.370    3.370  1   34.457   34.457  1
 1248.0 1248.0  1    3.368    3.368  1   34.457   34.457  1
 1250.0 1250.0  1    3.364    3.364  1   34.457   34.457  1
 1252.0 1252.0  1    3.362    3.362  1   34.458   34.457  1
 1254.0 1254.0  1    3.361    3.361  1   34.458   34.457  1
 1256.0 1256.0  1    3.359    3.359  1   34.458   34.457  1
 1258.0 1258.0  1    3.345    3.345  1   34.459   34.459  1
 1260.0 1260.0  1    3.327    3.327  1   34.461   34.461  1
 1262.0 1262.0  1    3.320    3.320  1   34.462   34.462  1
 1264.0 1264.0  1    3.315    3.315  1   34.463   34.463  1
 1266.0 1266.0  1    3.299    3.299  1   34.467   34.467  1
 1268.0 1268.0  1    3.293    3.293  1   34.468   34.468  1
 1270.0 1270.0  1    3.288    3.288  1   34.468   34.468  1
 1272.0 1272.0  1    3.280    3.280  1   34.469   34.469  1
 1274.0 1274.0  1    3.277    3.277  1   34.470   34.469  1
 1276.0 1276.0  1    3.274    3.274  1   34.470   34.470  1
 1278.0 1278.0  1    3.270    3.270  1   34.470   34.470  1
 1280.0 1280.1  1    3.261    3.261  1   34.472   34.472  1
 1282.0 1282.1  1    3.254    3.254  1   34.472   34.472  1
 1284.0 1284.0  1    3.250    3.250  1   34.473   34.473  1
 1286.0 1286.0  1    3.249    3.249  1   34.473   34.473  1
 1288.0 1288.0  1    3.242    3.242  1   34.474   34.474  1
 1290.0 1290.0  1    3.226    3.226  1   34.476   34.476  1
 1292.0 1292.0  1    3.222    3.222  1   34.477   34.476  1
 1294.0 1294.0  1    3.214    3.214  1   34.477   34.477  1
 1296.0 1296.0  1    3.209    3.209  1   34.477   34.477  1
 1298.0 1298.0  1    3.205    3.205  1   34.478   34.478  1
 1300.0 1300.0  1    3.202    3.202  1   34.478   34.478  1
 1302.0 1302.1  1    3.195    3.195  1   34.479   34.479  1
 1304.0 1304.0  1    3.186    3.186  1   34.480   34.480  1
 1306.0 1306.0  1    3.180    3.180  1   34.481   34.481  1
 1308.0 1308.0  1    3.175    3.175  1   34.482   34.482  1
 1310.0 1310.0  1    3.167    3.167  1   34.483   34.483  1
 1312.0 1312.0  1    3.157    3.157  1   34.484   34.484  1
 1314.0 1314.0  1    3.150    3.150  1   34.486   34.485  1
 1316.0 1316.0  1    3.146    3.146  1   34.487   34.487  1
 1318.0 1318.0  1    3.144    3.144  1   34.488   34.488  1
 1320.0 1320.0  1    3.139    3.139  1   34.489   34.489  1
 1322.0 1322.0  1    3.137    3.137  1   34.490   34.490  1
 1324.0 1324.0  1    3.133    3.133  1   34.492   34.492  1
 1326.0 1326.0  1    3.129    3.129  1   34.492   34.492  1
 1328.0 1328.0  1    3.126    3.126  1   34.493   34.493  1
 1330.0 1330.0  1    3.123    3.123  1   34.493   34.493  1
 1332.0 1332.0  1    3.118    3.118  1   34.494   34.494  1
 1334.0 1334.0  1    3.116    3.116  1   34.495   34.495  1
 1336.0 1336.0  1    3.113    3.113  1   34.495   34.495  1
 1338.0 1338.0  1    3.110    3.110  1   34.497   34.497  1
 1340.0 1340.0  1    3.113    3.113  1   34.499   34.499  1
 1342.0 1342.0  1    3.110    3.110  1   34.500   34.500  1
 1344.0 1344.0  1    3.108    3.108  1   34.500   34.500  1
 1346.0 1346.0  1    3.106    3.106  1   34.500   34.500  1
 1348.0 1348.0  1    3.085    3.085  1   34.501   34.501  1
 1350.0 1350.0  1    3.085    3.085  1   34.503   34.503  1
 1352.0 1352.0  1    3.076    3.076  1   34.505   34.505  1
 1354.0 1354.1  1    3.069    3.069  1   34.506   34.506  1
 1356.0 1356.0  1    3.066    3.066  1   34.506   34.506  1
 1358.0 1358.0  1    3.061    3.061  1   34.507   34.507  1
 1360.0 1360.0  1    3.055    3.055  1   34.508   34.508  1
 1361.9 1362.0  1    3.050    3.050  1   34.509   34.509  1
 1364.0 1364.0  1    3.045    3.045  1   34.510   34.510  1
 1366.0 1366.0  1    3.034    3.034  1   34.511   34.511  1
 1368.0 1368.1  1    3.031    3.031  1   34.512   34.512  1
 1370.1 1370.1  1    3.024    3.024  1   34.513   34.513  1
 1372.0 1372.0  1    3.020    3.020  1   34.513   34.513  1
 1374.0 1374.0  1    3.019    3.019  1   34.514   34.513  1
 1376.0 1376.0  1    3.014    3.014  1   34.514   34.514  1
 1378.0 1378.0  1    3.012    3.012  1   34.514   34.514  1
 1380.0 1380.0  1    3.009    3.009  1   34.515   34.515  1
 1382.0 1382.0  1    3.007    3.007  1   34.515   34.515  1
 1383.9 1384.0  1    3.005    3.005  1   34.515   34.515  1
 1386.0 1386.0  1    2.998    2.998  1   34.516   34.516  1
 1388.0 1388.0  1    2.988    2.988  1   34.518   34.518  1
 1390.0 1390.0  1    2.976    2.976  1   34.520   34.520  1
 1392.0 1392.0  1    2.972    2.972  1   34.521   34.521  1
 1394.0 1394.0  1    2.969    2.969  1   34.522   34.522  1
 1396.0 1396.0  1    2.967    2.967  1   34.522   34.522  1
 1398.0 1398.0  1    2.966    2.966  1   34.522   34.522  1
 1400.0 1400.0  1    2.965    2.965  1   34.522   34.522  1
 1402.0 1402.0  1    2.963    2.963  1   34.523   34.523  1
 1404.0 1404.0  1    2.960    2.960  1   34.523   34.523  1
 1406.0 1406.0  1    2.957    2.957  1   34.523   34.523  1
 1408.0 1408.0  1    2.954    2.954  1   34.524   34.524  1
 1410.0 1410.1  1    2.947    2.947  1   34.524   34.524  1
 1412.0 1412.0  1    2.949    2.949  1   34.524   34.524  1
 1414.0 1414.0  1    2.948    2.948  1   34.525   34.524  1
 1416.0 1416.0  1    2.941    2.941  1   34.524   34.524  1
 1418.0 1418.0  1    2.931    2.931  1   34.524   34.524  1
 1420.0 1420.0  1    2.928    2.928  1   34.524   34.524  1
 1422.0 1422.0  1    2.926    2.926  1   34.525   34.525  1
 1424.0 1424.0  1    2.924    2.924  1   34.525   34.525  1
 1426.0 1426.0  1    2.919    2.919  1   34.527   34.527  1
 1428.0 1428.0  1    2.912    2.912  1   34.528   34.528  1
 1430.0 1430.0  1    2.908    2.908  1   34.528   34.528  1
 1432.0 1432.0  1    2.907    2.907  1   34.529   34.529  1
 1434.0 1434.0  1    2.904    2.904  1   34.530   34.530  1
 1436.0 1436.0  1    2.904    2.904  1   34.530   34.530  1
 1438.1 1438.1  1    2.902    2.902  1   34.530   34.530  1
 1440.0 1440.0  1    2.899    2.899  1   34.530   34.530  1
 1442.0 1442.0  1    2.886    2.886  1   34.532   34.532  1
 1444.0 1444.0  1    2.879    2.879  1   34.534   34.533  1
 1446.0 1446.0  1    2.879    2.879  1   34.534   34.534  1
 1448.0 1448.0  1    2.878    2.878  1   34.534   34.534  1
 1450.0 1450.0  1    2.869    2.869  1   34.537   34.537  1
 1452.0 1452.0  1    2.857    2.857  1   34.539   34.539  1
 1454.0 1454.0  1    2.849    2.849  1   34.541   34.541  1
 1456.0 1456.0  1    2.846    2.846  1   34.541   34.541  1
 1458.0 1458.0  1    2.845    2.845  1   34.542   34.541  1
 1460.0 1460.0  1    2.843    2.843  1   34.542   34.542  1
 1462.0 1462.0  1    2.841    2.841  1   34.542   34.542  1
 1464.0 1464.0  1    2.836    2.836  1   34.543   34.543  1
 1466.0 1466.1  1    2.829    2.829  1   34.544   34.544  1
 1468.0 1468.1  1    2.817    2.817  1   34.546   34.546  1
 1470.0 1470.0  1    2.807    2.807  1   34.548   34.548  1
 1472.0 1472.0  1    2.800    2.800  1   34.549   34.549  1
 1474.0 1474.0  1    2.798    2.798  1   34.549   34.549  1
 1476.0 1476.0  1    2.796    2.796  1   34.550   34.550  1
 1478.0 1478.0  1    2.792    2.792  1   34.550   34.550  1
 1480.0 1480.0  1    2.789    2.789  1   34.551   34.551  1
 1482.0 1482.0  1    2.787    2.787  1   34.551   34.551  1
 1484.0 1484.0  1    2.785    2.785  1   34.552   34.552  1
 1486.0 1486.1  1    2.782    2.782  1   34.552   34.552  1
 1488.0 1488.1  1    2.779    2.779  1   34.553   34.553  1
 1490.0 1490.0  1    2.777    2.777  1   34.553   34.553  1
 1492.0 1492.0  1    2.774    2.774  1   34.554   34.554  1
 1494.0 1494.1  1    2.772    2.772  1   34.554   34.554  1
 1496.0 1496.1  1    2.770    2.770  1   34.554   34.554  1
 1498.0 1498.0  1    2.760    2.760  1   34.555   34.555  1
 1500.0 1500.0  1    2.751    2.751  1   34.556   34.556  1
 1502.0 1502.0  1    2.744    2.744  1   34.557   34.557  1
 1504.0 1504.0  1    2.741    2.741  1   34.558   34.558  1
 1506.0 1506.0  1    2.740    2.740  1   34.559   34.559  1
 1508.0 1508.1  1    2.737    2.737  1   34.559   34.559  1
 1510.0 1510.0  1    2.736    2.736  1   34.560   34.560  1
 1512.0 1512.1  1    2.734    2.734  1   34.560   34.560  1
 1514.0 1514.0  1    2.733    2.733  1   34.561   34.560  1
 1516.0 1516.0  1    2.732    2.732  1   34.561   34.561  1
 1518.0 1518.0  1    2.730    2.730  1   34.561   34.561  1
 1520.0 1520.0  1    2.726    2.726  1   34.562   34.562  1
 1522.0 1522.0  1    2.722    2.722  1   34.563   34.563  1
 1524.0 1524.0  1    2.721    2.721  1   34.563   34.563  1
 1526.0 1526.0  1    2.720    2.720  1   34.564   34.564  1
 1528.0 1528.0  1    2.719    2.719  1   34.565   34.565  1
 1530.0 1530.0  1    2.719    2.719  1   34.566   34.566  1
 1532.0 1532.1  1    2.718    2.718  1   34.566   34.566  1
 1534.0 1534.0  1    2.715    2.715  1   34.567   34.567  1
 1536.0 1536.0  1    2.714    2.714  1   34.567   34.567  1
 1538.0 1538.0  1    2.710    2.710  1   34.567   34.567  1
 1540.0 1540.0  1    2.708    2.708  1   34.568   34.568  1
 1542.0 1542.0  1    2.704    2.704  1   34.568   34.568  1
 1544.0 1544.0  1    2.703    2.703  1   34.568   34.568  1
 1546.0 1546.0  1    2.700    2.700  1   34.569   34.569  1
 1548.0 1548.0  1    2.698    2.698  1   34.569   34.569  1
 1550.0 1550.0  1    2.697    2.697  1   34.569   34.569  1
 1552.0 1552.0  1    2.694    2.694  1   34.570   34.570  1
 1554.0 1554.1  1    2.691    2.691  1   34.570   34.570  1
 1556.0 1556.0  1    2.684    2.684  1   34.570   34.570  1
 1557.9 1558.0  1    2.681    2.681  1   34.571   34.571  1
 1560.0 1560.0  1    2.677    2.677  1   34.572   34.572  1
 1562.0 1562.0  1    2.671    2.671  1   34.573   34.573  1
 1564.0 1564.0  1    2.667    2.667  1   34.574   34.573  1
 1566.0 1566.0  1    2.663    2.663  1   34.574   34.574  1
 1568.0 1568.0  1    2.661    2.661  1   34.575   34.575  1
 1570.0 1570.0  1    2.659    2.659  1   34.575   34.575  1
 1572.0 1572.0  1    2.655    2.655  1   34.576   34.576  1
 1574.0 1574.1  1    2.653    2.653  1   34.576   34.576  1
 1576.0 1576.1  1    2.652    2.652  1   34.576   34.576  1
 1578.0 1578.0  1    2.651    2.651  1   34.576   34.576  1
 1580.0 1580.0  1    2.650    2.650  1   34.577   34.577  1
 1582.0 1582.0  1    2.647    2.647  1   34.577   34.577  1
 1584.0 1584.0  1    2.645    2.645  1   34.578   34.578  1
 1586.0 1586.0  1    2.642    2.642  1   34.578   34.578  1
 1588.0 1588.0  1    2.641    2.641  1   34.578   34.578  1
 1590.0 1590.0  1    2.638    2.638  1   34.579   34.579  1
 1592.0 1592.0  1    2.635    2.635  1   34.580   34.580  1
 1594.0 1594.0  1    2.634    2.634  1   34.580   34.580  1
 1596.0 1596.0  1    2.632    2.632  1   34.580   34.580  1
 1598.0 1598.0  1    2.629    2.629  1   34.581   34.581  1
 1600.0 1600.0  1    2.628    2.628  1   34.581   34.581  1
 1602.0 1602.0  1    2.624    2.624  1   34.582   34.582  1
 1604.0 1604.0  1    2.621    2.621  1   34.582   34.582  1
 1606.0 1606.0  1    2.620    2.620  1   34.583   34.582  1
 1608.0 1608.0  1    2.617    2.617  1   34.583   34.583  1
 1610.0 1610.0  1    2.614    2.614  1   34.583   34.583  1
 1612.0 1612.0  1    2.611    2.611  1   34.584   34.584  1
 1614.0 1614.0  1    2.610    2.610  1   34.584   34.584  1
 1616.0 1616.0  1    2.608    2.608  1   34.584   34.584  1
 1618.0 1618.0  1    2.605    2.605  1   34.585   34.585  1
 1620.0 1620.0  1    2.598    2.598  1   34.586   34.586  1
 1622.0 1622.0  1    2.596    2.596  1   34.586   34.586  1
 1624.0 1624.0  1    2.596    2.596  1   34.586   34.586  1
 1626.0 1626.0  1    2.595    2.595  1   34.587   34.587  1
 1628.0 1628.0  1    2.593    2.593  1   34.587   34.587  1
 1630.0 1630.0  1    2.590    2.590  1   34.587   34.587  1
 1632.0 1632.0  1    2.588    2.588  1   34.588   34.588  1
 1634.0 1634.0  1    2.583    2.583  1   34.588   34.588  1
 1636.0 1636.0  1    2.580    2.580  1   34.589   34.589  1
 1638.0 1638.0  1    2.579    2.579  1   34.589   34.589  1
 1640.0 1640.0  1    2.577    2.577  1   34.590   34.589  1
 1642.0 1642.0  1    2.576    2.576  1   34.590   34.590  1
 1644.0 1644.0  1    2.574    2.574  1   34.590   34.590  1
 1646.0 1646.0  1    2.573    2.573  1   34.590   34.590  1
 1648.0 1648.0  1    2.570    2.570  1   34.590   34.590  1
 1650.0 1650.0  1    2.568    2.568  1   34.591   34.591  1
 1652.0 1652.0  1    2.566    2.566  1   34.591   34.591  1
 1654.0 1654.0  1    2.565    2.565  1   34.591   34.591  1
 1656.0 1656.0  1    2.564    2.564  1   34.591   34.591  1
 1658.0 1658.0  1    2.563    2.563  1   34.591   34.591  1
 1660.0 1660.0  1    2.560    2.560  1   34.592   34.592  1
 1662.0 1662.0  1    2.558    2.558  1   34.592   34.592  1
 1664.0 1664.0  1    2.557    2.557  1   34.592   34.592  1
 1666.0 1666.0  1    2.555    2.555  1   34.593   34.593  1
 1668.0 1668.0  1    2.555    2.555  1   34.593   34.593  1
 1670.0 1670.0  1    2.553    2.553  1   34.593   34.593  1
 1672.0 1672.0  1    2.553    2.553  1   34.593   34.593  1
 1674.0 1674.1  1    2.552    2.552  1   34.593   34.593  1
 1676.0 1676.0  1    2.552    2.552  1   34.593   34.593  1
 1678.0 1678.0  1    2.552    2.552  1   34.593   34.593  1
 1680.0 1680.1  1    2.551    2.551  1   34.593   34.593  1
 1682.0 1682.0  1    2.550    2.550  1   34.593   34.593  1
 1684.0 1684.0  1    2.548    2.548  1   34.593   34.593  1
 1686.0 1686.0  1    2.547    2.547  1   34.594   34.594  1
 1688.0 1688.0  1    2.546    2.546  1   34.594   34.594  1
 1690.0 1690.0  1    2.545    2.545  1   34.594   34.594  1
 1692.0 1692.0  1    2.544    2.544  1   34.594   34.594  1
 1694.0 1694.1  1    2.544    2.544  1   34.594   34.594  1
 1696.0 1696.0  1    2.542    2.542  1   34.595   34.595  1
 1698.0 1698.0  1    2.542    2.542  1   34.595   34.595  1
 1700.0 1700.0  1    2.539    2.539  1   34.595   34.595  1
 1702.0 1702.0  1    2.536    2.536  1   34.595   34.595  1
 1704.0 1704.0  1    2.534    2.534  1   34.596   34.596  1
 1706.0 1706.0  1    2.532    2.532  1   34.596   34.596  1
 1708.0 1708.0  1    2.531    2.531  1   34.596   34.596  1
 1710.0 1710.0  1    2.529    2.529  1   34.597   34.596  1
 1712.0 1712.0  1    2.528    2.528  1   34.597   34.596  1
 1714.0 1714.1  1    2.528    2.528  1   34.597   34.597  1
 1716.0 1716.1  1    2.527    2.527  1   34.597   34.596  1
 1718.0 1718.1  1    2.527    2.527  1   34.597   34.597  1
 1720.0 1720.1  1    2.525    2.525  1   34.597   34.597  1
 1722.0 1722.0  1    2.523    2.523  1   34.597   34.597  1
 1724.0 1724.0  1    2.520    2.520  1   34.598   34.598  1
 1726.0 1726.0  1    2.518    2.518  1   34.598   34.598  1
 1728.0 1728.0  1    2.517    2.517  1   34.598   34.598  1
 1730.0 1730.0  1    2.515    2.515  1   34.598   34.598  1
 1732.0 1732.0  1    2.513    2.513  1   34.598   34.598  1
 1734.0 1734.1  1    2.512    2.512  1   34.599   34.599  1
 1736.0 1736.0  1    2.511    2.511  1   34.599   34.599  1
 1738.0 1738.0  1    2.510    2.510  1   34.599   34.599  1
 1740.0 1740.0  1    2.509    2.509  1   34.599   34.599  1
 1742.0 1742.0  1    2.506    2.506  1   34.599   34.599  1
 1744.0 1744.0  1    2.506    2.506  1   34.599   34.599  1
 1746.0 1746.0  1    2.503    2.503  1   34.600   34.600  1
 1748.0 1748.0  1    2.500    2.500  1   34.600   34.600  1
 1750.0 1750.0  1    2.498    2.498  1   34.601   34.601  1
 1752.0 1752.0  1    2.496    2.496  1   34.601   34.601  1
 1754.0 1754.0  1    2.493    2.493  1   34.601   34.601  1
 1756.0 1756.0  1    2.492    2.492  1   34.601   34.601  1
 1758.0 1758.0  1    2.491    2.491  1   34.601   34.601  1
 1760.0 1760.0  1    2.490    2.490  1   34.602   34.601  1
 1762.0 1762.1  1    2.489    2.489  1   34.602   34.602  1
 1764.0 1764.0  1    2.488    2.488  1   34.602   34.602  1
 1766.0 1766.0  1    2.486    2.486  1   34.602   34.602  1
 1768.0 1768.0  1    2.484    2.484  1   34.602   34.602  1
 1770.0 1770.0  1    2.483    2.483  1   34.602   34.602  1
 1772.0 1772.0  1    2.483    2.483  1   34.602   34.602  1
 1774.0 1774.0  1    2.481    2.481  1   34.603   34.602  1
 1776.0 1776.0  1    2.476    2.476  1   34.603   34.603  1
 1778.0 1778.0  1    2.474    2.474  1   34.604   34.603  1
 1780.0 1780.0  1    2.474    2.474  1   34.604   34.603  1
 1782.0 1782.0  1    2.474    2.474  1   34.604   34.603  1
 1784.0 1784.1  1    2.474    2.474  1   34.604   34.603  1
 1786.0 1786.0  1    2.473    2.473  1   34.604   34.604  1
 1788.0 1788.1  1    2.471    2.471  1   34.604   34.604  1
 1790.0 1790.1  1    2.470    2.470  1   34.604   34.604  1
 1792.0 1792.1  1    2.469    2.469  1   34.604   34.604  1
 1794.1 1794.1  1    2.468    2.468  1   34.604   34.604  1
 1796.0 1796.1  1    2.468    2.468  1   34.604   34.604  1
 1798.1 1798.1  1    2.468    2.468  1   34.604   34.604  1
 1800.0 1800.0  1    2.467    2.467  1   34.604   34.604  1
 1802.0 1802.0  1    2.466    2.466  1   34.604   34.604  1
 1804.0 1804.0  1    2.464    2.464  1   34.605   34.605  1
 1806.0 1806.0  1    2.461    2.461  1   34.605   34.605  1
 1808.0 1808.0  1    2.458    2.458  1   34.605   34.605  1
 1810.0 1810.0  1    2.456    2.456  1   34.606   34.606  1
 1812.0 1812.0  1    2.454    2.454  1   34.606   34.606  1
 1814.0 1814.0  1    2.453    2.453  1   34.606   34.606  1
 1816.0 1816.0  1    2.451    2.451  1   34.606   34.606  1
 1818.0 1818.0  1    2.450    2.450  1   34.606   34.606  1
 1820.0 1820.0  1    2.447    2.447  1   34.607   34.607  1
 1822.0 1822.0  1    2.444    2.444  1   34.607   34.607  1
 1824.0 1824.0  1    2.442    2.442  1   34.607   34.607  1
 1826.0 1826.0  1    2.439    2.439  1   34.607   34.607  1
 1828.0 1828.0  1    2.438    2.438  1   34.608   34.608  1
 1830.0 1830.0  1    2.438    2.438  1   34.608   34.608  1
 1832.0 1832.0  1    2.438    2.438  1   34.608   34.608  1
 1834.0 1834.0  1    2.438    2.438  1   34.608   34.608  1
 1836.0 1836.0  1    2.438    2.438  1   34.608   34.608  1
 1838.0 1838.0  1    2.437    2.437  1   34.608   34.608  1
 1840.0 1840.0  1    2.437    2.437  1   34.608   34.608  1
 1842.0 1842.0  1    2.436    2.436  1   34.608   34.608  1
 1844.0 1844.0  1    2.435    2.435  1   34.608   34.608  1
 1846.0 1846.0  1    2.433    2.433  1   34.608   34.608  1
 1848.0 1848.0  1    2.431    2.431  1   34.608   34.608  1
 1850.0 1850.0  1    2.429    2.429  1   34.609   34.609  1
 1852.0 1852.0  1    2.427    2.427  1   34.609   34.609  1
 1854.0 1854.0  1    2.425    2.425  1   34.609   34.609  1
 1856.0 1856.0  1    2.423    2.423  1   34.609   34.609  1
 1858.0 1858.0  1    2.422    2.422  1   34.610   34.609  1
 1860.0 1860.0  1    2.422    2.422  1   34.610   34.609  1
 1861.9 1862.0  1    2.421    2.421  1   34.610   34.609  1
 1864.0 1864.0  1    2.420    2.420  1   34.610   34.610  1
 1866.0 1866.1  1    2.419    2.419  1   34.610   34.610  1
 1868.0 1868.0  1    2.417    2.417  1   34.610   34.610  1
 1870.0 1870.0  1    2.416    2.416  1   34.610   34.610  1
 1872.0 1872.1  1    2.413    2.413  1   34.611   34.610  1
 1874.0 1874.1  1    2.411    2.411  1   34.611   34.611  1
 1876.0 1876.0  1    2.409    2.409  1   34.611   34.611  1
 1878.0 1878.0  1    2.405    2.405  1   34.611   34.611  1
 1880.0 1880.0  1    2.404    2.404  1   34.611   34.611  1
 1882.0 1882.0  1    2.403    2.403  1   34.611   34.611  1
 1884.0 1884.0  1    2.401    2.401  1   34.612   34.612  1
 1886.0 1886.0  1    2.400    2.400  1   34.612   34.612  1
 1888.0 1888.0  1    2.398    2.398  1   34.612   34.612  1
 1890.0 1890.0  1    2.398    2.398  1   34.612   34.612  1
 1892.0 1892.1  1    2.397    2.397  1   34.612   34.612  1
 1894.0 1894.0  1    2.397    2.397  1   34.612   34.612  1
 1896.0 1896.0  1    2.396    2.396  1   34.612   34.612  1
 1898.0 1898.0  1    2.395    2.395  1   34.612   34.612  1
 1900.0 1900.0  1    2.394    2.394  1   34.612   34.612  1
 1902.0 1902.0  1    2.392    2.392  1   34.613   34.613  1
 1904.0 1904.0  1    2.392    2.392  1   34.613   34.613  1
 1906.0 1906.1  1    2.391    2.391  1   34.613   34.613  1
 1908.0 1908.0  1    2.389    2.389  1   34.613   34.613  1
 1910.0 1910.0  1    2.386    2.386  1   34.613   34.613  1
 1912.0 1912.0  1    2.384    2.384  1   34.613   34.613  1
 1914.0 1914.0  1    2.383    2.383  1   34.613   34.613  1
 1916.0 1916.0  1    2.382    2.382  1   34.613   34.613  1
 1918.0 1918.0  1    2.382    2.382  1   34.613   34.613  1
 1920.0 1920.1  1    2.381    2.381  1   34.614   34.614  1
 1922.0 1922.0  1    2.380    2.380  1   34.614   34.614  1
 1924.0 1924.1  1    2.378    2.378  1   34.614   34.614  1
 1926.0 1926.0  1    2.377    2.377  1   34.614   34.614  1
 1928.0 1928.0  1    2.376    2.376  1   34.614   34.614  1
 1930.0 1930.1  1    2.375    2.375  1   34.614   34.614  1
 1932.0 1932.0  1    2.372    2.372  1   34.615   34.615  1
 1934.0 1934.0  1    2.371    2.371  1   34.615   34.615  1
 1936.0 1936.0  1    2.369    2.369  1   34.615   34.615  1
 1938.0 1938.0  1    2.367    2.367  1   34.615   34.615  1
 1940.0 1940.1  1    2.366    2.366  1   34.615   34.615  1
 1942.0 1942.0  1    2.365    2.365  1   34.615   34.615  1
 1944.0 1944.0  1    2.364    2.364  1   34.616   34.615  1
 1946.0 1946.0  1    2.361    2.361  1   34.616   34.616  1
 1948.0 1948.1  1    2.359    2.359  1   34.616   34.616  1
 1950.0 1950.1  1    2.358    2.358  1   34.616   34.616  1
 1952.0 1952.1  1    2.357    2.357  1   34.616   34.616  1
 1954.0 1954.0  1    2.355    2.355  1   34.616   34.616  1
 1956.0 1956.0  1    2.353    2.353  1   34.617   34.616  1
 1958.0 1958.0  1    2.351    2.351  1   34.617   34.617  1
 1960.0 1960.0  1    2.350    2.350  1   34.617   34.617  1
 1962.0 1962.0  1    2.348    2.348  1   34.617   34.617  1
 1964.0 1964.0  1    2.347    2.347  1   34.617   34.617  1
 1966.0 1966.0  1    2.346    2.346  1   34.617   34.617  1
 1968.0 1968.0  1    2.346    2.346  1   34.617   34.617  1
 1970.0 1970.0  1    2.345    2.345  1   34.617   34.617  1
 1972.0 1972.1  1    2.344    2.344  1   34.617   34.617  1
 1974.0 1974.0  1    2.343    2.343  1   34.618   34.617  1
 1976.0 1976.0  1    2.342    2.342  1   34.618   34.617  1
 1978.0 1978.0  1    2.341    2.341  1   34.618   34.618  1
 1980.0 1980.1  1    2.340    2.340  1   34.618   34.618  1
 1982.0 1982.1  1    2.339    2.339  1   34.618   34.618  1
 1984.0 1984.0  1    2.338    2.338  1   34.618   34.618  1
 1986.0 1986.0  1    2.335    2.335  1   34.618   34.618  1
 1988.1 1988.1  1    2.333    2.333  1   34.618   34.618  1
 1989.6 1989.6  1    2.331    2.331  1   34.619   34.619  1
