*SoftWare Version 3.0  2018/12/27

*HEADER
     PLATFORM NUMBER       :5905736
     CYCLE NUMBER          :061
     DATE CREATION         :20191229150117
     DATE UPDATE           :20191229150117
     PROJECT NAME          :US ARGO PROJECT
     PI NAME               :GREGORY C. JOHNSON
     INSTRUMENT TYPE       :NAVIS_A
     FLOAT SERIAL NO       :0890
     FIRMWARE VERSION      :170425
     WMO INSTRUMENT TYPE   :863
     TRANSMISSION SYSTEM   :IRIDIUM
     POSITIONING SYSTEM    :GPS
     SAMPLE DIRECTION      :A(A=Ascend; D=Descend)
     DATA MODE             :A(R=Real Time; D=Delayed Mode; A=Real Time Adjusted)
     JULIAN DAY            :25564.5678 (days since 1950-01-01 00:00:00 UTC)
     DATE                  :2019-12-29
     QC FLAG FOR DATE      :1
*LOCATION
     LATITUDE              :10.362  
     LONGITUDE             :-141.073
     QC FLAG FOR LOCATION  :1
*FILE
     COLUMN 1              :Pressure (dbar)                             F7.1
     COLUMN 2              :Corrected Pressure (dbar)                   F7.1
     COLUMN 3              :Quality on Pressure                         I3
     COLUMN 4              :Temperature (degree_Celsius)                F9.3
     COLUMN 5              :Corrected Temperature (degree_Celsius)      F9.3
     COLUMN 6              :Quality on Temperature                      I3
     COLUMN 7              :Salinity (PSU)                              F9.3
     COLUMN 8              :Corrected Salinity (PSU)                    F9.3
     COLUMN 9              :Quality on Salinity                         I3
==========================================================================
    4.2    4.2  1   27.081   27.081  1   33.875   33.875  1
    5.9    5.9  1   27.081   27.081  1   33.875   33.875  1
    8.0    8.0  1   27.081   27.081  1   33.875   33.875  1
   10.0   10.0  1   27.081   27.081  1   33.875   33.875  1
   12.0   12.0  1   27.081   27.081  1   33.875   33.875  1
   14.1   14.1  1   27.081   27.081  1   33.875   33.875  1
   16.0   16.0  1   27.082   27.082  1   33.875   33.875  1
   18.0   18.0  1   27.083   27.083  1   33.875   33.875  1
   20.0   20.0  1   27.083   27.083  1   33.875   33.875  1
   22.0   22.0  1   27.084   27.084  1   33.875   33.875  1
   24.0   24.0  1   27.083   27.083  1   33.875   33.875  1
   26.0   26.0  1   27.084   27.084  1   33.875   33.875  1
   28.0   28.0  1   27.082   27.082  1   33.876   33.876  1
   30.2   30.2  1   27.081   27.081  1   33.876   33.876  1
   32.0   32.0  1   25.789   25.789  1   34.065   34.065  1
   34.0   34.0  1   25.524   25.524  1   34.091   34.091  1
   36.0   36.0  1   20.563   20.563  1   34.659   34.659  1
   37.9   37.9  1   20.134   20.134  1   34.640   34.640  1
   40.0   40.0  1   19.557   19.557  1   34.680   34.680  1
   42.0   42.0  1   18.988   18.988  1   34.704   34.704  1
   44.0   44.0  1   18.434   18.434  1   34.647   34.647  1
   46.0   46.0  1   18.066   18.066  1   34.606   34.606  1
   48.0   48.0  1   17.806   17.806  1   34.635   34.635  1
   50.0   50.0  1   17.735   17.735  1   34.690   34.690  1
   52.0   52.0  1   17.464   17.464  1   34.667   34.667  1
   54.0   54.0  1   17.198   17.198  1   34.642   34.642  1
   56.0   56.0  1   16.865   16.865  1   34.616   34.616  1
   58.0   58.0  1   16.540   16.540  1   34.585   34.585  1
   60.0   60.0  1   16.382   16.382  1   34.558   34.558  1
   62.0   62.0  1   16.224   16.224  1   34.534   34.534  1
   64.0   64.0  1   15.895   15.895  1   34.513   34.513  1
   66.0   66.0  1   15.563   15.563  1   34.488   34.488  1
   68.0   68.0  1   15.292   15.292  1   34.470   34.470  1
   70.0   70.0  1   15.221   15.221  1   34.460   34.460  1
   72.0   72.0  1   15.065   15.065  1   34.448   34.448  1
   74.0   74.0  1   14.843   14.843  1   34.429   34.429  1
   76.0   76.0  1   14.462   14.462  1   34.401   34.401  1
   78.0   78.0  1   13.820   13.820  1   34.344   34.344  1
   80.0   80.0  1   13.601   13.601  1   34.328   34.328  1
   82.0   82.0  1   13.584   13.584  1   34.393   34.393  1
   84.0   84.0  1   13.639   13.639  1   34.447   34.447  1
   86.0   86.0  1   13.665   13.665  1   34.570   34.570  1
   88.0   88.0  1   13.355   13.355  1   34.588   34.588  1
   90.0   90.0  1   13.201   13.201  1   34.582   34.582  1
   92.0   92.0  1   13.042   13.042  1   34.588   34.588  1
   94.0   94.0  1   12.973   12.973  1   34.604   34.604  1
   96.0   96.0  1   12.913   12.913  1   34.628   34.628  1
   98.0   98.0  1   12.853   12.853  1   34.649   34.649  1
  100.0  100.0  1   12.807   12.807  1   34.658   34.658  1
  102.0  102.0  1   12.725   12.725  1   34.668   34.668  1
  104.0  104.0  1   12.649   12.649  1   34.673   34.673  1
  106.0  106.0  1   12.452   12.452  1   34.678   34.678  1
  108.0  108.0  1   12.375   12.375  1   34.688   34.688  1
  110.0  110.0  1   12.365   12.365  1   34.701   34.701  1
  112.0  112.0  1   12.361   12.361  1   34.722   34.722  1
  114.0  114.0  1   12.354   12.354  1   34.747   34.747  1
  116.0  116.0  1   12.334   12.334  1   34.761   34.761  1
  118.0  118.0  1   12.290   12.290  1   34.770   34.770  1
  120.0  120.0  1   12.246   12.246  1   34.773   34.773  1
  122.0  122.0  1   12.238   12.238  1   34.778   34.778  1
  124.0  124.0  1   12.218   12.218  1   34.783   34.783  1
  126.0  126.0  1   12.219   12.219  1   34.804   34.804  1
  128.0  128.0  1   12.235   12.235  1   34.829   34.829  1
  130.0  130.0  1   12.174   12.174  1   34.824   34.824  1
  132.0  132.0  1   12.084   12.084  1   34.820   34.820  1
  134.0  134.0  1   12.028   12.028  1   34.819   34.819  1
  136.0  136.0  1   12.005   12.005  1   34.821   34.821  1
  138.0  138.0  1   11.980   11.980  1   34.819   34.819  1
  140.0  140.0  1   11.935   11.935  1   34.816   34.816  1
  142.0  142.0  1   11.897   11.897  1   34.812   34.812  1
  144.0  144.0  1   11.809   11.809  1   34.807   34.807  1
  146.1  146.1  1   11.765   11.765  1   34.804   34.804  1
  148.0  148.0  1   11.755   11.755  1   34.811   34.811  1
  150.0  150.0  1   11.728   11.728  1   34.815   34.815  1
  152.0  152.0  1   11.725   11.725  1   34.830   34.830  1
  154.0  154.0  1   11.729   11.729  1   34.837   34.837  1
  156.0  156.0  1   11.700   11.700  1   34.836   34.836  1
  158.0  158.0  1   11.637   11.637  1   34.830   34.830  1
  160.0  160.0  1   11.594   11.594  1   34.826   34.826  1
  162.0  162.0  1   11.501   11.501  1   34.818   34.818  1
  164.0  164.0  1   11.446   11.446  1   34.815   34.815  1
  166.0  166.0  1   11.403   11.403  1   34.818   34.818  1
  168.0  168.0  1   11.352   11.352  1   34.812   34.812  1
  170.0  170.0  1   11.326   11.326  1   34.809   34.809  1
  172.0  172.0  1   11.279   11.279  1   34.808   34.808  1
  174.0  174.0  1   11.249   11.249  1   34.810   34.810  1
  176.0  176.0  1   11.232   11.232  1   34.811   34.811  1
  178.0  178.0  1   11.223   11.223  1   34.813   34.813  1
  180.0  180.0  1   11.200   11.200  1   34.812   34.812  1
  182.0  182.0  1   11.178   11.178  1   34.810   34.810  1
  184.0  184.0  1   11.160   11.160  1   34.809   34.809  1
  186.0  186.0  1   11.139   11.139  1   34.807   34.807  1
  188.0  188.0  1   11.116   11.116  1   34.805   34.805  1
  190.0  190.0  1   11.094   11.094  1   34.804   34.804  1
  192.0  192.0  1   11.060   11.060  1   34.802   34.802  1
  194.0  194.0  1   11.029   11.029  1   34.800   34.800  1
  196.0  196.0  1   11.001   11.001  1   34.799   34.799  1
  198.0  198.0  1   10.977   10.977  1   34.797   34.797  1
  200.0  200.0  1   10.953   10.953  1   34.795   34.795  1
  202.0  202.0  1   10.923   10.923  1   34.795   34.795  1
  204.0  204.0  1   10.904   10.904  1   34.797   34.797  1
  206.0  206.0  1   10.881   10.881  1   34.797   34.797  1
  208.0  208.0  1   10.845   10.845  1   34.794   34.794  1
  210.0  210.0  1   10.826   10.826  1   34.793   34.793  1
  212.0  212.0  1   10.784   10.784  1   34.791   34.791  1
  214.0  214.0  1   10.771   10.771  1   34.790   34.790  1
  216.0  216.0  1   10.755   10.755  1   34.788   34.788  1
  218.0  218.0  1   10.730   10.730  1   34.786   34.786  1
  220.0  220.0  1   10.713   10.713  1   34.783   34.783  1
  222.0  222.0  1   10.695   10.695  1   34.783   34.783  1
  224.0  224.0  1   10.682   10.682  1   34.783   34.783  1
  226.0  226.0  1   10.652   10.652  1   34.781   34.781  1
  228.0  228.0  1   10.630   10.630  1   34.779   34.779  1
  230.0  230.0  1   10.602   10.602  1   34.778   34.778  1
  232.0  232.0  1   10.566   10.566  1   34.775   34.775  1
  234.0  234.0  1   10.541   10.541  1   34.774   34.774  1
  236.0  236.0  1   10.530   10.530  1   34.774   34.774  1
  238.0  238.0  1   10.520   10.520  1   34.775   34.775  1
  240.0  240.0  1   10.513   10.513  1   34.777   34.777  1
  242.0  242.0  1   10.499   10.499  1   34.777   34.777  1
  244.0  244.0  1   10.482   10.482  1   34.776   34.776  1
  246.0  246.0  1   10.474   10.474  1   34.777   34.777  1
  248.0  248.0  1   10.446   10.446  1   34.776   34.776  1
  250.0  250.0  1   10.438   10.438  1   34.776   34.776  1
  252.0  252.0  1   10.425   10.425  1   34.775   34.775  1
  254.0  254.0  1   10.395   10.395  1   34.774   34.774  1
  256.0  256.0  1   10.377   10.377  1   34.773   34.773  1
  258.0  258.0  1   10.341   10.341  1   34.772   34.772  1
  260.0  260.0  1   10.326   10.326  1   34.771   34.771  1
  262.0  262.0  1   10.304   10.304  1   34.771   34.771  1
  264.0  264.0  1   10.287   10.287  1   34.772   34.772  1
  266.0  266.0  1   10.264   10.264  1   34.771   34.771  1
  268.0  268.0  1   10.236   10.236  1   34.769   34.769  1
  270.0  270.0  1   10.223   10.223  1   34.768   34.768  1
  272.0  272.0  1   10.208   10.208  1   34.767   34.767  1
  274.0  274.0  1   10.193   10.193  1   34.765   34.765  1
  276.0  276.0  1   10.166   10.166  1   34.764   34.764  1
  278.0  278.0  1   10.146   10.146  1   34.762   34.762  1
  280.0  280.0  1   10.126   10.126  1   34.761   34.761  1
  282.0  282.0  1   10.107   10.107  1   34.760   34.760  1
  284.0  284.0  1   10.086   10.086  1   34.759   34.759  1
  286.0  286.0  1   10.065   10.065  1   34.757   34.757  1
  288.0  288.0  1   10.046   10.046  1   34.756   34.756  1
  290.0  290.0  1   10.020   10.020  1   34.755   34.755  1
  292.0  292.0  1   10.008   10.008  1   34.754   34.754  1
  294.0  294.0  1    9.999    9.999  1   34.753   34.753  1
  296.0  296.0  1    9.982    9.982  1   34.751   34.751  1
  298.0  298.0  1    9.969    9.969  1   34.750   34.750  1
  300.0  300.0  1    9.955    9.955  1   34.750   34.750  1
  302.0  302.0  1    9.940    9.940  1   34.749   34.749  1
  304.0  304.0  1    9.929    9.929  1   34.748   34.748  1
  306.0  306.0  1    9.917    9.917  1   34.747   34.747  1
  308.0  308.0  1    9.902    9.902  1   34.746   34.746  1
  310.0  310.0  1    9.895    9.895  1   34.746   34.746  1
  312.0  312.0  1    9.885    9.885  1   34.746   34.746  1
  314.0  314.0  1    9.875    9.875  1   34.746   34.746  1
  316.0  316.0  1    9.873    9.873  1   34.747   34.747  1
  318.0  318.0  1    9.879    9.879  1   34.753   34.753  1
  320.0  320.0  1    9.874    9.874  1   34.752   34.752  1
  322.0  322.0  1    9.874    9.874  1   34.752   34.752  1
  324.0  324.0  1    9.863    9.863  1   34.754   34.754  1
  326.0  326.0  1    9.828    9.828  1   34.751   34.751  1
  328.0  328.0  1    9.812    9.812  1   34.750   34.750  1
  330.0  330.0  1    9.800    9.800  1   34.750   34.750  1
  332.0  332.0  1    9.771    9.771  1   34.748   34.748  1
  334.0  334.0  1    9.762    9.762  1   34.747   34.747  1
  336.0  336.0  1    9.752    9.752  1   34.746   34.746  1
  338.0  338.0  1    9.726    9.726  1   34.745   34.745  1
  340.0  340.0  1    9.709    9.709  1   34.742   34.742  1
  342.0  342.0  1    9.702    9.702  1   34.741   34.741  1
  344.0  344.0  1    9.682    9.682  1   34.740   34.740  1
  346.0  346.0  1    9.667    9.667  1   34.739   34.739  1
  348.0  348.0  1    9.653    9.653  1   34.738   34.738  1
  350.0  350.0  1    9.643    9.643  1   34.736   34.736  1
  352.0  352.0  1    9.624    9.624  1   34.735   34.735  1
  354.0  354.0  1    9.613    9.613  1   34.734   34.734  1
  356.0  356.0  1    9.604    9.604  1   34.733   34.733  1
  358.0  358.0  1    9.599    9.599  1   34.733   34.733  1
  360.0  360.0  1    9.589    9.589  1   34.732   34.732  1
  362.0  362.0  1    9.577    9.577  1   34.732   34.732  1
  364.0  364.0  1    9.566    9.566  1   34.732   34.732  1
  366.0  366.0  1    9.567    9.567  1   34.733   34.733  1
  368.0  368.0  1    9.564    9.564  1   34.735   34.735  1
  370.0  370.0  1    9.557    9.557  1   34.736   34.736  1
  372.0  372.0  1    9.549    9.549  1   34.737   34.737  1
  374.0  374.0  1    9.540    9.540  1   34.738   34.738  1
  376.0  376.0  1    9.521    9.521  1   34.737   34.737  1
  378.0  378.0  1    9.509    9.509  1   34.736   34.736  1
  380.0  380.0  1    9.499    9.499  1   34.736   34.736  1
  382.0  382.0  1    9.488    9.488  1   34.735   34.735  1
  384.0  384.0  1    9.477    9.477  1   34.734   34.734  1
  386.0  386.0  1    9.462    9.462  1   34.733   34.733  1
  388.0  388.0  1    9.439    9.439  1   34.731   34.731  1
  390.0  390.0  1    9.425    9.425  1   34.729   34.729  1
  392.0  392.0  1    9.410    9.410  1   34.727   34.727  1
  394.0  394.0  1    9.368    9.368  1   34.724   34.724  1
  396.0  396.0  1    9.333    9.333  1   34.721   34.721  1
  398.0  398.0  1    9.317    9.317  1   34.720   34.720  1
  400.0  400.0  1    9.291    9.291  1   34.718   34.718  1
  402.0  402.0  1    9.253    9.253  1   34.715   34.715  1
  404.0  404.0  1    9.234    9.234  1   34.715   34.715  1
  406.0  406.0  1    9.189    9.189  1   34.711   34.711  1
  408.0  408.0  1    9.169    9.169  1   34.711   34.711  1
  410.0  410.0  1    9.143    9.143  1   34.710   34.710  1
  412.0  412.0  1    9.135    9.135  1   34.711   34.711  1
  414.0  414.0  1    9.125    9.125  1   34.710   34.710  1
  416.0  416.0  1    9.101    9.101  1   34.709   34.709  1
  418.0  418.0  1    9.078    9.078  1   34.706   34.706  1
  420.0  420.0  1    9.057    9.057  1   34.704   34.704  1
  422.0  422.0  1    9.048    9.048  1   34.702   34.702  1
  424.0  424.0  1    9.026    9.026  1   34.702   34.702  1
  426.0  426.0  1    9.005    9.005  1   34.700   34.700  1
  428.0  428.0  1    8.994    8.994  1   34.701   34.701  1
  430.0  430.0  1    8.975    8.975  1   34.700   34.700  1
  432.0  432.0  1    8.934    8.934  1   34.698   34.698  1
  434.0  434.0  1    8.919    8.919  1   34.696   34.696  1
  436.0  436.0  1    8.898    8.898  1   34.696   34.696  1
  438.0  438.0  1    8.888    8.888  1   34.695   34.695  1
  440.0  440.0  1    8.879    8.879  1   34.694   34.694  1
  442.0  442.0  1    8.868    8.868  1   34.694   34.694  1
  444.0  444.0  1    8.855    8.855  1   34.693   34.693  1
  446.0  446.0  1    8.836    8.836  1   34.692   34.692  1
  448.0  448.0  1    8.813    8.813  1   34.690   34.690  1
  450.0  450.0  1    8.776    8.776  1   34.688   34.688  1
  452.0  452.0  1    8.748    8.748  1   34.686   34.686  1
  454.0  454.0  1    8.714    8.714  1   34.685   34.685  1
  456.0  456.0  1    8.692    8.692  1   34.683   34.683  1
  458.0  458.0  1    8.678    8.678  1   34.682   34.682  1
  460.0  460.0  1    8.655    8.655  1   34.681   34.681  1
  462.0  462.0  1    8.639    8.639  1   34.680   34.680  1
  464.0  464.0  1    8.625    8.625  1   34.679   34.679  1
  466.0  466.0  1    8.612    8.612  1   34.678   34.678  1
  468.0  468.0  1    8.599    8.599  1   34.677   34.677  1
  470.0  470.0  1    8.583    8.583  1   34.676   34.676  1
  472.0  472.0  1    8.562    8.562  1   34.675   34.675  1
  474.0  474.0  1    8.548    8.548  1   34.673   34.673  1
  476.0  476.0  1    8.534    8.534  1   34.672   34.672  1
  478.0  478.0  1    8.509    8.509  1   34.671   34.671  1
  480.0  480.0  1    8.473    8.473  1   34.668   34.668  1
  482.0  482.0  1    8.437    8.437  1   34.666   34.666  1
  484.0  484.0  1    8.417    8.417  1   34.664   34.664  1
  486.0  486.0  1    8.396    8.396  1   34.663   34.663  1
  488.0  488.0  1    8.374    8.374  1   34.661   34.661  1
  490.0  490.0  1    8.358    8.358  1   34.661   34.661  1
  492.0  492.0  1    8.343    8.343  1   34.660   34.660  1
  494.0  494.0  1    8.331    8.331  1   34.659   34.659  1
  496.0  496.0  1    8.314    8.314  1   34.657   34.657  1
  498.0  498.0  1    8.296    8.296  1   34.656   34.656  1
  500.0  500.0  1    8.269    8.269  1   34.654   34.654  1
  502.0  502.0  1    8.238    8.238  1   34.652   34.652  1
  504.0  504.0  1    8.217    8.217  1   34.650   34.650  1
  506.0  506.0  1    8.179    8.179  1   34.649   34.649  1
  508.0  508.0  1    8.142    8.142  1   34.644   34.644  1
  510.0  510.0  1    8.114    8.114  1   34.644   34.644  1
  512.0  512.0  1    8.054    8.054  1   34.641   34.641  1
  514.0  514.0  1    8.026    8.026  1   34.642   34.642  1
  516.0  516.0  1    8.004    8.004  1   34.642   34.642  1
  518.0  518.0  1    7.961    7.961  1   34.638   34.638  1
  520.0  520.0  1    7.927    7.927  1   34.637   34.637  1
  522.0  522.0  1    7.895    7.895  1   34.637   34.637  1
  524.0  524.0  1    7.884    7.884  1   34.638   34.638  1
  526.0  526.0  1    7.864    7.864  1   34.638   34.638  1
  528.0  528.0  1    7.843    7.843  1   34.636   34.636  1
  530.0  530.0  1    7.833    7.833  1   34.638   34.638  1
  532.0  532.0  1    7.819    7.819  1   34.638   34.638  1
  534.0  534.0  1    7.807    7.807  1   34.638   34.638  1
  536.0  536.0  1    7.774    7.774  1   34.637   34.637  1
  538.0  538.0  1    7.760    7.760  1   34.636   34.636  1
  540.0  540.0  1    7.745    7.745  1   34.636   34.636  1
  542.0  542.0  1    7.721    7.721  1   34.635   34.635  1
  544.0  544.0  1    7.713    7.713  1   34.634   34.634  1
  546.0  546.0  1    7.704    7.704  1   34.634   34.634  1
  548.0  548.0  1    7.685    7.685  1   34.633   34.633  1
  550.0  550.0  1    7.672    7.672  1   34.632   34.632  1
  552.0  552.0  1    7.646    7.646  1   34.630   34.630  1
  554.0  554.0  1    7.626    7.626  1   34.630   34.630  1
  556.0  556.0  1    7.611    7.611  1   34.629   34.629  1
  558.0  558.0  1    7.584    7.584  1   34.629   34.629  1
  560.0  560.0  1    7.574    7.574  1   34.629   34.629  1
  562.0  562.0  1    7.554    7.554  1   34.629   34.629  1
  564.0  564.0  1    7.549    7.549  1   34.629   34.629  1
  566.0  566.0  1    7.528    7.528  1   34.628   34.628  1
  568.0  568.0  1    7.511    7.511  1   34.627   34.627  1
  570.0  570.0  1    7.493    7.493  1   34.626   34.626  1
  572.0  572.0  1    7.480    7.480  1   34.625   34.625  1
  574.0  574.0  1    7.474    7.474  1   34.625   34.625  1
  576.0  576.0  1    7.457    7.457  1   34.625   34.625  1
  578.0  578.0  1    7.444    7.444  1   34.624   34.624  1
  580.0  580.0  1    7.428    7.428  1   34.623   34.623  1
  582.0  582.0  1    7.401    7.401  1   34.622   34.622  1
  584.0  584.0  1    7.391    7.391  1   34.622   34.622  1
  586.0  586.0  1    7.373    7.373  1   34.621   34.621  1
  588.0  588.0  1    7.353    7.353  1   34.620   34.620  1
  590.0  590.0  1    7.338    7.338  1   34.620   34.620  1
  592.0  592.0  1    7.318    7.318  1   34.619   34.619  1
  594.0  594.0  1    7.303    7.303  1   34.618   34.618  1
  596.0  596.0  1    7.287    7.287  1   34.618   34.618  1
  598.0  598.0  1    7.261    7.261  1   34.617   34.617  1
  600.0  600.0  1    7.247    7.247  1   34.616   34.616  1
  602.0  602.0  1    7.222    7.222  1   34.615   34.615  1
  604.0  604.0  1    7.191    7.191  1   34.614   34.614  1
  606.0  606.0  1    7.180    7.180  1   34.614   34.614  1
  608.0  608.0  1    7.167    7.167  1   34.613   34.613  1
  610.0  610.0  1    7.157    7.157  1   34.613   34.613  1
  612.0  612.0  1    7.142    7.142  1   34.613   34.613  1
  614.0  614.0  1    7.121    7.121  1   34.612   34.612  1
  616.0  616.0  1    7.107    7.107  1   34.611   34.611  1
  618.0  618.0  1    7.091    7.091  1   34.610   34.610  1
  620.0  620.0  1    7.080    7.080  1   34.610   34.610  1
  622.0  622.0  1    7.069    7.069  1   34.609   34.609  1
  624.0  624.0  1    7.057    7.057  1   34.609   34.609  1
  626.0  626.0  1    7.024    7.024  1   34.609   34.609  1
  628.0  628.0  1    6.989    6.989  1   34.608   34.608  1
  630.0  630.0  1    6.979    6.979  1   34.608   34.608  1
  632.0  632.0  1    6.967    6.967  1   34.607   34.607  1
  634.0  634.0  1    6.957    6.957  1   34.607   34.607  1
  636.0  636.0  1    6.933    6.933  1   34.607   34.607  1
  638.0  638.0  1    6.917    6.917  1   34.606   34.606  1
  640.0  640.0  1    6.897    6.897  1   34.605   34.605  1
  642.0  642.0  1    6.869    6.869  1   34.604   34.604  1
  644.0  644.0  1    6.846    6.846  1   34.603   34.603  1
  646.0  646.0  1    6.812    6.812  1   34.602   34.602  1
  648.0  648.0  1    6.783    6.783  1   34.602   34.602  1
  650.0  650.0  1    6.765    6.765  1   34.602   34.602  1
  652.0  652.0  1    6.743    6.743  1   34.602   34.602  1
  654.0  654.0  1    6.723    6.723  1   34.602   34.602  1
  656.0  656.0  1    6.712    6.712  1   34.601   34.601  1
  658.0  658.0  1    6.691    6.691  1   34.602   34.602  1
  660.0  660.0  1    6.674    6.674  1   34.602   34.602  1
  662.0  662.0  1    6.651    6.651  1   34.602   34.602  1
  664.0  664.0  1    6.630    6.630  1   34.601   34.601  1
  666.0  666.0  1    6.617    6.617  1   34.601   34.601  1
  668.0  668.0  1    6.608    6.608  1   34.601   34.601  1
  670.0  670.0  1    6.587    6.587  1   34.601   34.601  1
  672.0  672.0  1    6.575    6.575  1   34.600   34.600  1
  674.0  674.0  1    6.563    6.563  1   34.601   34.601  1
  676.0  676.0  1    6.553    6.553  1   34.600   34.600  1
  678.0  678.0  1    6.540    6.540  1   34.600   34.600  1
  680.0  680.0  1    6.519    6.519  1   34.601   34.601  1
  682.0  682.0  1    6.506    6.506  1   34.601   34.601  1
  684.0  684.0  1    6.489    6.489  1   34.601   34.601  1
  686.0  686.0  1    6.481    6.481  1   34.600   34.600  1
  688.0  688.0  1    6.457    6.457  1   34.600   34.600  1
  690.0  690.0  1    6.437    6.437  1   34.600   34.600  1
  692.0  692.0  1    6.409    6.409  1   34.600   34.600  1
  694.0  694.0  1    6.378    6.378  1   34.599   34.599  1
  696.0  696.0  1    6.368    6.368  1   34.599   34.599  1
  698.0  698.0  1    6.342    6.342  1   34.599   34.599  1
  700.0  700.0  1    6.307    6.307  1   34.599   34.599  1
  702.0  702.0  1    6.293    6.293  1   34.598   34.598  1
  704.0  704.0  1    6.284    6.284  1   34.598   34.598  1
  706.0  706.0  1    6.273    6.273  1   34.598   34.598  1
  708.0  708.0  1    6.259    6.259  1   34.598   34.598  1
  710.0  710.0  1    6.234    6.234  1   34.598   34.598  1
  712.0  712.0  1    6.210    6.210  1   34.598   34.598  1
  714.0  714.0  1    6.187    6.187  1   34.598   34.598  1
  716.0  716.0  1    6.172    6.172  1   34.597   34.597  1
  718.0  718.0  1    6.155    6.155  1   34.598   34.598  1
  720.0  720.0  1    6.145    6.145  1   34.597   34.597  1
  722.0  722.0  1    6.135    6.135  1   34.597   34.597  1
  724.0  724.0  1    6.118    6.118  1   34.597   34.597  1
  726.0  726.0  1    6.101    6.101  1   34.597   34.597  1
  728.0  728.0  1    6.076    6.076  1   34.597   34.597  1
  730.0  730.0  1    6.043    6.043  1   34.598   34.598  1
  732.0  732.0  1    6.025    6.025  1   34.597   34.597  1
  734.0  734.0  1    6.008    6.008  1   34.597   34.597  1
  736.0  736.0  1    5.981    5.981  1   34.598   34.598  1
  738.0  738.0  1    5.957    5.957  1   34.597   34.597  1
  740.0  740.0  1    5.944    5.944  1   34.597   34.597  1
  742.0  742.0  1    5.924    5.924  1   34.597   34.597  1
  744.0  744.0  1    5.902    5.902  1   34.598   34.598  1
  746.0  746.0  1    5.880    5.880  1   34.597   34.597  1
  748.0  748.0  1    5.868    5.868  1   34.597   34.597  1
  750.0  750.0  1    5.853    5.853  1   34.597   34.597  1
  752.0  752.0  1    5.839    5.839  1   34.597   34.597  1
  754.0  754.0  1    5.831    5.831  1   34.596   34.596  1
  756.0  756.0  1    5.824    5.824  1   34.597   34.597  1
  758.0  758.0  1    5.816    5.816  1   34.598   34.598  1
  760.0  760.0  1    5.806    5.806  1   34.598   34.598  1
  762.0  762.0  1    5.801    5.801  1   34.598   34.598  1
  764.0  764.0  1    5.799    5.799  1   34.598   34.598  1
  766.0  766.0  1    5.791    5.791  1   34.598   34.598  1
  768.0  768.0  1    5.781    5.781  1   34.598   34.598  1
  770.0  770.0  1    5.778    5.778  1   34.597   34.597  1
  772.0  772.0  1    5.775    5.775  1   34.598   34.598  1
  774.0  774.0  1    5.771    5.771  1   34.598   34.598  1
  776.0  776.0  1    5.767    5.767  1   34.597   34.597  1
  778.0  778.0  1    5.762    5.762  1   34.597   34.597  1
  780.0  780.0  1    5.751    5.751  1   34.597   34.597  1
  782.0  782.0  1    5.734    5.734  1   34.597   34.597  1
  784.0  784.0  1    5.724    5.724  1   34.596   34.596  1
  786.0  786.0  1    5.701    5.701  1   34.597   34.597  1
  788.0  788.0  1    5.693    5.693  1   34.597   34.597  1
  790.0  790.0  1    5.690    5.690  1   34.597   34.597  1
  792.0  792.0  1    5.675    5.675  1   34.597   34.597  1
  794.0  794.0  1    5.657    5.657  1   34.596   34.596  1
  796.0  796.0  1    5.644    5.644  1   34.597   34.597  1
  798.0  798.0  1    5.636    5.636  1   34.597   34.597  1
  800.0  800.0  1    5.630    5.630  1   34.597   34.597  1
  802.0  802.0  1    5.609    5.609  1   34.597   34.597  1
  804.0  804.0  1    5.587    5.587  1   34.597   34.597  1
  806.0  806.0  1    5.577    5.577  1   34.596   34.596  1
  808.1  808.1  1    5.563    5.563  1   34.599   34.599  1
  810.0  810.0  1    5.558    5.558  1   34.599   34.599  1
  812.0  812.0  1    5.548    5.548  1   34.599   34.599  1
  814.0  814.0  1    5.526    5.526  1   34.599   34.599  1
  816.0  816.0  1    5.507    5.507  1   34.600   34.600  1
  818.0  818.0  1    5.495    5.495  1   34.599   34.599  1
  820.0  820.0  1    5.477    5.477  1   34.599   34.599  1
  822.0  822.0  1    5.471    5.471  1   34.599   34.599  1
  824.0  824.0  1    5.467    5.467  1   34.599   34.599  1
  826.0  826.0  1    5.454    5.454  1   34.599   34.599  1
  828.0  828.0  1    5.440    5.440  1   34.600   34.600  1
  830.0  830.0  1    5.432    5.432  1   34.600   34.600  1
  832.0  832.0  1    5.422    5.422  1   34.600   34.600  1
  834.0  834.0  1    5.405    5.405  1   34.600   34.600  1
  836.0  836.0  1    5.396    5.396  1   34.600   34.600  1
  838.0  838.0  1    5.394    5.394  1   34.599   34.599  1
  840.0  840.0  1    5.388    5.388  1   34.599   34.599  1
  842.0  842.0  1    5.378    5.378  1   34.600   34.600  1
  844.0  844.0  1    5.368    5.368  1   34.600   34.600  1
  846.0  846.0  1    5.362    5.362  1   34.600   34.600  1
  848.0  848.0  1    5.354    5.354  1   34.599   34.599  1
  850.0  850.0  1    5.341    5.341  1   34.599   34.599  1
  852.0  852.0  1    5.327    5.327  1   34.599   34.599  1
  854.0  854.0  1    5.315    5.315  1   34.599   34.599  1
  856.0  856.0  1    5.304    5.304  1   34.599   34.599  1
  858.0  858.0  1    5.292    5.292  1   34.599   34.599  1
  860.0  860.0  1    5.284    5.284  1   34.599   34.599  1
  862.0  862.0  1    5.270    5.270  1   34.599   34.599  1
  864.0  864.0  1    5.254    5.254  1   34.599   34.599  1
  866.0  866.0  1    5.244    5.244  1   34.599   34.599  1
  868.0  868.0  1    5.239    5.239  1   34.599   34.599  1
  870.0  870.0  1    5.235    5.235  1   34.599   34.599  1
  872.0  872.0  1    5.227    5.227  1   34.598   34.598  1
  874.0  874.0  1    5.209    5.209  1   34.599   34.599  1
  876.0  876.0  1    5.201    5.201  1   34.599   34.599  1
  878.0  878.0  1    5.199    5.199  1   34.599   34.599  1
  880.0  880.0  1    5.193    5.193  1   34.599   34.599  1
  882.0  882.0  1    5.164    5.164  1   34.599   34.599  1
  884.0  884.0  1    5.150    5.150  1   34.599   34.599  1
  886.0  886.0  1    5.140    5.140  1   34.599   34.599  1
  888.0  888.0  1    5.130    5.130  1   34.599   34.599  1
  890.0  890.0  1    5.123    5.123  1   34.600   34.600  1
  892.0  892.0  1    5.113    5.113  1   34.600   34.600  1
  894.0  894.0  1    5.109    5.109  1   34.600   34.600  1
  896.0  896.0  1    5.097    5.097  1   34.601   34.601  1
  898.0  898.0  1    5.087    5.087  1   34.601   34.601  1
  900.0  900.0  1    5.078    5.078  1   34.602   34.602  1
  902.0  902.0  1    5.070    5.070  1   34.602   34.602  1
  904.0  904.0  1    5.066    5.066  1   34.602   34.602  1
  906.0  906.0  1    5.062    5.062  1   34.602   34.602  1
  908.0  908.0  1    5.045    5.045  1   34.603   34.603  1
  910.0  910.0  1    5.033    5.033  1   34.603   34.603  1
  912.0  912.0  1    5.023    5.023  1   34.603   34.603  1
  914.0  914.0  1    5.016    5.016  1   34.603   34.603  1
  916.0  916.0  1    5.008    5.008  1   34.604   34.604  1
  918.0  918.0  1    5.003    5.003  1   34.604   34.604  1
  920.0  920.0  1    4.994    4.994  1   34.604   34.604  1
  922.0  922.0  1    4.985    4.985  1   34.604   34.604  1
  924.0  924.0  1    4.974    4.974  1   34.604   34.604  1
  926.0  926.0  1    4.968    4.968  1   34.604   34.604  1
  928.0  928.0  1    4.959    4.959  1   34.604   34.604  1
  930.0  930.0  1    4.952    4.952  1   34.604   34.604  1
  932.0  932.0  1    4.944    4.944  1   34.604   34.604  1
  934.0  934.0  1    4.937    4.937  1   34.604   34.604  1
  936.0  936.0  1    4.928    4.928  1   34.604   34.604  1
  938.0  938.0  1    4.916    4.916  1   34.605   34.605  1
  940.0  940.0  1    4.904    4.904  1   34.605   34.605  1
  942.0  942.0  1    4.901    4.901  1   34.605   34.605  1
  944.0  944.0  1    4.890    4.890  1   34.606   34.606  1
  946.0  946.0  1    4.879    4.879  1   34.605   34.605  1
  948.0  948.0  1    4.875    4.875  1   34.605   34.605  1
  950.0  950.0  1    4.868    4.868  1   34.606   34.606  1
  952.0  952.0  1    4.857    4.857  1   34.606   34.606  1
  954.0  954.0  1    4.845    4.845  1   34.606   34.606  1
  956.0  956.0  1    4.836    4.836  1   34.606   34.606  1
  958.0  958.0  1    4.832    4.832  1   34.606   34.606  1
  960.0  960.0  1    4.828    4.828  1   34.606   34.606  1
  962.0  962.0  1    4.821    4.821  1   34.606   34.606  1
  964.0  964.0  1    4.812    4.812  1   34.606   34.606  1
  966.0  966.0  1    4.799    4.799  1   34.607   34.607  1
  968.0  968.0  1    4.785    4.785  1   34.607   34.607  1
  970.0  970.0  1    4.781    4.781  1   34.607   34.607  1
  972.0  972.0  1    4.776    4.776  1   34.607   34.607  1
  974.0  974.0  1    4.749    4.749  1   34.608   34.608  1
  976.0  976.0  1    4.728    4.728  1   34.608   34.608  1
  978.0  978.0  1    4.722    4.722  1   34.608   34.608  1
  980.0  980.0  1    4.718    4.718  1   34.608   34.608  1
  982.0  982.0  1    4.710    4.710  1   34.608   34.608  1
  984.0  984.0  1    4.706    4.706  1   34.608   34.608  1
  986.0  986.0  1    4.696    4.696  1   34.608   34.608  1
  988.0  988.0  1    4.683    4.683  1   34.608   34.608  1
  990.0  990.0  1    4.671    4.671  1   34.608   34.608  1
  992.0  992.0  1    4.663    4.663  1   34.608   34.608  1
  994.0  994.0  1    4.658    4.658  1   34.608   34.608  1
  996.0  996.0  1    4.655    4.655  1   34.609   34.609  1
  998.0  998.0  1    4.651    4.651  1   34.608   34.608  1
 1000.0 1000.0  1    4.644    4.644  1   34.608   34.608  1
 1002.0 1002.0  1    4.636    4.636  1   34.608   34.608  1
 1004.0 1004.0  1    4.626    4.626  1   34.608   34.608  1
 1006.0 1006.0  1    4.619    4.619  1   34.608   34.608  1
 1008.0 1008.0  1    4.618    4.618  1   34.609   34.609  1
 1010.0 1010.0  1    4.611    4.611  1   34.609   34.609  1
 1012.0 1012.0  1    4.605    4.605  1   34.609   34.609  1
 1014.0 1014.0  1    4.596    4.596  1   34.609   34.609  1
 1016.0 1016.0  1    4.590    4.590  1   34.609   34.609  1
 1018.0 1018.0  1    4.578    4.578  1   34.609   34.609  1
 1020.0 1020.0  1    4.566    4.566  1   34.609   34.609  1
 1022.0 1022.0  1    4.555    4.555  1   34.610   34.610  1
 1024.0 1024.0  1    4.540    4.540  1   34.610   34.610  1
 1026.0 1026.0  1    4.522    4.522  1   34.610   34.610  1
 1028.0 1028.0  1    4.518    4.518  1   34.610   34.610  1
 1030.0 1030.0  1    4.510    4.510  1   34.611   34.611  1
 1032.0 1032.0  1    4.497    4.497  1   34.611   34.611  1
 1034.0 1034.0  1    4.487    4.487  1   34.611   34.611  1
 1036.0 1036.0  1    4.479    4.479  1   34.611   34.611  1
 1038.0 1038.0  1    4.471    4.471  1   34.611   34.611  1
 1040.0 1040.0  1    4.455    4.455  1   34.612   34.612  1
 1042.0 1042.0  1    4.447    4.447  1   34.611   34.611  1
 1044.0 1044.0  1    4.437    4.437  1   34.612   34.612  1
 1046.0 1046.0  1    4.423    4.423  1   34.612   34.612  1
 1048.0 1048.0  1    4.413    4.413  1   34.612   34.612  1
 1050.0 1050.0  1    4.410    4.410  1   34.612   34.612  1
 1052.0 1052.0  1    4.409    4.409  1   34.612   34.612  1
 1054.0 1054.0  1    4.403    4.403  1   34.613   34.613  1
 1056.0 1056.0  1    4.396    4.396  1   34.613   34.613  1
 1058.0 1058.0  1    4.390    4.390  1   34.613   34.613  1
 1060.0 1060.0  1    4.373    4.373  1   34.613   34.613  1
 1062.0 1062.0  1    4.367    4.367  1   34.613   34.613  1
 1064.0 1064.0  1    4.362    4.362  1   34.613   34.613  1
 1066.0 1066.0  1    4.352    4.352  1   34.614   34.614  1
 1068.0 1068.0  1    4.335    4.335  1   34.615   34.615  1
 1070.0 1070.0  1    4.325    4.325  1   34.616   34.616  1
 1072.0 1072.0  1    4.320    4.320  1   34.616   34.616  1
 1074.0 1074.0  1    4.312    4.312  1   34.616   34.616  1
 1076.0 1076.0  1    4.303    4.303  1   34.616   34.616  1
 1078.0 1078.0  1    4.287    4.287  1   34.617   34.617  1
 1080.0 1080.0  1    4.281    4.281  1   34.617   34.617  1
 1082.0 1082.0  1    4.277    4.277  1   34.617   34.617  1
 1084.0 1084.0  1    4.272    4.272  1   34.617   34.617  1
 1086.0 1086.0  1    4.262    4.262  1   34.617   34.617  1
 1088.0 1088.0  1    4.257    4.257  1   34.617   34.617  1
 1090.0 1090.0  1    4.250    4.250  1   34.617   34.617  1
 1092.0 1092.0  1    4.242    4.242  1   34.618   34.618  1
 1094.0 1094.0  1    4.232    4.232  1   34.618   34.618  1
 1096.0 1096.0  1    4.227    4.227  1   34.618   34.618  1
 1098.0 1098.0  1    4.222    4.222  1   34.618   34.618  1
 1100.0 1100.0  1    4.209    4.209  1   34.619   34.619  1
 1102.0 1102.0  1    4.201    4.201  1   34.619   34.619  1
 1104.0 1104.0  1    4.190    4.190  1   34.619   34.619  1
 1106.0 1106.0  1    4.182    4.182  1   34.620   34.620  1
 1108.0 1108.0  1    4.178    4.178  1   34.620   34.620  1
 1110.0 1110.0  1    4.174    4.174  1   34.620   34.620  1
 1112.0 1112.0  1    4.165    4.165  1   34.620   34.620  1
 1114.0 1114.0  1    4.154    4.154  1   34.621   34.621  1
 1116.0 1116.0  1    4.151    4.151  1   34.621   34.621  1
 1118.0 1118.0  1    4.148    4.148  1   34.621   34.621  1
 1120.0 1120.0  1    4.143    4.143  1   34.621   34.621  1
 1122.0 1122.0  1    4.141    4.141  1   34.621   34.621  1
 1124.0 1124.0  1    4.132    4.132  1   34.621   34.621  1
 1126.0 1126.0  1    4.121    4.121  1   34.622   34.622  1
 1128.0 1128.0  1    4.116    4.116  1   34.622   34.622  1
 1130.0 1130.0  1    4.113    4.113  1   34.622   34.622  1
 1132.0 1132.0  1    4.108    4.108  1   34.622   34.622  1
 1134.0 1134.0  1    4.105    4.105  1   34.622   34.622  1
 1136.0 1136.0  1    4.099    4.099  1   34.622   34.622  1
 1138.0 1138.0  1    4.088    4.088  1   34.622   34.622  1
 1140.0 1140.0  1    4.081    4.081  1   34.623   34.623  1
 1142.0 1142.0  1    4.076    4.076  1   34.623   34.623  1
 1144.0 1144.0  1    4.075    4.075  1   34.623   34.623  1
 1146.0 1146.0  1    4.068    4.068  1   34.623   34.623  1
 1148.0 1148.0  1    4.062    4.062  1   34.623   34.623  1
 1150.0 1150.0  1    4.057    4.057  1   34.623   34.623  1
 1152.0 1152.0  1    4.055    4.055  1   34.623   34.623  1
 1154.0 1154.0  1    4.050    4.050  1   34.624   34.624  1
 1156.0 1156.0  1    4.045    4.045  1   34.624   34.624  1
 1158.0 1158.0  1    4.042    4.042  1   34.624   34.624  1
 1160.0 1160.0  1    4.038    4.038  1   34.624   34.624  1
 1162.0 1162.0  1    4.037    4.037  1   34.624   34.624  1
 1164.0 1164.0  1    4.037    4.037  1   34.624   34.624  1
 1166.0 1166.0  1    4.033    4.033  1   34.624   34.624  1
 1168.0 1168.0  1    4.028    4.028  1   34.624   34.624  1
 1170.0 1170.0  1    4.024    4.024  1   34.624   34.624  1
 1172.0 1172.0  1    4.013    4.013  1   34.625   34.625  1
 1174.0 1174.0  1    4.009    4.009  1   34.625   34.625  1
 1176.0 1176.0  1    4.007    4.007  1   34.625   34.625  1
 1178.0 1178.0  1    4.001    4.001  1   34.625   34.625  1
 1180.0 1180.0  1    3.998    3.998  1   34.625   34.625  1
 1182.0 1182.0  1    3.992    3.992  1   34.625   34.625  1
 1184.0 1184.0  1    3.984    3.984  1   34.625   34.625  1
 1186.0 1186.0  1    3.978    3.978  1   34.625   34.625  1
 1188.0 1188.0  1    3.972    3.972  1   34.625   34.625  1
 1190.0 1190.0  1    3.966    3.966  1   34.626   34.626  1
 1192.0 1192.0  1    3.953    3.953  1   34.626   34.626  1
 1194.0 1194.0  1    3.945    3.945  1   34.626   34.626  1
 1196.0 1196.0  1    3.940    3.940  1   34.627   34.627  1
 1198.0 1198.0  1    3.938    3.938  1   34.627   34.627  1
 1200.0 1200.0  1    3.930    3.930  1   34.627   34.627  1
 1202.0 1202.0  1    3.924    3.924  1   34.627   34.627  1
 1204.0 1204.0  1    3.912    3.912  1   34.627   34.627  1
 1206.0 1206.0  1    3.906    3.906  1   34.627   34.627  1
 1208.0 1208.0  1    3.901    3.901  1   34.628   34.628  1
 1210.0 1210.0  1    3.897    3.897  1   34.628   34.628  1
 1212.0 1212.0  1    3.893    3.893  1   34.628   34.628  1
 1214.0 1214.0  1    3.887    3.887  1   34.628   34.628  1
 1216.0 1216.0  1    3.878    3.878  1   34.628   34.628  1
 1218.0 1218.0  1    3.871    3.871  1   34.628   34.628  1
 1220.0 1220.0  1    3.864    3.864  1   34.629   34.629  1
 1222.0 1222.0  1    3.859    3.859  1   34.629   34.629  1
 1224.0 1224.0  1    3.856    3.856  1   34.629   34.629  1
 1226.0 1226.0  1    3.854    3.854  1   34.629   34.629  1
 1228.0 1228.0  1    3.847    3.847  1   34.629   34.629  1
 1230.0 1230.0  1    3.840    3.840  1   34.630   34.630  1
 1232.0 1232.0  1    3.836    3.836  1   34.630   34.630  1
 1234.0 1234.0  1    3.833    3.833  1   34.630   34.630  1
 1236.0 1236.0  1    3.832    3.832  1   34.630   34.630  1
 1238.0 1238.0  1    3.829    3.829  1   34.629   34.629  1
 1240.0 1240.0  1    3.827    3.827  1   34.629   34.629  1
 1242.0 1242.0  1    3.818    3.818  1   34.630   34.630  1
 1244.0 1244.0  1    3.808    3.808  1   34.630   34.630  1
 1246.0 1246.0  1    3.801    3.801  1   34.630   34.630  1
 1248.0 1248.0  1    3.797    3.797  1   34.630   34.630  1
 1250.0 1250.0  1    3.792    3.792  1   34.630   34.630  1
 1252.0 1252.0  1    3.787    3.787  1   34.630   34.630  1
 1254.0 1254.0  1    3.782    3.782  1   34.630   34.630  1
 1256.0 1256.0  1    3.778    3.778  1   34.631   34.631  1
 1258.0 1258.0  1    3.770    3.770  1   34.631   34.631  1
 1260.0 1260.0  1    3.763    3.763  1   34.631   34.631  1
 1262.0 1262.0  1    3.755    3.755  1   34.631   34.631  1
 1264.0 1264.0  1    3.749    3.749  1   34.631   34.631  1
 1266.0 1266.0  1    3.746    3.746  1   34.631   34.631  1
 1268.0 1268.0  1    3.744    3.744  1   34.631   34.631  1
 1270.0 1270.0  1    3.742    3.742  1   34.631   34.631  1
 1272.0 1272.0  1    3.740    3.740  1   34.632   34.632  1
 1274.0 1274.0  1    3.733    3.733  1   34.632   34.632  1
 1276.0 1276.0  1    3.731    3.731  1   34.632   34.632  1
 1278.0 1278.0  1    3.727    3.727  1   34.632   34.632  1
 1280.0 1280.0  1    3.721    3.721  1   34.632   34.632  1
 1282.0 1282.0  1    3.707    3.707  1   34.633   34.633  1
 1284.0 1284.0  1    3.699    3.699  1   34.633   34.633  1
 1286.0 1286.0  1    3.695    3.695  1   34.633   34.633  1
 1288.0 1288.0  1    3.692    3.692  1   34.633   34.633  1
 1290.0 1290.0  1    3.688    3.688  1   34.633   34.633  1
 1292.0 1292.0  1    3.682    3.682  1   34.634   34.634  1
 1294.0 1294.0  1    3.670    3.670  1   34.634   34.634  1
 1296.0 1296.0  1    3.665    3.665  1   34.634   34.634  1
 1298.0 1298.0  1    3.659    3.659  1   34.634   34.634  1
 1299.9 1299.9  1    3.652    3.652  1   34.634   34.634  1
 1302.0 1302.0  1    3.645    3.645  1   34.635   34.635  1
 1304.0 1304.0  1    3.639    3.639  1   34.635   34.635  1
 1306.0 1306.0  1    3.638    3.638  1   34.635   34.635  1
 1308.0 1308.0  1    3.636    3.636  1   34.635   34.635  1
 1310.0 1310.0  1    3.628    3.628  1   34.635   34.635  1
 1312.0 1312.0  1    3.622    3.622  1   34.635   34.635  1
 1314.0 1314.0  1    3.620    3.620  1   34.635   34.635  1
 1316.0 1316.0  1    3.615    3.615  1   34.636   34.636  1
 1318.0 1318.0  1    3.603    3.603  1   34.636   34.636  1
 1320.0 1320.0  1    3.595    3.595  1   34.636   34.636  1
 1322.0 1322.0  1    3.591    3.591  1   34.636   34.636  1
 1324.0 1324.0  1    3.582    3.582  1   34.637   34.637  1
 1326.0 1326.0  1    3.566    3.566  1   34.637   34.637  1
 1328.0 1328.0  1    3.556    3.556  1   34.638   34.638  1
 1330.0 1330.0  1    3.552    3.552  1   34.638   34.638  1
 1332.0 1332.0  1    3.545    3.545  1   34.638   34.638  1
 1334.0 1334.0  1    3.538    3.538  1   34.638   34.638  1
 1336.0 1336.0  1    3.532    3.532  1   34.638   34.638  1
 1338.0 1338.0  1    3.530    3.530  1   34.638   34.638  1
 1340.0 1340.0  1    3.523    3.523  1   34.639   34.639  1
 1342.0 1342.0  1    3.518    3.518  1   34.639   34.639  1
 1344.0 1344.0  1    3.512    3.512  1   34.639   34.639  1
 1346.0 1346.0  1    3.504    3.504  1   34.639   34.639  1
 1348.0 1348.0  1    3.494    3.494  1   34.640   34.640  1
 1350.0 1350.0  1    3.479    3.479  1   34.640   34.640  1
 1352.0 1352.0  1    3.475    3.475  1   34.640   34.640  1
 1354.0 1354.0  1    3.471    3.471  1   34.640   34.640  1
 1356.0 1356.0  1    3.466    3.466  1   34.640   34.640  1
 1358.0 1358.0  1    3.463    3.463  1   34.640   34.640  1
 1360.0 1360.0  1    3.463    3.463  1   34.640   34.640  1
 1362.0 1362.0  1    3.460    3.460  1   34.640   34.640  1
 1364.0 1364.0  1    3.452    3.452  1   34.641   34.641  1
 1366.0 1366.0  1    3.444    3.444  1   34.641   34.641  1
 1368.0 1368.0  1    3.441    3.441  1   34.641   34.641  1
 1370.0 1370.0  1    3.437    3.437  1   34.641   34.641  1
 1372.0 1372.0  1    3.431    3.431  1   34.641   34.641  1
 1374.0 1374.0  1    3.428    3.428  1   34.641   34.641  1
 1376.0 1376.0  1    3.420    3.420  1   34.642   34.642  1
 1378.0 1378.0  1    3.411    3.411  1   34.642   34.642  1
 1380.0 1380.0  1    3.409    3.409  1   34.642   34.642  1
 1382.0 1382.0  1    3.403    3.403  1   34.642   34.642  1
 1384.0 1384.0  1    3.392    3.392  1   34.643   34.643  1
 1386.0 1386.0  1    3.377    3.377  1   34.643   34.643  1
 1388.0 1388.0  1    3.372    3.372  1   34.643   34.643  1
 1390.0 1390.0  1    3.367    3.367  1   34.643   34.643  1
 1392.0 1392.0  1    3.361    3.361  1   34.643   34.643  1
 1394.0 1394.0  1    3.355    3.355  1   34.644   34.644  1
 1396.0 1396.0  1    3.349    3.349  1   34.644   34.644  1
 1398.0 1398.0  1    3.343    3.343  1   34.644   34.644  1
 1400.0 1400.0  1    3.338    3.338  1   34.644   34.644  1
 1402.0 1402.0  1    3.335    3.335  1   34.644   34.644  1
 1404.0 1404.0  1    3.327    3.327  1   34.645   34.645  1
 1406.0 1406.0  1    3.317    3.317  1   34.645   34.645  1
 1408.0 1408.0  1    3.308    3.308  1   34.645   34.645  1
 1410.0 1410.0  1    3.301    3.301  1   34.645   34.645  1
 1412.0 1412.0  1    3.296    3.296  1   34.646   34.646  1
 1414.0 1414.0  1    3.292    3.292  1   34.646   34.646  1
 1416.0 1416.0  1    3.287    3.287  1   34.646   34.646  1
 1418.0 1418.0  1    3.282    3.282  1   34.646   34.646  1
 1420.0 1420.0  1    3.278    3.278  1   34.646   34.646  1
 1422.0 1422.0  1    3.272    3.272  1   34.646   34.646  1
 1424.0 1424.0  1    3.270    3.270  1   34.646   34.646  1
 1426.0 1426.0  1    3.265    3.265  1   34.647   34.647  1
 1428.0 1428.0  1    3.263    3.263  1   34.646   34.646  1
 1430.0 1430.0  1    3.253    3.253  1   34.647   34.647  1
 1432.0 1432.0  1    3.243    3.243  1   34.647   34.647  1
 1434.0 1434.0  1    3.237    3.237  1   34.647   34.647  1
 1436.0 1436.0  1    3.233    3.233  1   34.648   34.648  1
 1438.0 1438.0  1    3.225    3.225  1   34.648   34.648  1
 1440.0 1440.0  1    3.219    3.219  1   34.648   34.648  1
 1442.0 1442.0  1    3.214    3.214  1   34.648   34.648  1
 1444.0 1444.0  1    3.205    3.205  1   34.649   34.649  1
 1446.0 1446.0  1    3.201    3.201  1   34.649   34.649  1
 1448.0 1448.0  1    3.200    3.200  1   34.649   34.649  1
 1450.0 1450.0  1    3.197    3.197  1   34.649   34.649  1
 1452.0 1452.0  1    3.194    3.194  1   34.649   34.649  1
 1454.0 1454.0  1    3.192    3.192  1   34.649   34.649  1
 1456.0 1456.0  1    3.187    3.187  1   34.649   34.649  1
 1458.0 1458.0  1    3.183    3.183  1   34.649   34.649  1
 1460.0 1460.0  1    3.179    3.179  1   34.650   34.650  1
 1462.0 1462.0  1    3.177    3.177  1   34.650   34.650  1
 1464.0 1464.0  1    3.177    3.177  1   34.650   34.650  1
 1466.0 1466.0  1    3.175    3.175  1   34.650   34.650  1
 1468.0 1468.0  1    3.168    3.168  1   34.650   34.650  1
 1470.0 1470.0  1    3.167    3.167  1   34.650   34.650  1
 1472.0 1472.0  1    3.160    3.160  1   34.650   34.650  1
 1474.0 1474.0  1    3.154    3.154  1   34.650   34.650  1
 1476.0 1476.0  1    3.149    3.149  1   34.651   34.651  1
 1478.0 1478.0  1    3.145    3.145  1   34.651   34.651  1
 1480.0 1480.0  1    3.143    3.143  1   34.651   34.651  1
 1482.0 1482.0  1    3.139    3.139  1   34.651   34.651  1
 1484.0 1484.0  1    3.136    3.136  1   34.651   34.651  1
 1486.0 1486.0  1    3.135    3.135  1   34.651   34.651  1
 1488.0 1488.0  1    3.132    3.132  1   34.651   34.651  1
 1490.0 1490.0  1    3.130    3.130  1   34.651   34.651  1
 1492.0 1492.0  1    3.124    3.124  1   34.651   34.651  1
 1494.0 1494.0  1    3.120    3.120  1   34.652   34.652  1
 1496.0 1496.0  1    3.117    3.117  1   34.652   34.652  1
 1498.0 1498.0  1    3.116    3.116  1   34.652   34.652  1
 1500.0 1500.0  1    3.115    3.115  1   34.652   34.652  1
 1502.0 1502.0  1    3.112    3.112  1   34.652   34.652  1
 1504.0 1504.0  1    3.108    3.108  1   34.652   34.652  1
 1506.0 1506.0  1    3.103    3.103  1   34.652   34.652  1
 1508.0 1508.0  1    3.101    3.101  1   34.652   34.652  1
 1510.0 1510.0  1    3.096    3.096  1   34.652   34.652  1
 1512.0 1512.0  1    3.088    3.088  1   34.652   34.652  1
 1514.0 1514.0  1    3.083    3.083  1   34.653   34.653  1
 1516.0 1516.0  1    3.078    3.078  1   34.653   34.653  1
 1518.0 1518.0  1    3.069    3.069  1   34.653   34.653  1
 1520.0 1520.0  1    3.066    3.066  1   34.653   34.653  1
 1522.0 1522.0  1    3.061    3.061  1   34.654   34.654  1
 1524.0 1524.0  1    3.060    3.060  1   34.654   34.654  1
 1526.0 1526.0  1    3.058    3.058  1   34.654   34.654  1
 1528.0 1528.0  1    3.057    3.057  1   34.654   34.654  1
 1530.0 1530.0  1    3.054    3.054  1   34.654   34.654  1
 1532.0 1532.0  1    3.050    3.050  1   34.654   34.654  1
 1534.0 1534.0  1    3.048    3.048  1   34.654   34.654  1
 1536.0 1536.0  1    3.045    3.045  1   34.654   34.654  1
 1538.0 1538.0  1    3.042    3.042  1   34.654   34.654  1
 1540.0 1540.0  1    3.040    3.040  1   34.654   34.654  1
 1542.0 1542.0  1    3.036    3.036  1   34.654   34.654  1
 1544.0 1544.0  1    3.030    3.030  1   34.655   34.655  1
 1546.0 1546.0  1    3.025    3.025  1   34.655   34.655  1
 1548.0 1548.0  1    3.020    3.020  1   34.655   34.655  1
 1550.0 1550.0  1    3.016    3.016  1   34.655   34.655  1
 1552.0 1552.0  1    3.010    3.010  1   34.655   34.655  1
 1554.0 1554.0  1    3.006    3.006  1   34.656   34.656  1
 1556.0 1556.0  1    3.002    3.002  1   34.656   34.656  1
 1558.0 1558.0  1    3.000    3.000  1   34.656   34.656  1
 1559.9 1559.9  1    2.999    2.999  1   34.656   34.656  1
 1562.0 1562.0  1    2.998    2.998  1   34.656   34.656  1
 1564.0 1564.0  1    2.997    2.997  1   34.656   34.656  1
 1566.0 1566.0  1    2.994    2.994  1   34.656   34.656  1
 1568.0 1568.0  1    2.991    2.991  1   34.656   34.656  1
 1570.0 1570.0  1    2.987    2.987  1   34.656   34.656  1
 1572.0 1572.0  1    2.984    2.984  1   34.656   34.656  1
 1574.0 1574.0  1    2.983    2.983  1   34.656   34.656  1
 1576.0 1576.0  1    2.979    2.979  1   34.656   34.656  1
 1578.0 1578.0  1    2.973    2.973  1   34.657   34.657  1
 1580.0 1580.0  1    2.967    2.967  1   34.657   34.657  1
 1582.0 1582.0  1    2.965    2.965  1   34.657   34.657  1
 1584.0 1584.0  1    2.963    2.963  1   34.657   34.657  1
 1586.0 1586.0  1    2.962    2.962  1   34.657   34.657  1
 1588.0 1588.0  1    2.959    2.959  1   34.657   34.657  1
 1590.0 1590.0  1    2.955    2.955  1   34.657   34.657  1
 1592.0 1592.0  1    2.951    2.951  1   34.658   34.658  1
 1594.0 1594.0  1    2.949    2.949  1   34.658   34.658  1
 1596.0 1596.0  1    2.946    2.946  1   34.658   34.658  1
 1598.0 1598.0  1    2.942    2.942  1   34.658   34.658  1
 1600.0 1600.0  1    2.937    2.937  1   34.658   34.658  1
 1602.0 1602.0  1    2.933    2.933  1   34.658   34.658  1
 1604.0 1604.0  1    2.926    2.926  1   34.658   34.658  1
 1606.0 1606.0  1    2.917    2.917  1   34.659   34.659  1
 1608.0 1608.0  1    2.911    2.911  1   34.659   34.659  1
 1610.0 1610.0  1    2.910    2.910  1   34.659   34.659  1
 1612.0 1612.0  1    2.910    2.910  1   34.659   34.659  1
 1614.0 1614.0  1    2.909    2.909  1   34.659   34.659  1
 1616.0 1616.0  1    2.908    2.908  1   34.659   34.659  1
 1618.0 1618.0  1    2.905    2.905  1   34.659   34.659  1
 1620.0 1620.0  1    2.897    2.897  1   34.660   34.660  1
 1622.0 1622.0  1    2.891    2.891  1   34.660   34.660  1
 1624.0 1624.0  1    2.888    2.888  1   34.660   34.660  1
 1626.0 1626.0  1    2.884    2.884  1   34.660   34.660  1
 1628.0 1628.0  1    2.878    2.878  1   34.660   34.660  1
 1630.0 1630.0  1    2.877    2.877  1   34.660   34.660  1
 1632.0 1632.0  1    2.875    2.875  1   34.660   34.660  1
 1634.0 1634.0  1    2.871    2.871  1   34.660   34.660  1
 1636.0 1636.0  1    2.864    2.864  1   34.661   34.661  1
 1638.0 1638.0  1    2.861    2.861  1   34.661   34.661  1
 1640.0 1640.0  1    2.857    2.857  1   34.661   34.661  1
 1642.0 1642.0  1    2.848    2.848  1   34.661   34.661  1
 1644.0 1644.0  1    2.841    2.841  1   34.662   34.662  1
 1646.0 1646.0  1    2.833    2.833  1   34.662   34.662  1
 1648.0 1648.0  1    2.827    2.827  1   34.662   34.662  1
 1650.0 1650.0  1    2.824    2.824  1   34.662   34.662  1
 1652.0 1652.0  1    2.818    2.818  1   34.663   34.663  1
 1654.0 1654.0  1    2.815    2.815  1   34.663   34.663  1
 1656.0 1656.0  1    2.811    2.811  1   34.663   34.663  1
 1658.0 1658.0  1    2.807    2.807  1   34.663   34.663  1
 1660.0 1660.0  1    2.801    2.801  1   34.663   34.663  1
 1662.0 1662.0  1    2.794    2.794  1   34.664   34.664  1
 1664.0 1664.0  1    2.789    2.789  1   34.664   34.664  1
 1666.0 1666.0  1    2.785    2.785  1   34.664   34.664  1
 1668.0 1668.0  1    2.782    2.782  1   34.664   34.664  1
 1670.0 1670.0  1    2.779    2.779  1   34.664   34.664  1
 1672.0 1672.0  1    2.771    2.771  1   34.665   34.665  1
 1674.0 1674.0  1    2.767    2.767  1   34.665   34.665  1
 1676.0 1676.0  1    2.765    2.765  1   34.665   34.665  1
 1678.0 1678.0  1    2.759    2.759  1   34.665   34.665  1
 1680.0 1680.0  1    2.756    2.756  1   34.665   34.665  1
 1682.0 1682.0  1    2.752    2.752  1   34.665   34.665  1
 1684.0 1684.0  1    2.751    2.751  1   34.665   34.665  1
 1686.0 1686.0  1    2.751    2.751  1   34.665   34.665  1
 1688.0 1688.0  1    2.750    2.750  1   34.665   34.665  1
 1690.0 1690.0  1    2.747    2.747  1   34.665   34.665  1
 1692.0 1692.0  1    2.742    2.742  1   34.666   34.666  1
 1694.0 1694.0  1    2.734    2.734  1   34.666   34.666  1
 1696.0 1696.0  1    2.727    2.727  1   34.666   34.666  1
 1698.0 1698.0  1    2.724    2.724  1   34.667   34.667  1
 1700.0 1700.0  1    2.721    2.721  1   34.667   34.667  1
 1702.0 1702.0  1    2.719    2.719  1   34.667   34.667  1
 1704.0 1704.0  1    2.717    2.717  1   34.667   34.667  1
 1706.0 1706.0  1    2.715    2.715  1   34.667   34.667  1
 1708.0 1708.0  1    2.713    2.713  1   34.667   34.667  1
 1710.0 1710.0  1    2.713    2.713  1   34.667   34.667  1
 1712.0 1712.0  1    2.710    2.710  1   34.667   34.667  1
 1714.0 1714.0  1    2.705    2.705  1   34.667   34.667  1
 1716.0 1716.0  1    2.702    2.702  1   34.667   34.667  1
 1718.0 1718.0  1    2.698    2.698  1   34.668   34.668  1
 1720.0 1720.0  1    2.693    2.693  1   34.668   34.668  1
 1722.0 1722.0  1    2.690    2.690  1   34.668   34.668  1
 1724.0 1724.0  1    2.685    2.685  1   34.668   34.668  1
 1726.0 1726.0  1    2.675    2.675  1   34.669   34.669  1
 1728.0 1728.0  1    2.668    2.668  1   34.669   34.669  1
 1730.0 1730.0  1    2.666    2.666  1   34.669   34.669  1
 1732.0 1732.0  1    2.662    2.662  1   34.669   34.669  1
 1734.0 1734.0  1    2.659    2.659  1   34.669   34.669  1
 1736.0 1736.0  1    2.656    2.656  1   34.669   34.669  1
 1738.0 1738.0  1    2.652    2.652  1   34.670   34.670  1
 1740.0 1740.0  1    2.651    2.651  1   34.670   34.670  1
 1742.0 1742.0  1    2.650    2.650  1   34.670   34.670  1
 1744.0 1744.0  1    2.648    2.648  1   34.670   34.670  1
 1746.0 1746.0  1    2.644    2.644  1   34.670   34.670  1
 1748.0 1748.0  1    2.639    2.639  1   34.670   34.670  1
 1750.0 1750.0  1    2.637    2.637  1   34.670   34.670  1
 1752.0 1752.0  1    2.637    2.637  1   34.670   34.670  1
 1754.0 1754.0  1    2.634    2.634  1   34.670   34.670  1
 1756.0 1756.0  1    2.631    2.631  1   34.671   34.671  1
 1758.0 1758.0  1    2.628    2.628  1   34.671   34.671  1
 1760.0 1760.0  1    2.622    2.622  1   34.671   34.671  1
 1762.0 1762.0  1    2.610    2.610  1   34.672   34.672  1
 1764.0 1764.0  1    2.602    2.602  1   34.672   34.672  1
 1766.0 1766.0  1    2.596    2.596  1   34.672   34.672  1
 1768.0 1768.0  1    2.593    2.593  1   34.672   34.672  1
 1770.0 1770.0  1    2.590    2.590  1   34.673   34.673  1
 1772.0 1772.0  1    2.588    2.588  1   34.673   34.673  1
 1774.0 1774.0  1    2.585    2.585  1   34.673   34.673  1
 1776.0 1776.0  1    2.584    2.584  1   34.673   34.673  1
 1778.0 1778.0  1    2.582    2.582  1   34.673   34.673  1
 1780.0 1780.0  1    2.579    2.579  1   34.673   34.673  1
 1782.0 1782.0  1    2.578    2.578  1   34.673   34.673  1
 1784.0 1784.0  1    2.576    2.576  1   34.673   34.673  1
 1786.0 1786.0  1    2.569    2.569  1   34.674   34.674  1
 1788.0 1788.0  1    2.566    2.566  1   34.674   34.674  1
 1790.0 1790.0  1    2.565    2.565  1   34.674   34.674  1
 1792.0 1792.0  1    2.560    2.560  1   34.674   34.674  1
 1794.0 1794.0  1    2.556    2.556  1   34.674   34.674  1
 1796.0 1796.0  1    2.552    2.552  1   34.675   34.675  1
 1798.0 1798.0  1    2.548    2.548  1   34.675   34.675  1
 1800.0 1800.0  1    2.545    2.545  1   34.675   34.675  1
 1802.0 1802.0  1    2.541    2.541  1   34.675   34.675  1
 1804.0 1804.0  1    2.540    2.540  1   34.675   34.675  1
 1806.0 1806.0  1    2.538    2.538  1   34.675   34.675  1
 1808.0 1808.0  1    2.537    2.537  1   34.675   34.675  1
 1810.0 1810.0  1    2.531    2.531  1   34.676   34.676  1
 1812.0 1812.0  1    2.526    2.526  1   34.676   34.676  1
 1814.0 1814.0  1    2.524    2.524  1   34.676   34.676  1
 1816.0 1816.0  1    2.522    2.522  1   34.676   34.676  1
 1818.0 1818.0  1    2.519    2.519  1   34.676   34.676  1
 1820.0 1820.0  1    2.517    2.517  1   34.676   34.676  1
 1822.0 1822.0  1    2.516    2.516  1   34.676   34.676  1
 1824.0 1824.0  1    2.515    2.515  1   34.676   34.676  1
 1826.0 1826.0  1    2.511    2.511  1   34.677   34.677  1
 1828.0 1828.0  1    2.507    2.507  1   34.677   34.677  1
 1830.0 1830.0  1    2.506    2.506  1   34.677   34.677  1
 1832.0 1832.0  1    2.500    2.500  1   34.677   34.677  1
 1834.0 1834.0  1    2.494    2.494  1   34.677   34.677  1
 1836.0 1836.0  1    2.490    2.490  1   34.678   34.678  1
 1838.0 1838.0  1    2.485    2.485  1   34.678   34.678  1
 1840.0 1840.0  1    2.481    2.481  1   34.678   34.678  1
 1842.0 1842.0  1    2.480    2.480  1   34.678   34.678  1
 1844.0 1844.0  1    2.479    2.479  1   34.678   34.678  1
 1846.0 1846.0  1    2.475    2.475  1   34.678   34.678  1
 1848.0 1848.0  1    2.470    2.470  1   34.678   34.678  1
 1850.0 1850.0  1    2.462    2.462  1   34.679   34.679  1
 1852.0 1852.0  1    2.460    2.460  1   34.679   34.679  1
 1854.0 1854.0  1    2.456    2.456  1   34.679   34.679  1
 1856.0 1856.0  1    2.452    2.452  1   34.679   34.679  1
 1858.0 1858.0  1    2.446    2.446  1   34.680   34.680  1
 1860.0 1860.0  1    2.444    2.444  1   34.679   34.679  1
 1862.0 1862.0  1    2.440    2.440  1   34.680   34.680  1
 1864.0 1864.0  1    2.433    2.433  1   34.680   34.680  1
 1866.0 1866.0  1    2.432    2.432  1   34.680   34.680  1
 1868.0 1868.0  1    2.431    2.431  1   34.680   34.680  1
 1870.0 1870.0  1    2.427    2.427  1   34.680   34.680  1
 1872.0 1872.0  1    2.421    2.421  1   34.681   34.681  1
 1874.0 1874.0  1    2.418    2.418  1   34.681   34.681  1
 1876.0 1876.0  1    2.414    2.414  1   34.681   34.681  1
 1878.0 1878.0  1    2.412    2.412  1   34.681   34.681  1
 1880.0 1880.0  1    2.408    2.408  1   34.681   34.681  1
 1882.0 1882.0  1    2.406    2.406  1   34.681   34.681  1
 1884.0 1884.0  1    2.404    2.404  1   34.681   34.681  1
 1886.0 1886.0  1    2.403    2.403  1   34.681   34.681  1
 1888.0 1888.0  1    2.401    2.401  1   34.681   34.681  1
 1890.0 1890.0  1    2.398    2.398  1   34.682   34.682  1
 1892.0 1892.0  1    2.394    2.394  1   34.682   34.682  1
 1894.0 1894.0  1    2.392    2.392  1   34.682   34.682  1
 1896.0 1896.0  1    2.387    2.387  1   34.682   34.682  1
 1898.0 1898.0  1    2.384    2.384  1   34.682   34.682  1
 1900.0 1900.0  1    2.379    2.379  1   34.683   34.683  1
 1902.0 1902.0  1    2.376    2.376  1   34.683   34.683  1
 1904.0 1904.0  1    2.374    2.374  1   34.683   34.683  1
 1906.0 1906.0  1    2.372    2.372  1   34.683   34.683  1
 1908.0 1908.0  1    2.368    2.368  1   34.683   34.683  1
 1910.0 1910.0  1    2.366    2.366  1   34.683   34.683  1
 1912.0 1912.0  1    2.360    2.360  1   34.683   34.683  1
 1914.0 1914.0  1    2.357    2.357  1   34.684   34.684  1
 1916.0 1916.0  1    2.355    2.355  1   34.684   34.684  1
 1918.0 1918.0  1    2.350    2.350  1   34.684   34.684  1
 1920.0 1920.0  1    2.349    2.349  1   34.684   34.684  1
 1922.0 1922.0  1    2.347    2.347  1   34.684   34.684  1
 1924.0 1924.0  1    2.344    2.344  1   34.684   34.684  1
 1926.0 1926.0  1    2.339    2.339  1   34.684   34.684  1
 1928.0 1928.0  1    2.332    2.332  1   34.685   34.685  1
 1930.0 1930.0  1    2.327    2.327  1   34.685   34.685  1
 1932.0 1932.0  1    2.325    2.325  1   34.685   34.685  1
 1934.0 1934.0  1    2.320    2.320  1   34.685   34.685  1
 1936.0 1936.0  1    2.316    2.316  1   34.685   34.685  1
 1938.0 1938.0  1    2.316    2.316  1   34.685   34.685  1
 1940.0 1940.0  1    2.314    2.314  1   34.686   34.686  1
 1942.0 1942.0  1    2.312    2.312  1   34.686   34.686  1
 1944.0 1944.0  1    2.311    2.311  1   34.686   34.686  1
 1946.0 1946.0  1    2.309    2.309  1   34.686   34.686  1
 1948.0 1948.0  1    2.307    2.307  1   34.686   34.686  1
 1950.0 1950.0  1    2.305    2.305  1   34.686   34.686  1
 1952.0 1952.0  1    2.303    2.303  1   34.686   34.686  1
 1954.0 1954.0  1    2.301    2.301  1   34.686   34.686  1
 1956.0 1956.0  1    2.299    2.299  1   34.686   34.686  1
 1958.0 1958.0  1    2.297    2.297  1   34.686   34.686  1
 1960.0 1960.0  1    2.295    2.295  1   34.687   34.687  1
 1962.1 1962.1  1    2.293    2.293  1   34.687   34.687  1
 1963.4 1963.4  1    2.294    2.294  1   34.687   34.687  1
