*SoftWare Version 3.0  2018/12/27

*HEADER
     PLATFORM NUMBER       :5905002
     CYCLE NUMBER          :150
     DATE CREATION         :20191215165923
     DATE UPDATE           :20191216020401
     PROJECT NAME          :Argo Australia
     PI NAME               :Susan Wijffels
     INSTRUMENT TYPE       :APEX
     FLOAT SERIAL NO       :7415
     FIRMWARE VERSION      :Apf9iSbe41cpIce-090911
     WMO INSTRUMENT TYPE   :846
     TRANSMISSION SYSTEM   :IRIDIUM
     POSITIONING SYSTEM    :GPS
     SAMPLE DIRECTION      :A(A=Ascend; D=Descend)
     DATA MODE             :A(R=Real Time; D=Delayed Mode; A=Real Time Adjusted)
     JULIAN DAY            :25550.7079 (days since 1950-01-01 00:00:00 UTC)
     DATE                  :2019-12-15
     QC FLAG FOR DATE      :1
*LOCATION
     LATITUDE              :-51.018
     LONGITUDE             :-161.230
     QC FLAG FOR LOCATION  :1
*FILE
     COLUMN 1              :Pressure (dbar)                             F7.1
     COLUMN 2              :Corrected Pressure (dbar)                   F7.1
     COLUMN 3              :Quality on Pressure                         I3
     COLUMN 4              :Temperature (degree_Celsius)                F9.3
     COLUMN 5              :Corrected Temperature (degree_Celsius)      F9.3
     COLUMN 6              :Quality on Temperature                      I3
     COLUMN 7              :Salinity (PSU)                              F9.3
     COLUMN 8              :Corrected Salinity (PSU)                    F9.3
     COLUMN 9              :Quality on Salinity                         I3
==========================================================================
    2.8    3.1  1   10.519   10.519  1   27.809  -99.999  4
    4.0    4.3  1   10.184   10.184  1   27.827  -99.999  4
    6.0    6.3  1    9.809    9.809  1   27.855  -99.999  4
    8.0    8.3  1    9.336    9.336  1   27.876  -99.999  4
   10.0   10.3  1    9.111    9.111  1   27.900  -99.999  4
   12.0   12.3  1    9.007    9.007  1   27.909  -99.999  4
   14.0   14.3  1    8.721    8.721  1   27.911  -99.999  4
   16.0   16.3  1    8.432    8.432  1   27.915  -99.999  4
   18.0   18.3  1    8.206    8.206  1   27.910  -99.999  4
   20.0   20.3  1    8.136    8.136  1   27.918  -99.999  4
   22.0   22.3  1    8.158    8.158  1   27.926  -99.999  4
   24.0   24.3  1    8.134    8.134  1   27.928  -99.999  4
   26.0   26.3  1    8.091    8.091  1   27.929  -99.999  4
   28.0   28.3  1    8.086    8.086  1   27.930  -99.999  4
   30.0   30.3  1    8.082    8.082  1   27.930  -99.999  4
   32.0   32.3  1    8.050    8.050  1   27.928  -99.999  4
   34.0   34.3  1    8.012    8.012  1   27.925  -99.999  4
   36.0   36.3  1    7.982    7.982  1   27.922  -99.999  4
   38.0   38.3  1    7.967    7.967  1   27.921  -99.999  4
   40.0   40.3  1    7.930    7.930  1   27.920  -99.999  4
   42.0   42.3  1    7.915    7.915  1   27.921  -99.999  4
   44.0   44.3  1    7.913    7.913  1   27.921  -99.999  4
   46.0   46.3  1    7.899    7.899  1   27.920  -99.999  4
   48.0   48.3  1    7.880    7.880  1   27.917  -99.999  4
   50.0   50.3  1    7.848    7.848  1   27.913  -99.999  4
   52.0   52.3  1    7.729    7.729  1   27.901  -99.999  4
   54.0   54.3  1    7.663    7.663  1   27.893  -99.999  4
   56.0   56.3  1    7.609    7.609  1   27.889  -99.999  4
   58.0   58.3  1    7.559    7.559  1   27.884  -99.999  4
   60.0   60.3  1    7.546    7.546  1   27.883  -99.999  4
   62.0   62.3  1    7.544    7.544  1   27.883  -99.999  4
   64.0   64.3  1    7.527    7.527  1   27.882  -99.999  4
   66.0   66.3  1    7.505    7.505  1   27.880  -99.999  4
   68.0   68.3  1    7.507    7.507  1   27.882  -99.999  4
   70.0   70.3  1    7.502    7.502  1   27.885  -99.999  4
   72.0   72.3  1    7.465    7.465  1   27.883  -99.999  4
   74.0   74.3  1    7.397    7.397  1   27.878  -99.999  4
   76.0   76.3  1    7.224    7.224  1   27.870  -99.999  4
   78.0   78.3  1    7.208    7.208  1   27.869  -99.999  4
   80.0   80.3  1    7.205    7.205  1   27.874  -99.999  4
   82.0   82.3  1    7.271    7.271  1   27.889  -99.999  4
   84.0   84.3  1    7.280    7.280  1   27.895  -99.999  4
   86.0   86.3  1    7.237    7.237  1   27.900  -99.999  4
   88.0   88.3  1    7.332    7.332  1   27.913  -99.999  4
   90.0   90.3  1    7.306    7.306  1   27.916  -99.999  4
   92.0   92.3  1    7.120    7.120  1   27.903  -99.999  4
   94.0   94.3  1    6.831    6.831  1   27.883  -99.999  4
   96.0   96.3  1    6.805    6.805  1   27.880  -99.999  4
   98.0   98.3  1    6.826    6.826  1   27.887  -99.999  4
  100.0  100.3  1    6.837    6.837  1   27.891  -99.999  4
  102.0  102.3  1    6.875    6.875  1   27.898  -99.999  4
  104.0  104.3  1    6.742    6.742  1   27.898  -99.999  4
  106.0  106.3  1    6.682    6.682  1   27.898  -99.999  4
  108.0  108.3  1    6.608    6.608  1   27.895  -99.999  4
  110.0  110.3  1    6.431    6.431  1   27.888  -99.999  4
  112.0  112.3  1    6.452    6.452  1   27.899  -99.999  4
  114.0  114.3  1    6.341    6.341  1   27.894  -99.999  4
  116.0  116.3  1    6.309    6.309  1   27.893  -99.999  4
  118.0  118.3  1    6.307    6.307  1   27.895  -99.999  4
  120.0  120.3  1    6.318    6.318  1   27.897  -99.999  4
  122.0  122.3  1    6.347    6.347  1   27.902  -99.999  4
  124.0  124.3  1    6.411    6.411  1   27.912  -99.999  4
  126.0  126.3  1    6.434    6.434  1   27.915  -99.999  4
  128.0  128.3  1    6.435    6.435  1   27.915  -99.999  4
  130.0  130.3  1    6.383    6.383  1   27.910  -99.999  4
  132.0  132.3  1    6.284    6.284  1   27.902  -99.999  4
  134.0  134.3  1    6.272    6.272  1   27.899  -99.999  4
  136.0  136.3  1    6.339    6.339  1   27.904  -99.999  4
  138.0  138.3  1    6.307    6.307  1   27.905  -99.999  4
  140.0  140.3  1    6.269    6.269  1   27.900  -99.999  4
  142.0  142.3  1    6.269    6.269  1   27.899  -99.999  4
  144.0  144.3  1    6.270    6.270  1   27.899  -99.999  4
  146.0  146.3  1    6.263    6.263  1   27.899  -99.999  4
  148.0  148.3  1    6.256    6.256  1   27.897  -99.999  4
  150.0  150.3  1    6.259    6.259  1   27.898  -99.999  4
  152.0  152.3  1    6.252    6.252  1   27.897  -99.999  4
  154.0  154.3  1    6.251    6.251  1   27.897  -99.999  4
  156.0  156.3  1    6.243    6.243  1   27.896  -99.999  4
  158.0  158.3  1    6.249    6.249  1   27.896  -99.999  4
  160.0  160.3  1    6.234    6.234  1   27.895  -99.999  4
  162.0  162.3  1    6.209    6.209  1   27.892  -99.999  4
  164.0  164.3  1    6.200    6.200  1   27.891  -99.999  4
  166.0  166.3  1    6.177    6.177  1   27.889  -99.999  4
  168.0  168.3  1    6.161    6.161  1   27.887  -99.999  4
  170.0  170.3  1    6.149    6.149  1   27.886  -99.999  4
  172.0  172.3  1    6.141    6.141  1   27.885  -99.999  4
  174.0  174.3  1    6.145    6.145  1   27.886  -99.999  4
  176.0  176.3  1    6.164    6.164  1   27.888  -99.999  4
  178.0  178.3  1    6.169    6.169  1   27.889  -99.999  4
  180.0  180.3  1    6.157    6.157  1   27.888  -99.999  4
  182.0  182.3  1    6.156    6.156  1   27.888  -99.999  4
  184.0  184.3  1    6.169    6.169  1   27.890  -99.999  4
  186.0  186.3  1    6.187    6.187  1   27.891  -99.999  4
  188.0  188.3  1    6.183    6.183  1   27.891  -99.999  4
  190.0  190.3  1    6.174    6.174  1   27.891  -99.999  4
  192.0  192.3  1    6.159    6.159  1   27.890  -99.999  4
  194.0  194.3  1    6.153    6.153  1   27.889  -99.999  4
  196.0  196.3  1    6.155    6.155  1   27.890  -99.999  4
  198.0  198.3  1    6.172    6.172  1   27.892  -99.999  4
  200.0  200.3  1    6.174    6.174  1   27.891  -99.999  4
  202.0  202.3  1    6.160    6.160  1   27.888  -99.999  4
  204.0  204.3  1    6.106    6.106  1   27.883  -99.999  4
  206.0  206.3  1    6.065    6.065  1   27.880  -99.999  4
  208.0  208.3  1    6.068    6.068  1   27.879  -99.999  4
  210.0  210.3  1    6.050    6.050  1   27.877  -99.999  4
  212.0  212.3  1    6.044    6.044  1   27.876  -99.999  4
  214.0  214.3  1    5.979    5.979  1   27.870  -99.999  4
  216.0  216.3  1    5.967    5.967  1   27.869  -99.999  4
  218.0  218.3  1    5.972    5.972  1   27.869  -99.999  4
  220.0  220.3  1    5.974    5.974  1   27.870  -99.999  4
  222.0  222.3  1    5.972    5.972  1   27.869  -99.999  4
  224.0  224.3  1    5.978    5.978  1   27.870  -99.999  4
  226.0  226.3  1    5.980    5.980  1   27.870  -99.999  4
  228.0  228.3  1    5.983    5.983  1   27.870  -99.999  4
  230.0  230.3  1    5.978    5.978  1   27.869  -99.999  4
  232.0  232.3  1    5.950    5.950  1   27.867  -99.999  4
  234.0  234.3  1    5.942    5.942  1   27.867  -99.999  4
  236.0  236.3  1    5.947    5.947  1   27.868  -99.999  4
  238.0  238.3  1    5.950    5.950  1   27.868  -99.999  4
  240.0  240.3  1    5.949    5.949  1   27.868  -99.999  4
  242.0  242.3  1    5.949    5.949  1   27.868  -99.999  4
  244.0  244.3  1    5.953    5.953  1   27.868  -99.999  4
  246.0  246.3  1    5.946    5.946  1   27.868  -99.999  4
  248.0  248.3  1    5.936    5.936  1   27.866  -99.999  4
  250.0  250.3  1    5.906    5.906  1   27.864  -99.999  4
  252.0  252.3  1    5.868    5.868  1   27.861  -99.999  4
  254.0  254.3  1    5.874    5.874  1   27.862  -99.999  4
  256.0  256.3  1    5.896    5.896  1   27.865  -99.999  4
  258.0  258.3  1    5.903    5.903  1   27.866  -99.999  4
  260.0  260.3  1    5.892    5.892  1   27.867  -99.999  4
  262.0  262.3  1    5.893    5.893  1   27.868  -99.999  4
  264.0  264.3  1    5.899    5.899  1   27.869  -99.999  4
  266.0  266.3  1    5.882    5.882  1   27.868  -99.999  4
  268.0  268.3  1    5.880    5.880  1   27.868  -99.999  4
  270.0  270.3  1    5.875    5.875  1   27.868  -99.999  4
  272.0  272.3  1    5.866    5.866  1   27.867  -99.999  4
  274.0  274.3  1    5.863    5.863  1   27.867  -99.999  4
  276.0  276.3  1    5.860    5.860  1   27.866  -99.999  4
  278.0  278.3  1    5.847    5.847  1   27.865  -99.999  4
  280.0  280.3  1    5.828    5.828  1   27.864  -99.999  4
  282.0  282.3  1    5.818    5.818  1   27.863  -99.999  4
  284.0  284.3  1    5.801    5.801  1   27.863  -99.999  4
  286.0  286.3  1    5.798    5.798  1   27.864  -99.999  4
  288.0  288.3  1    5.795    5.795  1   27.864  -99.999  4
  290.0  290.3  1    5.795    5.795  1   27.864  -99.999  4
  292.0  292.3  1    5.802    5.802  1   27.865  -99.999  4
  294.0  294.3  1    5.803    5.803  1   27.866  -99.999  4
  296.0  296.3  1    5.791    5.791  1   27.864  -99.999  4
  298.0  298.3  1    5.765    5.765  1   27.862  -99.999  4
  300.0  300.3  1    5.735    5.735  1   27.861  -99.999  4
  302.0  302.3  1    5.758    5.758  1   27.864  -99.999  4
  304.0  304.3  1    5.776    5.776  1   27.865  -99.999  4
  306.0  306.3  1    5.773    5.773  1   27.866  -99.999  4
  308.0  308.3  1    5.763    5.763  1   27.866  -99.999  4
  310.0  310.3  1    5.761    5.761  1   27.866  -99.999  4
  312.0  312.3  1    5.720    5.720  1   27.863  -99.999  4
  314.0  314.3  1    5.699    5.699  1   27.860  -99.999  4
  316.0  316.3  1    5.711    5.711  1   27.862  -99.999  4
  318.0  318.3  1    5.667    5.667  1   27.859  -99.999  4
  320.1  320.4  1    5.670    5.670  1   27.860  -99.999  4
  322.1  322.4  1    5.684    5.684  1   27.863  -99.999  4
  324.0  324.3  1    5.684    5.684  1   27.863  -99.999  4
  326.0  326.3  1    5.695    5.695  1   27.865  -99.999  4
  328.0  328.3  1    5.708    5.708  1   27.867  -99.999  4
  330.0  330.3  1    5.734    5.734  1   27.871  -99.999  4
  332.0  332.3  1    5.751    5.751  1   27.873  -99.999  4
  334.0  334.3  1    5.762    5.762  1   27.874  -99.999  4
  336.0  336.3  1    5.769    5.769  1   27.874  -99.999  4
  338.0  338.3  1    5.727    5.727  1   27.871  -99.999  4
  340.0  340.3  1    5.708    5.708  1   27.870  -99.999  4
  342.0  342.3  1    5.706    5.706  1   27.870  -99.999  4
  344.0  344.3  1    5.706    5.706  1   27.870  -99.999  4
  346.0  346.3  1    5.703    5.703  1   27.870  -99.999  4
  348.0  348.3  1    5.693    5.693  1   27.869  -99.999  4
  350.0  350.3  1    5.686    5.686  1   27.868  -99.999  4
  352.0  352.3  1    5.653    5.653  1   27.866  -99.999  4
  354.0  354.3  1    5.632    5.632  1   27.865  -99.999  4
  356.0  356.3  1    5.628    5.628  1   27.864  -99.999  4
  358.0  358.3  1    5.617    5.617  1   27.863  -99.999  4
  360.0  360.3  1    5.604    5.604  1   27.863  -99.999  4
  362.0  362.3  1    5.597    5.597  1   27.863  -99.999  4
  364.0  364.3  1    5.592    5.592  1   27.864  -99.999  4
  366.0  366.3  1    5.602    5.602  1   27.866  -99.999  4
  368.0  368.3  1    5.607    5.607  1   27.866  -99.999  4
  370.0  370.3  1    5.604    5.604  1   27.867  -99.999  4
  372.0  372.3  1    5.602    5.602  1   27.867  -99.999  4
  374.0  374.3  1    5.594    5.594  1   27.867  -99.999  4
  376.0  376.3  1    5.582    5.582  1   27.867  -99.999  4
  378.0  378.3  1    5.572    5.572  1   27.866  -99.999  4
  380.0  380.3  1    5.565    5.565  1   27.866  -99.999  4
  382.0  382.3  1    5.570    5.570  1   27.868  -99.999  4
  384.0  384.3  1    5.571    5.571  1   27.869  -99.999  4
  386.0  386.3  1    5.564    5.564  1   27.868  -99.999  4
  388.0  388.3  1    5.553    5.553  1   27.869  -99.999  4
  390.0  390.3  1    5.549    5.549  1   27.869  -99.999  4
  392.0  392.3  1    5.546    5.546  1   27.869  -99.999  4
  394.0  394.3  1    5.539    5.539  1   27.869  -99.999  4
  396.0  396.3  1    5.538    5.538  1   27.869  -99.999  4
  398.0  398.3  1    5.534    5.534  1   27.869  -99.999  4
  400.0  400.3  1    5.526    5.526  1   27.870  -99.999  4
  402.0  402.3  1    5.526    5.526  1   27.871  -99.999  4
  404.0  404.3  1    5.527    5.527  1   27.871  -99.999  4
  406.0  406.3  1    5.525    5.525  1   27.871  -99.999  4
  408.0  408.3  1    5.516    5.516  1   27.872  -99.999  4
  410.0  410.3  1    5.523    5.523  1   27.873  -99.999  4
  412.0  412.3  1    5.514    5.514  1   27.873  -99.999  4
  414.0  414.3  1    5.493    5.493  1   27.873  -99.999  4
  416.0  416.3  1    5.486    5.486  1   27.873  -99.999  4
  418.0  418.3  1    5.483    5.483  1   27.874  -99.999  4
  420.0  420.3  1    5.478    5.478  1   27.875  -99.999  4
  422.0  422.3  1    5.472    5.472  1   27.875  -99.999  4
  424.0  424.3  1    5.467    5.467  1   27.876  -99.999  4
  426.0  426.3  1    5.465    5.465  1   27.877  -99.999  4
  428.0  428.3  1    5.464    5.464  1   27.879  -99.999  4
  430.0  430.3  1    5.459    5.459  1   27.880  -99.999  4
  432.0  432.3  1    5.455    5.455  1   27.880  -99.999  4
  434.0  434.3  1    5.452    5.452  1   27.880  -99.999  4
  436.0  436.3  1    5.442    5.442  1   27.881  -99.999  4
  438.0  438.3  1    5.440    5.440  1   27.882  -99.999  4
  440.0  440.3  1    5.435    5.435  1   27.882  -99.999  4
  442.0  442.3  1    5.435    5.435  1   27.883  -99.999  4
  444.0  444.3  1    5.434    5.434  1   27.883  -99.999  4
  446.0  446.3  1    5.426    5.426  1   27.883  -99.999  4
  448.0  448.3  1    5.418    5.418  1   27.883  -99.999  4
  450.0  450.3  1    5.420    5.420  1   27.883  -99.999  4
  452.0  452.3  1    5.417    5.417  1   27.883  -99.999  4
  454.0  454.3  1    5.408    5.408  1   27.883  -99.999  4
  456.0  456.3  1    5.386    5.386  1   27.882  -99.999  4
  458.0  458.3  1    5.373    5.373  1   27.882  -99.999  4
  460.0  460.3  1    5.372    5.372  1   27.883  -99.999  4
  462.0  462.3  1    5.390    5.390  1   27.887  -99.999  4
  464.0  464.3  1    5.400    5.400  1   27.889  -99.999  4
  466.0  466.3  1    5.387    5.387  1   27.888  -99.999  4
  468.0  468.3  1    5.381    5.381  1   27.888  -99.999  4
  470.0  470.3  1    5.376    5.376  1   27.889  -99.999  4
  472.0  472.3  1    5.358    5.358  1   27.888  -99.999  4
  474.0  474.3  1    5.342    5.342  1   27.887  -99.999  4
  476.0  476.3  1    5.370    5.370  1   27.892  -99.999  4
  478.0  478.3  1    5.371    5.371  1   27.893  -99.999  4
  480.0  480.3  1    5.351    5.351  1   27.891  -99.999  4
  482.0  482.3  1    5.336    5.336  1   27.889  -99.999  4
  484.0  484.3  1    5.297    5.297  1   27.886  -99.999  4
  486.0  486.3  1    5.237    5.237  1   27.882  -99.999  4
  488.0  488.3  1    5.225    5.225  1   27.883  -99.999  4
  490.0  490.3  1    5.154    5.154  1   27.877  -99.999  4
  492.0  492.3  1    5.176    5.176  1   27.880  -99.999  4
  494.0  494.3  1    5.184    5.184  1   27.880  -99.999  4
  496.0  496.3  1    5.146    5.146  1   27.878  -99.999  4
  498.0  498.3  1    5.130    5.130  1   27.877  -99.999  4
  500.0  500.3  1    5.114    5.114  1   27.877  -99.999  4
  502.0  502.3  1    5.134    5.134  1   27.882  -99.999  4
  504.0  504.3  1    5.156    5.156  1   27.888  -99.999  4
  506.0  506.3  1    5.145    5.145  1   27.888  -99.999  4
  508.0  508.3  1    5.147    5.147  1   27.889  -99.999  4
  510.0  510.3  1    5.168    5.168  1   27.892  -99.999  4
  512.0  512.3  1    5.180    5.180  1   27.894  -99.999  4
  514.0  514.3  1    5.190    5.190  1   27.896  -99.999  4
  516.0  516.3  1    5.204    5.204  1   27.899  -99.999  4
  518.0  518.3  1    5.201    5.201  1   27.899  -99.999  4
  520.0  520.3  1    5.201    5.201  1   27.899  -99.999  4
  522.0  522.3  1    5.184    5.184  1   27.900  -99.999  4
  524.0  524.3  1    5.170    5.170  1   27.900  -99.999  4
  526.0  526.3  1    5.159    5.159  1   27.900  -99.999  4
  528.0  528.3  1    5.141    5.141  1   27.899  -99.999  4
  530.0  530.3  1    5.123    5.123  1   27.899  -99.999  4
  532.0  532.3  1    5.132    5.132  1   27.900  -99.999  4
  534.0  534.3  1    5.131    5.131  1   27.900  -99.999  4
  536.0  536.3  1    5.124    5.124  1   27.900  -99.999  4
  538.0  538.3  1    5.110    5.110  1   27.900  -99.999  4
  540.0  540.3  1    5.097    5.097  1   27.900  -99.999  4
  542.0  542.3  1    5.075    5.075  1   27.901  -99.999  4
  544.0  544.3  1    5.027    5.027  1   27.900  -99.999  4
  546.0  546.3  1    5.006    5.006  1   27.899  -99.999  4
  548.0  548.3  1    4.994    4.994  1   27.899  -99.999  4
  550.0  550.3  1    4.967    4.967  1   27.898  -99.999  4
  552.0  552.3  1    4.953    4.953  1   27.898  -99.999  4
  554.0  554.3  1    4.949    4.949  1   27.898  -99.999  4
  556.0  556.3  1    4.933    4.933  1   27.898  -99.999  4
  558.0  558.3  1    4.918    4.918  1   27.898  -99.999  4
  560.0  560.3  1    4.912    4.912  1   27.898  -99.999  4
  562.0  562.3  1    4.912    4.912  1   27.899  -99.999  4
  564.0  564.3  1    4.915    4.915  1   27.900  -99.999  4
  566.0  566.3  1    4.893    4.893  1   27.900  -99.999  4
  568.0  568.3  1    4.880    4.880  1   27.901  -99.999  4
  570.0  570.3  1    4.866    4.866  1   27.901  -99.999  4
  572.0  572.3  1    4.849    4.849  1   27.900  -99.999  4
  574.0  574.3  1    4.834    4.834  1   27.900  -99.999  4
  576.0  576.3  1    4.827    4.827  1   27.900  -99.999  4
  578.0  578.3  1    4.818    4.818  1   27.899  -99.999  4
  580.0  580.3  1    4.795    4.795  1   27.900  -99.999  4
  582.0  582.3  1    4.771    4.771  1   27.900  -99.999  4
  584.0  584.3  1    4.753    4.753  1   27.899  -99.999  4
  586.0  586.3  1    4.746    4.746  1   27.899  -99.999  4
  588.0  588.3  1    4.733    4.733  1   27.898  -99.999  4
  590.0  590.3  1    4.716    4.716  1   27.897  -99.999  4
  592.0  592.3  1    4.708    4.708  1   27.897  -99.999  4
  594.0  594.3  1    4.698    4.698  1   27.896  -99.999  4
  596.0  596.3  1    4.681    4.681  1   27.895  -99.999  4
  598.0  598.3  1    4.664    4.664  1   27.895  -99.999  4
  600.0  600.3  1    4.647    4.647  1   27.894  -99.999  4
  602.0  602.3  1    4.632    4.632  1   27.894  -99.999  4
  604.0  604.3  1    4.619    4.619  1   27.894  -99.999  4
  606.0  606.3  1    4.607    4.607  1   27.893  -99.999  4
  608.0  608.3  1    4.603    4.603  1   27.893  -99.999  4
  610.0  610.3  1    4.609    4.609  1   27.894  -99.999  4
  612.0  612.3  1    4.609    4.609  1   27.895  -99.999  4
  614.0  614.3  1    4.605    4.605  1   27.897  -99.999  4
  616.0  616.3  1    4.607    4.607  1   27.899  -99.999  4
  618.0  618.3  1    4.592    4.592  1   27.899  -99.999  4
  620.0  620.3  1    4.607    4.607  1   27.903  -99.999  4
  622.0  622.3  1    4.612    4.612  1   27.905  -99.999  4
  624.0  624.3  1    4.605    4.605  1   27.906  -99.999  4
  626.0  626.3  1    4.607    4.607  1   27.907  -99.999  4
  628.0  628.3  1    4.623    4.623  1   27.910  -99.999  4
  630.0  630.3  1    4.600    4.600  1   27.911  -99.999  4
  632.0  632.3  1    4.595    4.595  1   27.913  -99.999  4
  634.0  634.3  1    4.607    4.607  1   27.914  -99.999  4
  636.0  636.3  1    4.591    4.591  1   27.913  -99.999  4
  638.0  638.3  1    4.569    4.569  1   27.911  -99.999  4
  640.0  640.3  1    4.545    4.545  1   27.910  -99.999  4
  642.0  642.3  1    4.517    4.517  1   27.908  -99.999  4
  644.0  644.3  1    4.491    4.491  1   27.908  -99.999  4
  646.0  646.3  1    4.466    4.466  1   27.907  -99.999  4
  648.0  648.3  1    4.451    4.451  1   27.907  -99.999  4
  650.0  650.3  1    4.455    4.455  1   27.908  -99.999  4
  652.0  652.3  1    4.446    4.446  1   27.909  -99.999  4
  654.0  654.3  1    4.442    4.442  1   27.911  -99.999  4
  656.0  656.3  1    4.438    4.438  1   27.911  -99.999  4
  658.0  658.3  1    4.429    4.429  1   27.911  -99.999  4
  660.0  660.3  1    4.425    4.425  1   27.910  -99.999  4
  662.0  662.3  1    4.411    4.411  1   27.910  -99.999  4
  664.0  664.3  1    4.388    4.388  1   27.911  -99.999  4
  666.0  666.3  1    4.349    4.349  1   27.911  -99.999  4
  668.0  668.3  1    4.347    4.347  1   27.911  -99.999  4
  670.0  670.3  1    4.346    4.346  1   27.913  -99.999  4
  672.0  672.3  1    4.357    4.357  1   27.916  -99.999  4
  674.0  674.3  1    4.356    4.356  1   27.917  -99.999  4
  676.0  676.3  1    4.347    4.347  1   27.918  -99.999  4
  677.9  678.2  1    4.345    4.345  1   27.920  -99.999  4
  680.0  680.3  1    4.385    4.385  1   27.924  -99.999  4
  682.0  682.3  1    4.387    4.387  1   27.925  -99.999  4
  684.0  684.3  1    4.371    4.371  1   27.927  -99.999  4
  686.0  686.3  1    4.368    4.368  1   27.928  -99.999  4
  688.0  688.3  1    4.368    4.368  1   27.929  -99.999  4
  690.0  690.3  1    4.368    4.368  1   27.929  -99.999  4
  692.0  692.3  1    4.364    4.364  1   27.931  -99.999  4
  694.0  694.3  1    4.358    4.358  1   27.932  -99.999  4
  696.0  696.3  1    4.351    4.351  1   27.933  -99.999  4
  698.0  698.3  1    4.345    4.345  1   27.932  -99.999  4
  700.0  700.3  1    4.317    4.317  1   27.932  -99.999  4
  702.0  702.3  1    4.298    4.298  1   27.930  -99.999  4
  704.0  704.3  1    4.266    4.266  1   27.930  -99.999  4
  706.0  706.3  1    4.251    4.251  1   27.930  -99.999  4
  708.0  708.3  1    4.230    4.230  1   27.930  -99.999  4
  710.0  710.3  1    4.191    4.191  1   27.930  -99.999  4
  712.0  712.3  1    4.163    4.163  1   27.930  -99.999  4
  714.0  714.3  1    4.151    4.151  1   27.931  -99.999  4
  716.0  716.3  1    4.128    4.128  1   27.931  -99.999  4
  718.0  718.3  1    4.119    4.119  1   27.930  -99.999  4
  720.0  720.3  1    4.116    4.116  1   27.930  -99.999  4
  722.0  722.3  1    4.108    4.108  1   27.929  -99.999  4
  724.0  724.3  1    4.096    4.096  1   27.928  -99.999  4
  726.0  726.3  1    4.086    4.086  1   27.928  -99.999  4
  728.0  728.3  1    4.071    4.071  1   27.927  -99.999  4
  730.0  730.3  1    4.048    4.048  1   27.926  -99.999  4
  732.0  732.3  1    4.020    4.020  1   27.925  -99.999  4
  734.0  734.3  1    3.994    3.994  1   27.925  -99.999  4
  736.0  736.3  1    3.963    3.963  1   27.924  -99.999  4
  738.0  738.3  1    3.959    3.959  1   27.925  -99.999  4
  740.0  740.3  1    3.957    3.957  1   27.925  -99.999  4
  742.0  742.3  1    3.949    3.949  1   27.925  -99.999  4
  744.0  744.3  1    3.943    3.943  1   27.925  -99.999  4
  746.0  746.3  1    3.936    3.936  1   27.926  -99.999  4
  748.0  748.3  1    3.930    3.930  1   27.928  -99.999  4
  750.0  750.3  1    3.903    3.903  1   27.927  -99.999  4
  752.0  752.3  1    3.905    3.905  1   27.929  -99.999  4
  754.0  754.3  1    3.906    3.906  1   27.931  -99.999  4
  756.0  756.3  1    3.901    3.901  1   27.932  -99.999  4
  758.0  758.3  1    3.884    3.884  1   27.932  -99.999  4
  760.0  760.3  1    3.892    3.892  1   27.934  -99.999  4
  762.0  762.3  1    3.885    3.885  1   27.935  -99.999  4
  764.0  764.3  1    3.873    3.873  1   27.934  -99.999  4
  766.0  766.3  1    3.835    3.835  1   27.933  -99.999  4
  768.0  768.3  1    3.846    3.846  1   27.938  -99.999  4
  770.0  770.3  1    3.849    3.849  1   27.939  -99.999  4
  772.0  772.3  1    3.845    3.845  1   27.940  -99.999  4
  774.0  774.3  1    3.836    3.836  1   27.940  -99.999  4
  776.0  776.3  1    3.830    3.830  1   27.941  -99.999  4
  778.0  778.3  1    3.821    3.821  1   27.942  -99.999  4
  780.0  780.3  1    3.806    3.806  1   27.942  -99.999  4
  782.0  782.3  1    3.795    3.795  1   27.942  -99.999  4
  784.0  784.3  1    3.777    3.777  1   27.942  -99.999  4
  786.0  786.3  1    3.770    3.770  1   27.942  -99.999  4
  788.0  788.3  1    3.760    3.760  1   27.944  -99.999  4
  790.0  790.3  1    3.754    3.754  1   27.944  -99.999  4
  792.0  792.3  1    3.737    3.737  1   27.945  -99.999  4
  794.0  794.3  1    3.722    3.722  1   27.946  -99.999  4
  796.0  796.3  1    3.714    3.714  1   27.945  -99.999  4
  798.0  798.3  1    3.709    3.709  1   27.944  -99.999  4
  800.0  800.3  1    3.676    3.676  1   27.944  -99.999  4
  802.0  802.3  1    3.661    3.661  1   27.943  -99.999  4
  804.0  804.3  1    3.654    3.654  1   27.943  -99.999  4
  806.0  806.3  1    3.647    3.647  1   27.942  -99.999  4
  808.0  808.3  1    3.629    3.629  1   27.942  -99.999  4
  810.0  810.3  1    3.613    3.613  1   27.942  -99.999  4
  812.0  812.3  1    3.591    3.591  1   27.944  -99.999  4
  814.0  814.3  1    3.591    3.591  1   27.945  -99.999  4
  816.0  816.3  1    3.593    3.593  1   27.947  -99.999  4
  818.0  818.3  1    3.607    3.607  1   27.951  -99.999  4
  820.0  820.3  1    3.610    3.610  1   27.951  -99.999  4
  822.0  822.3  1    3.612    3.612  1   27.952  -99.999  4
  824.0  824.3  1    3.620    3.620  1   27.955  -99.999  4
  826.0  826.3  1    3.632    3.632  1   27.957  -99.999  4
  828.0  828.3  1    3.645    3.645  1   27.959  -99.999  4
  830.0  830.3  1    3.640    3.640  1   27.961  -99.999  4
  832.0  832.3  1    3.637    3.637  1   27.963  -99.999  4
  834.0  834.3  1    3.635    3.635  1   27.964  -99.999  4
  836.0  836.3  1    3.621    3.621  1   27.964  -99.999  4
  838.0  838.3  1    3.613    3.613  1   27.964  -99.999  4
  840.0  840.3  1    3.614    3.614  1   27.964  -99.999  4
  842.0  842.3  1    3.612    3.612  1   27.965  -99.999  4
  844.0  844.3  1    3.597    3.597  1   27.965  -99.999  4
  846.0  846.3  1    3.592    3.592  1   27.966  -99.999  4
  848.0  848.3  1    3.596    3.596  1   27.969  -99.999  4
  850.0  850.3  1    3.597    3.597  1   27.973  -99.999  4
  852.0  852.3  1    3.597    3.597  1   27.974  -99.999  4
  854.0  854.3  1    3.585    3.585  1   27.975  -99.999  4
  856.0  856.3  1    3.578    3.578  1   27.976  -99.999  4
  858.0  858.3  1    3.571    3.571  1   27.978  -99.999  4
  860.0  860.3  1    3.567    3.567  1   27.979  -99.999  4
  862.0  862.3  1    3.561    3.561  1   27.980  -99.999  4
  864.0  864.3  1    3.552    3.552  1   27.980  -99.999  4
  866.0  866.3  1    3.550    3.550  1   27.980  -99.999  4
  868.0  868.3  1    3.549    3.549  1   27.980  -99.999  4
  870.0  870.3  1    3.542    3.542  1   27.981  -99.999  4
  872.0  872.3  1    3.536    3.536  1   27.982  -99.999  4
  874.0  874.3  1    3.530    3.530  1   27.983  -99.999  4
  876.0  876.3  1    3.519    3.519  1   27.984  -99.999  4
  878.0  878.3  1    3.519    3.519  1   27.986  -99.999  4
  880.0  880.3  1    3.525    3.525  1   27.988  -99.999  4
  882.0  882.3  1    3.520    3.520  1   27.990  -99.999  4
  884.0  884.3  1    3.517    3.517  1   27.991  -99.999  4
  886.0  886.3  1    3.518    3.518  1   27.991  -99.999  4
  888.0  888.3  1    3.520    3.520  1   27.991  -99.999  4
  890.0  890.3  1    3.520    3.520  1   27.991  -99.999  4
  892.0  892.3  1    3.521    3.521  1   27.992  -99.999  4
  894.0  894.3  1    3.521    3.521  1   27.993  -99.999  4
  896.0  896.3  1    3.518    3.518  1   27.994  -99.999  4
  898.0  898.3  1    3.517    3.517  1   27.995  -99.999  4
  900.0  900.3  1    3.517    3.517  1   27.995  -99.999  4
  902.0  902.3  1    3.517    3.517  1   27.996  -99.999  4
  904.0  904.3  1    3.517    3.517  1   27.997  -99.999  4
  906.0  906.3  1    3.511    3.511  1   27.997  -99.999  4
  908.0  908.3  1    3.497    3.497  1   27.997  -99.999  4
  910.0  910.3  1    3.488    3.488  1   27.998  -99.999  4
  912.0  912.3  1    3.475    3.475  1   27.998  -99.999  4
  914.0  914.3  1    3.467    3.467  1   27.999  -99.999  4
  916.0  916.3  1    3.464    3.464  1   27.999  -99.999  4
  918.0  918.3  1    3.454    3.454  1   27.999  -99.999  4
  920.0  920.3  1    3.438    3.438  1   28.000  -99.999  4
  922.0  922.3  1    3.430    3.430  1   28.001  -99.999  4
  924.0  924.3  1    3.419    3.419  1   28.002  -99.999  4
  926.0  926.3  1    3.410    3.410  1   28.002  -99.999  4
  928.0  928.3  1    3.399    3.399  1   28.002  -99.999  4
  930.0  930.3  1    3.384    3.384  1   28.002  -99.999  4
  932.0  932.3  1    3.371    3.371  1   28.003  -99.999  4
  934.0  934.3  1    3.367    3.367  1   28.003  -99.999  4
  936.0  936.3  1    3.366    3.366  1   28.003  -99.999  4
  938.0  938.3  1    3.367    3.367  1   28.003  -99.999  4
  940.0  940.3  1    3.362    3.362  1   28.005  -99.999  4
  942.0  942.3  1    3.361    3.361  1   28.006  -99.999  4
  944.0  944.3  1    3.359    3.359  1   28.007  -99.999  4
  946.0  946.3  1    3.358    3.358  1   28.007  -99.999  4
  948.0  948.3  1    3.357    3.357  1   28.007  -99.999  4
  950.0  950.3  1    3.355    3.355  1   28.008  -99.999  4
  952.0  952.3  1    3.353    3.353  1   28.008  -99.999  4
  954.0  954.3  1    3.349    3.349  1   28.010  -99.999  4
  956.0  956.3  1    3.350    3.350  1   28.011  -99.999  4
  958.0  958.3  1    3.345    3.345  1   28.012  -99.999  4
  960.0  960.3  1    3.342    3.342  1   28.012  -99.999  4
  962.0  962.3  1    3.340    3.340  1   28.013  -99.999  4
  964.0  964.3  1    3.337    3.337  1   28.013  -99.999  4
  966.0  966.3  1    3.336    3.336  1   28.014  -99.999  4
  968.0  968.3  1    3.334    3.334  1   28.015  -99.999  4
  970.0  970.3  1    3.328    3.328  1   28.016  -99.999  4
  972.0  972.3  1    3.333    3.333  1   28.019  -99.999  4
  974.0  974.3  1    3.343    3.343  1   28.022  -99.999  4
  976.0  976.3  1    3.346    3.346  1   28.023  -99.999  4
  978.0  978.3  1    3.337    3.337  1   28.025  -99.999  4
  980.0  980.3  1    3.338    3.338  1   28.027  -99.999  4
  982.0  982.3  1    3.330    3.330  1   28.029  -99.999  4
  984.0  984.3  1    3.333    3.333  1   28.030  -99.999  4
  986.0  986.3  1    3.329    3.329  1   28.031  -99.999  4
  988.0  988.3  1    3.323    3.323  1   28.031  -99.999  4
  990.0  990.3  1    3.312    3.312  1   28.031  -99.999  4
  992.0  992.3  1    3.298    3.298  1   28.031  -99.999  4
  994.0  994.3  1    3.267    3.267  1   28.030  -99.999  4
  996.0  996.3  1    3.287    3.287  1   28.033  -99.999  4
  998.0  998.3  1    3.286    3.286  1   28.035  -99.999  4
 1000.0 1000.3  1    3.297    3.297  1   28.037  -99.999  4
 1002.0 1002.3  1    3.298    3.298  1   28.038  -99.999  4
 1004.0 1004.3  1    3.288    3.288  1   28.038  -99.999  4
 1006.0 1006.3  1    3.280    3.280  1   28.039  -99.999  4
 1008.0 1008.3  1    3.257    3.257  1   28.038  -99.999  4
 1010.0 1010.3  1    3.249    3.249  1   28.038  -99.999  4
 1012.0 1012.3  1    3.246    3.246  1   28.038  -99.999  4
 1014.1 1014.4  1    3.231    3.231  1   28.037  -99.999  4
 1016.0 1016.3  1    3.227    3.227  1   28.038  -99.999  4
 1018.0 1018.3  1    3.226    3.226  1   28.038  -99.999  4
 1020.0 1020.3  1    3.218    3.218  1   28.037  -99.999  4
 1022.0 1022.3  1    3.207    3.207  1   28.037  -99.999  4
 1024.0 1024.3  1    3.191    3.191  1   28.037  -99.999  4
 1026.0 1026.3  1    3.182    3.182  1   28.036  -99.999  4
 1028.0 1028.3  1    3.159    3.159  1   28.036  -99.999  4
 1030.0 1030.3  1    3.147    3.147  1   28.036  -99.999  4
 1032.0 1032.3  1    3.140    3.140  1   28.036  -99.999  4
 1034.0 1034.3  1    3.126    3.126  1   28.037  -99.999  4
 1036.0 1036.3  1    3.120    3.120  1   28.039  -99.999  4
 1038.0 1038.3  1    3.119    3.119  1   28.039  -99.999  4
 1040.0 1040.3  1    3.109    3.109  1   28.039  -99.999  4
 1042.0 1042.3  1    3.103    3.103  1   28.040  -99.999  4
 1044.0 1044.3  1    3.105    3.105  1   28.040  -99.999  4
 1046.0 1046.3  1    3.105    3.105  1   28.041  -99.999  4
 1048.0 1048.3  1    3.113    3.113  1   28.044  -99.999  4
 1050.0 1050.3  1    3.114    3.114  1   28.048  -99.999  4
 1052.0 1052.3  1    3.112    3.112  1   28.050  -99.999  4
 1054.0 1054.3  1    3.111    3.111  1   28.051  -99.999  4
 1056.0 1056.3  1    3.111    3.111  1   28.052  -99.999  4
 1058.0 1058.3  1    3.110    3.110  1   28.052  -99.999  4
 1060.0 1060.3  1    3.109    3.109  1   28.053  -99.999  4
 1062.0 1062.3  1    3.107    3.107  1   28.054  -99.999  4
 1064.0 1064.3  1    3.107    3.107  1   28.055  -99.999  4
 1066.0 1066.3  1    3.107    3.107  1   28.057  -99.999  4
 1068.0 1068.3  1    3.104    3.104  1   28.059  -99.999  4
 1070.0 1070.3  1    3.101    3.101  1   28.062  -99.999  4
 1072.0 1072.3  1    3.101    3.101  1   28.063  -99.999  4
 1074.0 1074.3  1    3.098    3.098  1   28.064  -99.999  4
 1076.0 1076.3  1    3.094    3.094  1   28.065  -99.999  4
 1078.0 1078.3  1    3.092    3.092  1   28.065  -99.999  4
 1080.0 1080.3  1    3.088    3.088  1   28.065  -99.999  4
 1082.0 1082.3  1    3.085    3.085  1   28.066  -99.999  4
 1084.0 1084.3  1    3.082    3.082  1   28.066  -99.999  4
 1086.0 1086.3  1    3.081    3.081  1   28.066  -99.999  4
 1088.0 1088.3  1    3.072    3.072  1   28.068  -99.999  4
 1090.0 1090.3  1    3.067    3.067  1   28.069  -99.999  4
 1092.0 1092.3  1    3.063    3.063  1   28.069  -99.999  4
 1094.0 1094.3  1    3.056    3.056  1   28.070  -99.999  4
 1096.0 1096.3  1    3.049    3.049  1   28.071  -99.999  4
 1098.0 1098.3  1    3.045    3.045  1   28.070  -99.999  4
 1100.0 1100.3  1    3.041    3.041  1   28.070  -99.999  4
 1102.0 1102.3  1    3.021    3.021  1   28.072  -99.999  4
 1104.0 1104.3  1    3.016    3.016  1   28.072  -99.999  4
 1106.0 1106.3  1    3.008    3.008  1   28.073  -99.999  4
 1108.0 1108.3  1    3.004    3.004  1   28.073  -99.999  4
 1110.0 1110.3  1    2.980    2.980  1   28.074  -99.999  4
 1112.0 1112.3  1    2.979    2.979  1   28.073  -99.999  4
 1114.0 1114.3  1    2.974    2.974  1   28.074  -99.999  4
 1116.0 1116.3  1    2.972    2.972  1   28.074  -99.999  4
 1118.0 1118.3  1    2.965    2.965  1   28.074  -99.999  4
 1120.0 1120.3  1    2.952    2.952  1   28.074  -99.999  4
 1122.0 1122.3  1    2.946    2.946  1   28.074  -99.999  4
 1124.0 1124.3  1    2.945    2.945  1   28.074  -99.999  4
 1126.0 1126.3  1    2.945    2.945  1   28.075  -99.999  4
 1128.0 1128.3  1    2.944    2.944  1   28.075  -99.999  4
 1130.0 1130.3  1    2.938    2.938  1   28.077  -99.999  4
 1132.0 1132.3  1    2.934    2.934  1   28.077  -99.999  4
 1134.0 1134.3  1    2.931    2.931  1   28.078  -99.999  4
 1136.0 1136.3  1    2.928    2.928  1   28.078  -99.999  4
 1138.0 1138.3  1    2.924    2.924  1   28.079  -99.999  4
 1140.0 1140.3  1    2.922    2.922  1   28.080  -99.999  4
 1142.0 1142.3  1    2.919    2.919  1   28.081  -99.999  4
 1144.0 1144.3  1    2.916    2.916  1   28.082  -99.999  4
 1146.0 1146.3  1    2.915    2.915  1   28.084  -99.999  4
 1148.0 1148.3  1    2.915    2.915  1   28.085  -99.999  4
 1150.0 1150.3  1    2.913    2.913  1   28.086  -99.999  4
 1152.0 1152.3  1    2.912    2.912  1   28.087  -99.999  4
 1154.0 1154.3  1    2.912    2.912  1   28.087  -99.999  4
 1156.0 1156.3  1    2.912    2.912  1   28.087  -99.999  4
 1158.0 1158.3  1    2.912    2.912  1   28.087  -99.999  4
 1160.0 1160.3  1    2.911    2.911  1   28.087  -99.999  4
 1162.0 1162.3  1    2.910    2.910  1   28.088  -99.999  4
 1164.0 1164.3  1    2.908    2.908  1   28.088  -99.999  4
 1166.0 1166.3  1    2.904    2.904  1   28.090  -99.999  4
 1168.0 1168.3  1    2.901    2.901  1   28.091  -99.999  4
 1170.0 1170.3  1    2.898    2.898  1   28.092  -99.999  4
 1172.0 1172.3  1    2.898    2.898  1   28.092  -99.999  4
 1174.0 1174.3  1    2.897    2.897  1   28.092  -99.999  4
 1176.0 1176.3  1    2.895    2.895  1   28.093  -99.999  4
 1178.0 1178.3  1    2.893    2.893  1   28.093  -99.999  4
 1180.0 1180.3  1    2.891    2.891  1   28.094  -99.999  4
 1182.0 1182.3  1    2.888    2.888  1   28.094  -99.999  4
 1184.0 1184.3  1    2.885    2.885  1   28.095  -99.999  4
 1186.0 1186.3  1    2.879    2.879  1   28.096  -99.999  4
 1188.0 1188.3  1    2.873    2.873  1   28.097  -99.999  4
 1190.0 1190.3  1    2.870    2.870  1   28.098  -99.999  4
 1192.0 1192.3  1    2.864    2.864  1   28.099  -99.999  4
 1194.0 1194.3  1    2.863    2.863  1   28.099  -99.999  4
 1196.0 1196.3  1    2.860    2.860  1   28.100  -99.999  4
 1198.0 1198.3  1    2.858    2.858  1   28.100  -99.999  4
 1200.0 1200.3  1    2.857    2.857  1   28.101  -99.999  4
 1202.0 1202.3  1    2.856    2.856  1   28.101  -99.999  4
 1204.0 1204.3  1    2.854    2.854  1   28.101  -99.999  4
 1206.0 1206.3  1    2.850    2.850  1   28.102  -99.999  4
 1208.0 1208.3  1    2.848    2.848  1   28.102  -99.999  4
 1210.0 1210.3  1    2.844    2.844  1   28.103  -99.999  4
 1212.0 1212.3  1    2.840    2.840  1   28.104  -99.999  4
 1214.0 1214.3  1    2.833    2.833  1   28.106  -99.999  4
 1216.0 1216.3  1    2.830    2.830  1   28.107  -99.999  4
 1218.0 1218.3  1    2.829    2.829  1   28.107  -99.999  4
 1220.0 1220.3  1    2.826    2.826  1   28.108  -99.999  4
 1222.0 1222.3  1    2.825    2.825  1   28.108  -99.999  4
 1224.0 1224.3  1    2.823    2.823  1   28.108  -99.999  4
 1226.0 1226.3  1    2.821    2.821  1   28.109  -99.999  4
 1228.0 1228.3  1    2.821    2.821  1   28.109  -99.999  4
 1230.0 1230.3  1    2.820    2.820  1   28.109  -99.999  4
 1232.0 1232.3  1    2.819    2.819  1   28.109  -99.999  4
 1234.0 1234.3  1    2.819    2.819  1   28.110  -99.999  4
 1236.0 1236.3  1    2.818    2.818  1   28.110  -99.999  4
 1238.0 1238.3  1    2.816    2.816  1   28.110  -99.999  4
 1240.0 1240.3  1    2.814    2.814  1   28.111  -99.999  4
 1242.0 1242.3  1    2.812    2.812  1   28.112  -99.999  4
 1244.0 1244.3  1    2.810    2.810  1   28.114  -99.999  4
 1246.0 1246.3  1    2.807    2.807  1   28.115  -99.999  4
 1248.0 1248.3  1    2.805    2.805  1   28.116  -99.999  4
 1250.0 1250.3  1    2.804    2.804  1   28.116  -99.999  4
 1252.0 1252.3  1    2.803    2.803  1   28.117  -99.999  4
 1254.0 1254.3  1    2.802    2.802  1   28.117  -99.999  4
 1256.0 1256.3  1    2.797    2.797  1   28.117  -99.999  4
 1258.0 1258.3  1    2.796    2.796  1   28.118  -99.999  4
 1260.0 1260.3  1    2.792    2.792  1   28.119  -99.999  4
 1262.0 1262.3  1    2.788    2.788  1   28.121  -99.999  4
 1264.0 1264.3  1    2.785    2.785  1   28.121  -99.999  4
 1266.0 1266.3  1    2.782    2.782  1   28.122  -99.999  4
 1268.0 1268.3  1    2.780    2.780  1   28.122  -99.999  4
 1270.0 1270.3  1    2.777    2.777  1   28.124  -99.999  4
 1272.0 1272.3  1    2.776    2.776  1   28.124  -99.999  4
 1274.0 1274.3  1    2.773    2.773  1   28.125  -99.999  4
 1276.0 1276.3  1    2.771    2.771  1   28.126  -99.999  4
 1278.0 1278.3  1    2.769    2.769  1   28.127  -99.999  4
 1280.0 1280.3  1    2.768    2.768  1   28.128  -99.999  4
 1282.0 1282.3  1    2.767    2.767  1   28.128  -99.999  4
 1284.0 1284.3  1    2.766    2.766  1   28.129  -99.999  4
 1286.0 1286.3  1    2.762    2.762  1   28.131  -99.999  4
 1288.0 1288.3  1    2.762    2.762  1   28.131  -99.999  4
 1290.0 1290.3  1    2.761    2.761  1   28.131  -99.999  4
 1292.0 1292.3  1    2.762    2.762  1   28.131  -99.999  4
 1294.0 1294.3  1    2.760    2.760  1   28.131  -99.999  4
 1296.0 1296.3  1    2.758    2.758  1   28.132  -99.999  4
 1298.0 1298.3  1    2.758    2.758  1   28.132  -99.999  4
 1300.0 1300.3  1    2.758    2.758  1   28.132  -99.999  4
 1302.0 1302.3  1    2.756    2.756  1   28.132  -99.999  4
 1304.0 1304.3  1    2.754    2.754  1   28.132  -99.999  4
 1306.0 1306.3  1    2.748    2.748  1   28.133  -99.999  4
 1308.0 1308.3  1    2.745    2.745  1   28.134  -99.999  4
 1310.0 1310.3  1    2.742    2.742  1   28.135  -99.999  4
 1312.0 1312.3  1    2.737    2.737  1   28.136  -99.999  4
 1314.0 1314.3  1    2.732    2.732  1   28.137  -99.999  4
 1316.0 1316.3  1    2.727    2.727  1   28.139  -99.999  4
 1318.0 1318.3  1    2.722    2.722  1   28.140  -99.999  4
 1320.0 1320.3  1    2.718    2.718  1   28.142  -99.999  4
 1322.0 1322.3  1    2.714    2.714  1   28.143  -99.999  4
 1324.0 1324.3  1    2.708    2.708  1   28.146  -99.999  4
 1326.0 1326.3  1    2.705    2.705  1   28.146  -99.999  4
 1328.0 1328.3  1    2.704    2.704  1   28.148  -99.999  4
 1330.0 1330.3  1    2.705    2.705  1   28.148  -99.999  4
 1332.0 1332.3  1    2.705    2.705  1   28.148  -99.999  4
 1334.0 1334.3  1    2.706    2.706  1   28.148  -99.999  4
 1336.0 1336.3  1    2.706    2.706  1   28.149  -99.999  4
 1338.0 1338.3  1    2.707    2.707  1   28.149  -99.999  4
 1340.0 1340.3  1    2.706    2.706  1   28.149  -99.999  4
 1342.0 1342.3  1    2.705    2.705  1   28.149  -99.999  4
 1344.0 1344.3  1    2.704    2.704  1   28.150  -99.999  4
 1346.0 1346.3  1    2.704    2.704  1   28.150  -99.999  4
 1348.0 1348.3  1    2.703    2.703  1   28.150  -99.999  4
 1350.0 1350.3  1    2.702    2.702  1   28.150  -99.999  4
 1352.0 1352.3  1    2.700    2.700  1   28.151  -99.999  4
 1354.0 1354.3  1    2.697    2.697  1   28.152  -99.999  4
 1356.0 1356.3  1    2.694    2.694  1   28.153  -99.999  4
 1358.0 1358.3  1    2.694    2.694  1   28.153  -99.999  4
 1360.0 1360.3  1    2.693    2.693  1   28.154  -99.999  4
 1362.0 1362.3  1    2.691    2.691  1   28.154  -99.999  4
 1364.0 1364.3  1    2.688    2.688  1   28.154  -99.999  4
 1366.0 1366.3  1    2.684    2.684  1   28.155  -99.999  4
 1368.0 1368.3  1    2.682    2.682  1   28.155  -99.999  4
 1370.0 1370.3  1    2.680    2.680  1   28.155  -99.999  4
 1372.0 1372.3  1    2.679    2.679  1   28.156  -99.999  4
 1374.0 1374.3  1    2.678    2.678  1   28.156  -99.999  4
 1376.0 1376.3  1    2.677    2.677  1   28.157  -99.999  4
 1378.0 1378.3  1    2.677    2.677  1   28.157  -99.999  4
 1380.0 1380.3  1    2.674    2.674  1   28.157  -99.999  4
 1382.0 1382.3  1    2.669    2.669  1   28.158  -99.999  4
 1384.0 1384.3  1    2.664    2.664  1   28.158  -99.999  4
 1386.0 1386.3  1    2.658    2.658  1   28.158  -99.999  4
 1388.0 1388.3  1    2.656    2.656  1   28.158  -99.999  4
 1390.0 1390.3  1    2.653    2.653  1   28.158  -99.999  4
 1392.0 1392.3  1    2.653    2.653  1   28.159  -99.999  4
 1394.0 1394.3  1    2.651    2.651  1   28.159  -99.999  4
 1396.0 1396.3  1    2.650    2.650  1   28.159  -99.999  4
 1398.0 1398.3  1    2.646    2.646  1   28.160  -99.999  4
 1400.0 1400.3  1    2.643    2.643  1   28.160  -99.999  4
 1402.0 1402.3  1    2.641    2.641  1   28.161  -99.999  4
 1404.0 1404.3  1    2.636    2.636  1   28.161  -99.999  4
 1406.0 1406.3  1    2.634    2.634  1   28.162  -99.999  4
 1408.0 1408.3  1    2.632    2.632  1   28.162  -99.999  4
 1410.0 1410.3  1    2.630    2.630  1   28.162  -99.999  4
 1412.0 1412.3  1    2.629    2.629  1   28.163  -99.999  4
 1414.0 1414.3  1    2.629    2.629  1   28.164  -99.999  4
 1416.0 1416.3  1    2.629    2.629  1   28.165  -99.999  4
 1418.0 1418.3  1    2.630    2.630  1   28.166  -99.999  4
 1420.0 1420.3  1    2.629    2.629  1   28.166  -99.999  4
 1422.0 1422.3  1    2.629    2.629  1   28.167  -99.999  4
 1424.0 1424.3  1    2.628    2.628  1   28.168  -99.999  4
 1426.0 1426.3  1    2.625    2.625  1   28.169  -99.999  4
 1428.0 1428.3  1    2.620    2.620  1   28.171  -99.999  4
 1430.0 1430.3  1    2.618    2.618  1   28.172  -99.999  4
 1432.0 1432.3  1    2.618    2.618  1   28.172  -99.999  4
 1434.0 1434.3  1    2.616    2.616  1   28.172  -99.999  4
 1436.0 1436.3  1    2.613    2.613  1   28.173  -99.999  4
 1438.0 1438.3  1    2.610    2.610  1   28.174  -99.999  4
 1440.0 1440.3  1    2.610    2.610  1   28.174  -99.999  4
 1442.0 1442.3  1    2.609    2.609  1   28.174  -99.999  4
 1444.0 1444.3  1    2.608    2.608  1   28.174  -99.999  4
 1446.0 1446.3  1    2.606    2.606  1   28.174  -99.999  4
 1448.0 1448.3  1    2.600    2.600  1   28.175  -99.999  4
 1450.0 1450.3  1    2.597    2.597  1   28.175  -99.999  4
 1452.0 1452.3  1    2.597    2.597  1   28.175  -99.999  4
 1454.0 1454.3  1    2.598    2.598  1   28.176  -99.999  4
 1456.0 1456.3  1    2.597    2.597  1   28.176  -99.999  4
 1458.0 1458.3  1    2.593    2.593  1   28.176  -99.999  4
 1460.0 1460.3  1    2.591    2.591  1   28.177  -99.999  4
 1462.0 1462.3  1    2.592    2.592  1   28.177  -99.999  4
 1464.0 1464.3  1    2.591    2.591  1   28.177  -99.999  4
 1466.0 1466.3  1    2.588    2.588  1   28.178  -99.999  4
 1468.0 1468.3  1    2.589    2.589  1   28.179  -99.999  4
 1470.0 1470.3  1    2.590    2.590  1   28.179  -99.999  4
 1472.0 1472.3  1    2.592    2.592  1   28.179  -99.999  4
 1474.0 1474.3  1    2.591    2.591  1   28.180  -99.999  4
 1476.0 1476.3  1    2.589    2.589  1   28.181  -99.999  4
 1478.0 1478.3  1    2.587    2.587  1   28.182  -99.999  4
 1480.0 1480.3  1    2.585    2.585  1   28.182  -99.999  4
 1482.0 1482.3  1    2.583    2.583  1   28.183  -99.999  4
 1484.0 1484.3  1    2.581    2.581  1   28.183  -99.999  4
 1486.0 1486.3  1    2.579    2.579  1   28.184  -99.999  4
 1488.0 1488.3  1    2.577    2.577  1   28.185  -99.999  4
 1490.0 1490.3  1    2.575    2.575  1   28.185  -99.999  4
 1492.0 1492.3  1    2.573    2.573  1   28.186  -99.999  4
 1494.0 1494.3  1    2.571    2.571  1   28.186  -99.999  4
 1496.0 1496.3  1    2.570    2.570  1   28.186  -99.999  4
 1498.0 1498.3  1    2.568    2.568  1   28.187  -99.999  4
 1500.0 1500.3  1    2.566    2.566  1   28.187  -99.999  4
 1502.0 1502.3  1    2.565    2.565  1   28.187  -99.999  4
 1504.0 1504.3  1    2.562    2.562  1   28.188  -99.999  4
 1506.0 1506.3  1    2.560    2.560  1   28.189  -99.999  4
 1508.0 1508.3  1    2.557    2.557  1   28.189  -99.999  4
 1510.0 1510.3  1    2.555    2.555  1   28.190  -99.999  4
 1512.0 1512.3  1    2.554    2.554  1   28.190  -99.999  4
 1514.0 1514.3  1    2.554    2.554  1   28.190  -99.999  4
 1516.0 1516.3  1    2.553    2.553  1   28.190  -99.999  4
 1518.0 1518.3  1    2.553    2.553  1   28.190  -99.999  4
 1520.0 1520.3  1    2.551    2.551  1   28.190  -99.999  4
 1522.0 1522.3  1    2.547    2.547  1   28.191  -99.999  4
 1524.0 1524.3  1    2.546    2.546  1   28.191  -99.999  4
 1526.0 1526.3  1    2.545    2.545  1   28.192  -99.999  4
 1528.0 1528.3  1    2.544    2.544  1   28.192  -99.999  4
 1530.0 1530.3  1    2.543    2.543  1   28.192  -99.999  4
 1532.0 1532.3  1    2.543    2.543  1   28.192  -99.999  4
 1534.0 1534.3  1    2.542    2.542  1   28.193  -99.999  4
 1536.0 1536.3  1    2.539    2.539  1   28.194  -99.999  4
 1538.0 1538.3  1    2.537    2.537  1   28.194  -99.999  4
 1540.0 1540.3  1    2.535    2.535  1   28.195  -99.999  4
 1542.0 1542.3  1    2.533    2.533  1   28.195  -99.999  4
 1544.0 1544.3  1    2.530    2.530  1   28.196  -99.999  4
 1546.0 1546.3  1    2.527    2.527  1   28.197  -99.999  4
 1548.0 1548.3  1    2.523    2.523  1   28.198  -99.999  4
 1550.0 1550.3  1    2.522    2.522  1   28.198  -99.999  4
 1552.0 1552.3  1    2.520    2.520  1   28.199  -99.999  4
 1554.0 1554.3  1    2.517    2.517  1   28.200  -99.999  4
 1556.0 1556.3  1    2.516    2.516  1   28.200  -99.999  4
 1558.0 1558.3  1    2.515    2.515  1   28.200  -99.999  4
 1560.0 1560.3  1    2.513    2.513  1   28.201  -99.999  4
 1562.0 1562.3  1    2.511    2.511  1   28.201  -99.999  4
 1564.0 1564.3  1    2.508    2.508  1   28.202  -99.999  4
 1566.0 1566.3  1    2.507    2.507  1   28.203  -99.999  4
 1568.0 1568.3  1    2.507    2.507  1   28.203  -99.999  4
 1570.0 1570.3  1    2.506    2.506  1   28.203  -99.999  4
 1572.0 1572.3  1    2.506    2.506  1   28.203  -99.999  4
 1574.0 1574.3  1    2.505    2.505  1   28.204  -99.999  4
 1576.0 1576.3  1    2.502    2.502  1   28.204  -99.999  4
 1578.0 1578.3  1    2.498    2.498  1   28.205  -99.999  4
 1580.0 1580.3  1    2.496    2.496  1   28.206  -99.999  4
 1582.0 1582.3  1    2.495    2.495  1   28.206  -99.999  4
 1584.0 1584.3  1    2.494    2.494  1   28.206  -99.999  4
 1586.0 1586.3  1    2.491    2.491  1   28.207  -99.999  4
 1588.0 1588.3  1    2.489    2.489  1   28.207  -99.999  4
 1590.0 1590.3  1    2.488    2.488  1   28.208  -99.999  4
 1592.0 1592.3  1    2.484    2.484  1   28.209  -99.999  4
 1594.0 1594.3  1    2.481    2.481  1   28.210  -99.999  4
 1596.0 1596.3  1    2.481    2.481  1   28.209  -99.999  4
 1598.0 1598.3  1    2.478    2.478  1   28.210  -99.999  4
 1600.0 1600.3  1    2.475    2.475  1   28.211  -99.999  4
 1602.0 1602.3  1    2.471    2.471  1   28.212  -99.999  4
 1604.0 1604.3  1    2.467    2.467  1   28.213  -99.999  4
 1606.0 1606.3  1    2.466    2.466  1   28.214  -99.999  4
 1608.0 1608.3  1    2.465    2.465  1   28.214  -99.999  4
 1610.0 1610.3  1    2.464    2.464  1   28.214  -99.999  4
 1612.0 1612.3  1    2.462    2.462  1   28.215  -99.999  4
 1614.0 1614.3  1    2.460    2.460  1   28.215  -99.999  4
 1616.0 1616.3  1    2.459    2.459  1   28.216  -99.999  4
 1618.0 1618.3  1    2.459    2.459  1   28.216  -99.999  4
 1620.0 1620.3  1    2.458    2.458  1   28.216  -99.999  4
 1622.0 1622.3  1    2.457    2.457  1   28.216  -99.999  4
 1624.0 1624.3  1    2.456    2.456  1   28.216  -99.999  4
 1626.0 1626.3  1    2.453    2.453  1   28.217  -99.999  4
 1628.0 1628.3  1    2.453    2.453  1   28.217  -99.999  4
 1630.0 1630.3  1    2.452    2.452  1   28.218  -99.999  4
 1632.0 1632.3  1    2.451    2.451  1   28.218  -99.999  4
 1634.0 1634.3  1    2.448    2.448  1   28.219  -99.999  4
 1636.0 1636.3  1    2.446    2.446  1   28.219  -99.999  4
 1638.0 1638.3  1    2.445    2.445  1   28.220  -99.999  4
 1640.0 1640.3  1    2.444    2.444  1   28.220  -99.999  4
 1642.0 1642.3  1    2.443    2.443  1   28.220  -99.999  4
 1644.0 1644.3  1    2.441    2.441  1   28.221  -99.999  4
 1646.0 1646.3  1    2.440    2.440  1   28.221  -99.999  4
 1648.0 1648.3  1    2.438    2.438  1   28.222  -99.999  4
 1650.0 1650.3  1    2.437    2.437  1   28.222  -99.999  4
 1652.0 1652.3  1    2.435    2.435  1   28.222  -99.999  4
 1654.0 1654.3  1    2.432    2.432  1   28.223  -99.999  4
 1656.0 1656.3  1    2.431    2.431  1   28.223  -99.999  4
 1658.0 1658.3  1    2.429    2.429  1   28.224  -99.999  4
 1660.0 1660.3  1    2.427    2.427  1   28.224  -99.999  4
 1662.0 1662.3  1    2.425    2.425  1   28.225  -99.999  4
 1664.0 1664.3  1    2.425    2.425  1   28.225  -99.999  4
 1666.0 1666.3  1    2.422    2.422  1   28.226  -99.999  4
 1668.0 1668.3  1    2.421    2.421  1   28.226  -99.999  4
 1670.0 1670.3  1    2.421    2.421  1   28.226  -99.999  4
 1672.0 1672.3  1    2.421    2.421  1   28.226  -99.999  4
 1674.0 1674.3  1    2.419    2.419  1   28.227  -99.999  4
 1676.0 1676.3  1    2.417    2.417  1   28.227  -99.999  4
 1678.0 1678.3  1    2.416    2.416  1   28.227  -99.999  4
 1680.0 1680.3  1    2.416    2.416  1   28.227  -99.999  4
 1682.0 1682.3  1    2.415    2.415  1   28.228  -99.999  4
 1684.0 1684.3  1    2.414    2.414  1   28.228  -99.999  4
 1686.0 1686.3  1    2.412    2.412  1   28.228  -99.999  4
 1688.0 1688.3  1    2.411    2.411  1   28.229  -99.999  4
 1690.0 1690.3  1    2.408    2.408  1   28.229  -99.999  4
 1692.0 1692.3  1    2.407    2.407  1   28.230  -99.999  4
 1694.0 1694.3  1    2.406    2.406  1   28.230  -99.999  4
 1696.0 1696.3  1    2.405    2.405  1   28.230  -99.999  4
 1698.0 1698.3  1    2.404    2.404  1   28.230  -99.999  4
 1700.0 1700.3  1    2.403    2.403  1   28.231  -99.999  4
 1702.0 1702.3  1    2.402    2.402  1   28.231  -99.999  4
 1704.0 1704.3  1    2.401    2.401  1   28.231  -99.999  4
 1706.0 1706.3  1    2.400    2.400  1   28.231  -99.999  4
 1708.0 1708.3  1    2.399    2.399  1   28.232  -99.999  4
 1710.0 1710.3  1    2.398    2.398  1   28.232  -99.999  4
 1712.0 1712.3  1    2.397    2.397  1   28.232  -99.999  4
 1714.0 1714.3  1    2.395    2.395  1   28.233  -99.999  4
 1716.0 1716.3  1    2.393    2.393  1   28.233  -99.999  4
 1718.0 1718.3  1    2.392    2.392  1   28.233  -99.999  4
 1720.0 1720.3  1    2.391    2.391  1   28.234  -99.999  4
 1722.0 1722.3  1    2.389    2.389  1   28.234  -99.999  4
 1724.0 1724.3  1    2.388    2.388  1   28.234  -99.999  4
 1726.0 1726.3  1    2.387    2.387  1   28.235  -99.999  4
 1728.0 1728.3  1    2.385    2.385  1   28.235  -99.999  4
 1730.0 1730.3  1    2.384    2.384  1   28.236  -99.999  4
 1732.0 1732.3  1    2.382    2.382  1   28.236  -99.999  4
 1734.0 1734.3  1    2.382    2.382  1   28.236  -99.999  4
 1736.0 1736.3  1    2.381    2.381  1   28.236  -99.999  4
 1738.0 1738.3  1    2.379    2.379  1   28.237  -99.999  4
 1740.0 1740.3  1    2.378    2.378  1   28.237  -99.999  4
 1742.0 1742.3  1    2.378    2.378  1   28.237  -99.999  4
 1744.0 1744.3  1    2.377    2.377  1   28.238  -99.999  4
 1746.0 1746.3  1    2.375    2.375  1   28.238  -99.999  4
 1748.0 1748.3  1    2.374    2.374  1   28.239  -99.999  4
 1750.0 1750.3  1    2.374    2.374  1   28.239  -99.999  4
 1752.0 1752.3  1    2.372    2.372  1   28.240  -99.999  4
 1754.0 1754.3  1    2.370    2.370  1   28.240  -99.999  4
 1756.0 1756.3  1    2.367    2.367  1   28.240  -99.999  4
 1758.0 1758.3  1    2.366    2.366  1   28.241  -99.999  4
 1760.0 1760.3  1    2.364    2.364  1   28.241  -99.999  4
 1762.0 1762.3  1    2.364    2.364  1   28.241  -99.999  4
 1764.0 1764.3  1    2.363    2.363  1   28.241  -99.999  4
 1766.0 1766.3  1    2.362    2.362  1   28.242  -99.999  4
 1768.0 1768.3  1    2.361    2.361  1   28.242  -99.999  4
 1770.0 1770.3  1    2.359    2.359  1   28.242  -99.999  4
 1772.0 1772.3  1    2.358    2.358  1   28.243  -99.999  4
 1774.0 1774.3  1    2.355    2.355  1   28.243  -99.999  4
 1776.0 1776.3  1    2.353    2.353  1   28.244  -99.999  4
 1778.0 1778.3  1    2.353    2.353  1   28.244  -99.999  4
 1780.0 1780.3  1    2.352    2.352  1   28.244  -99.999  4
 1782.0 1782.3  1    2.351    2.351  1   28.244  -99.999  4
 1784.0 1784.3  1    2.351    2.351  1   28.244  -99.999  4
 1786.0 1786.3  1    2.350    2.350  1   28.244  -99.999  4
 1788.0 1788.3  1    2.349    2.349  1   28.244  -99.999  4
 1790.0 1790.3  1    2.348    2.348  1   28.244  -99.999  4
 1792.0 1792.3  1    2.348    2.348  1   28.244  -99.999  4
 1794.0 1794.3  1    2.347    2.347  1   28.245  -99.999  4
 1796.0 1796.3  1    2.347    2.347  1   28.245  -99.999  4
 1798.0 1798.3  1    2.347    2.347  1   28.245  -99.999  4
 1800.0 1800.3  1    2.346    2.346  1   28.245  -99.999  4
 1802.0 1802.3  1    2.345    2.345  1   28.246  -99.999  4
 1804.0 1804.3  1    2.344    2.344  1   28.246  -99.999  4
 1806.0 1806.3  1    2.343    2.343  1   28.246  -99.999  4
 1808.0 1808.3  1    2.341    2.341  1   28.247  -99.999  4
 1810.0 1810.3  1    2.340    2.340  1   28.247  -99.999  4
 1812.0 1812.3  1    2.340    2.340  1   28.247  -99.999  4
 1814.0 1814.3  1    2.338    2.338  1   28.247  -99.999  4
 1816.0 1816.3  1    2.337    2.337  1   28.248  -99.999  4
 1818.0 1818.3  1    2.337    2.337  1   28.248  -99.999  4
 1820.0 1820.3  1    2.335    2.335  1   28.248  -99.999  4
 1822.0 1822.3  1    2.334    2.334  1   28.248  -99.999  4
 1824.0 1824.3  1    2.333    2.333  1   28.249  -99.999  4
 1826.0 1826.3  1    2.333    2.333  1   28.249  -99.999  4
 1828.0 1828.3  1    2.332    2.332  1   28.249  -99.999  4
 1830.0 1830.3  1    2.331    2.331  1   28.250  -99.999  4
 1832.0 1832.3  1    2.330    2.330  1   28.250  -99.999  4
 1834.0 1834.3  1    2.330    2.330  1   28.250  -99.999  4
 1836.0 1836.3  1    2.330    2.330  1   28.251  -99.999  4
 1838.0 1838.3  1    2.329    2.329  1   28.251  -99.999  4
 1840.0 1840.3  1    2.327    2.327  1   28.251  -99.999  4
 1842.0 1842.3  1    2.327    2.327  1   28.251  -99.999  4
 1844.0 1844.3  1    2.324    2.324  1   28.252  -99.999  4
 1846.0 1846.3  1    2.324    2.324  1   28.252  -99.999  4
 1848.0 1848.3  1    2.323    2.323  1   28.252  -99.999  4
 1850.0 1850.3  1    2.321    2.321  1   28.252  -99.999  4
 1852.0 1852.3  1    2.321    2.321  1   28.252  -99.999  4
 1854.0 1854.3  1    2.321    2.321  1   28.252  -99.999  4
 1856.0 1856.3  1    2.319    2.319  1   28.253  -99.999  4
 1858.0 1858.3  1    2.316    2.316  1   28.253  -99.999  4
 1860.0 1860.3  1    2.316    2.316  1   28.253  -99.999  4
 1862.0 1862.3  1    2.315    2.315  1   28.254  -99.999  4
 1864.1 1864.4  1    2.314    2.314  1   28.254  -99.999  4
 1866.0 1866.3  1    2.314    2.314  1   28.254  -99.999  4
 1868.0 1868.3  1    2.313    2.313  1   28.254  -99.999  4
 1870.0 1870.3  1    2.311    2.311  1   28.254  -99.999  4
 1872.0 1872.3  1    2.311    2.311  1   28.254  -99.999  4
 1874.0 1874.3  1    2.310    2.310  1   28.255  -99.999  4
 1876.0 1876.3  1    2.310    2.310  1   28.254  -99.999  4
 1878.0 1878.3  1    2.309    2.309  1   28.255  -99.999  4
 1880.0 1880.3  1    2.308    2.308  1   28.255  -99.999  4
 1882.0 1882.3  1    2.305    2.305  1   28.255  -99.999  4
 1884.0 1884.3  1    2.304    2.304  1   28.255  -99.999  4
 1886.0 1886.3  1    2.304    2.304  1   28.255  -99.999  4
 1888.0 1888.3  1    2.305    2.305  1   28.255  -99.999  4
 1890.0 1890.3  1    2.303    2.303  1   28.256  -99.999  4
 1892.0 1892.3  1    2.300    2.300  1   28.257  -99.999  4
 1894.0 1894.3  1    2.299    2.299  1   28.257  -99.999  4
 1896.0 1896.3  1    2.298    2.298  1   28.257  -99.999  4
 1898.0 1898.3  1    2.297    2.297  1   28.257  -99.999  4
 1900.0 1900.3  1    2.294    2.294  1   28.258  -99.999  4
 1902.0 1902.3  1    2.294    2.294  1   28.258  -99.999  4
 1904.0 1904.3  1    2.292    2.292  1   28.258  -99.999  4
 1905.9 1906.2  1    2.292    2.292  1   28.258  -99.999  4
 1907.9 1908.2  1    2.290    2.290  1   28.258  -99.999  4
 1910.0 1910.3  1    2.290    2.290  1   28.258  -99.999  4
 1912.0 1912.3  1    2.289    2.289  1   28.259  -99.999  4
 1914.0 1914.3  1    2.288    2.288  1   28.259  -99.999  4
 1916.0 1916.3  1    2.286    2.286  1   28.259  -99.999  4
 1918.0 1918.3  1    2.284    2.284  1   28.260  -99.999  4
 1920.0 1920.3  1    2.283    2.283  1   28.260  -99.999  4
 1922.0 1922.3  1    2.281    2.281  1   28.260  -99.999  4
 1924.0 1924.3  1    2.281    2.281  1   28.260  -99.999  4
 1926.0 1926.3  1    2.279    2.279  1   28.260  -99.999  4
 1928.0 1928.3  1    2.279    2.279  1   28.261  -99.999  4
 1930.0 1930.3  1    2.279    2.279  1   28.261  -99.999  4
 1932.0 1932.3  1    2.278    2.278  1   28.261  -99.999  4
 1934.0 1934.3  1    2.275    2.275  1   28.261  -99.999  4
 1936.0 1936.3  1    2.273    2.273  1   28.262  -99.999  4
 1938.0 1938.3  1    2.272    2.272  1   28.262  -99.999  4
 1940.0 1940.3  1    2.270    2.270  1   28.262  -99.999  4
 1942.0 1942.3  1    2.268    2.268  1   28.262  -99.999  4
 1944.0 1944.3  1    2.267    2.267  1   28.263  -99.999  4
 1946.0 1946.3  1    2.265    2.265  1   28.263  -99.999  4
 1948.0 1948.3  1    2.264    2.264  1   28.263  -99.999  4
 1950.0 1950.3  1    2.263    2.263  1   28.263  -99.999  4
 1952.0 1952.3  1    2.261    2.261  1   28.263  -99.999  4
 1954.0 1954.3  1    2.261    2.261  1   28.263  -99.999  4
 1956.0 1956.3  1    2.260    2.260  1   28.264  -99.999  4
 1958.0 1958.3  1    2.258    2.258  1   28.264  -99.999  4
 1960.0 1960.3  1    2.257    2.257  1   28.264  -99.999  4
 1962.0 1962.3  1    2.256    2.256  1   28.264  -99.999  4
 1964.0 1964.3  1    2.255    2.255  1   28.265  -99.999  4
 1966.0 1966.3  1    2.252    2.252  1   28.265  -99.999  4
 1968.0 1968.3  1    2.252    2.252  1   28.265  -99.999  4
 1970.0 1970.3  1    2.251    2.251  1   28.266  -99.999  4
 1972.0 1972.3  1    2.249    2.249  1   28.266  -99.999  4
 1974.0 1974.3  1    2.247    2.247  1   28.266  -99.999  4
 1976.0 1976.3  1    2.246    2.246  1   28.266  -99.999  4
 1978.1 1978.4  1    2.246    2.246  1   28.266  -99.999  4
 1980.1 1980.4  1    2.245    2.245  1   28.267  -99.999  4
 1982.0 1982.3  1    2.244    2.244  1   28.267  -99.999  4
 1984.0 1984.3  1    2.243    2.243  1   28.267  -99.999  4
 1986.0 1986.3  1    2.242    2.242  1   28.267  -99.999  4
 1988.0 1988.3  1    2.241    2.241  1   28.268  -99.999  4
 1990.0 1990.3  1    2.241    2.241  1   28.268  -99.999  4
 1992.0 1992.3  1    2.240    2.240  1   28.268  -99.999  4
 1994.0 1994.3  1    2.240    2.240  1   28.268  -99.999  4
 1995.0 1995.3  1    2.235    2.235  1   28.272  -99.999  4
