*SoftWare Version 3.0  2018/12/27

*HEADER
     PLATFORM NUMBER       :5905980
     CYCLE NUMBER          :043
     DATE CREATION         :20191216130038
     DATE UPDATE           :20191216130038
     PROJECT NAME          :UW, SOCCOM, Argo equivalent
     PI NAME               :STEPHEN RISER, KENNETH JOHNSON
     INSTRUMENT TYPE       :APEX
     FLOAT SERIAL NO       :8343
     FIRMWARE VERSION      :121915
     WMO INSTRUMENT TYPE   :846
     TRANSMISSION SYSTEM   :IRIDIUM
     POSITIONING SYSTEM    :GPS
     SAMPLE DIRECTION      :A(A=Ascend; D=Descend)
     DATA MODE             :A(R=Real Time; D=Delayed Mode; A=Real Time Adjusted)
     JULIAN DAY            :25551.3008 (days since 1950-01-01 00:00:00 UTC)
     DATE                  :2019-12-16
     QC FLAG FOR DATE      :1
*LOCATION
     LATITUDE              :-25.534 
     LONGITUDE             :-37.267 
     QC FLAG FOR LOCATION  :1
*FILE
     COLUMN 1              :Pressure (dbar)                             F7.1
     COLUMN 2              :Corrected Pressure (dbar)                   F7.1
     COLUMN 3              :Quality on Pressure                         I3
     COLUMN 4              :Temperature (degree_Celsius)                F9.3
     COLUMN 5              :Corrected Temperature (degree_Celsius)      F9.3
     COLUMN 6              :Quality on Temperature                      I3
     COLUMN 7              :Salinity (PSU)                              F9.3
     COLUMN 8              :Corrected Salinity (PSU)                    F9.3
     COLUMN 9              :Quality on Salinity                         I3
==========================================================================
    2.4    2.4  1   24.928   24.928  1   37.137   37.137  1
    4.1    4.1  1   24.928   24.928  1   37.138   37.138  1
    5.9    5.9  1   24.929   24.929  1   37.137   37.137  1
    8.0    8.0  1   24.915   24.915  1   37.136   37.136  1
   10.0   10.0  1   24.911   24.911  1   37.134   37.134  1
   11.9   11.9  1   24.902   24.902  1   37.133   37.133  1
   13.9   13.9  1   24.891   24.891  1   37.132   37.132  1
   16.0   16.0  1   24.835   24.835  1   37.124   37.124  1
   18.0   18.0  1   24.712   24.712  1   37.117   37.117  1
   20.1   20.1  1   24.571   24.571  1   37.106   37.106  1
   22.1   22.1  1   24.568   24.568  1   37.114   37.114  1
   24.1   24.1  1   24.554   24.554  1   37.116   37.116  1
   26.0   26.0  1   24.538   24.538  1   37.113   37.113  1
   28.0   28.0  1   24.523   24.523  1   37.110   37.110  1
   30.0   30.0  1   24.519   24.519  1   37.109   37.109  1
   32.0   32.0  1   24.506   24.506  1   37.108   37.108  1
   33.9   33.9  1   24.478   24.478  1   37.103   37.103  1
   36.0   36.0  1   24.445   24.445  1   37.095   37.095  1
   38.1   38.1  1   24.409   24.409  1   37.089   37.089  1
   40.1   40.1  1   24.466   24.466  1   37.126   37.126  1
   42.1   42.1  1   24.504   24.504  1   37.149   37.149  1
   44.1   44.1  1   24.452   24.452  1   37.166   37.166  1
   46.1   46.1  1   24.350   24.350  1   37.156   37.156  1
   48.1   48.1  1   24.313   24.313  1   37.151   37.151  1
   49.9   49.9  1   24.274   24.274  1   37.142   37.142  1
   51.9   51.9  1   24.245   24.245  1   37.138   37.138  1
   53.9   53.9  1   24.241   24.241  1   37.146   37.146  1
   56.0   56.0  1   24.197   24.197  1   37.141   37.141  1
   58.0   58.0  1   24.192   24.192  1   37.152   37.152  1
   60.0   60.0  1   24.111   24.111  1   37.162   37.162  1
   62.1   62.1  1   24.001   24.001  1   37.152   37.152  1
   64.0   64.0  1   23.985   23.985  1   37.149   37.149  1
   66.0   66.0  1   23.974   23.974  1   37.147   37.147  1
   68.1   68.1  1   23.961   23.961  1   37.146   37.146  1
   70.0   70.0  1   23.925   23.925  1   37.144   37.144  1
   72.0   72.0  1   23.896   23.896  1   37.141   37.141  1
   74.0   74.0  1   23.862   23.862  1   37.143   37.143  1
   76.0   76.0  1   23.846   23.846  1   37.144   37.144  1
   77.9   77.9  1   23.830   23.830  1   37.141   37.141  1
   80.1   80.1  1   23.809   23.809  1   37.140   37.140  1
   82.0   82.0  1   23.771   23.771  1   37.137   37.137  1
   84.0   84.0  1   23.753   23.753  1   37.135   37.135  1
   86.0   86.0  1   23.734   23.734  1   37.135   37.135  1
   88.0   88.0  1   23.704   23.704  1   37.131   37.131  1
   90.0   90.0  1   23.688   23.688  1   37.140   37.140  1
   92.0   92.0  1   23.628   23.628  1   37.129   37.129  1
   94.1   94.1  1   23.588   23.588  1   37.120   37.120  1
   96.0   96.0  1   23.549   23.549  1   37.107   37.107  1
   98.0   98.0  1   23.474   23.474  1   37.092   37.092  1
  100.0  100.0  1   23.395   23.395  1   37.076   37.076  1
  102.0  102.0  1   23.369   23.369  1   37.068   37.068  1
  104.0  104.0  1   23.300   23.300  1   37.057   37.057  1
  106.0  106.0  1   23.191   23.191  1   37.035   37.035  1
  108.0  108.0  1   23.176   23.176  1   37.031   37.031  1
  110.1  110.1  1   23.157   23.157  1   37.027   37.027  1
  112.0  112.0  1   23.057   23.057  1   37.011   37.011  1
  113.9  113.9  1   22.963   22.963  1   36.994   36.994  1
  115.9  115.9  1   22.858   22.858  1   36.976   36.976  1
  117.9  117.9  1   22.812   22.812  1   36.967   36.967  1
  120.0  120.0  1   22.806   22.806  1   36.965   36.965  1
  122.1  122.1  1   22.788   22.788  1   36.962   36.962  1
  124.1  124.1  1   22.737   22.737  1   36.957   36.957  1
  126.0  126.0  1   22.542   22.542  1   36.919   36.919  1
  128.0  128.0  1   22.382   22.382  1   36.881   36.881  1
  130.0  130.0  1   22.327   22.327  1   36.869   36.869  1
  131.9  131.9  1   22.231   22.231  1   36.847   36.847  1
  134.1  134.1  1   22.120   22.120  1   36.832   36.832  1
  136.1  136.1  1   22.066   22.066  1   36.825   36.825  1
  137.9  137.9  1   22.033   22.033  1   36.818   36.818  1
  139.9  139.9  1   21.980   21.980  1   36.813   36.813  1
  142.0  142.0  1   21.956   21.956  1   36.808   36.808  1
  144.1  144.1  1   21.886   21.886  1   36.797   36.797  1
  146.0  146.0  1   21.798   21.798  1   36.783   36.783  1
  147.9  147.9  1   21.749   21.749  1   36.773   36.773  1
  150.1  150.1  1   21.679   21.679  1   36.762   36.762  1
  152.0  152.0  1   21.594   21.594  1   36.744   36.744  1
  154.0  154.0  1   21.432   21.432  1   36.714   36.714  1
  156.1  156.1  1   21.352   21.352  1   36.692   36.692  1
  158.1  158.1  1   21.315   21.315  1   36.682   36.682  1
  160.0  160.0  1   21.269   21.269  1   36.671   36.671  1
  162.0  162.0  1   21.172   21.172  1   36.648   36.648  1
  164.1  164.1  1   21.045   21.045  1   36.624   36.624  1
  166.0  166.0  1   20.884   20.884  1   36.585   36.585  1
  168.0  168.0  1   20.842   20.842  1   36.571   36.571  1
  170.0  170.0  1   20.732   20.732  1   36.550   36.550  1
  172.0  172.0  1   20.616   20.616  1   36.519   36.519  1
  174.0  174.0  1   20.556   20.556  1   36.505   36.505  1
  175.9  175.9  1   20.469   20.469  1   36.483   36.483  1
  178.1  178.1  1   20.411   20.411  1   36.472   36.472  1
  180.1  180.1  1   20.391   20.391  1   36.467   36.467  1
  182.1  182.1  1   20.375   20.375  1   36.465   36.465  1
  184.1  184.1  1   20.317   20.317  1   36.453   36.453  1
  186.1  186.1  1   20.255   20.255  1   36.436   36.436  1
  188.1  188.1  1   20.218   20.218  1   36.426   36.426  1
  190.1  190.1  1   20.097   20.097  1   36.399   36.399  1
  192.0  192.0  1   20.000   20.000  1   36.377   36.377  1
  194.0  194.0  1   19.790   19.790  1   36.337   36.337  1
  195.9  195.9  1   19.576   19.576  1   36.284   36.284  1
  198.0  198.0  1   19.425   19.425  1   36.252   36.252  1
  200.0  200.0  1   19.300   19.300  1   36.224   36.224  1
  202.1  202.1  1   19.192   19.192  1   36.200   36.200  1
  204.1  204.1  1   19.099   19.099  1   36.183   36.183  1
  206.0  206.0  1   19.023   19.023  1   36.163   36.163  1
  208.0  208.0  1   18.893   18.893  1   36.138   36.138  1
  210.0  210.0  1   18.671   18.671  1   36.093   36.093  1
  212.0  212.0  1   18.495   18.495  1   36.062   36.062  1
  214.0  214.0  1   18.284   18.284  1   36.022   36.022  1
  215.9  215.9  1   18.103   18.103  1   35.989   35.989  1
  218.0  218.0  1   17.992   17.992  1   35.966   35.966  1
  220.1  220.1  1   17.903   17.903  1   35.950   35.950  1
  222.1  222.1  1   17.833   17.833  1   35.938   35.938  1
  224.1  224.1  1   17.795   17.795  1   35.930   35.930  1
  226.0  226.0  1   17.771   17.771  1   35.925   35.925  1
  228.1  228.1  1   17.661   17.661  1   35.907   35.907  1
  230.0  230.0  1   17.531   17.531  1   35.884   35.884  1
  232.1  232.1  1   17.348   17.348  1   35.856   35.856  1
  234.1  234.1  1   17.300   17.300  1   35.844   35.844  1
  236.0  236.0  1   17.268   17.268  1   35.837   35.837  1
  238.0  238.0  1   17.218   17.218  1   35.829   35.829  1
  240.0  240.0  1   17.180   17.180  1   35.823   35.823  1
  242.1  242.1  1   17.164   17.164  1   35.819   35.819  1
  244.1  244.1  1   17.143   17.143  1   35.815   35.815  1
  246.1  246.1  1   17.062   17.062  1   35.801   35.801  1
  248.1  248.1  1   16.998   16.998  1   35.790   35.790  1
  250.1  250.1  1   16.919   16.919  1   35.775   35.775  1
  252.2  252.2  1   16.757   16.757  1   35.748   35.748  1
  254.1  254.1  1   16.692   16.692  1   35.736   35.736  1
  256.1  256.1  1   16.636   16.636  1   35.726   35.726  1
  258.0  258.0  1   16.555   16.555  1   35.713   35.713  1
  260.0  260.0  1   16.523   16.523  1   35.706   35.706  1
  262.0  262.0  1   16.396   16.396  1   35.689   35.689  1
  264.0  264.0  1   16.297   16.297  1   35.674   35.674  1
  266.0  266.0  1   16.251   16.251  1   35.667   35.667  1
  267.9  267.9  1   16.193   16.193  1   35.657   35.657  1
  269.9  269.9  1   16.141   16.141  1   35.650   35.650  1
  272.0  272.0  1   16.107   16.107  1   35.648   35.648  1
  274.0  274.0  1   16.090   16.090  1   35.648   35.648  1
  276.0  276.0  1   16.055   16.055  1   35.643   35.643  1
  278.0  278.0  1   15.998   15.998  1   35.633   35.633  1
  280.0  280.0  1   15.932   15.932  1   35.625   35.625  1
  282.0  282.0  1   15.857   15.857  1   35.615   35.615  1
  284.0  284.0  1   15.795   15.795  1   35.606   35.606  1
  286.1  286.1  1   15.777   15.777  1   35.603   35.603  1
  288.0  288.0  1   15.751   15.751  1   35.599   35.599  1
  290.0  290.0  1   15.673   15.673  1   35.588   35.588  1
  292.0  292.0  1   15.633   15.633  1   35.583   35.583  1
  294.0  294.0  1   15.600   15.600  1   35.577   35.577  1
  296.0  296.0  1   15.518   15.518  1   35.568   35.568  1
  297.9  297.9  1   15.486   15.486  1   35.561   35.561  1
  300.0  300.0  1   15.457   15.457  1   35.554   35.554  1
  302.0  302.0  1   15.448   15.448  1   35.551   35.551  1
  304.1  304.1  1   15.352   15.352  1   35.539   35.539  1
  306.0  306.0  1   15.184   15.184  1   35.512   35.512  1
  308.0  308.0  1   15.107   15.107  1   35.498   35.498  1
  310.1  310.1  1   15.044   15.044  1   35.489   35.489  1
  312.0  312.0  1   15.006   15.006  1   35.485   35.485  1
  314.0  314.0  1   14.967   14.967  1   35.481   35.481  1
  316.0  316.0  1   14.927   14.927  1   35.477   35.477  1
  318.0  318.0  1   14.911   14.911  1   35.476   35.476  1
  320.0  320.0  1   14.884   14.884  1   35.474   35.474  1
  322.0  322.0  1   14.856   14.856  1   35.470   35.470  1
  324.0  324.0  1   14.815   14.815  1   35.466   35.466  1
  326.0  326.0  1   14.785   14.785  1   35.464   35.464  1
  328.0  328.0  1   14.755   14.755  1   35.464   35.464  1
  329.9  329.9  1   14.687   14.687  1   35.460   35.460  1
  331.9  331.9  1   14.629   14.629  1   35.450   35.450  1
  334.0  334.0  1   14.484   14.484  1   35.425   35.425  1
  336.1  336.1  1   14.412   14.412  1   35.410   35.410  1
  338.0  338.0  1   14.411   14.411  1   35.410   35.410  1
  340.0  340.0  1   14.331   14.331  1   35.400   35.400  1
  342.1  342.1  1   14.296   14.296  1   35.392   35.392  1
  344.1  344.1  1   14.265   14.265  1   35.387   35.387  1
  346.1  346.1  1   14.212   14.212  1   35.381   35.381  1
  348.1  348.1  1   14.159   14.159  1   35.371   35.371  1
  350.1  350.1  1   14.155   14.155  1   35.370   35.370  1
  352.1  352.1  1   14.145   14.145  1   35.368   35.368  1
  354.1  354.1  1   14.133   14.133  1   35.366   35.366  1
  356.0  356.0  1   14.107   14.107  1   35.361   35.361  1
  358.0  358.0  1   14.086   14.086  1   35.358   35.358  1
  360.0  360.0  1   14.038   14.038  1   35.354   35.354  1
  362.0  362.0  1   13.953   13.953  1   35.346   35.346  1
  364.0  364.0  1   13.902   13.902  1   35.340   35.340  1
  366.0  366.0  1   13.844   13.844  1   35.329   35.329  1
  368.0  368.0  1   13.840   13.840  1   35.332   35.332  1
  370.1  370.1  1   13.840   13.840  1   35.344   35.344  1
  372.0  372.0  1   13.798   13.798  1   35.340   35.340  1
  374.0  374.0  1   13.757   13.757  1   35.334   35.334  1
  376.0  376.0  1   13.734   13.734  1   35.330   35.330  1
  378.0  378.0  1   13.726   13.726  1   35.329   35.329  1
  380.0  380.0  1   13.724   13.724  1   35.328   35.328  1
  382.0  382.0  1   13.722   13.722  1   35.328   35.328  1
  384.0  384.0  1   13.707   13.707  1   35.325   35.325  1
  386.0  386.0  1   13.681   13.681  1   35.322   35.322  1
  388.0  388.0  1   13.649   13.649  1   35.318   35.318  1
  390.0  390.0  1   13.610   13.610  1   35.313   35.313  1
  392.0  392.0  1   13.567   13.567  1   35.307   35.307  1
  394.0  394.0  1   13.526   13.526  1   35.302   35.302  1
  396.0  396.0  1   13.483   13.483  1   35.295   35.295  1
  398.0  398.0  1   13.465   13.465  1   35.293   35.293  1
  400.0  400.0  1   13.443   13.443  1   35.289   35.289  1
  402.0  402.0  1   13.394   13.394  1   35.283   35.283  1
  404.0  404.0  1   13.361   13.361  1   35.277   35.277  1
  406.0  406.0  1   13.297   13.297  1   35.269   35.269  1
  407.9  407.9  1   13.264   13.264  1   35.263   35.263  1
  410.0  410.0  1   13.233   13.233  1   35.259   35.259  1
  412.0  412.0  1   13.186   13.186  1   35.251   35.251  1
  414.0  414.0  1   13.150   13.150  1   35.246   35.246  1
  416.0  416.0  1   13.114   13.114  1   35.241   35.241  1
  418.0  418.0  1   13.059   13.059  1   35.233   35.233  1
  420.0  420.0  1   13.016   13.016  1   35.226   35.226  1
  422.0  422.0  1   12.984   12.984  1   35.220   35.220  1
  424.0  424.0  1   12.914   12.914  1   35.212   35.212  1
  426.0  426.0  1   12.874   12.874  1   35.205   35.205  1
  428.0  428.0  1   12.855   12.855  1   35.202   35.202  1
  430.0  430.0  1   12.839   12.839  1   35.199   35.199  1
  432.0  432.0  1   12.796   12.796  1   35.193   35.193  1
  434.0  434.0  1   12.726   12.726  1   35.184   35.184  1
  436.1  436.1  1   12.687   12.687  1   35.178   35.178  1
  438.0  438.0  1   12.612   12.612  1   35.166   35.166  1
  440.0  440.0  1   12.572   12.572  1   35.161   35.161  1
  442.0  442.0  1   12.512   12.512  1   35.152   35.152  1
  444.0  444.0  1   12.502   12.502  1   35.150   35.150  1
  446.0  446.0  1   12.479   12.479  1   35.147   35.147  1
  448.0  448.0  1   12.442   12.442  1   35.141   35.141  1
  449.9  449.9  1   12.343   12.343  1   35.129   35.129  1
  451.9  451.9  1   12.299   12.299  1   35.121   35.121  1
  454.0  454.0  1   12.284   12.284  1   35.119   35.119  1
  456.1  456.1  1   12.257   12.257  1   35.115   35.115  1
  458.0  458.0  1   12.229   12.229  1   35.111   35.111  1
  459.9  459.9  1   12.196   12.196  1   35.107   35.107  1
  461.9  461.9  1   12.157   12.157  1   35.100   35.100  1
  463.9  463.9  1   12.114   12.114  1   35.095   35.095  1
  466.0  466.0  1   12.006   12.006  1   35.080   35.080  1
  468.0  468.0  1   11.951   11.951  1   35.071   35.071  1
  470.0  470.0  1   11.838   11.838  1   35.058   35.058  1
  472.0  472.0  1   11.798   11.798  1   35.050   35.050  1
  474.0  474.0  1   11.777   11.777  1   35.046   35.046  1
  476.0  476.0  1   11.745   11.745  1   35.041   35.041  1
  478.0  478.0  1   11.660   11.660  1   35.031   35.031  1
  480.0  480.0  1   11.518   11.518  1   35.011   35.011  1
  482.0  482.0  1   11.422   11.422  1   34.998   34.998  1
  484.0  484.0  1   11.386   11.386  1   34.991   34.991  1
  485.9  485.9  1   11.330   11.330  1   34.984   34.984  1
  487.9  487.9  1   11.304   11.304  1   34.979   34.979  1
  489.9  489.9  1   11.255   11.255  1   34.973   34.973  1
  492.0  492.0  1   11.235   11.235  1   34.969   34.969  1
  494.0  494.0  1   11.192   11.192  1   34.965   34.965  1
  496.0  496.0  1   11.153   11.153  1   34.958   34.958  1
  498.0  498.0  1   11.084   11.084  1   34.949   34.949  1
  500.0  500.0  1   11.038   11.038  1   34.940   34.940  1
  502.0  502.0  1   10.991   10.991  1   34.932   34.932  1
  504.0  504.0  1   10.779   10.779  1   34.910   34.910  1
  506.0  506.0  1   10.719   10.719  1   34.897   34.897  1
  508.0  508.0  1   10.684   10.684  1   34.894   34.894  1
  510.0  510.0  1   10.645   10.645  1   34.888   34.888  1
  512.0  512.0  1   10.627   10.627  1   34.885   34.885  1
  513.9  513.9  1   10.560   10.560  1   34.878   34.878  1
  516.0  516.0  1   10.534   10.534  1   34.873   34.873  1
  518.0  518.0  1   10.468   10.468  1   34.867   34.867  1
  520.0  520.0  1   10.429   10.429  1   34.862   34.862  1
  522.1  522.1  1   10.394   10.394  1   34.856   34.856  1
  524.1  524.1  1   10.308   10.308  1   34.848   34.848  1
  526.0  526.0  1   10.241   10.241  1   34.840   34.840  1
  527.9  527.9  1   10.130   10.130  1   34.822   34.822  1
  530.0  530.0  1   10.050   10.050  1   34.812   34.812  1
  532.0  532.0  1    9.993    9.993  1   34.804   34.804  1
  534.0  534.0  1    9.953    9.953  1   34.798   34.798  1
  536.0  536.0  1    9.920    9.920  1   34.794   34.794  1
  538.0  538.0  1    9.873    9.873  1   34.789   34.789  1
  540.0  540.0  1    9.834    9.834  1   34.783   34.783  1
  542.0  542.0  1    9.797    9.797  1   34.778   34.778  1
  544.1  544.1  1    9.775    9.775  1   34.775   34.775  1
  546.1  546.1  1    9.710    9.710  1   34.770   34.770  1
  548.0  548.0  1    9.645    9.645  1   34.762   34.762  1
  550.0  550.0  1    9.576    9.576  1   34.752   34.752  1
  552.0  552.0  1    9.530    9.530  1   34.746   34.746  1
  554.0  554.0  1    9.498    9.498  1   34.742   34.742  1
  556.0  556.0  1    9.457    9.457  1   34.739   34.739  1
  558.0  558.0  1    9.419    9.419  1   34.734   34.734  1
  560.0  560.0  1    9.397    9.397  1   34.731   34.731  1
  562.1  562.1  1    9.340    9.340  1   34.727   34.727  1
  564.0  564.0  1    9.318    9.318  1   34.723   34.723  1
  566.1  566.1  1    9.311    9.311  1   34.721   34.721  1
  568.0  568.0  1    9.281    9.281  1   34.719   34.719  1
  570.0  570.0  1    9.246    9.246  1   34.716   34.716  1
  572.0  572.0  1    9.232    9.232  1   34.713   34.713  1
  574.0  574.0  1    9.220    9.220  1   34.712   34.712  1
  576.0  576.0  1    9.200    9.200  1   34.709   34.709  1
  578.0  578.0  1    9.162    9.162  1   34.705   34.705  1
  580.0  580.0  1    9.142    9.142  1   34.702   34.702  1
  582.0  582.0  1    9.072    9.072  1   34.696   34.696  1
  584.0  584.0  1    9.023    9.023  1   34.689   34.689  1
  586.0  586.0  1    8.992    8.992  1   34.684   34.684  1
  588.0  588.0  1    8.941    8.941  1   34.679   34.679  1
  590.0  590.0  1    8.890    8.890  1   34.672   34.672  1
  592.0  592.0  1    8.841    8.841  1   34.667   34.667  1
  594.0  594.0  1    8.793    8.793  1   34.661   34.661  1
  596.1  596.1  1    8.709    8.709  1   34.652   34.652  1
  598.0  598.0  1    8.656    8.656  1   34.645   34.645  1
  600.0  600.0  1    8.613    8.613  1   34.642   34.642  1
  602.0  602.0  1    8.577    8.577  1   34.637   34.637  1
  604.0  604.0  1    8.570    8.570  1   34.636   34.636  1
  606.0  606.0  1    8.541    8.541  1   34.632   34.632  1
  608.0  608.0  1    8.504    8.504  1   34.628   34.628  1
  610.0  610.0  1    8.410    8.410  1   34.620   34.620  1
  612.0  612.0  1    8.351    8.351  1   34.613   34.613  1
  614.0  614.0  1    8.333    8.333  1   34.611   34.611  1
  616.0  616.0  1    8.320    8.320  1   34.609   34.609  1
  618.0  618.0  1    8.302    8.302  1   34.606   34.606  1
  620.0  620.0  1    8.260    8.260  1   34.602   34.602  1
  622.0  622.0  1    8.205    8.205  1   34.596   34.596  1
  624.0  624.0  1    8.179    8.179  1   34.592   34.592  1
  626.0  626.0  1    8.117    8.117  1   34.586   34.586  1
  628.0  628.0  1    8.061    8.061  1   34.578   34.578  1
  630.0  630.0  1    7.948    7.948  1   34.570   34.570  1
  632.0  632.0  1    7.866    7.866  1   34.560   34.560  1
  634.0  634.0  1    7.813    7.813  1   34.554   34.554  1
  636.0  636.0  1    7.741    7.741  1   34.547   34.547  1
  638.1  638.1  1    7.691    7.691  1   34.541   34.541  1
  640.0  640.0  1    7.622    7.622  1   34.536   34.536  1
  642.0  642.0  1    7.556    7.556  1   34.528   34.528  1
  644.0  644.0  1    7.512    7.512  1   34.523   34.523  1
  646.0  646.0  1    7.464    7.464  1   34.518   34.518  1
  648.0  648.0  1    7.401    7.401  1   34.512   34.512  1
  650.0  650.0  1    7.323    7.323  1   34.504   34.504  1
  652.0  652.0  1    7.260    7.260  1   34.498   34.498  1
  654.0  654.0  1    7.218    7.218  1   34.493   34.493  1
  655.9  655.9  1    7.191    7.191  1   34.491   34.491  1
  658.0  658.0  1    7.178    7.178  1   34.490   34.490  1
  660.0  660.0  1    7.156    7.156  1   34.489   34.489  1
  662.0  662.0  1    7.130    7.130  1   34.486   34.486  1
  664.1  664.1  1    7.098    7.098  1   34.484   34.484  1
  666.0  666.0  1    7.024    7.024  1   34.477   34.477  1
  668.0  668.0  1    7.005    7.005  1   34.473   34.473  1
  670.0  670.0  1    6.972    6.972  1   34.470   34.470  1
  672.0  672.0  1    6.932    6.932  1   34.466   34.466  1
  673.9  673.9  1    6.883    6.883  1   34.462   34.462  1
  676.0  676.0  1    6.853    6.853  1   34.459   34.459  1
  678.0  678.0  1    6.834    6.834  1   34.457   34.457  1
  680.0  680.0  1    6.815    6.815  1   34.455   34.455  1
  682.0  682.0  1    6.796    6.796  1   34.452   34.452  1
  684.0  684.0  1    6.767    6.767  1   34.450   34.450  1
  686.0  686.0  1    6.733    6.733  1   34.446   34.446  1
  688.0  688.0  1    6.707    6.707  1   34.443   34.443  1
  690.0  690.0  1    6.611    6.611  1   34.436   34.436  1
  692.0  692.0  1    6.540    6.540  1   34.428   34.428  1
  694.1  694.1  1    6.521    6.521  1   34.424   34.424  1
  696.0  696.0  1    6.506    6.506  1   34.423   34.423  1
  698.0  698.0  1    6.494    6.494  1   34.421   34.421  1
  700.0  700.0  1    6.448    6.448  1   34.418   34.418  1
  702.0  702.0  1    6.408    6.408  1   34.414   34.414  1
  704.0  704.0  1    6.368    6.368  1   34.413   34.413  1
  706.0  706.0  1    6.336    6.336  1   34.409   34.409  1
  708.0  708.0  1    6.320    6.320  1   34.407   34.407  1
  710.0  710.0  1    6.317    6.317  1   34.406   34.406  1
  712.0  712.0  1    6.311    6.311  1   34.405   34.405  1
  713.9  713.9  1    6.268    6.268  1   34.402   34.402  1
  715.9  715.9  1    6.215    6.215  1   34.398   34.398  1
  717.9  717.9  1    6.195    6.195  1   34.395   34.395  1
  719.9  719.9  1    6.169    6.169  1   34.397   34.397  1
  722.0  722.0  1    6.133    6.133  1   34.393   34.393  1
  724.1  724.1  1    6.121    6.121  1   34.392   34.392  1
  726.0  726.0  1    6.112    6.112  1   34.391   34.391  1
  728.0  728.0  1    6.102    6.102  1   34.391   34.391  1
  730.0  730.0  1    6.075    6.075  1   34.390   34.390  1
  732.1  732.1  1    6.024    6.024  1   34.386   34.386  1
  734.1  734.1  1    6.012    6.012  1   34.384   34.384  1
  736.0  736.0  1    6.002    6.002  1   34.383   34.383  1
  738.0  738.0  1    5.942    5.942  1   34.380   34.380  1
  740.0  740.0  1    5.911    5.911  1   34.376   34.376  1
  742.0  742.0  1    5.898    5.898  1   34.375   34.375  1
  744.0  744.0  1    5.892    5.892  1   34.374   34.374  1
  746.0  746.0  1    5.882    5.882  1   34.373   34.373  1
  748.0  748.0  1    5.844    5.844  1   34.371   34.371  1
  750.0  750.0  1    5.766    5.766  1   34.365   34.365  1
  752.0  752.0  1    5.740    5.740  1   34.362   34.362  1
  754.0  754.0  1    5.714    5.714  1   34.361   34.361  1
  756.0  756.0  1    5.705    5.705  1   34.360   34.360  1
  758.0  758.0  1    5.674    5.674  1   34.359   34.359  1
  760.0  760.0  1    5.649    5.649  1   34.357   34.357  1
  761.9  761.9  1    5.638    5.638  1   34.356   34.356  1
  764.0  764.0  1    5.606    5.606  1   34.355   34.355  1
  766.0  766.0  1    5.585    5.585  1   34.353   34.353  1
  768.0  768.0  1    5.562    5.562  1   34.353   34.353  1
  770.0  770.0  1    5.537    5.537  1   34.352   34.352  1
  772.0  772.0  1    5.536    5.536  1   34.354   34.354  1
  774.0  774.0  1    5.529    5.529  1   34.356   34.356  1
  776.0  776.0  1    5.504    5.504  1   34.355   34.355  1
  778.0  778.0  1    5.462    5.462  1   34.352   34.352  1
  780.0  780.0  1    5.445    5.445  1   34.352   34.352  1
  782.0  782.0  1    5.431    5.431  1   34.353   34.353  1
  784.0  784.0  1    5.405    5.405  1   34.351   34.351  1
  786.0  786.0  1    5.393    5.393  1   34.349   34.349  1
  788.0  788.0  1    5.388    5.388  1   34.347   34.347  1
  790.0  790.0  1    5.326    5.326  1   34.342   34.342  1
  792.0  792.0  1    5.264    5.264  1   34.336   34.336  1
  794.0  794.0  1    5.246    5.246  1   34.334   34.334  1
  796.0  796.0  1    5.236    5.236  1   34.333   34.333  1
  798.0  798.0  1    5.227    5.227  1   34.334   34.334  1
  800.0  800.0  1    5.214    5.214  1   34.335   34.335  1
  802.0  802.0  1    5.187    5.187  1   34.335   34.335  1
  804.0  804.0  1    5.158    5.158  1   34.335   34.335  1
  806.0  806.0  1    5.142    5.142  1   34.335   34.335  1
  808.0  808.0  1    5.125    5.125  1   34.334   34.334  1
  810.1  810.1  1    5.123    5.123  1   34.335   34.335  1
  812.0  812.0  1    5.137    5.137  1   34.338   34.338  1
  814.0  814.0  1    5.132    5.132  1   34.342   34.342  1
  816.1  816.1  1    5.101    5.101  1   34.340   34.340  1
  818.0  818.0  1    5.065    5.065  1   34.339   34.339  1
  820.0  820.0  1    5.049    5.049  1   34.337   34.337  1
  822.0  822.0  1    5.038    5.038  1   34.336   34.336  1
  824.0  824.0  1    5.016    5.016  1   34.334   34.334  1
  826.0  826.0  1    4.961    4.961  1   34.329   34.329  1
  828.0  828.0  1    4.931    4.931  1   34.327   34.327  1
  830.0  830.0  1    4.904    4.904  1   34.328   34.328  1
  832.0  832.0  1    4.888    4.888  1   34.328   34.328  1
  834.0  834.0  1    4.864    4.864  1   34.327   34.327  1
  836.0  836.0  1    4.849    4.849  1   34.328   34.328  1
  838.0  838.0  1    4.836    4.836  1   34.327   34.327  1
  840.0  840.0  1    4.816    4.816  1   34.326   34.326  1
  842.0  842.0  1    4.794    4.794  1   34.325   34.325  1
  844.0  844.0  1    4.771    4.771  1   34.325   34.325  1
  846.0  846.0  1    4.762    4.762  1   34.324   34.324  1
  848.0  848.0  1    4.751    4.751  1   34.324   34.324  1
  850.0  850.0  1    4.742    4.742  1   34.323   34.323  1
  852.0  852.0  1    4.718    4.718  1   34.324   34.324  1
  854.0  854.0  1    4.690    4.690  1   34.323   34.323  1
  856.0  856.0  1    4.669    4.669  1   34.325   34.325  1
  858.0  858.0  1    4.639    4.639  1   34.325   34.325  1
  860.0  860.0  1    4.614    4.614  1   34.325   34.325  1
  862.0  862.0  1    4.600    4.600  1   34.325   34.325  1
  864.0  864.0  1    4.594    4.594  1   34.324   34.324  1
  866.0  866.0  1    4.585    4.585  1   34.324   34.324  1
  868.0  868.0  1    4.574    4.574  1   34.323   34.323  1
  870.1  870.1  1    4.561    4.561  1   34.324   34.324  1
  872.0  872.0  1    4.550    4.550  1   34.324   34.324  1
  874.0  874.0  1    4.532    4.532  1   34.324   34.324  1
  876.0  876.0  1    4.519    4.519  1   34.324   34.324  1
  878.0  878.0  1    4.502    4.502  1   34.323   34.323  1
  880.0  880.0  1    4.490    4.490  1   34.323   34.323  1
  882.0  882.0  1    4.476    4.476  1   34.323   34.323  1
  884.0  884.0  1    4.467    4.467  1   34.325   34.325  1
  886.0  886.0  1    4.446    4.446  1   34.326   34.326  1
  888.0  888.0  1    4.419    4.419  1   34.324   34.324  1
  890.0  890.0  1    4.411    4.411  1   34.325   34.325  1
  891.9  891.9  1    4.382    4.382  1   34.326   34.326  1
  894.0  894.0  1    4.372    4.372  1   34.327   34.327  1
  896.0  896.0  1    4.361    4.361  1   34.327   34.327  1
  898.0  898.0  1    4.345    4.345  1   34.328   34.328  1
  900.0  900.0  1    4.333    4.333  1   34.328   34.328  1
  902.0  902.0  1    4.309    4.309  1   34.329   34.329  1
  904.0  904.0  1    4.299    4.299  1   34.330   34.330  1
  906.1  906.1  1    4.292    4.292  1   34.330   34.330  1
  908.1  908.1  1    4.290    4.290  1   34.333   34.333  1
  910.0  910.0  1    4.280    4.280  1   34.335   34.335  1
  912.1  912.1  1    4.269    4.269  1   34.336   34.336  1
  914.0  914.0  1    4.252    4.252  1   34.335   34.335  1
  916.0  916.0  1    4.225    4.225  1   34.334   34.334  1
  918.0  918.0  1    4.226    4.226  1   34.338   34.338  1
  920.0  920.0  1    4.238    4.238  1   34.342   34.342  1
  922.0  922.0  1    4.230    4.230  1   34.342   34.342  1
  924.0  924.0  1    4.215    4.215  1   34.344   34.344  1
  926.0  926.0  1    4.212    4.212  1   34.345   34.345  1
  928.0  928.0  1    4.212    4.212  1   34.348   34.348  1
  930.0  930.0  1    4.184    4.184  1   34.349   34.349  1
  932.0  932.0  1    4.173    4.173  1   34.352   34.352  1
  934.0  934.0  1    4.158    4.158  1   34.352   34.352  1
  936.0  936.0  1    4.145    4.145  1   34.352   34.352  1
  938.0  938.0  1    4.120    4.120  1   34.353   34.353  1
  940.0  940.0  1    4.114    4.114  1   34.353   34.353  1
  942.0  942.0  1    4.111    4.111  1   34.354   34.354  1
  944.0  944.0  1    4.111    4.111  1   34.354   34.354  1
  946.0  946.0  1    4.111    4.111  1   34.355   34.355  1
  948.0  948.0  1    4.107    4.107  1   34.355   34.355  1
  950.0  950.0  1    4.090    4.090  1   34.355   34.355  1
  952.0  952.0  1    4.066    4.066  1   34.355   34.355  1
  954.0  954.0  1    4.072    4.072  1   34.357   34.357  1
  956.0  956.0  1    4.061    4.061  1   34.359   34.359  1
  958.0  958.0  1    4.054    4.054  1   34.359   34.359  1
  960.0  960.0  1    4.043    4.043  1   34.360   34.360  1
  962.0  962.0  1    4.038    4.038  1   34.360   34.360  1
  964.0  964.0  1    4.037    4.037  1   34.361   34.361  1
  966.0  966.0  1    4.026    4.026  1   34.362   34.362  1
  968.0  968.0  1    4.016    4.016  1   34.363   34.363  1
  970.0  970.0  1    4.000    4.000  1   34.363   34.363  1
  972.0  972.0  1    3.981    3.981  1   34.363   34.363  1
  974.0  974.0  1    3.963    3.963  1   34.364   34.364  1
  976.0  976.0  1    3.953    3.953  1   34.363   34.363  1
  978.1  978.1  1    3.950    3.950  1   34.363   34.363  1
  979.1  979.1  1    3.941    3.941  1   34.364   34.364  1
  999.8  999.8  1    3.808    3.808  1   34.371   34.371  1
 1099.8 1099.8  1    3.469    3.469  1   34.427   34.427  1
 1199.6 1199.6  1    3.239    3.239  1   34.506   34.506  1
 1299.9 1300.0  1    3.171    3.171  1   34.580   34.580  1
 1400.0 1400.0  1    3.269    3.269  1   34.662   34.662  1
 1499.8 1499.8  1    3.326    3.326  1   34.721   34.721  1
 1599.0 1599.0  1    3.522    3.522  1   34.813   34.813  1
 1699.4 1699.4  1    3.605    3.605  1   34.876   34.876  1
 1799.3 1799.3  1    3.787    3.787  1   34.942   34.942  1
 1899.1 1899.2  1    3.666    3.666  1   34.947   34.947  1
 1999.0 1999.0  1    3.576    3.576  1   34.952   34.952  1
