*SoftWare Version 3.0  2018/12/27

*HEADER
     PLATFORM NUMBER       :5905377
     CYCLE NUMBER          :067
     DATE CREATION         :20191203110025
     DATE UPDATE           :20191203110025
     PROJECT NAME          :UW, SOCCOM, Argo equivalent
     PI NAME               :STEPHEN RISER, KENNETH JOHNSON
     INSTRUMENT TYPE       :APEX
     FLOAT SERIAL NO       :7982
     FIRMWARE VERSION      :121915
     WMO INSTRUMENT TYPE   :846
     TRANSMISSION SYSTEM   :IRIDIUM
     POSITIONING SYSTEM    :GPS
     SAMPLE DIRECTION      :A(A=Ascend; D=Descend)
     DATA MODE             :A(R=Real Time; D=Delayed Mode; A=Real Time Adjusted)
     JULIAN DAY            :25538.3447 (days since 1950-01-01 00:00:00 UTC)
     DATE                  :2019-12-03
     QC FLAG FOR DATE      :1
*LOCATION
     LATITUDE              :-61.130 
     LONGITUDE             :176.351 
     QC FLAG FOR LOCATION  :1
*FILE
     COLUMN 1              :Pressure (dbar)                             F7.1
     COLUMN 2              :Corrected Pressure (dbar)                   F7.1
     COLUMN 3              :Quality on Pressure                         I3
     COLUMN 4              :Temperature (degree_Celsius)                F9.3
     COLUMN 5              :Corrected Temperature (degree_Celsius)      F9.3
     COLUMN 6              :Quality on Temperature                      I3
     COLUMN 7              :Salinity (PSU)                              F9.3
     COLUMN 8              :Corrected Salinity (PSU)                    F9.3
     COLUMN 9              :Quality on Salinity                         I3
==========================================================================
    2.3    2.5  1    4.169    4.169  1   33.929   33.929  1
    4.0    4.2  1    4.179    4.179  1   33.929   33.929  1
    6.0    6.2  1    4.180    4.180  1   33.929   33.929  1
    8.0    8.2  1    4.171    4.171  1   33.928   33.928  1
   10.0   10.2  1    4.170    4.170  1   33.928   33.928  1
   12.0   12.2  1    4.173    4.173  1   33.928   33.928  1
   14.0   14.2  1    4.171    4.171  1   33.929   33.929  1
   16.0   16.2  1    4.177    4.177  1   33.928   33.928  1
   18.0   18.2  1    4.185    4.185  1   33.928   33.928  1
   20.0   20.2  1    4.184    4.184  1   33.928   33.928  1
   22.0   22.2  1    4.187    4.187  1   33.928   33.928  1
   24.0   24.2  1    4.167    4.167  1   33.928   33.928  1
   26.0   26.2  1    4.150    4.150  1   33.928   33.928  1
   28.0   28.2  1    4.147    4.147  1   33.927   33.927  1
   30.0   30.2  1    4.101    4.101  1   33.924   33.924  1
   32.0   32.2  1    4.061    4.061  1   33.926   33.926  1
   34.0   34.2  1    3.902    3.902  1   33.926   33.926  1
   36.0   36.2  1    3.769    3.769  1   33.921   33.921  1
   38.0   38.2  1    3.465    3.465  1   33.936   33.936  1
   40.0   40.2  1    3.338    3.338  1   33.936   33.936  1
   42.0   42.2  1    3.229    3.229  1   33.940   33.940  1
   44.0   44.2  1    3.160    3.160  1   33.940   33.940  1
   46.0   46.2  1    3.129    3.129  1   33.939   33.939  1
   48.0   48.2  1    3.100    3.100  1   33.940   33.940  1
   50.0   50.2  1    3.061    3.061  1   33.939   33.939  1
   52.0   52.2  1    2.979    2.979  1   33.941   33.941  1
   54.0   54.2  1    2.871    2.871  1   33.942   33.942  1
   56.0   56.2  1    2.757    2.757  1   33.951   33.951  1
   58.0   58.2  1    2.680    2.680  1   33.953   33.953  1
   60.0   60.2  1    2.664    2.664  1   33.953   33.953  1
   62.0   62.2  1    2.644    2.644  1   33.956   33.956  1
   64.0   64.2  1    2.600    2.600  1   33.959   33.959  1
   66.0   66.2  1    2.569    2.569  1   33.961   33.961  1
   68.0   68.2  1    2.502    2.502  1   33.958   33.958  1
   70.0   70.2  1    2.464    2.464  1   33.956   33.956  1
   72.0   72.2  1    2.414    2.414  1   33.954   33.954  1
   73.9   74.1  1    2.399    2.399  1   33.954   33.954  1
   76.0   76.2  1    2.390    2.390  1   33.953   33.953  1
   78.0   78.2  1    2.382    2.382  1   33.954   33.954  1
   80.0   80.2  1    2.375    2.375  1   33.954   33.954  1
   82.0   82.2  1    2.371    2.371  1   33.954   33.954  1
   84.0   84.2  1    2.348    2.348  1   33.954   33.954  1
   86.0   86.2  1    2.350    2.350  1   33.955   33.955  1
   88.0   88.2  1    2.344    2.344  1   33.956   33.956  1
   90.0   90.2  1    2.338    2.338  1   33.955   33.955  1
   92.0   92.2  1    2.332    2.332  1   33.955   33.955  1
   94.0   94.2  1    2.317    2.317  1   33.954   33.954  1
   96.0   96.2  1    2.282    2.282  1   33.952   33.952  1
   98.0   98.2  1    2.267    2.267  1   33.952   33.952  1
  100.0  100.2  1    2.247    2.247  1   33.952   33.952  1
  102.0  102.2  1    2.241    2.241  1   33.951   33.951  1
  104.0  104.2  1    2.237    2.237  1   33.950   33.950  1
  106.0  106.2  1    2.224    2.224  1   33.950   33.950  1
  108.0  108.2  1    2.215    2.215  1   33.950   33.950  1
  110.0  110.2  1    2.213    2.213  1   33.950   33.950  1
  112.0  112.2  1    2.206    2.206  1   33.949   33.949  1
  114.0  114.2  1    2.199    2.199  1   33.949   33.949  1
  116.0  116.2  1    2.190    2.190  1   33.949   33.949  1
  118.0  118.2  1    2.187    2.187  1   33.949   33.949  1
  120.0  120.2  1    2.185    2.185  1   33.949   33.949  1
  122.0  122.2  1    2.184    2.184  1   33.949   33.949  1
  124.0  124.2  1    2.180    2.180  1   33.949   33.949  1
  126.0  126.2  1    2.176    2.176  1   33.949   33.949  1
  128.0  128.2  1    2.169    2.169  1   33.949   33.949  1
  130.0  130.2  1    2.166    2.166  1   33.949   33.949  1
  132.0  132.2  1    2.163    2.163  1   33.949   33.949  1
  134.1  134.3  1    2.160    2.160  1   33.949   33.949  1
  136.0  136.2  1    2.161    2.161  1   33.951   33.951  1
  138.0  138.2  1    2.174    2.174  1   33.953   33.953  1
  140.1  140.3  1    2.309    2.309  1   33.965   33.965  1
  142.0  142.2  1    2.345    2.345  1   33.971   33.971  1
  144.0  144.2  1    2.355    2.355  1   33.973   33.973  1
  146.0  146.2  1    2.351    2.351  1   33.973   33.973  1
  148.0  148.2  1    2.354    2.354  1   33.973   33.973  1
  150.0  150.2  1    2.348    2.348  1   33.974   33.974  1
  152.0  152.2  1    2.336    2.336  1   33.974   33.974  1
  154.0  154.2  1    2.325    2.325  1   33.973   33.973  1
  156.0  156.2  1    2.318    2.318  1   33.972   33.972  1
  158.0  158.2  1    2.305    2.305  1   33.971   33.971  1
  160.0  160.2  1    2.288    2.288  1   33.971   33.971  1
  162.0  162.2  1    2.240    2.240  1   33.968   33.968  1
  164.0  164.2  1    2.233    2.233  1   33.968   33.968  1
  166.0  166.2  1    2.227    2.227  1   33.969   33.969  1
  168.0  168.2  1    2.218    2.218  1   33.969   33.969  1
  170.0  170.2  1    2.212    2.212  1   33.969   33.969  1
  172.0  172.2  1    2.208    2.208  1   33.969   33.969  1
  174.0  174.2  1    2.203    2.203  1   33.969   33.969  1
  176.0  176.2  1    2.201    2.201  1   33.970   33.970  1
  178.0  178.2  1    2.200    2.200  1   33.970   33.970  1
  180.0  180.2  1    2.207    2.207  1   33.971   33.971  1
  182.0  182.2  1    2.199    2.199  1   33.971   33.971  1
  184.0  184.2  1    2.200    2.200  1   33.971   33.971  1
  186.0  186.2  1    2.197    2.197  1   33.972   33.972  1
  188.0  188.2  1    2.184    2.184  1   33.972   33.972  1
  190.0  190.2  1    2.179    2.179  1   33.972   33.972  1
  192.0  192.2  1    2.177    2.177  1   33.972   33.972  1
  194.0  194.2  1    2.184    2.184  1   33.973   33.973  1
  196.0  196.2  1    2.191    2.191  1   33.974   33.974  1
  198.0  198.2  1    2.160    2.160  1   33.973   33.973  1
  200.0  200.2  1    2.127    2.127  1   33.970   33.970  1
  202.0  202.2  1    2.126    2.126  1   33.971   33.971  1
  204.0  204.2  1    2.154    2.154  1   33.974   33.974  1
  206.0  206.2  1    2.142    2.142  1   33.973   33.973  1
  208.0  208.2  1    2.100    2.100  1   33.971   33.971  1
  210.0  210.2  1    1.941    1.941  1   33.954   33.954  1
  212.0  212.2  1    1.920    1.920  1   33.954   33.954  1
  214.0  214.2  1    1.919    1.919  1   33.955   33.955  1
  216.0  216.2  1    1.912    1.912  1   33.955   33.955  1
  218.0  218.2  1    1.915    1.915  1   33.956   33.956  1
  220.0  220.2  1    1.921    1.921  1   33.957   33.957  1
  222.0  222.2  1    1.929    1.929  1   33.958   33.958  1
  224.0  224.2  1    1.938    1.938  1   33.959   33.959  1
  226.0  226.2  1    1.949    1.949  1   33.961   33.961  1
  228.0  228.2  1    1.957    1.957  1   33.963   33.963  1
  230.0  230.2  1    1.982    1.982  1   33.966   33.966  1
  232.1  232.3  1    2.054    2.054  1   33.974   33.974  1
  234.0  234.2  1    2.100    2.100  1   33.979   33.979  1
  236.0  236.2  1    2.075    2.075  1   33.982   33.982  1
  238.0  238.2  1    2.063    2.063  1   33.981   33.981  1
  240.0  240.2  1    2.054    2.054  1   33.981   33.981  1
  242.0  242.2  1    2.052    2.052  1   33.981   33.981  1
  244.0  244.2  1    2.053    2.053  1   33.982   33.982  1
  246.0  246.2  1    2.046    2.046  1   33.983   33.983  1
  248.0  248.2  1    2.050    2.050  1   33.985   33.985  1
  250.0  250.2  1    2.052    2.052  1   33.986   33.986  1
  252.0  252.2  1    2.060    2.060  1   33.988   33.988  1
  254.0  254.2  1    2.069    2.069  1   33.991   33.991  1
  256.0  256.2  1    2.070    2.070  1   33.993   33.993  1
  258.0  258.2  1    2.088    2.088  1   33.997   33.997  1
  260.0  260.2  1    2.126    2.126  1   34.003   34.003  1
  262.1  262.3  1    2.139    2.139  1   34.007   34.007  1
  264.0  264.2  1    2.132    2.132  1   34.006   34.006  1
  266.0  266.2  1    2.128    2.128  1   34.006   34.006  1
  268.0  268.2  1    2.106    2.106  1   34.006   34.006  1
  270.0  270.2  1    2.068    2.068  1   34.005   34.005  1
  272.0  272.2  1    2.068    2.068  1   34.009   34.009  1
  274.0  274.2  1    2.128    2.128  1   34.018   34.018  1
  276.0  276.2  1    2.140    2.140  1   34.023   34.023  1
  278.0  278.2  1    2.144    2.144  1   34.024   34.024  1
  280.0  280.2  1    2.142    2.142  1   34.025   34.025  1
  282.0  282.2  1    2.146    2.146  1   34.026   34.026  1
  284.0  284.2  1    2.164    2.164  1   34.032   34.032  1
  286.0  286.2  1    2.265    2.265  1   34.043   34.043  1
  288.0  288.2  1    2.256    2.256  1   34.045   34.045  1
  290.0  290.2  1    2.176    2.176  1   34.040   34.040  1
  292.0  292.2  1    2.127    2.127  1   34.037   34.037  1
  294.0  294.2  1    2.173    2.173  1   34.042   34.042  1
  296.0  296.2  1    2.205    2.205  1   34.047   34.047  1
  298.0  298.2  1    2.282    2.282  1   34.058   34.058  1
  300.0  300.2  1    2.282    2.282  1   34.060   34.060  1
  302.0  302.2  1    2.274    2.274  1   34.061   34.061  1
  304.0  304.2  1    2.277    2.277  1   34.062   34.062  1
  306.0  306.2  1    2.280    2.280  1   34.063   34.063  1
  308.0  308.2  1    2.285    2.285  1   34.065   34.065  1
  310.0  310.2  1    2.331    2.331  1   34.071   34.071  1
  312.0  312.2  1    2.408    2.408  1   34.085   34.085  1
  314.0  314.2  1    2.475    2.475  1   34.091   34.091  1
  316.0  316.2  1    2.552    2.552  1   34.102   34.102  1
  318.0  318.2  1    2.550    2.550  1   34.103   34.103  1
  320.0  320.2  1    2.492    2.492  1   34.100   34.100  1
  322.0  322.2  1    2.341    2.341  1   34.092   34.092  1
  324.0  324.2  1    2.335    2.335  1   34.090   34.090  1
  326.0  326.2  1    2.365    2.365  1   34.095   34.095  1
  328.0  328.2  1    2.391    2.391  1   34.098   34.098  1
  330.0  330.2  1    2.414    2.414  1   34.105   34.105  1
  332.0  332.2  1    2.524    2.524  1   34.120   34.120  1
  334.0  334.2  1    2.541    2.541  1   34.126   34.126  1
  336.0  336.2  1    2.544    2.544  1   34.131   34.131  1
  338.0  338.2  1    2.480    2.480  1   34.128   34.128  1
  340.0  340.2  1    2.498    2.498  1   34.131   34.131  1
  342.0  342.2  1    2.524    2.524  1   34.136   34.136  1
  344.0  344.2  1    2.505    2.505  1   34.136   34.136  1
  346.0  346.2  1    2.485    2.485  1   34.133   34.133  1
  348.0  348.2  1    2.458    2.458  1   34.132   34.132  1
  350.0  350.2  1    2.357    2.357  1   34.126   34.126  1
  352.0  352.2  1    2.343    2.343  1   34.124   34.124  1
  354.0  354.2  1    2.344    2.344  1   34.124   34.124  1
  356.0  356.2  1    2.326    2.326  1   34.126   34.126  1
  358.0  358.2  1    2.335    2.335  1   34.132   34.132  1
  360.0  360.2  1    2.326    2.326  1   34.134   34.134  1
  362.0  362.2  1    2.364    2.364  1   34.138   34.138  1
  364.0  364.2  1    2.357    2.357  1   34.142   34.142  1
  366.0  366.2  1    2.356    2.356  1   34.142   34.142  1
  368.0  368.2  1    2.377    2.377  1   34.146   34.146  1
  370.0  370.2  1    2.431    2.431  1   34.153   34.153  1
  372.0  372.2  1    2.452    2.452  1   34.158   34.158  1
  374.0  374.2  1    2.456    2.456  1   34.160   34.160  1
  376.0  376.2  1    2.452    2.452  1   34.159   34.159  1
  378.0  378.2  1    2.410    2.410  1   34.156   34.156  1
  380.0  380.2  1    2.317    2.317  1   34.148   34.148  1
  382.0  382.2  1    2.278    2.278  1   34.146   34.146  1
  384.0  384.2  1    2.256    2.256  1   34.145   34.145  1
  386.0  386.2  1    2.232    2.232  1   34.144   34.144  1
  388.0  388.2  1    2.215    2.215  1   34.144   34.144  1
  390.0  390.2  1    2.207    2.207  1   34.144   34.144  1
  392.0  392.2  1    2.212    2.212  1   34.146   34.146  1
  394.0  394.2  1    2.205    2.205  1   34.147   34.147  1
  396.0  396.2  1    2.198    2.198  1   34.147   34.147  1
  398.0  398.2  1    2.168    2.168  1   34.147   34.147  1
  400.0  400.2  1    2.162    2.162  1   34.147   34.147  1
  402.0  402.2  1    2.151    2.151  1   34.148   34.148  1
  404.0  404.2  1    2.186    2.186  1   34.154   34.154  1
  406.0  406.2  1    2.208    2.208  1   34.159   34.159  1
  408.0  408.2  1    2.234    2.234  1   34.164   34.164  1
  410.0  410.2  1    2.206    2.206  1   34.163   34.163  1
  412.0  412.2  1    2.198    2.198  1   34.164   34.164  1
  414.0  414.2  1    2.221    2.221  1   34.169   34.169  1
  416.0  416.2  1    2.243    2.243  1   34.174   34.174  1
  418.0  418.2  1    2.257    2.257  1   34.177   34.177  1
  420.0  420.2  1    2.252    2.252  1   34.176   34.176  1
  422.0  422.2  1    2.238    2.238  1   34.175   34.175  1
  424.0  424.2  1    2.187    2.187  1   34.175   34.175  1
  426.0  426.2  1    2.165    2.165  1   34.173   34.173  1
  428.0  428.2  1    2.153    2.153  1   34.173   34.173  1
  430.0  430.2  1    2.141    2.141  1   34.175   34.175  1
  432.0  432.2  1    2.143    2.143  1   34.176   34.176  1
  434.0  434.2  1    2.151    2.151  1   34.179   34.179  1
  436.0  436.2  1    2.173    2.173  1   34.185   34.185  1
  438.0  438.2  1    2.169    2.169  1   34.187   34.187  1
  440.0  440.2  1    2.186    2.186  1   34.192   34.192  1
  442.0  442.2  1    2.140    2.140  1   34.193   34.193  1
  444.0  444.2  1    2.213    2.213  1   34.200   34.200  1
  446.0  446.2  1    2.282    2.282  1   34.210   34.210  1
  448.0  448.2  1    2.323    2.323  1   34.214   34.214  1
  450.0  450.2  1    2.319    2.319  1   34.216   34.216  1
  452.0  452.2  1    2.274    2.274  1   34.215   34.215  1
  454.0  454.2  1    2.287    2.287  1   34.216   34.216  1
  456.0  456.2  1    2.325    2.325  1   34.220   34.220  1
  458.0  458.2  1    2.326    2.326  1   34.223   34.223  1
  460.0  460.2  1    2.316    2.316  1   34.222   34.222  1
  462.0  462.2  1    2.285    2.285  1   34.221   34.221  1
  464.0  464.2  1    2.286    2.286  1   34.219   34.219  1
  466.0  466.2  1    2.285    2.285  1   34.219   34.219  1
  468.0  468.2  1    2.188    2.188  1   34.215   34.215  1
  470.0  470.2  1    2.151    2.151  1   34.213   34.213  1
  472.0  472.2  1    2.126    2.126  1   34.212   34.212  1
  474.0  474.2  1    2.204    2.204  1   34.219   34.219  1
  476.0  476.2  1    2.291    2.291  1   34.233   34.233  1
  478.0  478.2  1    2.315    2.315  1   34.240   34.240  1
  480.0  480.2  1    2.359    2.359  1   34.245   34.245  1
  482.0  482.2  1    2.469    2.469  1   34.261   34.261  1
  484.0  484.2  1    2.562    2.562  1   34.278   34.278  1
  486.0  486.2  1    2.548    2.548  1   34.277   34.277  1
  488.0  488.2  1    2.455    2.455  1   34.273   34.273  1
  490.0  490.2  1    2.380    2.380  1   34.265   34.265  1
  492.0  492.2  1    2.343    2.343  1   34.262   34.262  1
  494.0  494.2  1    2.316    2.316  1   34.261   34.261  1
  496.0  496.2  1    2.302    2.302  1   34.264   34.264  1
  498.0  498.2  1    2.413    2.413  1   34.273   34.273  1
  500.0  500.2  1    2.461    2.461  1   34.283   34.283  1
  502.0  502.2  1    2.473    2.473  1   34.288   34.288  1
  504.0  504.2  1    2.443    2.443  1   34.288   34.288  1
  506.0  506.2  1    2.392    2.392  1   34.285   34.285  1
  508.0  508.2  1    2.387    2.387  1   34.284   34.284  1
  510.0  510.2  1    2.391    2.391  1   34.287   34.287  1
  512.0  512.2  1    2.404    2.404  1   34.290   34.290  1
  514.0  514.2  1    2.417    2.417  1   34.293   34.293  1
  516.0  516.2  1    2.415    2.415  1   34.294   34.294  1
  518.0  518.2  1    2.413    2.413  1   34.294   34.294  1
  520.0  520.2  1    2.417    2.417  1   34.295   34.295  1
  522.0  522.2  1    2.420    2.420  1   34.298   34.298  1
  524.0  524.2  1    2.436    2.436  1   34.301   34.301  1
  526.0  526.2  1    2.473    2.473  1   34.308   34.308  1
  528.0  528.2  1    2.484    2.484  1   34.310   34.310  1
  530.0  530.2  1    2.504    2.504  1   34.314   34.314  1
  532.0  532.2  1    2.529    2.529  1   34.319   34.319  1
  534.0  534.2  1    2.529    2.529  1   34.319   34.319  1
  536.0  536.2  1    2.511    2.511  1   34.319   34.319  1
  538.0  538.2  1    2.499    2.499  1   34.319   34.319  1
  540.0  540.2  1    2.479    2.479  1   34.321   34.321  1
  542.0  542.2  1    2.511    2.511  1   34.328   34.328  1
  544.0  544.2  1    2.518    2.518  1   34.328   34.328  1
  546.0  546.2  1    2.531    2.531  1   34.332   34.332  1
  548.0  548.2  1    2.499    2.499  1   34.330   34.330  1
  550.0  550.2  1    2.473    2.473  1   34.329   34.329  1
  552.0  552.2  1    2.479    2.479  1   34.332   34.332  1
  554.0  554.2  1    2.515    2.515  1   34.341   34.341  1
  556.0  556.2  1    2.520    2.520  1   34.343   34.343  1
  558.0  558.2  1    2.536    2.536  1   34.345   34.345  1
  560.0  560.2  1    2.568    2.568  1   34.350   34.350  1
  562.0  562.2  1    2.613    2.613  1   34.359   34.359  1
  564.0  564.2  1    2.619    2.619  1   34.361   34.361  1
  566.0  566.2  1    2.649    2.649  1   34.368   34.368  1
  568.0  568.2  1    2.663    2.663  1   34.373   34.373  1
  570.0  570.2  1    2.667    2.667  1   34.375   34.375  1
  572.0  572.2  1    2.668    2.668  1   34.376   34.376  1
  574.0  574.2  1    2.669    2.669  1   34.377   34.377  1
  576.0  576.2  1    2.670    2.670  1   34.380   34.380  1
  578.0  578.2  1    2.672    2.672  1   34.384   34.384  1
  580.0  580.2  1    2.674    2.674  1   34.386   34.386  1
  582.0  582.2  1    2.677    2.677  1   34.391   34.391  1
  584.0  584.2  1    2.677    2.677  1   34.392   34.392  1
  586.0  586.2  1    2.676    2.676  1   34.394   34.394  1
  588.0  588.2  1    2.675    2.675  1   34.395   34.395  1
  590.0  590.2  1    2.673    2.673  1   34.397   34.397  1
  592.1  592.3  1    2.671    2.671  1   34.402   34.402  1
  594.0  594.2  1    2.670    2.670  1   34.402   34.402  1
  596.0  596.2  1    2.667    2.667  1   34.404   34.404  1
  598.0  598.2  1    2.660    2.660  1   34.407   34.407  1
  600.0  600.2  1    2.659    2.659  1   34.407   34.407  1
  602.0  602.2  1    2.659    2.659  1   34.407   34.407  1
  604.0  604.2  1    2.660    2.660  1   34.408   34.408  1
  606.0  606.2  1    2.660    2.660  1   34.411   34.411  1
  608.0  608.2  1    2.660    2.660  1   34.411   34.411  1
  610.0  610.2  1    2.660    2.660  1   34.412   34.412  1
  612.0  612.2  1    2.661    2.661  1   34.415   34.415  1
  614.0  614.2  1    2.658    2.658  1   34.416   34.416  1
  616.0  616.2  1    2.659    2.659  1   34.418   34.418  1
  618.0  618.2  1    2.674    2.674  1   34.422   34.422  1
  620.0  620.2  1    2.679    2.679  1   34.424   34.424  1
  622.0  622.2  1    2.680    2.680  1   34.425   34.425  1
  624.0  624.2  1    2.680    2.680  1   34.426   34.426  1
  626.0  626.2  1    2.670    2.670  1   34.428   34.428  1
  628.0  628.2  1    2.657    2.657  1   34.430   34.430  1
  630.0  630.2  1    2.652    2.652  1   34.431   34.431  1
  632.0  632.2  1    2.650    2.650  1   34.433   34.433  1
  634.0  634.2  1    2.646    2.646  1   34.435   34.435  1
  636.0  636.2  1    2.643    2.643  1   34.437   34.437  1
  638.0  638.2  1    2.644    2.644  1   34.439   34.439  1
  640.0  640.2  1    2.642    2.642  1   34.440   34.440  1
  642.0  642.2  1    2.640    2.640  1   34.441   34.441  1
  644.0  644.2  1    2.639    2.639  1   34.442   34.442  1
  646.0  646.2  1    2.638    2.638  1   34.442   34.442  1
  648.0  648.2  1    2.636    2.636  1   34.443   34.443  1
  650.0  650.2  1    2.634    2.634  1   34.446   34.446  1
  652.0  652.2  1    2.631    2.631  1   34.448   34.448  1
  654.0  654.2  1    2.630    2.630  1   34.450   34.450  1
  656.0  656.2  1    2.630    2.630  1   34.450   34.450  1
  658.0  658.2  1    2.630    2.630  1   34.450   34.450  1
  660.0  660.2  1    2.628    2.628  1   34.451   34.451  1
  662.0  662.2  1    2.626    2.626  1   34.451   34.451  1
  664.0  664.2  1    2.626    2.626  1   34.452   34.452  1
  666.0  666.2  1    2.622    2.622  1   34.455   34.455  1
  668.0  668.2  1    2.613    2.613  1   34.458   34.458  1
  670.0  670.2  1    2.612    2.612  1   34.459   34.459  1
  672.0  672.2  1    2.617    2.617  1   34.461   34.461  1
  674.0  674.2  1    2.622    2.622  1   34.463   34.463  1
  676.0  676.2  1    2.625    2.625  1   34.465   34.465  1
  678.0  678.2  1    2.627    2.627  1   34.467   34.467  1
  680.0  680.2  1    2.626    2.626  1   34.468   34.468  1
  682.0  682.2  1    2.631    2.631  1   34.470   34.470  1
  684.0  684.2  1    2.629    2.629  1   34.473   34.473  1
  686.0  686.2  1    2.624    2.624  1   34.475   34.475  1
  688.0  688.2  1    2.621    2.621  1   34.475   34.475  1
  690.0  690.2  1    2.608    2.608  1   34.475   34.475  1
  692.0  692.2  1    2.589    2.589  1   34.474   34.474  1
  694.0  694.2  1    2.601    2.601  1   34.476   34.476  1
  696.0  696.2  1    2.616    2.616  1   34.481   34.481  1
  698.0  698.2  1    2.600    2.600  1   34.481   34.481  1
  700.0  700.2  1    2.577    2.577  1   34.479   34.479  1
  702.0  702.2  1    2.569    2.569  1   34.482   34.482  1
  704.0  704.2  1    2.552    2.552  1   34.480   34.480  1
  706.0  706.2  1    2.548    2.548  1   34.481   34.481  1
  708.0  708.2  1    2.548    2.548  1   34.481   34.481  1
  710.0  710.2  1    2.548    2.548  1   34.481   34.481  1
  712.0  712.2  1    2.552    2.552  1   34.483   34.483  1
  714.0  714.2  1    2.556    2.556  1   34.485   34.485  1
  716.0  716.2  1    2.559    2.559  1   34.487   34.487  1
  718.0  718.2  1    2.560    2.560  1   34.488   34.488  1
  720.0  720.2  1    2.560    2.560  1   34.490   34.490  1
  722.0  722.2  1    2.556    2.556  1   34.491   34.491  1
  724.0  724.2  1    2.550    2.550  1   34.492   34.492  1
  726.0  726.2  1    2.548    2.548  1   34.492   34.492  1
  728.0  728.2  1    2.550    2.550  1   34.494   34.494  1
  730.0  730.2  1    2.554    2.554  1   34.496   34.496  1
  732.0  732.2  1    2.555    2.555  1   34.497   34.497  1
  734.0  734.2  1    2.556    2.556  1   34.498   34.498  1
  736.0  736.2  1    2.554    2.554  1   34.499   34.499  1
  738.0  738.2  1    2.556    2.556  1   34.501   34.501  1
  740.0  740.2  1    2.557    2.557  1   34.502   34.502  1
  742.0  742.2  1    2.557    2.557  1   34.504   34.504  1
  744.0  744.2  1    2.557    2.557  1   34.505   34.505  1
  746.0  746.2  1    2.555    2.555  1   34.507   34.507  1
  748.0  748.2  1    2.553    2.553  1   34.508   34.508  1
  750.0  750.2  1    2.550    2.550  1   34.508   34.508  1
  752.0  752.2  1    2.548    2.548  1   34.509   34.509  1
  754.0  754.2  1    2.548    2.548  1   34.510   34.510  1
  756.0  756.2  1    2.547    2.547  1   34.511   34.511  1
  758.0  758.2  1    2.546    2.546  1   34.513   34.513  1
  760.0  760.2  1    2.548    2.548  1   34.514   34.514  1
  762.0  762.2  1    2.548    2.548  1   34.515   34.515  1
  764.0  764.2  1    2.549    2.549  1   34.516   34.516  1
  766.0  766.2  1    2.548    2.548  1   34.517   34.517  1
  768.0  768.2  1    2.545    2.545  1   34.519   34.519  1
  770.0  770.2  1    2.544    2.544  1   34.520   34.520  1
  772.0  772.2  1    2.543    2.543  1   34.522   34.522  1
  774.0  774.2  1    2.541    2.541  1   34.522   34.522  1
  776.0  776.2  1    2.540    2.540  1   34.523   34.523  1
  778.0  778.2  1    2.537    2.537  1   34.524   34.524  1
  780.0  780.2  1    2.537    2.537  1   34.524   34.524  1
  782.0  782.2  1    2.537    2.537  1   34.525   34.525  1
  784.0  784.2  1    2.536    2.536  1   34.526   34.526  1
  786.0  786.2  1    2.536    2.536  1   34.526   34.526  1
  788.0  788.2  1    2.536    2.536  1   34.527   34.527  1
  790.0  790.2  1    2.536    2.536  1   34.527   34.527  1
  792.0  792.2  1    2.537    2.537  1   34.528   34.528  1
  794.0  794.2  1    2.538    2.538  1   34.530   34.530  1
  796.0  796.2  1    2.535    2.535  1   34.532   34.532  1
  798.0  798.2  1    2.530    2.530  1   34.534   34.534  1
  800.0  800.2  1    2.529    2.529  1   34.535   34.535  1
  802.0  802.2  1    2.528    2.528  1   34.537   34.537  1
  804.0  804.2  1    2.528    2.528  1   34.537   34.537  1
  806.0  806.2  1    2.527    2.527  1   34.537   34.537  1
  808.0  808.2  1    2.525    2.525  1   34.538   34.538  1
  810.0  810.2  1    2.523    2.523  1   34.539   34.539  1
  812.0  812.2  1    2.523    2.523  1   34.540   34.540  1
  814.0  814.2  1    2.522    2.522  1   34.541   34.541  1
  816.0  816.2  1    2.520    2.520  1   34.543   34.543  1
  818.0  818.2  1    2.516    2.516  1   34.544   34.544  1
  820.0  820.2  1    2.514    2.514  1   34.546   34.546  1
  822.0  822.2  1    2.513    2.513  1   34.547   34.547  1
  824.0  824.2  1    2.510    2.510  1   34.548   34.548  1
  826.0  826.2  1    2.509    2.509  1   34.549   34.549  1
  828.0  828.2  1    2.509    2.509  1   34.549   34.549  1
  830.0  830.2  1    2.507    2.507  1   34.550   34.550  1
  832.0  832.2  1    2.507    2.507  1   34.552   34.552  1
  834.0  834.2  1    2.506    2.506  1   34.553   34.553  1
  836.0  836.2  1    2.503    2.503  1   34.554   34.554  1
  838.0  838.2  1    2.502    2.502  1   34.554   34.554  1
  840.0  840.2  1    2.500    2.500  1   34.556   34.556  1
  842.0  842.2  1    2.499    2.499  1   34.556   34.556  1
  844.0  844.2  1    2.498    2.498  1   34.557   34.557  1
  846.0  846.2  1    2.502    2.502  1   34.558   34.558  1
  848.0  848.2  1    2.509    2.509  1   34.561   34.561  1
  850.0  850.2  1    2.503    2.503  1   34.562   34.562  1
  852.0  852.2  1    2.499    2.499  1   34.562   34.562  1
  854.0  854.2  1    2.496    2.496  1   34.562   34.562  1
  856.0  856.2  1    2.489    2.489  1   34.563   34.563  1
  858.0  858.2  1    2.488    2.488  1   34.564   34.564  1
  860.0  860.2  1    2.486    2.486  1   34.565   34.565  1
  862.0  862.2  1    2.484    2.484  1   34.565   34.565  1
  864.0  864.2  1    2.483    2.483  1   34.566   34.566  1
  866.0  866.2  1    2.479    2.479  1   34.568   34.568  1
  868.0  868.2  1    2.478    2.478  1   34.568   34.568  1
  870.0  870.2  1    2.479    2.479  1   34.569   34.569  1
  872.0  872.2  1    2.478    2.478  1   34.569   34.569  1
  874.0  874.2  1    2.479    2.479  1   34.570   34.570  1
  876.0  876.2  1    2.482    2.482  1   34.572   34.572  1
  878.0  878.2  1    2.487    2.487  1   34.573   34.573  1
  880.0  880.2  1    2.490    2.490  1   34.573   34.573  1
  882.0  882.2  1    2.490    2.490  1   34.573   34.573  1
  884.0  884.2  1    2.490    2.490  1   34.574   34.574  1
  886.0  886.2  1    2.490    2.490  1   34.575   34.575  1
  888.0  888.2  1    2.486    2.486  1   34.577   34.577  1
  890.0  890.2  1    2.483    2.483  1   34.578   34.578  1
  892.0  892.2  1    2.480    2.480  1   34.578   34.578  1
  894.0  894.2  1    2.478    2.478  1   34.579   34.579  1
  896.0  896.2  1    2.479    2.479  1   34.579   34.579  1
  898.0  898.2  1    2.480    2.480  1   34.580   34.580  1
  900.0  900.2  1    2.479    2.479  1   34.581   34.581  1
  902.0  902.2  1    2.476    2.476  1   34.582   34.582  1
  904.0  904.2  1    2.474    2.474  1   34.584   34.584  1
  906.0  906.2  1    2.476    2.476  1   34.586   34.586  1
  908.0  908.2  1    2.476    2.476  1   34.588   34.588  1
  910.0  910.2  1    2.475    2.475  1   34.588   34.588  1
  912.0  912.2  1    2.474    2.474  1   34.588   34.588  1
  914.0  914.2  1    2.473    2.473  1   34.589   34.589  1
  916.0  916.2  1    2.472    2.472  1   34.589   34.589  1
  918.0  918.2  1    2.470    2.470  1   34.590   34.590  1
  920.0  920.2  1    2.469    2.469  1   34.590   34.590  1
  922.0  922.2  1    2.468    2.468  1   34.590   34.590  1
  924.0  924.2  1    2.466    2.466  1   34.590   34.590  1
  926.0  926.2  1    2.463    2.463  1   34.591   34.591  1
  928.0  928.2  1    2.461    2.461  1   34.592   34.592  1
  930.0  930.2  1    2.460    2.460  1   34.593   34.593  1
  932.0  932.2  1    2.460    2.460  1   34.594   34.594  1
  934.0  934.2  1    2.461    2.461  1   34.596   34.596  1
  936.0  936.2  1    2.458    2.458  1   34.597   34.597  1
  938.0  938.2  1    2.458    2.458  1   34.597   34.597  1
  940.0  940.2  1    2.459    2.459  1   34.597   34.597  1
  942.0  942.2  1    2.456    2.456  1   34.599   34.599  1
  944.0  944.2  1    2.450    2.450  1   34.599   34.599  1
  946.0  946.2  1    2.447    2.447  1   34.599   34.599  1
  948.1  948.3  1    2.449    2.449  1   34.600   34.600  1
  950.0  950.2  1    2.449    2.449  1   34.601   34.601  1
  952.0  952.2  1    2.449    2.449  1   34.601   34.601  1
  954.0  954.2  1    2.448    2.448  1   34.601   34.601  1
  956.0  956.2  1    2.448    2.448  1   34.602   34.602  1
  958.0  958.2  1    2.447    2.447  1   34.603   34.603  1
  960.0  960.2  1    2.446    2.446  1   34.604   34.604  1
  962.0  962.2  1    2.444    2.444  1   34.605   34.605  1
  964.0  964.2  1    2.443    2.443  1   34.605   34.605  1
  966.0  966.2  1    2.442    2.442  1   34.605   34.605  1
  968.0  968.2  1    2.441    2.441  1   34.606   34.606  1
  970.0  970.2  1    2.441    2.441  1   34.606   34.606  1
  972.0  972.2  1    2.439    2.439  1   34.607   34.607  1
  974.0  974.2  1    2.437    2.437  1   34.608   34.608  1
  976.0  976.2  1    2.436    2.436  1   34.609   34.609  1
  978.0  978.2  1    2.434    2.434  1   34.610   34.610  1
  979.1  979.3  1    2.433    2.433  1   34.611   34.611  1
  999.3  999.5  1    2.414    2.414  1   34.619   34.619  1
 1099.4 1099.6  1    2.360    2.360  1   34.651   34.651  1
 1199.7 1199.9  1    2.301    2.301  1   34.675   34.675  1
 1299.1 1299.3  1    2.230    2.230  1   34.694   34.694  1
 1399.4 1399.6  1    2.161    2.161  1   34.709   34.709  1
 1498.9 1499.1  1    2.109    2.109  1   34.720   34.720  1
 1600.0 1600.2  1    2.038    2.038  1   34.728   34.728  1
 1699.3 1699.5  1    1.968    1.968  1   34.734   34.734  1
 1799.1 1799.3  1    1.893    1.893  1   34.737   34.737  1
 1899.9 1900.1  1    1.815    1.815  1   34.739   34.739  1
 1998.9 1999.1  1    1.735    1.735  1   34.739   34.739  1
