*SoftWare Version 3.0  2018/12/27

*HEADER
     PLATFORM NUMBER       :5906116
     CYCLE NUMBER          :001
     DATE CREATION         :20191206200144
     DATE UPDATE           :20191206200144
     PROJECT NAME          :US ARGO PROJECT
     PI NAME               :DEAN ROEMMICH
     INSTRUMENT TYPE       :SOLO_II
     FLOAT SERIAL NO       :8804
     FIRMWARE VERSION      :V02.60; SBE602 12Sep19
     WMO INSTRUMENT TYPE   :853
     TRANSMISSION SYSTEM   :IRIDIUM
     POSITIONING SYSTEM    :GPS
     SAMPLE DIRECTION      :A(A=Ascend; D=Descend)
     DATA MODE             :R(R=Real Time; D=Delayed Mode; A=Real Time Adjusted)
     JULIAN DAY            :25540.7071 (days since 1950-01-01 00:00:00 UTC)
     DATE                  :2019-12-05
     QC FLAG FOR DATE      :1
*LOCATION
     LATITUDE              :-45.894 
     LONGITUDE             :-177.940
     QC FLAG FOR LOCATION  :1
*FILE
     COLUMN 1              :Pressure (dbar)                             F7.1
     COLUMN 2              :Corrected Pressure (dbar)                   F7.1
     COLUMN 3              :Quality on Pressure                         I3
     COLUMN 4              :Temperature (degree_Celsius)                F9.3
     COLUMN 5              :Corrected Temperature (degree_Celsius)      F9.3
     COLUMN 6              :Quality on Temperature                      I3
     COLUMN 7              :Salinity (PSU)                              F9.3
     COLUMN 8              :Corrected Salinity (PSU)                    F9.3
     COLUMN 9              :Quality on Salinity                         I3
==========================================================================
    1.1    1.1  1   13.671   13.671  1   34.527   34.527  1
    2.0    2.0  1   13.671   13.671  1   34.527   34.527  1
    3.0    3.0  1   13.670   13.670  1   34.527   34.527  1
    4.0    4.0  1   13.669   13.669  1   34.526   34.526  1
    5.0    5.0  1   13.670   13.670  1   34.526   34.526  1
    6.0    6.0  1   13.671   13.671  1   34.526   34.526  1
    6.9    6.9  1   13.670   13.670  1   34.526   34.526  1
    8.0    8.0  1   13.669   13.669  1   34.525   34.525  1
    9.0    9.0  1   13.668   13.668  1   34.524   34.524  1
   10.0   10.0  1   13.666   13.666  1   34.524   34.524  1
   10.7   10.7  1   13.662   13.662  1   34.523   34.523  1
   12.0   12.0  1   13.635   13.635  1   34.525   34.525  1
   14.1   14.1  1   13.540   13.540  1   34.531   34.531  1
   16.1   16.1  1   13.439   13.439  1   34.529   34.529  1
   18.1   18.1  1   13.370   13.370  1   34.525   34.525  1
   20.0   20.0  1   13.311   13.311  1   34.527   34.527  1
   22.1   22.1  1   13.234   13.234  1   34.524   34.524  1
   24.0   24.0  1   13.149   13.149  1   34.525   34.525  1
   26.0   26.0  1   13.037   13.037  1   34.527   34.527  1
   28.0   28.0  1   12.827   12.827  1   34.534   34.534  1
   30.0   30.0  1   12.700   12.700  1   34.527   34.527  1
   32.0   32.0  1   12.608   12.608  1   34.525   34.525  1
   34.0   34.0  1   12.264   12.264  1   34.543   34.543  1
   36.0   36.0  1   12.028   12.028  1   34.531   34.531  1
   38.0   38.0  1   11.870   11.870  1   34.526   34.526  1
   40.1   40.1  1   11.801   11.801  1   34.526   34.526  1
   42.0   42.0  1   11.753   11.753  1   34.524   34.524  1
   44.0   44.0  1   11.573   11.573  1   34.537   34.537  1
   46.0   46.0  1   11.441   11.441  1   34.528   34.528  1
   48.0   48.0  1   11.416   11.416  1   34.524   34.524  1
   49.9   49.9  1   11.393   11.393  1   34.525   34.525  1
   52.0   52.0  1   11.251   11.251  1   34.538   34.538  1
   54.0   54.0  1   11.085   11.085  1   34.528   34.528  1
   55.9   55.9  1   11.041   11.041  1   34.530   34.530  1
   57.9   57.9  1   10.961   10.961  1   34.528   34.528  1
   60.1   60.1  1   10.865   10.865  1   34.536   34.536  1
   62.1   62.1  1   10.753   10.753  1   34.537   34.537  1
   64.1   64.1  1   10.673   10.673  1   34.538   34.538  1
   66.1   66.1  1   10.617   10.617  1   34.538   34.538  1
   68.0   68.0  1   10.608   10.608  1   34.543   34.543  1
   70.0   70.0  1   10.589   10.589  1   34.553   34.553  1
   72.0   72.0  1   10.535   10.535  1   34.550   34.550  1
   74.0   74.0  1   10.493   10.493  1   34.544   34.544  1
   75.9   75.9  1   10.454   10.454  1   34.547   34.547  1
   78.0   78.0  1   10.399   10.399  1   34.542   34.542  1
   80.0   80.0  1   10.362   10.362  1   34.540   34.540  1
   81.9   81.9  1   10.323   10.323  1   34.542   34.542  1
   84.0   84.0  1   10.252   10.252  1   34.537   34.537  1
   86.1   86.1  1   10.197   10.197  1   34.542   34.542  1
   88.1   88.1  1   10.139   10.139  1   34.542   34.542  1
   90.1   90.1  1   10.104   10.104  1   34.542   34.542  1
   92.0   92.0  1   10.081   10.081  1   34.541   34.541  1
   94.0   94.0  1   10.069   10.069  1   34.544   34.544  1
   96.0   96.0  1   10.065   10.065  1   34.543   34.543  1
   98.0   98.0  1   10.062   10.062  1   34.545   34.545  1
  100.0  100.0  1   10.056   10.056  1   34.545   34.545  1
  102.0  102.0  1   10.053   10.053  1   34.545   34.545  1
  104.0  104.0  1   10.051   10.051  1   34.544   34.544  1
  106.0  106.0  1   10.050   10.050  1   34.545   34.545  1
  108.0  108.0  1   10.046   10.046  1   34.544   34.544  1
  110.1  110.1  1   10.048   10.048  1   34.544   34.544  1
  112.1  112.1  1   10.050   10.050  1   34.545   34.545  1
  114.0  114.0  1   10.047   10.047  1   34.545   34.545  1
  116.0  116.0  1   10.041   10.041  1   34.544   34.544  1
  118.0  118.0  1   10.038   10.038  1   34.544   34.544  1
  120.0  120.0  1   10.035   10.035  1   34.544   34.544  1
  122.0  122.0  1   10.028   10.028  1   34.543   34.543  1
  123.9  123.9  1   10.023   10.023  1   34.542   34.542  1
  126.0  126.0  1   10.020   10.020  1   34.542   34.542  1
  128.1  128.1  1   10.018   10.018  1   34.541   34.541  1
  130.1  130.1  1   10.017   10.017  1   34.541   34.541  1
  132.0  132.0  1   10.013   10.013  1   34.541   34.541  1
  134.0  134.0  1    9.993    9.993  1   34.540   34.540  1
  136.0  136.0  1    9.986    9.986  1   34.539   34.539  1
  138.1  138.1  1    9.982    9.982  1   34.539   34.539  1
  140.0  140.0  1    9.979    9.979  1   34.542   34.542  1
  142.1  142.1  1    9.975    9.975  1   34.545   34.545  1
  144.1  144.1  1    9.964    9.964  1   34.546   34.546  1
  146.1  146.1  1    9.959    9.959  1   34.546   34.546  1
  148.0  148.0  1    9.943    9.943  1   34.549   34.549  1
  150.0  150.0  1    9.843    9.843  1   34.546   34.546  1
  151.9  151.9  1    9.797    9.797  1   34.538   34.538  1
  153.9  153.9  1    9.783    9.783  1   34.537   34.537  1
  155.9  155.9  1    9.788    9.788  1   34.541   34.541  1
  158.0  158.0  1    9.748    9.748  1   34.544   34.544  1
  160.0  160.0  1    9.734    9.734  1   34.542   34.542  1
  162.0  162.0  1    9.720    9.720  1   34.548   34.548  1
  163.9  163.9  1    9.625    9.625  1   34.540   34.540  1
  166.0  166.0  1    9.554    9.554  1   34.526   34.526  1
  168.0  168.0  1    9.542    9.542  1   34.524   34.524  1
  170.1  170.1  1    9.511    9.511  1   34.520   34.520  1
  172.1  172.1  1    9.529    9.529  1   34.526   34.526  1
  174.0  174.0  1    9.524    9.524  1   34.538   34.538  1
  176.0  176.0  1    9.488    9.488  1   34.534   34.534  1
  178.0  178.0  1    9.447    9.447  1   34.529   34.529  1
  180.1  180.1  1    9.442    9.442  1   34.525   34.525  1
  182.0  182.0  1    9.451    9.451  1   34.534   34.534  1
  184.0  184.0  1    9.415    9.415  1   34.536   34.536  1
  185.9  185.9  1    9.416    9.416  1   34.537   34.537  1
  188.0  188.0  1    9.409    9.409  1   34.542   34.542  1
  190.0  190.0  1    9.414    9.414  1   34.543   34.543  1
  192.0  192.0  1    9.421    9.421  1   34.549   34.549  1
  194.0  194.0  1    9.418    9.418  1   34.551   34.551  1
  196.0  196.0  1    9.395    9.395  1   34.552   34.552  1
  198.1  198.1  1    9.305    9.305  1   34.546   34.546  1
  200.0  200.0  1    9.215    9.215  1   34.533   34.533  1
  202.0  202.0  1    9.175    9.175  1   34.524   34.524  1
  204.0  204.0  1    9.143    9.143  1   34.521   34.521  1
  206.0  206.0  1    9.131    9.131  1   34.522   34.522  1
  207.9  207.9  1    9.121    9.121  1   34.527   34.527  1
  210.0  210.0  1    9.138    9.138  1   34.532   34.532  1
  212.0  212.0  1    9.144    9.144  1   34.535   34.535  1
  214.0  214.0  1    9.144    9.144  1   34.540   34.540  1
  216.0  216.0  1    9.120    9.120  1   34.540   34.540  1
  218.0  218.0  1    9.111    9.111  1   34.539   34.539  1
  220.0  220.0  1    9.120    9.120  1   34.543   34.543  1
  222.0  222.0  1    9.126    9.126  1   34.545   34.545  1
  224.0  224.0  1    9.136    9.136  1   34.550   34.550  1
  226.1  226.1  1    9.124    9.124  1   34.551   34.551  1
  228.0  228.0  1    9.088    9.088  1   34.551   34.551  1
  229.9  229.9  1    9.070    9.070  1   34.550   34.550  1
  232.0  232.0  1    9.049    9.049  1   34.549   34.549  1
  234.0  234.0  1    9.017    9.017  1   34.545   34.545  1
  236.0  236.0  1    9.001    9.001  1   34.544   34.544  1
  238.0  238.0  1    8.957    8.957  1   34.541   34.541  1
  240.0  240.0  1    8.927    8.927  1   34.538   34.538  1
  242.0  242.0  1    8.908    8.908  1   34.534   34.534  1
  244.0  244.0  1    8.913    8.913  1   34.534   34.534  1
  246.0  246.0  1    8.913    8.913  1   34.534   34.534  1
  248.0  248.0  1    8.886    8.886  1   34.535   34.535  1
  249.9  249.9  1    8.831    8.831  1   34.531   34.531  1
  251.9  251.9  1    8.789    8.789  1   34.525   34.525  1
  254.0  254.0  1    8.759    8.759  1   34.521   34.521  1
  256.0  256.0  1    8.749    8.749  1   34.518   34.518  1
  258.0  258.0  1    8.736    8.736  1   34.517   34.517  1
  260.0  260.0  1    8.689    8.689  1   34.517   34.517  1
  262.0  262.0  1    8.640    8.640  1   34.509   34.509  1
  264.0  264.0  1    8.637    8.637  1   34.507   34.507  1
  266.0  266.0  1    8.634    8.634  1   34.506   34.506  1
  268.0  268.0  1    8.618    8.618  1   34.505   34.505  1
  269.9  269.9  1    8.602    8.602  1   34.503   34.503  1
  272.0  272.0  1    8.580    8.580  1   34.503   34.503  1
  274.1  274.1  1    8.533    8.533  1   34.499   34.499  1
  276.0  276.0  1    8.508    8.508  1   34.495   34.495  1
  278.0  278.0  1    8.489    8.489  1   34.493   34.493  1
  280.0  280.0  1    8.447    8.447  1   34.491   34.491  1
  281.9  281.9  1    8.437    8.437  1   34.488   34.488  1
  284.0  284.0  1    8.428    8.428  1   34.488   34.488  1
  286.1  286.1  1    8.407    8.407  1   34.487   34.487  1
  288.1  288.1  1    8.380    8.380  1   34.485   34.485  1
  290.1  290.1  1    8.350    8.350  1   34.481   34.481  1
  292.0  292.0  1    8.341    8.341  1   34.480   34.480  1
  293.9  293.9  1    8.338    8.338  1   34.479   34.479  1
  295.9  295.9  1    8.327    8.327  1   34.478   34.478  1
  297.9  297.9  1    8.316    8.316  1   34.478   34.478  1
  299.9  299.9  1    8.290    8.290  1   34.476   34.476  1
  301.9  301.9  1    8.276    8.276  1   34.474   34.474  1
  303.9  303.9  1    8.251    8.251  1   34.473   34.473  1
  306.0  306.0  1    8.226    8.226  1   34.469   34.469  1
  308.0  308.0  1    8.207    8.207  1   34.468   34.468  1
  310.0  310.0  1    8.190    8.190  1   34.465   34.465  1
  312.0  312.0  1    8.186    8.186  1   34.464   34.464  1
  313.9  313.9  1    8.173    8.173  1   34.464   34.464  1
  315.9  315.9  1    8.163    8.163  1   34.464   34.464  1
  317.9  317.9  1    8.152    8.152  1   34.463   34.463  1
  320.0  320.0  1    8.142    8.142  1   34.462   34.462  1
  322.0  322.0  1    8.135    8.135  1   34.461   34.461  1
  324.0  324.0  1    8.101    8.101  1   34.460   34.460  1
  326.0  326.0  1    8.071    8.071  1   34.457   34.457  1
  328.0  328.0  1    8.068    8.068  1   34.455   34.455  1
  330.0  330.0  1    8.056    8.056  1   34.455   34.455  1
  332.0  332.0  1    8.030    8.030  1   34.454   34.454  1
  334.1  334.1  1    8.010    8.010  1   34.450   34.450  1
  336.1  336.1  1    8.004    8.004  1   34.449   34.449  1
  338.0  338.0  1    7.998    7.998  1   34.449   34.449  1
  339.9  339.9  1    7.988    7.988  1   34.447   34.447  1
  341.8  341.8  1    7.977    7.977  1   34.446   34.446  1
  343.9  343.9  1    7.969    7.969  1   34.446   34.446  1
  346.0  346.0  1    7.946    7.946  1   34.444   34.444  1
  348.1  348.1  1    7.926    7.926  1   34.441   34.441  1
  349.9  349.9  1    7.922    7.922  1   34.441   34.441  1
  352.0  352.0  1    7.915    7.915  1   34.440   34.440  1
  354.0  354.0  1    7.900    7.900  1   34.440   34.440  1
  356.0  356.0  1    7.888    7.888  1   34.438   34.438  1
  358.1  358.1  1    7.880    7.880  1   34.437   34.437  1
  360.1  360.1  1    7.878    7.878  1   34.437   34.437  1
  362.0  362.0  1    7.872    7.872  1   34.437   34.437  1
  363.8  363.8  1    7.863    7.863  1   34.436   34.436  1
  365.8  365.8  1    7.847    7.847  1   34.435   34.435  1
  367.9  367.9  1    7.839    7.839  1   34.433   34.433  1
  369.9  369.9  1    7.836    7.836  1   34.433   34.433  1
  371.9  371.9  1    7.832    7.832  1   34.432   34.432  1
  373.9  373.9  1    7.812    7.812  1   34.431   34.431  1
  376.0  376.0  1    7.805    7.805  1   34.429   34.429  1
  378.0  378.0  1    7.787    7.787  1   34.428   34.428  1
  380.0  380.0  1    7.779    7.779  1   34.426   34.426  1
  382.0  382.0  1    7.776    7.776  1   34.427   34.427  1
  384.0  384.0  1    7.767    7.767  1   34.426   34.426  1
  385.8  385.8  1    7.762    7.762  1   34.426   34.426  1
  387.8  387.8  1    7.751    7.751  1   34.425   34.425  1
  389.8  389.8  1    7.745    7.745  1   34.424   34.424  1
  391.9  391.9  1    7.743    7.743  1   34.423   34.423  1
  393.9  393.9  1    7.730    7.730  1   34.423   34.423  1
  396.0  396.0  1    7.713    7.713  1   34.421   34.421  1
  398.0  398.0  1    7.708    7.708  1   34.420   34.420  1
  400.0  400.0  1    7.702    7.702  1   34.420   34.420  1
  402.0  402.0  1    7.691    7.691  1   34.419   34.419  1
  404.0  404.0  1    7.685    7.685  1   34.418   34.418  1
  405.9  405.9  1    7.679    7.679  1   34.418   34.418  1
  408.0  408.0  1    7.674    7.674  1   34.417   34.417  1
  410.0  410.0  1    7.672    7.672  1   34.417   34.417  1
  412.1  412.1  1    7.669    7.669  1   34.416   34.416  1
  414.0  414.0  1    7.667    7.667  1   34.416   34.416  1
  415.9  415.9  1    7.661    7.661  1   34.416   34.416  1
  417.9  417.9  1    7.660    7.660  1   34.415   34.415  1
  420.0  420.0  1    7.655    7.655  1   34.415   34.415  1
  422.0  422.0  1    7.646    7.646  1   34.415   34.415  1
  424.0  424.0  1    7.640    7.640  1   34.414   34.414  1
  426.0  426.0  1    7.637    7.637  1   34.414   34.414  1
  428.0  428.0  1    7.629    7.629  1   34.414   34.414  1
  430.1  430.1  1    7.622    7.622  1   34.413   34.413  1
  432.0  432.0  1    7.617    7.617  1   34.412   34.412  1
  433.9  433.9  1    7.612    7.612  1   34.412   34.412  1
  436.0  436.0  1    7.606    7.606  1   34.411   34.411  1
  438.0  438.0  1    7.604    7.604  1   34.411   34.411  1
  440.0  440.0  1    7.604    7.604  1   34.410   34.410  1
  442.1  442.1  1    7.602    7.602  1   34.411   34.411  1
  444.1  444.1  1    7.596    7.596  1   34.410   34.410  1
  446.0  446.0  1    7.594    7.594  1   34.410   34.410  1
  447.9  447.9  1    7.591    7.591  1   34.410   34.410  1
  449.9  449.9  1    7.586    7.586  1   34.410   34.410  1
  452.0  452.0  1    7.583    7.583  1   34.409   34.409  1
  454.0  454.0  1    7.581    7.581  1   34.409   34.409  1
  456.0  456.0  1    7.576    7.576  1   34.409   34.409  1
  458.1  458.1  1    7.575    7.575  1   34.408   34.408  1
  460.1  460.1  1    7.574    7.574  1   34.409   34.409  1
  462.0  462.0  1    7.572    7.572  1   34.410   34.410  1
  464.0  464.0  1    7.561    7.561  1   34.408   34.408  1
  466.0  466.0  1    7.563    7.563  1   34.408   34.408  1
  468.0  468.0  1    7.556    7.556  1   34.409   34.409  1
  469.9  469.9  1    7.555    7.555  1   34.408   34.408  1
  471.9  471.9  1    7.548    7.548  1   34.408   34.408  1
  474.0  474.0  1    7.543    7.543  1   34.407   34.407  1
  476.0  476.0  1    7.539    7.539  1   34.406   34.406  1
  478.0  478.0  1    7.538    7.538  1   34.407   34.407  1
  480.0  480.0  1    7.538    7.538  1   34.407   34.407  1
  482.0  482.0  1    7.539    7.539  1   34.407   34.407  1
  483.9  483.9  1    7.539    7.539  1   34.407   34.407  1
  486.0  486.0  1    7.535    7.535  1   34.407   34.407  1
  488.0  488.0  1    7.523    7.523  1   34.406   34.406  1
  490.1  490.1  1    7.520    7.520  1   34.406   34.406  1
  492.0  492.0  1    7.519    7.519  1   34.406   34.406  1
  494.0  494.0  1    7.518    7.518  1   34.406   34.406  1
  496.1  496.1  1    7.517    7.517  1   34.406   34.406  1
  498.0  498.0  1    7.513    7.513  1   34.405   34.405  1
  500.0  500.0  1    7.497    7.497  1   34.405   34.405  1
  502.0  502.0  1    7.485    7.485  1   34.402   34.402  1
  504.1  504.1  1    7.483    7.483  1   34.402   34.402  1
  506.0  506.0  1    7.481    7.481  1   34.402   34.402  1
  508.0  508.0  1    7.473    7.473  1   34.402   34.402  1
  510.0  510.0  1    7.464    7.464  1   34.402   34.402  1
  511.9  511.9  1    7.454    7.454  1   34.401   34.401  1
  514.0  514.0  1    7.448    7.448  1   34.400   34.400  1
  516.1  516.1  1    7.439    7.439  1   34.400   34.400  1
  518.0  518.0  1    7.430    7.430  1   34.399   34.399  1
  520.0  520.0  1    7.425    7.425  1   34.398   34.398  1
  522.0  522.0  1    7.419    7.419  1   34.398   34.398  1
  524.0  524.0  1    7.408    7.408  1   34.398   34.398  1
  526.1  526.1  1    7.402    7.402  1   34.396   34.396  1
  528.0  528.0  1    7.392    7.392  1   34.395   34.395  1
  530.0  530.0  1    7.386    7.386  1   34.395   34.395  1
  532.0  532.0  1    7.373    7.373  1   34.394   34.394  1
  533.9  533.9  1    7.365    7.365  1   34.393   34.393  1
  536.0  536.0  1    7.360    7.360  1   34.392   34.392  1
  538.1  538.1  1    7.355    7.355  1   34.392   34.392  1
  540.0  540.0  1    7.351    7.351  1   34.391   34.391  1
  542.0  542.0  1    7.347    7.347  1   34.391   34.391  1
  544.1  544.1  1    7.341    7.341  1   34.391   34.391  1
  546.1  546.1  1    7.332    7.332  1   34.390   34.390  1
  548.0  548.0  1    7.327    7.327  1   34.389   34.389  1
  550.0  550.0  1    7.325    7.325  1   34.390   34.390  1
  552.0  552.0  1    7.320    7.320  1   34.389   34.389  1
  554.0  554.0  1    7.311    7.311  1   34.389   34.389  1
  556.0  556.0  1    7.295    7.295  1   34.389   34.389  1
  558.0  558.0  1    7.287    7.287  1   34.387   34.387  1
  560.1  560.1  1    7.279    7.279  1   34.387   34.387  1
  562.0  562.0  1    7.272    7.272  1   34.385   34.385  1
  564.0  564.0  1    7.266    7.266  1   34.386   34.386  1
  566.1  566.1  1    7.253    7.253  1   34.385   34.385  1
  568.1  568.1  1    7.247    7.247  1   34.384   34.384  1
  570.0  570.0  1    7.239    7.239  1   34.384   34.384  1
  572.0  572.0  1    7.225    7.225  1   34.384   34.384  1
  574.0  574.0  1    7.212    7.212  1   34.382   34.382  1
  576.0  576.0  1    7.209    7.209  1   34.381   34.381  1
  577.9  577.9  1    7.207    7.207  1   34.381   34.381  1
  580.0  580.0  1    7.205    7.205  1   34.381   34.381  1
  582.0  582.0  1    7.199    7.199  1   34.381   34.381  1
  583.9  583.9  1    7.181    7.181  1   34.380   34.380  1
  586.0  586.0  1    7.177    7.177  1   34.380   34.380  1
  588.0  588.0  1    7.178    7.178  1   34.379   34.379  1
  590.0  590.0  1    7.166    7.166  1   34.379   34.379  1
  592.0  592.0  1    7.141    7.141  1   34.376   34.376  1
  594.0  594.0  1    7.138    7.138  1   34.375   34.375  1
  596.0  596.0  1    7.137    7.137  1   34.375   34.375  1
  598.0  598.0  1    7.129    7.129  1   34.375   34.375  1
  600.1  600.1  1    7.121    7.121  1   34.375   34.375  1
  602.0  602.0  1    7.108    7.108  1   34.374   34.374  1
  604.0  604.0  1    7.102    7.102  1   34.373   34.373  1
  606.0  606.0  1    7.096    7.096  1   34.371   34.371  1
  608.0  608.0  1    7.086    7.086  1   34.371   34.371  1
  610.0  610.0  1    7.066    7.066  1   34.370   34.370  1
  611.9  611.9  1    7.043    7.043  1   34.367   34.367  1
  613.9  613.9  1    7.029    7.029  1   34.367   34.367  1
  616.0  616.0  1    7.021    7.021  1   34.365   34.365  1
  618.0  618.0  1    7.017    7.017  1   34.365   34.365  1
  620.0  620.0  1    7.011    7.011  1   34.365   34.365  1
  622.0  622.0  1    7.009    7.009  1   34.364   34.364  1
  623.9  623.9  1    7.003    7.003  1   34.365   34.365  1
  626.1  626.1  1    6.998    6.998  1   34.364   34.364  1
  628.0  628.0  1    6.997    6.997  1   34.363   34.363  1
  630.0  630.0  1    6.990    6.990  1   34.364   34.364  1
  632.0  632.0  1    6.972    6.972  1   34.364   34.364  1
  634.0  634.0  1    6.958    6.958  1   34.361   34.361  1
  636.0  636.0  1    6.950    6.950  1   34.361   34.361  1
  638.0  638.0  1    6.930    6.930  1   34.359   34.359  1
  640.0  640.0  1    6.913    6.913  1   34.358   34.358  1
  642.0  642.0  1    6.906    6.906  1   34.357   34.357  1
  644.0  644.0  1    6.902    6.902  1   34.356   34.356  1
  645.9  645.9  1    6.896    6.896  1   34.357   34.357  1
  648.0  648.0  1    6.887    6.887  1   34.357   34.357  1
  650.0  650.0  1    6.875    6.875  1   34.357   34.357  1
  652.0  652.0  1    6.864    6.864  1   34.357   34.357  1
  654.0  654.0  1    6.847    6.847  1   34.357   34.357  1
  656.0  656.0  1    6.838    6.838  1   34.356   34.356  1
  658.0  658.0  1    6.831    6.831  1   34.355   34.355  1
  660.0  660.0  1    6.827    6.827  1   34.355   34.355  1
  662.1  662.1  1    6.826    6.826  1   34.354   34.354  1
  663.9  663.9  1    6.825    6.825  1   34.354   34.354  1
  665.9  665.9  1    6.823    6.823  1   34.353   34.353  1
  668.0  668.0  1    6.810    6.810  1   34.353   34.353  1
  670.0  670.0  1    6.793    6.793  1   34.352   34.352  1
  672.0  672.0  1    6.767    6.767  1   34.351   34.351  1
  674.0  674.0  1    6.759    6.759  1   34.348   34.348  1
  676.0  676.0  1    6.754    6.754  1   34.348   34.348  1
  678.1  678.1  1    6.750    6.750  1   34.347   34.347  1
  680.0  680.0  1    6.737    6.737  1   34.348   34.348  1
  682.0  682.0  1    6.721    6.721  1   34.346   34.346  1
  684.0  684.0  1    6.714    6.714  1   34.346   34.346  1
  686.0  686.0  1    6.709    6.709  1   34.346   34.346  1
  688.0  688.0  1    6.692    6.692  1   34.347   34.347  1
  689.9  689.9  1    6.677    6.677  1   34.344   34.344  1
  692.0  692.0  1    6.667    6.667  1   34.345   34.345  1
  694.1  694.1  1    6.637    6.637  1   34.342   34.342  1
  696.0  696.0  1    6.635    6.635  1   34.339   34.339  1
  698.0  698.0  1    6.639    6.639  1   34.343   34.343  1
  700.0  700.0  1    6.623    6.623  1   34.343   34.343  1
  702.0  702.0  1    6.613    6.613  1   34.343   34.343  1
  703.9  703.9  1    6.599    6.599  1   34.343   34.343  1
  706.0  706.0  1    6.597    6.597  1   34.342   34.342  1
  708.0  708.0  1    6.591    6.591  1   34.343   34.343  1
  710.0  710.0  1    6.588    6.588  1   34.317   34.317  1
  712.0  712.0  1    6.582    6.582  1   34.343   34.343  1
  714.0  714.0  1    6.575    6.575  1   34.343   34.343  1
  716.1  716.1  1    6.572    6.572  1   34.342   34.342  1
  718.0  718.0  1    6.567    6.567  1   34.343   34.343  1
  720.0  720.0  1    6.565    6.565  1   34.342   34.342  1
  722.0  722.0  1    6.563    6.563  1   34.342   34.342  1
  724.1  724.1  1    6.562    6.562  1   34.342   34.342  1
  726.0  726.0  1    6.558    6.558  1   34.343   34.343  1
  728.0  728.0  1    6.555    6.555  1   34.340   34.340  1
  729.9  729.9  1    6.554    6.554  1   34.341   34.341  1
  731.9  731.9  1    6.556    6.556  1   34.342   34.342  1
  734.0  734.0  1    6.556    6.556  1   34.342   34.342  1
  736.1  736.1  1    6.551    6.551  1   34.342   34.342  1
  738.0  738.0  1    6.549    6.549  1   34.342   34.342  1
  739.9  739.9  1    6.547    6.547  1   34.341   34.341  1
  742.0  742.0  1    6.538    6.538  1   34.342   34.342  1
  744.0  744.0  1    6.525    6.525  1   34.339   34.339  1
  746.0  746.0  1    6.513    6.513  1   34.339   34.339  1
  747.9  747.9  1    6.513    6.513  1   34.337   34.337  1
  750.0  750.0  1    6.498    6.498  1   34.339   34.339  1
  752.0  752.0  1    6.484    6.484  1   34.336   34.336  1
  754.0  754.0  1    6.472    6.472  1   34.334   34.334  1
  755.9  755.9  1    6.455    6.455  1   34.332   34.332  1
  757.9  757.9  1    6.436    6.436  1   34.332   34.332  1
  759.9  759.9  1    6.411    6.411  1   34.330   34.330  1
  762.0  762.0  1    6.384    6.384  1   34.329   34.329  1
  764.0  764.0  1    6.349    6.349  1   34.327   34.327  1
  766.1  766.1  1    6.334    6.334  1   34.325   34.325  1
  768.0  768.0  1    6.320    6.320  1   34.325   34.325  1
  770.0  770.0  1    6.315    6.315  1   34.323   34.323  1
  772.0  772.0  1    6.304    6.304  1   34.324   34.324  1
  774.1  774.1  1    6.293    6.293  1   34.322   34.322  1
  776.0  776.0  1    6.286    6.286  1   34.322   34.322  1
  777.9  777.9  1    6.253    6.253  1   34.323   34.323  1
  780.0  780.0  1    6.224    6.224  1   34.322   34.322  1
  782.0  782.0  1    6.202    6.202  1   34.320   34.320  1
  784.0  784.0  1    6.191    6.191  1   34.321   34.321  1
  786.0  786.0  1    6.182    6.182  1   34.320   34.320  1
  788.0  788.0  1    6.173    6.173  1   34.320   34.320  1
  790.0  790.0  1    6.166    6.166  1   34.321   34.321  1
  791.9  791.9  1    6.160    6.160  1   34.321   34.321  1
  794.0  794.0  1    6.148    6.148  1   34.321   34.321  1
  796.0  796.0  1    6.146    6.146  1   34.321   34.321  1
  798.0  798.0  1    6.138    6.138  1   34.322   34.322  1
  800.0  800.0  1    6.121    6.121  1   34.321   34.321  1
  802.0  802.0  1    6.116    6.116  1   34.319   34.319  1
  804.0  804.0  1    6.112    6.112  1   34.320   34.320  1
  806.0  806.0  1    6.109    6.109  1   34.320   34.320  1
  808.0  808.0  1    6.104    6.104  1   34.320   34.320  1
  810.0  810.0  1    6.091    6.091  1   34.321   34.321  1
  811.9  811.9  1    6.080    6.080  1   34.320   34.320  1
  814.0  814.0  1    6.072    6.072  1   34.320   34.320  1
  816.0  816.0  1    6.066    6.066  1   34.318   34.318  1
  818.0  818.0  1    6.056    6.056  1   34.319   34.319  1
  820.1  820.1  1    6.038    6.038  1   34.319   34.319  1
  822.1  822.1  1    5.994    5.994  1   34.320   34.320  1
  824.0  824.0  1    5.965    5.965  1   34.314   34.314  1
  826.0  826.0  1    5.952    5.952  1   34.314   34.314  1
  827.9  827.9  1    5.927    5.927  1   34.312   34.312  1
  830.0  830.0  1    5.893    5.893  1   34.311   34.311  1
  832.0  832.0  1    5.860    5.860  1   34.307   34.307  1
  833.9  833.9  1    5.847    5.847  1   34.307   34.307  1
  836.0  836.0  1    5.823    5.823  1   34.307   34.307  1
  838.0  838.0  1    5.815    5.815  1   34.305   34.305  1
  840.0  840.0  1    5.806    5.806  1   34.306   34.306  1
  842.0  842.0  1    5.801    5.801  1   34.308   34.308  1
  844.1  844.1  1    5.805    5.805  1   34.311   34.311  1
  846.1  846.1  1    5.797    5.797  1   34.312   34.312  1
  847.9  847.9  1    5.790    5.790  1   34.311   34.311  1
  850.0  850.0  1    5.777    5.777  1   34.312   34.312  1
  852.0  852.0  1    5.755    5.755  1   34.312   34.312  1
  854.1  854.1  1    5.732    5.732  1   34.311   34.311  1
  856.0  856.0  1    5.723    5.723  1   34.309   34.309  1
  857.9  857.9  1    5.714    5.714  1   34.310   34.310  1
  860.0  860.0  1    5.689    5.689  1   34.308   34.308  1
  862.1  862.1  1    5.678    5.678  1   34.308   34.308  1
  863.9  863.9  1    5.669    5.669  1   34.307   34.307  1
  865.9  865.9  1    5.657    5.657  1   34.307   34.307  1
  868.0  868.0  1    5.652    5.652  1   34.308   34.308  1
  870.0  870.0  1    5.647    5.647  1   34.307   34.307  1
  871.9  871.9  1    5.646    5.646  1   34.306   34.306  1
  874.0  874.0  1    5.628    5.628  1   34.306   34.306  1
  876.0  876.0  1    5.589    5.589  1   34.308   34.308  1
  877.9  877.9  1    5.571    5.571  1   34.302   34.302  1
  880.0  880.0  1    5.560    5.560  1   34.304   34.304  1
  882.0  882.0  1    5.544    5.544  1   34.303   34.303  1
  884.0  884.0  1    5.527    5.527  1   34.303   34.303  1
  886.0  886.0  1    5.508    5.508  1   34.307   34.307  1
  888.1  888.1  1    5.480    5.480  1   34.306   34.306  1
  890.1  890.1  1    5.482    5.482  1   34.308   34.308  1
  892.0  892.0  1    5.482    5.482  1   34.309   34.309  1
  894.0  894.0  1    5.489    5.489  1   34.309   34.309  1
  896.1  896.1  1    5.477    5.477  1   34.314   34.314  1
  898.0  898.0  1    5.446    5.446  1   34.315   34.315  1
  899.9  899.9  1    5.433    5.433  1   34.313   34.313  1
  901.9  901.9  1    5.425    5.425  1   34.312   34.312  1
  904.0  904.0  1    5.418    5.418  1   34.312   34.312  1
  906.0  906.0  1    5.403    5.403  1   34.313   34.313  1
  908.0  908.0  1    5.392    5.392  1   34.314   34.314  1
  910.0  910.0  1    5.375    5.375  1   34.313   34.313  1
  912.1  912.1  1    5.367    5.367  1   34.313   34.313  1
  914.1  914.1  1    5.359    5.359  1   34.317   34.317  1
  916.0  916.0  1    5.339    5.339  1   34.315   34.315  1
  918.0  918.0  1    5.329    5.329  1   34.315   34.315  1
  920.1  920.1  1    5.303    5.303  1   34.316   34.316  1
  922.1  922.1  1    5.294    5.294  1   34.315   34.315  1
  924.0  924.0  1    5.291    5.291  1   34.314   34.314  1
  926.0  926.0  1    5.283    5.283  1   34.315   34.315  1
  928.0  928.0  1    5.256    5.256  1   34.314   34.314  1
  930.1  930.1  1    5.230    5.230  1   34.313   34.313  1
  932.0  932.0  1    5.209    5.209  1   34.310   34.310  1
  934.0  934.0  1    5.206    5.206  1   34.308   34.308  1
  936.0  936.0  1    5.177    5.177  1   34.311   34.311  1
  937.9  937.9  1    5.163    5.163  1   34.307   34.307  1
  939.9  939.9  1    5.161    5.161  1   34.307   34.307  1
  942.0  942.0  1    5.159    5.159  1   34.307   34.307  1
  944.1  944.1  1    5.156    5.156  1   34.307   34.307  1
  946.0  946.0  1    5.154    5.154  1   34.305   34.305  1
  948.0  948.0  1    5.145    5.145  1   34.306   34.306  1
  950.0  950.0  1    5.107    5.107  1   34.309   34.309  1
  951.9  951.9  1    5.090    5.090  1   34.305   34.305  1
  953.9  953.9  1    5.087    5.087  1   34.304   34.304  1
  955.9  955.9  1    5.083    5.083  1   34.304   34.304  1
  958.0  958.0  1    5.074    5.074  1   34.305   34.305  1
  960.0  960.0  1    5.059    5.059  1   34.304   34.304  1
  961.9  961.9  1    5.040    5.040  1   34.306   34.306  1
  964.0  964.0  1    5.013    5.013  1   34.305   34.305  1
  966.0  966.0  1    4.995    4.995  1   34.306   34.306  1
  967.9  967.9  1    4.988    4.988  1   34.304   34.304  1
  969.9  969.9  1    4.990    4.990  1   34.303   34.303  1
  972.0  972.0  1    4.996    4.996  1   34.308   34.308  1
  974.0  974.0  1    4.994    4.994  1   34.312   34.312  1
  976.0  976.0  1    4.986    4.986  1   34.311   34.311  1
  978.0  978.0  1    4.968    4.968  1   34.312   34.312  1
  980.0  980.0  1    4.946    4.946  1   34.310   34.310  1
  982.0  982.0  1    4.925    4.925  1   34.310   34.310  1
  984.0  984.0  1    4.910    4.910  1   34.307   34.307  1
  986.0  986.0  1    4.902    4.902  1   34.310   34.310  1
  988.0  988.0  1    4.885    4.885  1   34.309   34.309  1
  989.7  989.7  1    4.876    4.876  1   34.309   34.309  1
  991.1  991.1  1    4.874    4.874  1   34.308   34.308  1
