*SoftWare Version 3.0  2018/12/27

*HEADER
     PLATFORM NUMBER       :5906016
     CYCLE NUMBER          :028
     DATE CREATION         :20191216010032
     DATE UPDATE           :20191216010032
     PROJECT NAME          :UW, Argo
     PI NAME               :STEPHEN RISER
     INSTRUMENT TYPE       :APEX
     FLOAT SERIAL NO       :8323
     FIRMWARE VERSION      :102918
     WMO INSTRUMENT TYPE   :846
     TRANSMISSION SYSTEM   :IRIDIUM
     POSITIONING SYSTEM    :GPS
     SAMPLE DIRECTION      :A(A=Ascend; D=Descend)
     DATA MODE             :A(R=Real Time; D=Delayed Mode; A=Real Time Adjusted)
     JULIAN DAY            :25550.8744 (days since 1950-01-01 00:00:00 UTC)
     DATE                  :2019-12-15
     QC FLAG FOR DATE      :1
*LOCATION
     LATITUDE              :20.092  
     LONGITUDE             :-128.671
     QC FLAG FOR LOCATION  :1
*FILE
     COLUMN 1              :Pressure (dbar)                             F7.1
     COLUMN 2              :Corrected Pressure (dbar)                   F7.1
     COLUMN 3              :Quality on Pressure                         I3
     COLUMN 4              :Temperature (degree_Celsius)                F9.3
     COLUMN 5              :Corrected Temperature (degree_Celsius)      F9.3
     COLUMN 6              :Quality on Temperature                      I3
     COLUMN 7              :Salinity (PSU)                              F9.3
     COLUMN 8              :Corrected Salinity (PSU)                    F9.3
     COLUMN 9              :Quality on Salinity                         I3
==========================================================================
    4.3    4.4  1   23.931   23.931  1   34.458   34.458  1
    6.0    6.1  1   23.931   23.931  1   34.458   34.458  1
    8.0    8.1  1   23.931   23.931  1   34.458   34.458  1
   10.0   10.1  1   23.931   23.931  1   34.458   34.458  1
   12.0   12.1  1   23.931   23.931  1   34.458   34.458  1
   14.0   14.1  1   23.932   23.932  1   34.458   34.458  1
   16.0   16.1  1   23.932   23.932  1   34.458   34.458  1
   18.0   18.1  1   23.933   23.933  1   34.458   34.458  1
   20.0   20.1  1   23.933   23.933  1   34.458   34.458  1
   22.0   22.1  1   23.934   23.934  1   34.458   34.458  1
   24.0   24.1  1   23.934   23.934  1   34.458   34.458  1
   26.0   26.1  1   23.935   23.935  1   34.458   34.458  1
   28.0   28.1  1   23.935   23.935  1   34.458   34.458  1
   30.0   30.1  1   23.933   23.933  1   34.459   34.459  1
   32.0   32.1  1   23.932   23.932  1   34.460   34.460  1
   34.0   34.1  1   23.929   23.929  1   34.463   34.463  1
   36.0   36.1  1   23.927   23.927  1   34.465   34.465  1
   38.0   38.1  1   23.928   23.928  1   34.465   34.465  1
   40.1   40.2  1   23.931   23.931  1   34.462   34.462  1
   42.0   42.1  1   23.911   23.911  1   34.480   34.480  1
   44.0   44.1  1   23.880   23.880  1   34.508   34.508  1
   46.0   46.1  1   23.872   23.872  1   34.511   34.511  1
   48.0   48.1  1   23.867   23.867  1   34.515   34.515  1
   50.0   50.1  1   23.846   23.846  1   34.563   34.563  1
   52.0   52.1  1   23.829   23.829  1   34.603   34.603  1
   54.0   54.1  1   23.786   23.786  1   34.702   34.702  1
   56.0   56.1  1   23.635   23.635  1   34.799   34.799  1
   58.0   58.1  1   23.418   23.418  1   34.805   34.805  1
   60.0   60.1  1   23.244   23.244  1   34.805   34.805  1
   62.0   62.1  1   23.106   23.106  1   34.809   34.809  1
   64.0   64.1  1   23.004   23.004  1   34.813   34.813  1
   66.0   66.1  1   22.896   22.896  1   34.821   34.821  1
   68.0   68.1  1   22.730   22.730  1   34.861   34.861  1
   70.0   70.1  1   22.593   22.593  1   34.866   34.866  1
   72.0   72.1  1   22.443   22.443  1   34.862   34.862  1
   74.0   74.1  1   22.208   22.208  1   34.852   34.852  1
   76.0   76.1  1   22.094   22.094  1   34.839   34.839  1
   78.0   78.1  1   21.973   21.973  1   34.832   34.832  1
   80.0   80.1  1   21.840   21.840  1   34.822   34.822  1
   82.0   82.1  1   21.641   21.641  1   34.814   34.814  1
   84.0   84.1  1   21.489   21.489  1   34.813   34.813  1
   86.0   86.1  1   21.258   21.258  1   34.833   34.833  1
   88.0   88.1  1   21.125   21.125  1   34.833   34.833  1
   90.0   90.1  1   21.013   21.013  1   34.833   34.833  1
   92.0   92.1  1   20.908   20.908  1   34.832   34.832  1
   94.0   94.1  1   20.877   20.877  1   34.830   34.830  1
   96.0   96.1  1   20.840   20.840  1   34.823   34.823  1
   98.0   98.1  1   20.820   20.820  1   34.818   34.818  1
  100.0  100.1  1   20.667   20.667  1   34.807   34.807  1
  102.0  102.1  1   20.238   20.238  1   34.754   34.754  1
  104.0  104.1  1   20.118   20.118  1   34.724   34.724  1
  106.0  106.1  1   20.048   20.048  1   34.728   34.728  1
  108.0  108.1  1   20.036   20.036  1   34.765   34.765  1
  110.0  110.1  1   19.934   19.934  1   34.766   34.766  1
  112.0  112.1  1   19.850   19.850  1   34.749   34.749  1
  114.0  114.1  1   19.796   19.796  1   34.748   34.748  1
  116.0  116.1  1   19.765   19.765  1   34.756   34.756  1
  118.0  118.1  1   19.667   19.667  1   34.763   34.763  1
  120.0  120.1  1   19.558   19.558  1   34.759   34.759  1
  122.0  122.1  1   19.423   19.423  1   34.755   34.755  1
  124.0  124.1  1   19.319   19.319  1   34.764   34.764  1
  126.0  126.1  1   19.246   19.246  1   34.761   34.761  1
  128.0  128.1  1   19.146   19.146  1   34.759   34.759  1
  130.0  130.1  1   19.084   19.084  1   34.755   34.755  1
  132.0  132.1  1   19.062   19.062  1   34.752   34.752  1
  134.0  134.1  1   18.928   18.928  1   34.740   34.740  1
  136.0  136.1  1   18.801   18.801  1   34.734   34.734  1
  138.0  138.1  1   18.585   18.585  1   34.709   34.709  1
  140.0  140.1  1   18.292   18.292  1   34.669   34.669  1
  142.0  142.1  1   18.042   18.042  1   34.631   34.631  1
  144.0  144.1  1   17.870   17.870  1   34.600   34.600  1
  146.0  146.1  1   17.797   17.797  1   34.588   34.588  1
  148.0  148.1  1   17.552   17.552  1   34.559   34.559  1
  150.0  150.1  1   17.374   17.374  1   34.530   34.530  1
  152.0  152.1  1   17.204   17.204  1   34.505   34.505  1
  154.0  154.1  1   16.929   16.929  1   34.468   34.468  1
  156.0  156.1  1   16.723   16.723  1   34.430   34.430  1
  158.0  158.1  1   16.374   16.374  1   34.392   34.392  1
  160.1  160.2  1   15.920   15.920  1   34.329   34.329  1
  162.1  162.2  1   15.781   15.781  1   34.303   34.303  1
  164.0  164.1  1   15.676   15.676  1   34.288   34.288  1
  166.0  166.1  1   15.538   15.538  1   34.267   34.267  1
  168.0  168.1  1   14.883   14.883  1   34.191   34.191  1
  170.0  170.1  1   14.367   14.367  1   34.122   34.122  1
  172.0  172.1  1   14.335   14.335  1   34.114   34.114  1
  174.0  174.1  1   14.331   14.331  1   34.111   34.111  1
  176.0  176.1  1   14.170   14.170  1   34.093   34.093  1
  178.0  178.1  1   13.840   13.840  1   34.066   34.066  1
  180.0  180.1  1   13.563   13.563  1   34.041   34.041  1
  182.0  182.1  1   13.448   13.448  1   34.035   34.035  1
  184.0  184.1  1   13.355   13.355  1   34.028   34.028  1
  186.0  186.1  1   13.314   13.314  1   34.024   34.024  1
  188.0  188.1  1   13.253   13.253  1   34.019   34.019  1
  190.0  190.1  1   13.017   13.017  1   34.008   34.008  1
  192.0  192.1  1   12.836   12.836  1   33.999   33.999  1
  194.0  194.1  1   12.579   12.579  1   33.992   33.992  1
  196.0  196.1  1   12.465   12.465  1   33.985   33.985  1
  198.0  198.1  1   12.286   12.286  1   33.988   33.988  1
  200.0  200.1  1   12.140   12.140  1   33.988   33.988  1
  202.0  202.1  1   12.053   12.053  1   33.989   33.989  1
  204.0  204.1  1   11.932   11.932  1   33.991   33.991  1
  206.0  206.1  1   11.732   11.732  1   33.989   33.989  1
  208.0  208.1  1   11.596   11.596  1   33.986   33.986  1
  210.0  210.1  1   11.484   11.484  1   33.984   33.984  1
  212.0  212.1  1   11.403   11.403  1   34.013   34.013  1
  214.0  214.1  1   11.289   11.289  1   34.036   34.036  1
  216.0  216.1  1   11.206   11.206  1   34.040   34.040  1
  218.0  218.1  1   11.131   11.131  1   34.043   34.043  1
  220.0  220.1  1   11.072   11.072  1   34.047   34.047  1
  222.0  222.1  1   10.973   10.973  1   34.069   34.069  1
  224.0  224.1  1   10.943   10.943  1   34.077   34.077  1
  226.0  226.1  1   10.904   10.904  1   34.091   34.091  1
  228.0  228.1  1   10.886   10.886  1   34.098   34.098  1
  230.0  230.1  1   10.878   10.878  1   34.101   34.101  1
  232.0  232.1  1   10.864   10.864  1   34.104   34.104  1
  234.0  234.1  1   10.841   10.841  1   34.109   34.109  1
  236.0  236.1  1   10.824   10.824  1   34.112   34.112  1
  238.0  238.1  1   10.802   10.802  1   34.118   34.118  1
  240.0  240.1  1   10.780   10.780  1   34.121   34.121  1
  242.0  242.1  1   10.738   10.738  1   34.131   34.131  1
  244.0  244.1  1   10.703   10.703  1   34.145   34.145  1
  246.0  246.1  1   10.630   10.630  1   34.158   34.158  1
  248.0  248.1  1   10.538   10.538  1   34.178   34.178  1
  250.0  250.1  1   10.547   10.547  1   34.194   34.194  1
  252.0  252.1  1   10.558   10.558  1   34.209   34.209  1
  254.0  254.1  1   10.480   10.480  1   34.219   34.219  1
  256.0  256.1  1   10.455   10.455  1   34.230   34.230  1
  258.0  258.1  1   10.423   10.423  1   34.234   34.234  1
  260.0  260.1  1   10.340   10.340  1   34.234   34.234  1
  262.0  262.1  1   10.262   10.262  1   34.227   34.227  1
  264.0  264.1  1   10.245   10.245  1   34.229   34.229  1
  266.0  266.1  1   10.224   10.224  1   34.239   34.239  1
  268.0  268.1  1   10.191   10.191  1   34.246   34.246  1
  270.0  270.1  1   10.133   10.133  1   34.252   34.252  1
  272.0  272.1  1   10.120   10.120  1   34.262   34.262  1
  274.0  274.1  1   10.061   10.061  1   34.260   34.260  1
  276.0  276.1  1   10.036   10.036  1   34.265   34.265  1
  278.0  278.1  1   10.027   10.027  1   34.273   34.273  1
  280.0  280.1  1    9.996    9.996  1   34.276   34.276  1
  282.0  282.1  1    9.953    9.953  1   34.282   34.282  1
  284.0  284.1  1    9.962    9.962  1   34.294   34.294  1
  286.0  286.1  1    9.949    9.949  1   34.300   34.300  1
  288.0  288.1  1    9.933    9.933  1   34.300   34.300  1
  290.0  290.1  1    9.914    9.914  1   34.307   34.307  1
  292.0  292.1  1    9.862    9.862  1   34.311   34.311  1
  294.0  294.1  1    9.819    9.819  1   34.325   34.325  1
  296.0  296.1  1    9.797    9.797  1   34.338   34.338  1
  298.0  298.1  1    9.794    9.794  1   34.341   34.341  1
  300.0  300.1  1    9.789    9.789  1   34.346   34.346  1
  302.0  302.1  1    9.800    9.800  1   34.357   34.357  1
  304.0  304.1  1    9.787    9.787  1   34.378   34.378  1
  306.0  306.1  1    9.715    9.715  1   34.374   34.374  1
  308.0  308.1  1    9.584    9.584  1   34.366   34.366  1
  310.0  310.1  1    9.496    9.496  1   34.361   34.361  1
  312.0  312.1  1    9.474    9.474  1   34.361   34.361  1
  314.0  314.1  1    9.471    9.471  1   34.361   34.361  1
  316.0  316.1  1    9.440    9.440  1   34.362   34.362  1
  318.0  318.1  1    9.382    9.382  1   34.368   34.368  1
  320.0  320.1  1    9.364    9.364  1   34.377   34.377  1
  322.0  322.1  1    9.359    9.359  1   34.381   34.381  1
  324.0  324.1  1    9.358    9.358  1   34.389   34.389  1
  326.0  326.1  1    9.348    9.348  1   34.387   34.387  1
  328.0  328.1  1    9.308    9.308  1   34.388   34.388  1
  330.0  330.1  1    9.260    9.260  1   34.386   34.386  1
  332.0  332.1  1    9.230    9.230  1   34.384   34.384  1
  334.0  334.1  1    9.211    9.211  1   34.384   34.384  1
  336.0  336.1  1    9.137    9.137  1   34.376   34.376  1
  338.0  338.1  1    9.082    9.082  1   34.373   34.373  1
  340.0  340.1  1    9.084    9.084  1   34.379   34.379  1
  342.0  342.1  1    9.050    9.050  1   34.385   34.385  1
  344.0  344.1  1    8.980    8.980  1   34.376   34.376  1
  346.0  346.1  1    8.924    8.924  1   34.371   34.371  1
  348.0  348.1  1    8.875    8.875  1   34.367   34.367  1
  350.0  350.1  1    8.786    8.786  1   34.361   34.361  1
  352.0  352.1  1    8.748    8.748  1   34.360   34.360  1
  354.0  354.1  1    8.743    8.743  1   34.370   34.370  1
  356.0  356.1  1    8.794    8.794  1   34.395   34.395  1
  358.0  358.1  1    8.737    8.737  1   34.394   34.394  1
  360.0  360.1  1    8.687    8.687  1   34.386   34.386  1
  362.0  362.1  1    8.559    8.559  1   34.375   34.375  1
  364.0  364.1  1    8.472    8.472  1   34.361   34.361  1
  366.0  366.1  1    8.439    8.439  1   34.357   34.357  1
  368.0  368.1  1    8.428    8.428  1   34.357   34.357  1
  370.1  370.2  1    8.421    8.421  1   34.357   34.357  1
  372.0  372.1  1    8.371    8.371  1   34.361   34.361  1
  374.0  374.1  1    8.363    8.363  1   34.362   34.362  1
  376.0  376.1  1    8.371    8.371  1   34.366   34.366  1
  378.0  378.1  1    8.365    8.365  1   34.373   34.373  1
  380.0  380.1  1    8.374    8.374  1   34.380   34.380  1
  382.0  382.1  1    8.368    8.368  1   34.381   34.381  1
  384.0  384.1  1    8.354    8.354  1   34.380   34.380  1
  386.0  386.1  1    8.359    8.359  1   34.384   34.384  1
  388.0  388.1  1    8.353    8.353  1   34.386   34.386  1
  390.0  390.1  1    8.285    8.285  1   34.384   34.384  1
  392.0  392.1  1    8.247    8.247  1   34.382   34.382  1
  394.0  394.1  1    8.218    8.218  1   34.382   34.382  1
  396.0  396.1  1    8.224    8.224  1   34.387   34.387  1
  398.0  398.1  1    8.226    8.226  1   34.394   34.394  1
  400.0  400.1  1    8.247    8.247  1   34.401   34.401  1
  402.0  402.1  1    8.267    8.267  1   34.408   34.408  1
  404.0  404.1  1    8.257    8.257  1   34.411   34.411  1
  406.0  406.1  1    8.236    8.236  1   34.411   34.411  1
  408.0  408.1  1    8.188    8.188  1   34.408   34.408  1
  410.0  410.1  1    8.163    8.163  1   34.407   34.407  1
  412.0  412.1  1    8.133    8.133  1   34.405   34.405  1
  414.0  414.1  1    8.116    8.116  1   34.407   34.407  1
  416.0  416.1  1    8.075    8.075  1   34.405   34.405  1
  418.0  418.1  1    8.059    8.059  1   34.404   34.404  1
  420.0  420.1  1    8.045    8.045  1   34.405   34.405  1
  422.0  422.1  1    8.039    8.039  1   34.405   34.405  1
  424.0  424.1  1    8.036    8.036  1   34.407   34.407  1
  426.0  426.1  1    8.033    8.033  1   34.408   34.408  1
  428.0  428.1  1    8.020    8.020  1   34.410   34.410  1
  430.0  430.1  1    8.005    8.005  1   34.412   34.412  1
  432.0  432.1  1    7.984    7.984  1   34.413   34.413  1
  434.0  434.1  1    7.964    7.964  1   34.414   34.414  1
  436.0  436.1  1    7.932    7.932  1   34.415   34.415  1
  438.0  438.1  1    7.913    7.913  1   34.414   34.414  1
  440.0  440.1  1    7.897    7.897  1   34.413   34.413  1
  442.0  442.1  1    7.874    7.874  1   34.413   34.413  1
  444.0  444.1  1    7.858    7.858  1   34.414   34.414  1
  446.0  446.1  1    7.854    7.854  1   34.415   34.415  1
  448.0  448.1  1    7.840    7.840  1   34.417   34.417  1
  450.0  450.1  1    7.821    7.821  1   34.417   34.417  1
  452.0  452.1  1    7.782    7.782  1   34.415   34.415  1
  454.0  454.1  1    7.738    7.738  1   34.413   34.413  1
  456.0  456.1  1    7.710    7.710  1   34.411   34.411  1
  458.0  458.1  1    7.679    7.679  1   34.409   34.409  1
  460.0  460.1  1    7.644    7.644  1   34.407   34.407  1
  462.0  462.1  1    7.593    7.593  1   34.404   34.404  1
  464.0  464.1  1    7.572    7.572  1   34.405   34.405  1
  466.0  466.1  1    7.554    7.554  1   34.406   34.406  1
  468.0  468.1  1    7.538    7.538  1   34.406   34.406  1
  470.0  470.1  1    7.498    7.498  1   34.408   34.408  1
  472.0  472.1  1    7.456    7.456  1   34.411   34.411  1
  474.0  474.1  1    7.416    7.416  1   34.412   34.412  1
  476.0  476.1  1    7.389    7.389  1   34.412   34.412  1
  478.0  478.1  1    7.364    7.364  1   34.412   34.412  1
  480.0  480.1  1    7.324    7.324  1   34.412   34.412  1
  482.0  482.1  1    7.257    7.257  1   34.413   34.413  1
  484.0  484.1  1    7.221    7.221  1   34.413   34.413  1
  486.0  486.1  1    7.223    7.223  1   34.413   34.413  1
  488.0  488.1  1    7.220    7.220  1   34.413   34.413  1
  490.0  490.1  1    7.211    7.211  1   34.413   34.413  1
  492.0  492.1  1    7.179    7.179  1   34.413   34.413  1
  494.0  494.1  1    7.149    7.149  1   34.410   34.410  1
  496.0  496.1  1    7.137    7.137  1   34.410   34.410  1
  498.0  498.1  1    7.112    7.112  1   34.410   34.410  1
  500.0  500.1  1    7.081    7.081  1   34.409   34.409  1
  502.0  502.1  1    7.037    7.037  1   34.407   34.407  1
  504.0  504.1  1    6.991    6.991  1   34.405   34.405  1
  506.0  506.1  1    6.942    6.942  1   34.404   34.404  1
  508.0  508.1  1    6.882    6.882  1   34.402   34.402  1
  510.0  510.1  1    6.878    6.878  1   34.401   34.401  1
  512.0  512.1  1    6.856    6.856  1   34.401   34.401  1
  514.0  514.1  1    6.840    6.840  1   34.399   34.399  1
  516.0  516.1  1    6.838    6.838  1   34.399   34.399  1
  518.0  518.1  1    6.822    6.822  1   34.398   34.398  1
  520.0  520.1  1    6.804    6.804  1   34.398   34.398  1
  522.0  522.1  1    6.791    6.791  1   34.398   34.398  1
  524.0  524.1  1    6.789    6.789  1   34.398   34.398  1
  526.0  526.1  1    6.770    6.770  1   34.400   34.400  1
  528.0  528.1  1    6.740    6.740  1   34.399   34.399  1
  530.0  530.1  1    6.718    6.718  1   34.397   34.397  1
  532.0  532.1  1    6.663    6.663  1   34.398   34.398  1
  534.0  534.1  1    6.629    6.629  1   34.396   34.396  1
  536.0  536.1  1    6.594    6.594  1   34.397   34.397  1
  538.0  538.1  1    6.567    6.567  1   34.397   34.397  1
  540.0  540.1  1    6.562    6.562  1   34.398   34.398  1
  542.0  542.1  1    6.547    6.547  1   34.400   34.400  1
  544.0  544.1  1    6.533    6.533  1   34.400   34.400  1
  546.0  546.1  1    6.508    6.508  1   34.402   34.402  1
  548.0  548.1  1    6.491    6.491  1   34.403   34.403  1
  550.0  550.1  1    6.494    6.494  1   34.406   34.406  1
  552.0  552.1  1    6.493    6.493  1   34.406   34.406  1
  554.0  554.1  1    6.480    6.480  1   34.406   34.406  1
  556.0  556.1  1    6.472    6.472  1   34.406   34.406  1
  558.0  558.1  1    6.461    6.461  1   34.407   34.407  1
  559.9  560.0  1    6.441    6.441  1   34.409   34.409  1
  562.0  562.1  1    6.437    6.437  1   34.412   34.412  1
  564.0  564.1  1    6.434    6.434  1   34.415   34.415  1
  566.0  566.1  1    6.430    6.430  1   34.420   34.420  1
  568.0  568.1  1    6.436    6.436  1   34.423   34.423  1
  570.0  570.1  1    6.436    6.436  1   34.425   34.425  1
  572.0  572.1  1    6.427    6.427  1   34.427   34.427  1
  574.0  574.1  1    6.425    6.425  1   34.428   34.428  1
  576.0  576.1  1    6.414    6.414  1   34.431   34.431  1
  578.0  578.1  1    6.407    6.407  1   34.431   34.431  1
  580.0  580.1  1    6.399    6.399  1   34.431   34.431  1
  582.0  582.1  1    6.374    6.374  1   34.431   34.431  1
  584.0  584.1  1    6.370    6.370  1   34.431   34.431  1
  586.0  586.1  1    6.369    6.369  1   34.432   34.432  1
  588.0  588.1  1    6.368    6.368  1   34.432   34.432  1
  590.0  590.1  1    6.364    6.364  1   34.433   34.433  1
  592.0  592.1  1    6.351    6.351  1   34.433   34.433  1
  594.0  594.1  1    6.340    6.340  1   34.434   34.434  1
  596.0  596.1  1    6.328    6.328  1   34.435   34.435  1
  598.0  598.1  1    6.334    6.334  1   34.437   34.437  1
  600.0  600.1  1    6.352    6.352  1   34.444   34.444  1
  602.0  602.1  1    6.356    6.356  1   34.447   34.447  1
  604.0  604.1  1    6.335    6.335  1   34.447   34.447  1
  606.0  606.1  1    6.288    6.288  1   34.444   34.444  1
  608.0  608.1  1    6.268    6.268  1   34.442   34.442  1
  610.0  610.1  1    6.263    6.263  1   34.442   34.442  1
  612.0  612.1  1    6.258    6.258  1   34.444   34.444  1
  614.0  614.1  1    6.252    6.252  1   34.445   34.445  1
  616.0  616.1  1    6.241    6.241  1   34.445   34.445  1
  618.0  618.1  1    6.222    6.222  1   34.445   34.445  1
  620.0  620.1  1    6.190    6.190  1   34.446   34.446  1
  622.0  622.1  1    6.180    6.180  1   34.445   34.445  1
  624.0  624.1  1    6.171    6.171  1   34.445   34.445  1
  626.0  626.1  1    6.159    6.159  1   34.446   34.446  1
  628.0  628.1  1    6.154    6.154  1   34.446   34.446  1
  630.0  630.1  1    6.152    6.152  1   34.446   34.446  1
  632.0  632.1  1    6.144    6.144  1   34.448   34.448  1
  634.0  634.1  1    6.132    6.132  1   34.450   34.450  1
  636.0  636.1  1    6.128    6.128  1   34.452   34.452  1
  638.0  638.1  1    6.123    6.123  1   34.452   34.452  1
  640.0  640.1  1    6.114    6.114  1   34.452   34.452  1
  642.0  642.1  1    6.097    6.097  1   34.452   34.452  1
  644.0  644.1  1    6.071    6.071  1   34.451   34.451  1
  646.0  646.1  1    6.056    6.056  1   34.451   34.451  1
  648.0  648.1  1    6.051    6.051  1   34.453   34.453  1
  650.0  650.1  1    6.049    6.049  1   34.454   34.454  1
  652.0  652.1  1    6.051    6.051  1   34.457   34.457  1
  654.0  654.1  1    6.041    6.041  1   34.458   34.458  1
  656.0  656.1  1    6.028    6.028  1   34.458   34.458  1
  658.0  658.1  1    6.020    6.020  1   34.458   34.458  1
  660.0  660.1  1    6.017    6.017  1   34.458   34.458  1
  662.0  662.1  1    6.014    6.014  1   34.458   34.458  1
  664.0  664.1  1    6.009    6.009  1   34.459   34.459  1
  666.0  666.1  1    5.993    5.993  1   34.459   34.459  1
  668.0  668.1  1    5.969    5.969  1   34.459   34.459  1
  670.0  670.1  1    5.949    5.949  1   34.458   34.458  1
  672.0  672.1  1    5.947    5.947  1   34.459   34.459  1
  674.0  674.1  1    5.937    5.937  1   34.459   34.459  1
  676.0  676.1  1    5.916    5.916  1   34.458   34.458  1
  678.0  678.1  1    5.892    5.892  1   34.457   34.457  1
  680.0  680.1  1    5.878    5.878  1   34.457   34.457  1
  682.0  682.1  1    5.865    5.865  1   34.458   34.458  1
  684.0  684.1  1    5.846    5.846  1   34.458   34.458  1
  686.0  686.1  1    5.838    5.838  1   34.458   34.458  1
  688.0  688.1  1    5.815    5.815  1   34.460   34.460  1
  690.0  690.1  1    5.807    5.807  1   34.459   34.459  1
  692.0  692.1  1    5.802    5.802  1   34.460   34.460  1
  694.0  694.1  1    5.797    5.797  1   34.460   34.460  1
  696.0  696.1  1    5.792    5.792  1   34.460   34.460  1
  698.0  698.1  1    5.779    5.779  1   34.462   34.462  1
  700.1  700.2  1    5.776    5.776  1   34.462   34.462  1
  702.0  702.1  1    5.760    5.760  1   34.463   34.463  1
  704.0  704.1  1    5.753    5.753  1   34.463   34.463  1
  706.0  706.1  1    5.746    5.746  1   34.464   34.464  1
  708.0  708.1  1    5.736    5.736  1   34.464   34.464  1
  710.0  710.1  1    5.732    5.732  1   34.464   34.464  1
  712.0  712.1  1    5.727    5.727  1   34.465   34.465  1
  714.0  714.1  1    5.718    5.718  1   34.465   34.465  1
  716.0  716.1  1    5.704    5.704  1   34.465   34.465  1
  718.0  718.1  1    5.686    5.686  1   34.465   34.465  1
  720.1  720.2  1    5.680    5.680  1   34.467   34.467  1
  722.1  722.2  1    5.673    5.673  1   34.467   34.467  1
  724.1  724.2  1    5.657    5.657  1   34.467   34.467  1
  726.0  726.1  1    5.645    5.645  1   34.467   34.467  1
  728.0  728.1  1    5.638    5.638  1   34.467   34.467  1
  730.0  730.1  1    5.627    5.627  1   34.467   34.467  1
  732.0  732.1  1    5.617    5.617  1   34.467   34.467  1
  734.0  734.1  1    5.605    5.605  1   34.468   34.468  1
  736.0  736.1  1    5.594    5.594  1   34.468   34.468  1
  738.0  738.1  1    5.582    5.582  1   34.468   34.468  1
  740.0  740.1  1    5.562    5.562  1   34.467   34.467  1
  742.0  742.1  1    5.524    5.524  1   34.467   34.467  1
  744.0  744.1  1    5.501    5.501  1   34.467   34.467  1
  746.0  746.1  1    5.498    5.498  1   34.469   34.469  1
  748.0  748.1  1    5.498    5.498  1   34.472   34.472  1
  750.0  750.1  1    5.499    5.499  1   34.474   34.474  1
  752.0  752.1  1    5.483    5.483  1   34.474   34.474  1
  754.0  754.1  1    5.476    5.476  1   34.474   34.474  1
  756.0  756.1  1    5.457    5.457  1   34.475   34.475  1
  758.0  758.1  1    5.456    5.456  1   34.476   34.476  1
  760.0  760.1  1    5.452    5.452  1   34.478   34.478  1
  762.0  762.1  1    5.439    5.439  1   34.479   34.479  1
  764.0  764.1  1    5.419    5.419  1   34.479   34.479  1
  766.0  766.1  1    5.410    5.410  1   34.480   34.480  1
  768.0  768.1  1    5.394    5.394  1   34.480   34.480  1
  770.0  770.1  1    5.367    5.367  1   34.482   34.482  1
  772.0  772.1  1    5.356    5.356  1   34.482   34.482  1
  774.0  774.1  1    5.348    5.348  1   34.482   34.482  1
  776.0  776.1  1    5.324    5.324  1   34.483   34.483  1
  778.0  778.1  1    5.311    5.311  1   34.483   34.483  1
  780.0  780.1  1    5.300    5.300  1   34.483   34.483  1
  782.0  782.1  1    5.289    5.289  1   34.483   34.483  1
  784.0  784.1  1    5.279    5.279  1   34.482   34.482  1
  786.0  786.1  1    5.271    5.271  1   34.483   34.483  1
  788.0  788.1  1    5.263    5.263  1   34.484   34.484  1
  790.0  790.1  1    5.253    5.253  1   34.484   34.484  1
  792.0  792.1  1    5.244    5.244  1   34.484   34.484  1
  794.0  794.1  1    5.234    5.234  1   34.484   34.484  1
  796.0  796.1  1    5.228    5.228  1   34.484   34.484  1
  798.0  798.1  1    5.216    5.216  1   34.485   34.485  1
  800.0  800.1  1    5.205    5.205  1   34.485   34.485  1
  802.0  802.1  1    5.201    5.201  1   34.485   34.485  1
  804.0  804.1  1    5.191    5.191  1   34.486   34.486  1
  806.0  806.1  1    5.183    5.183  1   34.486   34.486  1
  808.0  808.1  1    5.179    5.179  1   34.486   34.486  1
  810.0  810.1  1    5.173    5.173  1   34.487   34.487  1
  812.0  812.1  1    5.166    5.166  1   34.487   34.487  1
  814.0  814.1  1    5.154    5.154  1   34.488   34.488  1
  816.0  816.1  1    5.136    5.136  1   34.488   34.488  1
  818.1  818.2  1    5.124    5.124  1   34.488   34.488  1
  820.0  820.1  1    5.115    5.115  1   34.488   34.488  1
  822.0  822.1  1    5.110    5.110  1   34.489   34.489  1
  824.0  824.1  1    5.107    5.107  1   34.489   34.489  1
  826.0  826.1  1    5.103    5.103  1   34.489   34.489  1
  828.0  828.1  1    5.094    5.094  1   34.489   34.489  1
  830.0  830.1  1    5.076    5.076  1   34.490   34.490  1
  832.0  832.1  1    5.056    5.056  1   34.490   34.490  1
  834.0  834.1  1    5.049    5.049  1   34.490   34.490  1
  836.0  836.1  1    5.049    5.049  1   34.490   34.490  1
  838.0  838.1  1    5.046    5.046  1   34.490   34.490  1
  840.0  840.1  1    5.036    5.036  1   34.490   34.490  1
  842.0  842.1  1    5.023    5.023  1   34.490   34.490  1
  844.0  844.1  1    5.015    5.015  1   34.490   34.490  1
  846.0  846.1  1    5.003    5.003  1   34.491   34.491  1
  848.0  848.1  1    4.992    4.992  1   34.491   34.491  1
  850.0  850.1  1    4.979    4.979  1   34.492   34.492  1
  852.0  852.1  1    4.966    4.966  1   34.492   34.492  1
  854.0  854.1  1    4.962    4.962  1   34.492   34.492  1
  856.0  856.1  1    4.960    4.960  1   34.493   34.493  1
  858.0  858.1  1    4.953    4.953  1   34.493   34.493  1
  860.0  860.1  1    4.947    4.947  1   34.493   34.493  1
  862.0  862.1  1    4.942    4.942  1   34.493   34.493  1
  864.0  864.1  1    4.916    4.916  1   34.494   34.494  1
  866.0  866.1  1    4.903    4.903  1   34.494   34.494  1
  868.0  868.1  1    4.892    4.892  1   34.494   34.494  1
  870.0  870.1  1    4.883    4.883  1   34.494   34.494  1
  872.0  872.1  1    4.878    4.878  1   34.494   34.494  1
  874.0  874.1  1    4.874    4.874  1   34.495   34.495  1
  876.0  876.1  1    4.861    4.861  1   34.496   34.496  1
  878.0  878.1  1    4.855    4.855  1   34.496   34.496  1
  880.0  880.1  1    4.846    4.846  1   34.496   34.496  1
  882.0  882.1  1    4.839    4.839  1   34.497   34.497  1
  884.0  884.1  1    4.833    4.833  1   34.497   34.497  1
  886.0  886.1  1    4.819    4.819  1   34.497   34.497  1
  888.0  888.1  1    4.811    4.811  1   34.497   34.497  1
  890.0  890.1  1    4.803    4.803  1   34.498   34.498  1
  892.0  892.1  1    4.798    4.798  1   34.498   34.498  1
  894.0  894.1  1    4.795    4.795  1   34.498   34.498  1
  896.0  896.1  1    4.790    4.790  1   34.498   34.498  1
  898.0  898.1  1    4.780    4.780  1   34.499   34.499  1
  900.0  900.1  1    4.763    4.763  1   34.499   34.499  1
  902.0  902.1  1    4.757    4.757  1   34.499   34.499  1
  904.0  904.1  1    4.756    4.756  1   34.499   34.499  1
  906.1  906.2  1    4.738    4.738  1   34.500   34.500  1
  908.0  908.1  1    4.729    4.729  1   34.500   34.500  1
  910.0  910.1  1    4.722    4.722  1   34.500   34.500  1
  912.0  912.1  1    4.712    4.712  1   34.500   34.500  1
  914.0  914.1  1    4.709    4.709  1   34.500   34.500  1
  916.0  916.1  1    4.702    4.702  1   34.500   34.500  1
  918.0  918.1  1    4.699    4.699  1   34.500   34.500  1
  920.0  920.1  1    4.698    4.698  1   34.501   34.501  1
  922.0  922.1  1    4.690    4.690  1   34.501   34.501  1
  924.0  924.1  1    4.683    4.683  1   34.501   34.501  1
  926.0  926.1  1    4.672    4.672  1   34.501   34.501  1
  928.0  928.1  1    4.655    4.655  1   34.502   34.502  1
  930.0  930.1  1    4.648    4.648  1   34.502   34.502  1
  932.0  932.1  1    4.643    4.643  1   34.502   34.502  1
  934.0  934.1  1    4.639    4.639  1   34.502   34.502  1
  936.0  936.1  1    4.634    4.634  1   34.502   34.502  1
  938.0  938.1  1    4.628    4.628  1   34.503   34.503  1
  940.0  940.1  1    4.621    4.621  1   34.503   34.503  1
  942.0  942.1  1    4.617    4.617  1   34.503   34.503  1
  944.0  944.1  1    4.607    4.607  1   34.503   34.503  1
  946.0  946.1  1    4.599    4.599  1   34.504   34.504  1
  948.0  948.1  1    4.593    4.593  1   34.504   34.504  1
  950.0  950.1  1    4.587    4.587  1   34.505   34.505  1
  952.0  952.1  1    4.577    4.577  1   34.505   34.505  1
  954.0  954.1  1    4.570    4.570  1   34.505   34.505  1
  956.0  956.1  1    4.567    4.567  1   34.505   34.505  1
  958.0  958.1  1    4.556    4.556  1   34.506   34.506  1
  960.0  960.1  1    4.549    4.549  1   34.506   34.506  1
  962.0  962.1  1    4.539    4.539  1   34.507   34.507  1
  964.0  964.1  1    4.535    4.535  1   34.507   34.507  1
  966.0  966.1  1    4.531    4.531  1   34.507   34.507  1
  968.0  968.1  1    4.519    4.519  1   34.508   34.508  1
  970.0  970.1  1    4.509    4.509  1   34.508   34.508  1
  972.0  972.1  1    4.506    4.506  1   34.508   34.508  1
  974.0  974.1  1    4.502    4.502  1   34.508   34.508  1
  976.0  976.1  1    4.487    4.487  1   34.509   34.509  1
  977.8  977.9  1    4.479    4.479  1   34.510   34.510  1
  998.6  998.7  1    4.383    4.383  1   34.513   34.513  1
 1048.5 1048.6  1    4.254    4.254  1   34.520   34.520  1
 1099.1 1099.1  1    4.064    4.064  1   34.530   34.530  1
 1148.7 1148.8  1    3.935    3.935  1   34.537   34.537  1
 1198.6 1198.7  1    3.784    3.784  1   34.545   34.545  1
 1248.7 1248.8  1    3.658    3.658  1   34.549   34.549  1
 1298.7 1298.8  1    3.524    3.524  1   34.557   34.557  1
 1348.6 1348.7  1    3.405    3.405  1   34.560   34.560  1
 1398.2 1398.3  1    3.286    3.286  1   34.567   34.567  1
 1449.2 1449.3  1    3.168    3.168  1   34.572   34.572  1
 1498.6 1498.6  1    3.058    3.058  1   34.577   34.577  1
 1548.2 1548.3  1    2.963    2.963  1   34.583   34.583  1
 1599.1 1599.1  1    2.847    2.847  1   34.588   34.588  1
 1648.6 1648.6  1    2.753    2.753  1   34.593   34.593  1
 1698.4 1698.5  1    2.671    2.671  1   34.598   34.598  1
 1749.3 1749.4  1    2.584    2.584  1   34.604   34.604  1
 1799.2 1799.3  1    2.515    2.515  1   34.608   34.608  1
 1849.0 1849.1  1    2.444    2.444  1   34.611   34.611  1
 1898.6 1898.6  1    2.349    2.349  1   34.615   34.615  1
 1948.3 1948.4  1    2.283    2.283  1   34.619   34.619  1
 1998.2 1998.3  1    2.230    2.230  1   34.621   34.621  1
