*SoftWare Version 3.0  2018/12/27

*HEADER
     PLATFORM NUMBER       :5906039
     CYCLE NUMBER          :155
     DATE CREATION         :20191206180042
     DATE UPDATE           :20191206180042
     PROJECT NAME          :UW, SOCCOM, Argo equivalent
     PI NAME               :STEPHEN RISER/KEN JOHNSON
     INSTRUMENT TYPE       :APEX
     FLOAT SERIAL NO       :8326
     FIRMWARE VERSION      :050519
     WMO INSTRUMENT TYPE   :846
     TRANSMISSION SYSTEM   :IRIDIUM
     POSITIONING SYSTEM    :GPS
     SAMPLE DIRECTION      :A(A=Ascend; D=Descend)
     DATA MODE             :A(R=Real Time; D=Delayed Mode; A=Real Time Adjusted)
     JULIAN DAY            :25541.5676 (days since 1950-01-01 00:00:00 UTC)
     DATE                  :2019-12-06
     QC FLAG FOR DATE      :1
*LOCATION
     LATITUDE              :21.808  
     LONGITUDE             :-152.278
     QC FLAG FOR LOCATION  :1
*FILE
     COLUMN 1              :Pressure (dbar)                             F7.1
     COLUMN 2              :Corrected Pressure (dbar)                   F7.1
     COLUMN 3              :Quality on Pressure                         I3
     COLUMN 4              :Temperature (degree_Celsius)                F9.3
     COLUMN 5              :Corrected Temperature (degree_Celsius)      F9.3
     COLUMN 6              :Quality on Temperature                      I3
     COLUMN 7              :Salinity (PSU)                              F9.3
     COLUMN 8              :Corrected Salinity (PSU)                    F9.3
     COLUMN 9              :Quality on Salinity                         I3
==========================================================================
    4.5    4.3  1   26.338   26.338  1   34.693   34.693  1
    6.0    5.8  1   26.335   26.335  1   34.693   34.693  1
    8.0    7.8  1   26.336   26.336  1   34.694   34.694  1
    9.9    9.7  1   26.339   26.339  1   34.693   34.693  1
   12.0   11.8  1   26.340   26.340  1   34.693   34.693  1
   14.0   13.8  1   26.346   26.346  1   34.692   34.692  1
   16.0   15.8  1   26.347   26.347  1   34.692   34.692  1
   18.0   17.8  1   26.347   26.347  1   34.693   34.693  1
   20.0   19.8  1   26.346   26.346  1   34.693   34.693  1
   22.0   21.8  1   26.351   26.351  1   34.694   34.694  1
   24.0   23.8  1   26.350   26.350  1   34.694   34.694  1
   26.0   25.8  1   26.352   26.352  1   34.694   34.694  1
   28.0   27.8  1   26.353   26.353  1   34.694   34.694  1
   30.0   29.8  1   26.354   26.354  1   34.694   34.694  1
   32.0   31.8  1   26.352   26.352  1   34.694   34.694  1
   34.0   33.8  1   26.351   26.351  1   34.693   34.693  1
   36.0   35.8  1   26.352   26.352  1   34.693   34.693  1
   38.0   37.8  1   26.354   26.354  1   34.694   34.694  1
   40.0   39.8  1   26.352   26.352  1   34.694   34.694  1
   42.0   41.8  1   26.353   26.353  1   34.694   34.694  1
   44.0   43.8  1   26.355   26.355  1   34.694   34.694  1
   46.0   45.8  1   26.358   26.358  1   34.694   34.694  1
   48.0   47.8  1   26.358   26.358  1   34.695   34.695  1
   50.0   49.8  1   26.359   26.359  1   34.695   34.695  1
   52.0   51.8  1   26.359   26.359  1   34.695   34.695  1
   54.0   53.8  1   26.360   26.360  1   34.695   34.695  1
   56.0   55.8  1   26.360   26.360  1   34.694   34.694  1
   58.0   57.8  1   26.360   26.360  1   34.694   34.694  1
   60.0   59.8  1   26.360   26.360  1   34.695   34.695  1
   62.0   61.8  1   26.360   26.360  1   34.695   34.695  1
   64.0   63.8  1   26.361   26.361  1   34.694   34.694  1
   66.0   65.8  1   26.361   26.361  1   34.695   34.695  1
   68.0   67.8  1   26.360   26.360  1   34.695   34.695  1
   70.0   69.8  1   26.360   26.360  1   34.695   34.695  1
   72.0   71.8  1   26.360   26.360  1   34.695   34.695  1
   74.0   73.8  1   26.360   26.360  1   34.695   34.695  1
   76.0   75.8  1   26.360   26.360  1   34.695   34.695  1
   78.0   77.8  1   26.359   26.359  1   34.695   34.695  1
   80.1   79.9  1   26.360   26.360  1   34.695   34.695  1
   82.1   81.9  1   26.359   26.359  1   34.695   34.695  1
   84.1   83.9  1   26.359   26.359  1   34.695   34.695  1
   86.0   85.8  1   26.357   26.357  1   34.696   34.696  1
   88.0   87.8  1   26.355   26.355  1   34.696   34.696  1
   90.0   89.8  1   26.354   26.354  1   34.696   34.696  1
   92.5   92.3  1   26.315   26.315  1   34.700   34.700  1
   93.4   93.2  1   26.146   26.146  1   34.716   34.716  1
   96.0   95.8  1   25.075   25.075  1   34.832   34.832  1
   98.1   97.9  1   24.859   24.859  1   34.870   34.870  1
   99.9   99.7  1   24.677   24.677  1   34.902   34.902  1
  102.0  101.8  1   24.504   24.504  1   34.930   34.930  1
  103.9  103.7  1   24.292   24.292  1   34.949   34.949  1
  105.8  105.6  1   24.016   24.016  1   34.975   34.975  1
  107.9  107.7  1   23.636   23.636  1   35.002   35.002  1
  110.0  109.8  1   23.126   23.126  1   34.989   34.989  1
  112.0  111.8  1   23.057   23.057  1   34.985   34.985  1
  114.0  113.8  1   22.972   22.972  1   34.981   34.981  1
  116.0  115.8  1   22.836   22.836  1   34.975   34.975  1
  118.0  117.8  1   22.610   22.610  1   34.967   34.967  1
  120.2  120.0  1   22.451   22.451  1   34.960   34.960  1
  122.1  121.9  1   22.448   22.448  1   34.959   34.959  1
  123.8  123.6  1   22.397   22.397  1   34.960   34.960  1
  125.9  125.7  1   22.212   22.212  1   34.971   34.971  1
  128.0  127.8  1   22.110   22.110  1   34.975   34.975  1
  130.0  129.8  1   22.022   22.022  1   34.981   34.981  1
  132.0  131.8  1   21.876   21.876  1   34.982   34.982  1
  134.0  133.8  1   21.742   21.742  1   34.982   34.982  1
  136.0  135.8  1   21.673   21.673  1   34.995   34.995  1
  138.0  137.8  1   21.651   21.651  1   35.030   35.030  1
  140.0  139.8  1   21.636   21.636  1   35.041   35.041  1
  142.0  141.8  1   21.495   21.495  1   35.063   35.063  1
  144.0  143.8  1   21.387   21.387  1   35.063   35.063  1
  146.0  145.8  1   21.306   21.306  1   35.056   35.056  1
  148.0  147.8  1   21.202   21.202  1   35.061   35.061  1
  150.0  149.8  1   21.026   21.026  1   35.062   35.062  1
  152.1  151.9  1   20.904   20.904  1   35.073   35.073  1
  154.1  153.9  1   20.802   20.802  1   35.067   35.067  1
  156.0  155.8  1   20.532   20.532  1   35.052   35.052  1
  158.0  157.8  1   20.430   20.430  1   35.045   35.045  1
  160.0  159.8  1   20.371   20.371  1   35.041   35.041  1
  161.9  161.7  1   20.293   20.293  1   35.033   35.033  1
  164.0  163.8  1   20.081   20.081  1   35.014   35.014  1
  166.0  165.8  1   19.918   19.918  1   34.995   34.995  1
  168.0  167.8  1   19.814   19.814  1   34.984   34.984  1
  170.0  169.8  1   19.762   19.762  1   34.976   34.976  1
  172.0  171.8  1   19.582   19.582  1   34.948   34.948  1
  174.0  173.8  1   19.398   19.398  1   34.922   34.922  1
  176.0  175.8  1   19.269   19.269  1   34.897   34.897  1
  178.0  177.8  1   19.076   19.076  1   34.859   34.859  1
  180.0  179.8  1   18.869   18.869  1   34.829   34.829  1
  182.0  181.8  1   18.537   18.537  1   34.776   34.776  1
  184.0  183.8  1   18.195   18.195  1   34.721   34.721  1
  186.0  185.8  1   17.993   17.993  1   34.697   34.697  1
  188.0  187.8  1   17.890   17.890  1   34.687   34.687  1
  190.0  189.8  1   17.837   17.837  1   34.685   34.685  1
  192.0  191.8  1   17.755   17.755  1   34.677   34.677  1
  194.0  193.8  1   17.586   17.586  1   34.665   34.665  1
  196.0  195.8  1   17.341   17.341  1   34.639   34.639  1
  198.0  197.8  1   17.161   17.161  1   34.626   34.626  1
  200.0  199.8  1   16.973   16.973  1   34.621   34.621  1
  202.0  201.8  1   16.876   16.876  1   34.617   34.617  1
  204.0  203.8  1   16.775   16.775  1   34.610   34.610  1
  206.0  205.8  1   16.615   16.615  1   34.598   34.598  1
  208.0  207.8  1   16.501   16.501  1   34.586   34.586  1
  210.0  209.8  1   16.424   16.424  1   34.580   34.580  1
  212.0  211.8  1   16.333   16.333  1   34.569   34.569  1
  214.0  213.8  1   16.294   16.294  1   34.566   34.566  1
  216.0  215.8  1   16.229   16.229  1   34.559   34.559  1
  218.0  217.8  1   16.171   16.171  1   34.552   34.552  1
  220.0  219.8  1   16.117   16.117  1   34.546   34.546  1
  222.0  221.8  1   16.006   16.006  1   34.535   34.535  1
  224.0  223.8  1   15.912   15.912  1   34.526   34.526  1
  226.0  225.8  1   15.852   15.852  1   34.517   34.517  1
  228.0  227.8  1   15.800   15.800  1   34.509   34.509  1
  230.0  229.8  1   15.760   15.760  1   34.504   34.504  1
  232.0  231.8  1   15.679   15.679  1   34.495   34.495  1
  234.0  233.8  1   15.434   15.434  1   34.468   34.468  1
  236.0  235.8  1   15.242   15.242  1   34.440   34.440  1
  238.0  237.8  1   15.053   15.053  1   34.422   34.422  1
  240.0  239.8  1   14.897   14.897  1   34.399   34.399  1
  242.0  241.8  1   14.631   14.631  1   34.368   34.368  1
  244.0  243.8  1   14.546   14.546  1   34.348   34.348  1
  246.0  245.8  1   14.314   14.314  1   34.324   34.324  1
  248.0  247.8  1   14.175   14.175  1   34.306   34.306  1
  250.0  249.8  1   13.998   13.998  1   34.289   34.289  1
  252.0  251.8  1   13.791   13.791  1   34.275   34.275  1
  254.0  253.8  1   13.595   13.595  1   34.263   34.263  1
  256.0  255.8  1   13.443   13.443  1   34.258   34.258  1
  258.0  257.8  1   13.307   13.307  1   34.244   34.244  1
  260.0  259.8  1   13.131   13.131  1   34.230   34.230  1
  262.0  261.8  1   13.057   13.057  1   34.221   34.221  1
  264.0  263.8  1   12.983   12.983  1   34.214   34.214  1
  266.0  265.8  1   12.853   12.853  1   34.210   34.210  1
  268.0  267.8  1   12.804   12.804  1   34.205   34.205  1
  270.0  269.8  1   12.718   12.718  1   34.198   34.198  1
  272.0  271.8  1   12.626   12.626  1   34.193   34.193  1
  274.0  273.8  1   12.458   12.458  1   34.182   34.182  1
  276.0  275.8  1   12.340   12.340  1   34.172   34.172  1
  278.0  277.8  1   12.292   12.292  1   34.171   34.171  1
  280.0  279.8  1   12.047   12.047  1   34.159   34.159  1
  282.0  281.8  1   11.923   11.923  1   34.146   34.146  1
  284.0  283.8  1   11.887   11.887  1   34.156   34.156  1
  286.0  285.8  1   11.836   11.836  1   34.158   34.158  1
  288.0  287.8  1   11.784   11.784  1   34.159   34.159  1
  290.0  289.8  1   11.666   11.666  1   34.157   34.157  1
  292.0  291.8  1   11.588   11.588  1   34.153   34.153  1
  294.0  293.8  1   11.506   11.506  1   34.148   34.148  1
  296.0  295.8  1   11.462   11.462  1   34.144   34.144  1
  298.0  297.8  1   11.416   11.416  1   34.142   34.142  1
  299.9  299.7  1   11.362   11.362  1   34.140   34.140  1
  302.0  301.8  1   11.216   11.216  1   34.133   34.133  1
  304.0  303.8  1   11.149   11.149  1   34.129   34.129  1
  306.0  305.8  1   11.032   11.032  1   34.127   34.127  1
  308.0  307.8  1   10.945   10.945  1   34.121   34.121  1
  310.0  309.8  1   10.835   10.835  1   34.118   34.118  1
  312.0  311.8  1   10.766   10.766  1   34.117   34.117  1
  314.0  313.8  1   10.725   10.725  1   34.125   34.125  1
  316.0  315.8  1   10.692   10.692  1   34.126   34.126  1
  318.0  317.8  1   10.644   10.644  1   34.126   34.126  1
  320.0  319.8  1   10.562   10.562  1   34.125   34.125  1
  322.0  321.8  1   10.486   10.486  1   34.123   34.123  1
  324.0  323.8  1   10.412   10.412  1   34.121   34.121  1
  326.0  325.8  1   10.333   10.333  1   34.119   34.119  1
  328.0  327.8  1   10.279   10.279  1   34.120   34.120  1
  330.0  329.8  1   10.190   10.190  1   34.121   34.121  1
  332.0  331.8  1   10.138   10.138  1   34.120   34.120  1
  334.0  333.8  1   10.093   10.093  1   34.120   34.120  1
  336.0  335.8  1   10.061   10.061  1   34.120   34.120  1
  338.0  337.8  1   10.022   10.022  1   34.121   34.121  1
  340.0  339.8  1    9.978    9.978  1   34.122   34.122  1
  342.0  341.8  1    9.939    9.939  1   34.124   34.124  1
  344.0  343.8  1    9.909    9.909  1   34.122   34.122  1
  346.0  345.8  1    9.834    9.834  1   34.117   34.117  1
  348.0  347.8  1    9.783    9.783  1   34.115   34.115  1
  350.0  349.8  1    9.640    9.640  1   34.101   34.101  1
  352.0  351.8  1    9.528    9.528  1   34.091   34.091  1
  354.0  353.8  1    9.503    9.503  1   34.091   34.091  1
  356.0  355.8  1    9.416    9.416  1   34.089   34.089  1
  358.0  357.8  1    9.294    9.294  1   34.078   34.078  1
  360.0  359.8  1    9.259    9.259  1   34.074   34.074  1
  362.0  361.8  1    9.251    9.251  1   34.075   34.075  1
  364.0  363.8  1    9.210    9.210  1   34.074   34.074  1
  366.0  365.8  1    9.141    9.141  1   34.072   34.072  1
  368.0  367.8  1    9.109    9.109  1   34.069   34.069  1
  370.0  369.8  1    9.100    9.100  1   34.069   34.069  1
  372.0  371.8  1    9.094    9.094  1   34.068   34.068  1
  374.0  373.8  1    9.064    9.064  1   34.070   34.070  1
  376.0  375.8  1    9.036    9.036  1   34.074   34.074  1
  378.0  377.8  1    8.995    8.995  1   34.072   34.072  1
  380.0  379.8  1    8.974    8.974  1   34.073   34.073  1
  382.0  381.8  1    8.910    8.910  1   34.069   34.069  1
  384.0  383.8  1    8.824    8.824  1   34.064   34.064  1
  386.0  385.8  1    8.792    8.792  1   34.064   34.064  1
  388.0  387.8  1    8.754    8.754  1   34.072   34.072  1
  390.0  389.8  1    8.699    8.699  1   34.073   34.073  1
  392.0  391.8  1    8.686    8.686  1   34.073   34.073  1
  394.0  393.8  1    8.606    8.606  1   34.069   34.069  1
  396.0  395.8  1    8.568    8.568  1   34.065   34.065  1
  398.0  397.8  1    8.532    8.532  1   34.065   34.065  1
  400.0  399.8  1    8.523    8.523  1   34.070   34.070  1
  402.0  401.8  1    8.491    8.491  1   34.069   34.069  1
  404.0  403.8  1    8.466    8.466  1   34.068   34.068  1
  406.0  405.8  1    8.428    8.428  1   34.067   34.067  1
  408.0  407.8  1    8.383    8.383  1   34.064   34.064  1
  410.0  409.8  1    8.363    8.363  1   34.062   34.062  1
  412.0  411.8  1    8.327    8.327  1   34.063   34.063  1
  414.0  413.8  1    8.251    8.251  1   34.068   34.068  1
  416.0  415.8  1    8.166    8.166  1   34.068   34.068  1
  418.0  417.8  1    8.050    8.050  1   34.068   34.068  1
  420.0  419.8  1    7.990    7.990  1   34.068   34.068  1
  422.0  421.8  1    7.962    7.962  1   34.076   34.076  1
  424.0  423.8  1    7.885    7.885  1   34.070   34.070  1
  426.0  425.8  1    7.708    7.708  1   34.051   34.051  1
  428.0  427.8  1    7.672    7.672  1   34.046   34.046  1
  430.0  429.8  1    7.678    7.678  1   34.050   34.050  1
  432.0  431.8  1    7.618    7.618  1   34.048   34.048  1
  434.0  433.8  1    7.549    7.549  1   34.053   34.053  1
  436.0  435.8  1    7.460    7.460  1   34.051   34.051  1
  438.0  437.8  1    7.408    7.408  1   34.046   34.046  1
  440.0  439.8  1    7.393    7.393  1   34.047   34.047  1
  442.0  441.8  1    7.402    7.402  1   34.055   34.055  1
  444.0  443.8  1    7.471    7.471  1   34.079   34.079  1
  446.0  445.8  1    7.411    7.411  1   34.076   34.076  1
  448.0  447.8  1    7.303    7.303  1   34.064   34.064  1
  450.0  449.8  1    7.205    7.205  1   34.056   34.056  1
  452.0  451.8  1    7.169    7.169  1   34.051   34.051  1
  454.0  453.8  1    7.140    7.140  1   34.049   34.049  1
  456.0  455.8  1    7.109    7.109  1   34.047   34.047  1
  458.0  457.8  1    7.065    7.065  1   34.047   34.047  1
  460.0  459.8  1    7.027    7.027  1   34.052   34.052  1
  462.0  461.8  1    7.077    7.077  1   34.071   34.071  1
  464.0  463.8  1    7.100    7.100  1   34.084   34.084  1
  466.0  465.8  1    7.093    7.093  1   34.089   34.089  1
  468.0  467.8  1    7.075    7.075  1   34.096   34.096  1
  470.0  469.8  1    7.061    7.061  1   34.097   34.097  1
  472.0  471.8  1    7.065    7.065  1   34.100   34.100  1
  474.0  473.8  1    7.028    7.028  1   34.102   34.102  1
  476.0  475.8  1    6.988    6.988  1   34.100   34.100  1
  478.0  477.8  1    6.941    6.941  1   34.098   34.098  1
  480.0  479.8  1    6.854    6.854  1   34.092   34.092  1
  482.0  481.8  1    6.816    6.816  1   34.085   34.085  1
  484.0  483.8  1    6.776    6.776  1   34.081   34.081  1
  486.0  485.8  1    6.706    6.706  1   34.075   34.075  1
  488.0  487.8  1    6.628    6.628  1   34.071   34.071  1
  490.0  489.8  1    6.607    6.607  1   34.073   34.073  1
  492.0  491.8  1    6.560    6.560  1   34.073   34.073  1
  494.0  493.8  1    6.543    6.543  1   34.071   34.071  1
  496.0  495.8  1    6.531    6.531  1   34.072   34.072  1
  498.0  497.8  1    6.515    6.515  1   34.074   34.074  1
  500.0  499.8  1    6.457    6.457  1   34.077   34.077  1
  502.0  501.8  1    6.422    6.422  1   34.078   34.078  1
  504.0  503.8  1    6.368    6.368  1   34.078   34.078  1
  506.0  505.8  1    6.328    6.328  1   34.076   34.076  1
  508.0  507.8  1    6.304    6.304  1   34.080   34.080  1
  510.0  509.8  1    6.267    6.267  1   34.081   34.081  1
  512.0  511.8  1    6.233    6.233  1   34.084   34.084  1
  514.0  513.8  1    6.208    6.208  1   34.092   34.092  1
  516.0  515.8  1    6.221    6.221  1   34.101   34.101  1
  518.0  517.8  1    6.234    6.234  1   34.107   34.107  1
  520.0  519.8  1    6.207    6.207  1   34.115   34.115  1
  522.0  521.8  1    6.177    6.177  1   34.116   34.116  1
  524.0  523.8  1    6.177    6.177  1   34.115   34.115  1
  526.0  525.8  1    6.176    6.176  1   34.117   34.117  1
  528.0  527.8  1    6.127    6.127  1   34.121   34.121  1
  530.0  529.8  1    6.080    6.080  1   34.122   34.122  1
  532.0  531.8  1    6.046    6.046  1   34.126   34.126  1
  534.0  533.8  1    6.022    6.022  1   34.129   34.129  1
  536.0  535.8  1    6.023    6.023  1   34.133   34.133  1
  538.0  537.8  1    6.029    6.029  1   34.137   34.137  1
  540.0  539.8  1    6.074    6.074  1   34.148   34.148  1
  542.0  541.8  1    6.127    6.127  1   34.161   34.161  1
  544.0  543.8  1    6.176    6.176  1   34.177   34.177  1
  546.0  545.8  1    6.168    6.168  1   34.183   34.183  1
  548.0  547.8  1    6.166    6.166  1   34.184   34.184  1
  550.0  549.8  1    6.140    6.140  1   34.184   34.184  1
  552.0  551.8  1    6.089    6.089  1   34.187   34.187  1
  554.0  553.8  1    6.071    6.071  1   34.189   34.189  1
  556.0  555.8  1    6.059    6.059  1   34.194   34.194  1
  558.0  557.8  1    6.054    6.054  1   34.201   34.201  1
  560.0  559.8  1    6.005    6.005  1   34.203   34.203  1
  562.0  561.8  1    5.961    5.961  1   34.202   34.202  1
  564.0  563.8  1    5.939    5.939  1   34.206   34.206  1
  566.0  565.8  1    5.903    5.903  1   34.208   34.208  1
  568.0  567.8  1    5.858    5.858  1   34.213   34.213  1
  570.0  569.8  1    5.818    5.818  1   34.217   34.217  1
  572.0  571.8  1    5.799    5.799  1   34.220   34.220  1
  574.0  573.8  1    5.781    5.781  1   34.222   34.222  1
  576.0  575.8  1    5.773    5.773  1   34.222   34.222  1
  578.0  577.8  1    5.756    5.756  1   34.225   34.225  1
  580.0  579.8  1    5.738    5.738  1   34.231   34.231  1
  582.0  581.8  1    5.712    5.712  1   34.233   34.233  1
  584.0  583.8  1    5.700    5.700  1   34.234   34.234  1
  586.0  585.8  1    5.691    5.691  1   34.234   34.234  1
  588.0  587.8  1    5.663    5.663  1   34.238   34.238  1
  590.0  589.8  1    5.646    5.646  1   34.241   34.241  1
  592.0  591.8  1    5.639    5.639  1   34.243   34.243  1
  594.0  593.8  1    5.637    5.637  1   34.247   34.247  1
  596.0  595.8  1    5.628    5.628  1   34.250   34.250  1
  598.0  597.8  1    5.619    5.619  1   34.253   34.253  1
  600.0  599.8  1    5.603    5.603  1   34.257   34.257  1
  602.0  601.8  1    5.580    5.580  1   34.265   34.265  1
  604.0  603.8  1    5.594    5.594  1   34.270   34.270  1
  606.0  605.8  1    5.593    5.593  1   34.275   34.275  1
  608.0  607.8  1    5.587    5.587  1   34.276   34.276  1
  610.0  609.8  1    5.584    5.584  1   34.278   34.278  1
  612.0  611.8  1    5.578    5.578  1   34.280   34.280  1
  614.0  613.8  1    5.565    5.565  1   34.284   34.284  1
  616.0  615.8  1    5.561    5.561  1   34.286   34.286  1
  618.0  617.8  1    5.558    5.558  1   34.287   34.287  1
  620.0  619.8  1    5.559    5.559  1   34.291   34.291  1
  622.0  621.8  1    5.555    5.555  1   34.295   34.295  1
  624.0  623.8  1    5.550    5.550  1   34.297   34.297  1
  626.0  625.8  1    5.552    5.552  1   34.301   34.301  1
  628.0  627.8  1    5.549    5.549  1   34.302   34.302  1
  630.0  629.8  1    5.544    5.544  1   34.302   34.302  1
  632.0  631.8  1    5.519    5.519  1   34.302   34.302  1
  634.0  633.8  1    5.505    5.505  1   34.304   34.304  1
  636.0  635.8  1    5.494    5.494  1   34.309   34.309  1
  638.0  637.8  1    5.478    5.478  1   34.313   34.313  1
  640.0  639.8  1    5.464    5.464  1   34.314   34.314  1
  642.0  641.8  1    5.456    5.456  1   34.314   34.314  1
  644.0  643.8  1    5.439    5.439  1   34.314   34.314  1
  646.0  645.8  1    5.423    5.423  1   34.317   34.317  1
  648.0  647.8  1    5.413    5.413  1   34.318   34.318  1
  650.0  649.8  1    5.408    5.408  1   34.319   34.319  1
  652.0  651.8  1    5.403    5.403  1   34.319   34.319  1
  654.0  653.8  1    5.395    5.395  1   34.323   34.323  1
  656.0  655.8  1    5.388    5.388  1   34.324   34.324  1
  658.0  657.8  1    5.392    5.392  1   34.326   34.326  1
  660.0  659.8  1    5.395    5.395  1   34.330   34.330  1
  662.0  661.8  1    5.393    5.393  1   34.332   34.332  1
  664.0  663.8  1    5.377    5.377  1   34.334   34.334  1
  666.0  665.8  1    5.372    5.372  1   34.333   34.333  1
  668.0  667.8  1    5.360    5.360  1   34.336   34.336  1
  670.0  669.8  1    5.343    5.343  1   34.337   34.337  1
  672.0  671.8  1    5.334    5.334  1   34.339   34.339  1
  674.0  673.8  1    5.318    5.318  1   34.342   34.342  1
  676.0  675.8  1    5.298    5.298  1   34.344   34.344  1
  678.0  677.8  1    5.282    5.282  1   34.346   34.346  1
  680.0  679.8  1    5.277    5.277  1   34.348   34.348  1
  682.0  681.8  1    5.274    5.274  1   34.351   34.351  1
  684.0  683.8  1    5.270    5.270  1   34.353   34.353  1
  686.0  685.8  1    5.259    5.259  1   34.354   34.354  1
  688.0  687.8  1    5.248    5.248  1   34.355   34.355  1
  690.0  689.8  1    5.236    5.236  1   34.355   34.355  1
  692.0  691.8  1    5.230    5.230  1   34.356   34.356  1
  694.0  693.8  1    5.223    5.223  1   34.360   34.360  1
  696.0  695.8  1    5.213    5.213  1   34.362   34.362  1
  698.0  697.8  1    5.206    5.206  1   34.362   34.362  1
  700.0  699.8  1    5.190    5.190  1   34.363   34.363  1
  702.0  701.8  1    5.179    5.179  1   34.364   34.364  1
  704.0  703.8  1    5.169    5.169  1   34.365   34.365  1
  706.0  705.8  1    5.163    5.163  1   34.367   34.367  1
  708.0  707.8  1    5.157    5.157  1   34.368   34.368  1
  710.0  709.8  1    5.141    5.141  1   34.370   34.370  1
  712.0  711.8  1    5.134    5.134  1   34.371   34.371  1
  714.0  713.8  1    5.131    5.131  1   34.372   34.372  1
  716.0  715.8  1    5.127    5.127  1   34.372   34.372  1
  718.0  717.8  1    5.114    5.114  1   34.375   34.375  1
  720.0  719.8  1    5.099    5.099  1   34.377   34.377  1
  722.0  721.8  1    5.088    5.088  1   34.377   34.377  1
  724.0  723.8  1    5.067    5.067  1   34.378   34.378  1
  726.0  725.8  1    5.059    5.059  1   34.379   34.379  1
  728.0  727.8  1    5.053    5.053  1   34.381   34.381  1
  730.1  729.9  1    5.045    5.045  1   34.382   34.382  1
  732.1  731.9  1    5.038    5.038  1   34.384   34.384  1
  734.0  733.8  1    5.040    5.040  1   34.386   34.386  1
  736.0  735.8  1    5.036    5.036  1   34.387   34.387  1
  738.0  737.8  1    5.020    5.020  1   34.389   34.389  1
  740.0  739.8  1    5.012    5.012  1   34.390   34.390  1
  742.0  741.8  1    5.004    5.004  1   34.392   34.392  1
  744.0  743.8  1    4.992    4.992  1   34.393   34.393  1
  746.0  745.8  1    4.984    4.984  1   34.395   34.395  1
  748.0  747.8  1    4.979    4.979  1   34.395   34.395  1
  750.0  749.8  1    4.971    4.971  1   34.397   34.397  1
  752.0  751.8  1    4.956    4.956  1   34.400   34.400  1
  754.0  753.8  1    4.944    4.944  1   34.402   34.402  1
  756.0  755.8  1    4.938    4.938  1   34.403   34.403  1
  758.0  757.8  1    4.923    4.923  1   34.406   34.406  1
  760.0  759.8  1    4.898    4.898  1   34.409   34.409  1
  762.0  761.8  1    4.891    4.891  1   34.410   34.410  1
  764.0  763.8  1    4.882    4.882  1   34.411   34.411  1
  766.0  765.8  1    4.869    4.869  1   34.413   34.413  1
  768.0  767.8  1    4.860    4.860  1   34.413   34.413  1
  770.0  769.8  1    4.853    4.853  1   34.414   34.414  1
  772.0  771.8  1    4.844    4.844  1   34.415   34.415  1
  774.0  773.8  1    4.834    4.834  1   34.416   34.416  1
  776.0  775.8  1    4.821    4.821  1   34.418   34.418  1
  778.0  777.8  1    4.816    4.816  1   34.418   34.418  1
  780.0  779.8  1    4.805    4.805  1   34.420   34.420  1
  782.0  781.8  1    4.802    4.802  1   34.421   34.421  1
  784.0  783.8  1    4.802    4.802  1   34.421   34.421  1
  786.0  785.8  1    4.801    4.801  1   34.422   34.422  1
  788.0  787.8  1    4.798    4.798  1   34.423   34.423  1
  790.0  789.8  1    4.790    4.790  1   34.423   34.423  1
  792.0  791.8  1    4.784    4.784  1   34.424   34.424  1
  794.0  793.8  1    4.772    4.772  1   34.425   34.425  1
  796.0  795.8  1    4.759    4.759  1   34.427   34.427  1
  798.0  797.8  1    4.753    4.753  1   34.428   34.428  1
  800.0  799.8  1    4.748    4.748  1   34.429   34.429  1
  802.0  801.8  1    4.744    4.744  1   34.431   34.431  1
  804.0  803.8  1    4.738    4.738  1   34.433   34.433  1
  806.1  805.9  1    4.729    4.729  1   34.434   34.434  1
  808.0  807.8  1    4.727    4.727  1   34.435   34.435  1
  810.0  809.8  1    4.726    4.726  1   34.436   34.436  1
  812.0  811.8  1    4.725    4.725  1   34.437   34.437  1
  814.0  813.8  1    4.724    4.724  1   34.438   34.438  1
  816.0  815.8  1    4.724    4.724  1   34.439   34.439  1
  818.0  817.8  1    4.715    4.715  1   34.441   34.441  1
  820.0  819.8  1    4.699    4.699  1   34.442   34.442  1
  822.0  821.8  1    4.693    4.693  1   34.443   34.443  1
  824.0  823.8  1    4.690    4.690  1   34.445   34.445  1
  826.0  825.8  1    4.691    4.691  1   34.446   34.446  1
  828.0  827.8  1    4.687    4.687  1   34.447   34.447  1
  830.0  829.8  1    4.687    4.687  1   34.450   34.450  1
  832.0  831.8  1    4.686    4.686  1   34.452   34.452  1
  834.0  833.8  1    4.680    4.680  1   34.454   34.454  1
  836.0  835.8  1    4.673    4.673  1   34.454   34.454  1
  838.0  837.8  1    4.669    4.669  1   34.455   34.455  1
  839.9  839.7  1    4.657    4.657  1   34.454   34.454  1
  841.9  841.7  1    4.632    4.632  1   34.454   34.454  1
  844.0  843.8  1    4.609    4.609  1   34.454   34.454  1
  846.0  845.8  1    4.601    4.601  1   34.455   34.455  1
  848.0  847.8  1    4.597    4.597  1   34.456   34.456  1
  850.0  849.8  1    4.592    4.592  1   34.456   34.456  1
  852.0  851.8  1    4.590    4.590  1   34.456   34.456  1
  854.0  853.8  1    4.589    4.589  1   34.457   34.457  1
  856.0  855.8  1    4.586    4.586  1   34.457   34.457  1
  858.0  857.8  1    4.581    4.581  1   34.457   34.457  1
  860.0  859.8  1    4.555    4.555  1   34.458   34.458  1
  862.0  861.8  1    4.538    4.538  1   34.459   34.459  1
  864.0  863.8  1    4.528    4.528  1   34.459   34.459  1
  866.0  865.8  1    4.521    4.521  1   34.461   34.461  1
  868.0  867.8  1    4.514    4.514  1   34.461   34.461  1
  870.0  869.8  1    4.513    4.513  1   34.462   34.462  1
  872.0  871.8  1    4.510    4.510  1   34.462   34.462  1
  874.0  873.8  1    4.500    4.500  1   34.463   34.463  1
  876.0  875.8  1    4.493    4.493  1   34.464   34.464  1
  878.0  877.8  1    4.494    4.494  1   34.467   34.467  1
  880.0  879.8  1    4.485    4.485  1   34.467   34.467  1
  882.0  881.8  1    4.485    4.485  1   34.469   34.469  1
  884.0  883.8  1    4.479    4.479  1   34.469   34.469  1
  886.0  885.8  1    4.476    4.476  1   34.469   34.469  1
  888.0  887.8  1    4.471    4.471  1   34.469   34.469  1
  890.0  889.8  1    4.461    4.461  1   34.471   34.471  1
  892.0  891.8  1    4.452    4.452  1   34.471   34.471  1
  894.0  893.8  1    4.448    4.448  1   34.471   34.471  1
  896.0  895.8  1    4.446    4.446  1   34.472   34.472  1
  898.0  897.8  1    4.446    4.446  1   34.474   34.474  1
  900.0  899.8  1    4.433    4.433  1   34.474   34.474  1
  902.0  901.8  1    4.426    4.426  1   34.474   34.474  1
  904.0  903.8  1    4.418    4.418  1   34.474   34.474  1
  906.0  905.8  1    4.412    4.412  1   34.474   34.474  1
  908.0  907.8  1    4.410    4.410  1   34.474   34.474  1
  910.0  909.8  1    4.405    4.405  1   34.474   34.474  1
  912.0  911.8  1    4.400    4.400  1   34.476   34.476  1
  914.0  913.8  1    4.402    4.402  1   34.479   34.479  1
  916.0  915.8  1    4.394    4.394  1   34.479   34.479  1
  918.0  917.8  1    4.389    4.389  1   34.481   34.481  1
  920.0  919.8  1    4.386    4.386  1   34.482   34.482  1
  922.0  921.8  1    4.387    4.387  1   34.484   34.484  1
  924.0  923.8  1    4.384    4.384  1   34.485   34.485  1
  926.0  925.8  1    4.374    4.374  1   34.485   34.485  1
  928.0  927.8  1    4.372    4.372  1   34.485   34.485  1
  930.0  929.8  1    4.369    4.369  1   34.485   34.485  1
  932.0  931.8  1    4.363    4.363  1   34.485   34.485  1
  934.0  933.8  1    4.329    4.329  1   34.484   34.484  1
  936.0  935.8  1    4.314    4.314  1   34.484   34.484  1
  938.0  937.8  1    4.312    4.312  1   34.484   34.484  1
  940.0  939.8  1    4.299    4.299  1   34.484   34.484  1
  942.0  941.8  1    4.292    4.292  1   34.485   34.485  1
  944.0  943.8  1    4.291    4.291  1   34.486   34.486  1
  946.0  945.8  1    4.291    4.291  1   34.487   34.487  1
  948.0  947.8  1    4.286    4.286  1   34.486   34.486  1
  950.0  949.8  1    4.289    4.289  1   34.487   34.487  1
  952.0  951.8  1    4.295    4.295  1   34.489   34.489  1
  954.0  953.8  1    4.299    4.299  1   34.492   34.492  1
  956.0  955.8  1    4.301    4.301  1   34.495   34.495  1
  958.0  957.8  1    4.302    4.302  1   34.497   34.497  1
  960.0  959.8  1    4.298    4.298  1   34.498   34.498  1
  962.0  961.8  1    4.293    4.293  1   34.498   34.498  1
  964.0  963.8  1    4.289    4.289  1   34.498   34.498  1
  966.0  965.8  1    4.284    4.284  1   34.499   34.499  1
  968.0  967.8  1    4.276    4.276  1   34.499   34.499  1
  970.0  969.8  1    4.267    4.267  1   34.499   34.499  1
  972.0  971.8  1    4.262    4.262  1   34.499   34.499  1
  974.0  973.8  1    4.254    4.254  1   34.500   34.500  1
  976.0  975.8  1    4.249    4.249  1   34.500   34.500  1
  978.0  977.8  1    4.244    4.244  1   34.500   34.500  1
  979.4  979.2  1    4.240    4.240  1   34.500   34.500  1
  999.9  999.7  1    4.148    4.148  1   34.500   34.500  1
 1099.6 1099.3  1    3.908    3.908  1   34.521   34.521  1
 1199.8 1199.5  1    3.668    3.668  1   34.537   34.537  1
 1299.9 1299.7  1    3.372    3.372  1   34.553   34.553  1
 1400.0 1399.8  1    3.141    3.141  1   34.564   34.564  1
 1500.0 1499.8  1    2.874    2.874  1   34.576   34.576  1
 1599.6 1599.3  1    2.703    2.703  1   34.585   34.585  1
