*SoftWare Version 3.0  2018/12/27

*HEADER
     PLATFORM NUMBER       :5906040
     CYCLE NUMBER          :087
     DATE CREATION         :20191224180035
     DATE UPDATE           :20191224180035
     PROJECT NAME          :UW, SOCCOM, Argo equivalent
     PI NAME               :STEPHEN RISER/KEN JOHNSON
     INSTRUMENT TYPE       :APEX
     FLOAT SERIAL NO       :8325
     FIRMWARE VERSION      :050519
     WMO INSTRUMENT TYPE   :846
     TRANSMISSION SYSTEM   :IRIDIUM
     POSITIONING SYSTEM    :GPS
     SAMPLE DIRECTION      :A(A=Ascend; D=Descend)
     DATA MODE             :A(R=Real Time; D=Delayed Mode; A=Real Time Adjusted)
     JULIAN DAY            :25559.5443 (days since 1950-01-01 00:00:00 UTC)
     DATE                  :2019-12-24
     QC FLAG FOR DATE      :1
*LOCATION
     LATITUDE              :24.130  
     LONGITUDE             :-154.515
     QC FLAG FOR LOCATION  :1
*FILE
     COLUMN 1              :Pressure (dbar)                             F7.1
     COLUMN 2              :Corrected Pressure (dbar)                   F7.1
     COLUMN 3              :Quality on Pressure                         I3
     COLUMN 4              :Temperature (degree_Celsius)                F9.3
     COLUMN 5              :Corrected Temperature (degree_Celsius)      F9.3
     COLUMN 6              :Quality on Temperature                      I3
     COLUMN 7              :Salinity (PSU)                              F9.3
     COLUMN 8              :Corrected Salinity (PSU)                    F9.3
     COLUMN 9              :Quality on Salinity                         I3
==========================================================================
    4.4    4.2  1   24.726   24.726  1   34.777   34.777  1
    5.9    5.8  1   24.725   24.725  1   34.777   34.777  1
    8.0    7.8  1   24.726   24.726  1   34.777   34.777  1
   10.0    9.9  1   24.726   24.726  1   34.777   34.777  1
   11.9   11.8  1   24.726   24.726  1   34.777   34.777  1
   14.0   13.9  1   24.727   24.727  1   34.777   34.777  1
   16.0   15.9  1   24.727   24.727  1   34.777   34.777  1
   18.0   17.9  1   24.727   24.727  1   34.777   34.777  1
   20.0   19.9  1   24.726   24.726  1   34.777   34.777  1
   22.0   21.9  1   24.726   24.726  1   34.777   34.777  1
   24.0   23.9  1   24.727   24.727  1   34.777   34.777  1
   26.0   25.9  1   24.729   24.729  1   34.777   34.777  1
   28.0   27.9  1   24.731   24.731  1   34.777   34.777  1
   30.0   29.9  1   24.734   24.734  1   34.777   34.777  1
   32.0   31.9  1   24.736   24.736  1   34.777   34.777  1
   34.0   33.8  1   24.738   24.738  1   34.776   34.776  1
   36.0   35.8  1   24.738   24.738  1   34.776   34.776  1
   38.0   37.8  1   24.738   24.738  1   34.776   34.776  1
   40.0   39.8  1   24.738   24.738  1   34.776   34.776  1
   42.0   41.8  1   24.738   24.738  1   34.777   34.777  1
   44.0   43.8  1   24.739   24.739  1   34.777   34.777  1
   46.0   45.8  1   24.739   24.739  1   34.777   34.777  1
   48.0   47.8  1   24.739   24.739  1   34.777   34.777  1
   50.0   49.8  1   24.740   24.740  1   34.776   34.776  1
   52.0   51.8  1   24.741   24.741  1   34.777   34.777  1
   54.0   53.8  1   24.741   24.741  1   34.777   34.777  1
   56.0   55.8  1   24.741   24.741  1   34.777   34.777  1
   58.0   57.8  1   24.741   24.741  1   34.777   34.777  1
   60.0   59.8  1   24.741   24.741  1   34.777   34.777  1
   62.0   61.8  1   24.740   24.740  1   34.777   34.777  1
   64.0   63.8  1   24.739   24.739  1   34.776   34.776  1
   66.0   65.8  1   24.741   24.741  1   34.776   34.776  1
   68.0   67.8  1   24.741   24.741  1   34.777   34.777  1
   70.0   69.8  1   24.744   24.744  1   34.777   34.777  1
   72.0   71.8  1   24.746   24.746  1   34.777   34.777  1
   74.0   73.8  1   24.746   24.746  1   34.777   34.777  1
   76.0   75.8  1   24.747   24.747  1   34.777   34.777  1
   78.0   77.8  1   24.747   24.747  1   34.777   34.777  1
   80.0   79.8  1   24.746   24.746  1   34.777   34.777  1
   82.0   81.8  1   24.745   24.745  1   34.776   34.776  1
   84.1   83.9  1   24.746   24.746  1   34.774   34.774  1
   86.0   85.8  1   24.747   24.747  1   34.777   34.777  1
   88.0   87.8  1   24.748   24.748  1   34.776   34.776  1
   89.9   89.8  1   24.749   24.749  1   34.776   34.776  1
   92.0   91.8  1   24.750   24.750  1   34.777   34.777  1
   94.0   93.8  1   24.751   24.751  1   34.777   34.777  1
   96.0   95.8  1   24.749   24.749  1   34.778   34.778  1
   98.0   97.8  1   24.749   24.749  1   34.778   34.778  1
  100.0   99.8  1   24.751   24.751  1   34.777   34.777  1
  102.0  101.8  1   24.751   24.751  1   34.777   34.777  1
  104.0  103.8  1   24.752   24.752  1   34.777   34.777  1
  106.0  105.8  1   24.753   24.753  1   34.777   34.777  1
  108.1  107.9  1   24.753   24.753  1   34.777   34.777  1
  110.0  109.8  1   24.752   24.752  1   34.777   34.777  1
  112.0  111.8  1   24.746   24.746  1   34.778   34.778  1
  114.1  113.9  1   24.731   24.731  1   34.779   34.779  1
  116.0  115.8  1   24.719   24.719  1   34.781   34.781  1
  118.2  118.0  1   24.644   24.644  1   34.786   34.786  1
  119.9  119.8  1   24.626   24.626  1   34.787   34.787  1
  121.9  121.8  1   24.274   24.274  1   34.819   34.819  1
  124.0  123.8  1   23.672   23.672  1   34.885   34.885  1
  126.7  126.5  1   23.377   23.377  1   34.944   34.944  1
  127.7  127.5  1   23.130   23.130  1   34.979   34.979  1
  130.0  129.9  1   23.009   23.009  1   34.994   34.994  1
  131.9  131.8  1   22.959   22.959  1   34.998   34.998  1
  134.0  133.9  1   22.615   22.615  1   35.028   35.028  1
  136.0  135.9  1   22.459   22.459  1   35.035   35.035  1
  138.0  137.9  1   22.413   22.413  1   35.043   35.043  1
  140.0  139.9  1   22.275   22.275  1   35.049   35.049  1
  142.0  141.9  1   22.068   22.068  1   35.047   35.047  1
  144.0  143.9  1   21.984   21.984  1   35.050   35.050  1
  146.1  146.0  1   21.834   21.834  1   35.059   35.059  1
  148.0  147.9  1   21.674   21.674  1   35.067   35.067  1
  150.0  149.9  1   21.454   21.454  1   35.083   35.083  1
  152.0  151.9  1   21.383   21.383  1   35.088   35.088  1
  154.0  153.9  1   21.275   21.275  1   35.092   35.092  1
  156.0  155.9  1   21.207   21.207  1   35.091   35.091  1
  158.0  157.9  1   21.136   21.136  1   35.090   35.090  1
  160.0  159.9  1   21.051   21.051  1   35.089   35.089  1
  161.9  161.8  1   20.933   20.933  1   35.088   35.088  1
  164.0  163.9  1   20.739   20.739  1   35.085   35.085  1
  166.0  165.9  1   20.527   20.527  1   35.082   35.082  1
  168.0  167.9  1   20.460   20.460  1   35.080   35.080  1
  170.0  169.9  1   20.418   20.418  1   35.079   35.079  1
  172.0  171.9  1   20.387   20.387  1   35.079   35.079  1
  174.0  173.9  1   20.331   20.331  1   35.078   35.078  1
  176.0  175.9  1   20.286   20.286  1   35.077   35.077  1
  178.0  177.9  1   20.269   20.269  1   35.076   35.076  1
  180.0  179.9  1   20.246   20.246  1   35.075   35.075  1
  182.0  181.9  1   20.129   20.129  1   35.074   35.074  1
  184.0  183.9  1   19.965   19.965  1   35.061   35.061  1
  186.0  185.9  1   19.851   19.851  1   35.056   35.056  1
  188.0  187.9  1   19.837   19.837  1   35.059   35.059  1
  190.0  189.9  1   19.740   19.740  1   35.059   35.059  1
  192.0  191.9  1   19.660   19.660  1   35.052   35.052  1
  194.0  193.9  1   19.543   19.543  1   35.042   35.042  1
  196.0  195.9  1   19.363   19.363  1   35.026   35.026  1
  198.0  197.9  1   19.212   19.212  1   35.010   35.010  1
  200.0  199.9  1   19.162   19.162  1   35.005   35.005  1
  201.9  201.8  1   19.141   19.141  1   35.002   35.002  1
  204.0  203.9  1   19.109   19.109  1   34.996   34.996  1
  206.0  205.9  1   18.994   18.994  1   34.980   34.980  1
  208.0  207.9  1   18.897   18.897  1   34.965   34.965  1
  210.0  209.9  1   18.772   18.772  1   34.942   34.942  1
  212.0  211.9  1   18.592   18.592  1   34.916   34.916  1
  214.0  213.9  1   18.494   18.494  1   34.899   34.899  1
  216.0  215.9  1   18.354   18.354  1   34.887   34.887  1
  218.0  217.9  1   18.286   18.286  1   34.882   34.882  1
  220.0  219.9  1   18.175   18.175  1   34.868   34.868  1
  222.0  221.9  1   18.013   18.013  1   34.840   34.840  1
  224.0  223.9  1   17.872   17.872  1   34.820   34.820  1
  226.0  225.9  1   17.841   17.841  1   34.823   34.823  1
  228.0  227.9  1   17.804   17.804  1   34.824   34.824  1
  230.0  229.9  1   17.738   17.738  1   34.815   34.815  1
  232.0  231.9  1   17.649   17.649  1   34.804   34.804  1
  234.0  233.9  1   17.507   17.507  1   34.783   34.783  1
  236.0  235.9  1   17.411   17.411  1   34.766   34.766  1
  238.0  237.9  1   17.319   17.319  1   34.750   34.750  1
  240.0  239.9  1   17.263   17.263  1   34.740   34.740  1
  242.0  241.9  1   17.035   17.035  1   34.719   34.719  1
  244.0  243.9  1   16.940   16.940  1   34.697   34.697  1
  246.0  245.9  1   16.775   16.775  1   34.675   34.675  1
  248.0  247.9  1   16.521   16.521  1   34.642   34.642  1
  250.0  249.9  1   16.280   16.280  1   34.614   34.614  1
  252.0  251.9  1   16.077   16.077  1   34.585   34.585  1
  254.0  253.9  1   15.966   15.966  1   34.568   34.568  1
  256.0  255.9  1   15.589   15.589  1   34.529   34.529  1
  258.0  257.9  1   15.258   15.258  1   34.486   34.486  1
  260.0  259.9  1   15.100   15.100  1   34.467   34.467  1
  262.0  261.9  1   15.031   15.031  1   34.458   34.458  1
  264.0  263.9  1   14.925   14.925  1   34.448   34.448  1
  266.0  265.9  1   14.849   14.849  1   34.438   34.438  1
  268.0  267.9  1   14.813   14.813  1   34.431   34.431  1
  270.0  269.9  1   14.757   14.757  1   34.425   34.425  1
  272.0  271.9  1   14.659   14.659  1   34.415   34.415  1
  274.0  273.9  1   14.569   14.569  1   34.403   34.403  1
  276.0  275.9  1   14.476   14.476  1   34.393   34.393  1
  278.0  277.9  1   14.310   14.310  1   34.377   34.377  1
  280.0  279.9  1   14.081   14.081  1   34.356   34.356  1
  282.0  281.9  1   14.047   14.047  1   34.350   34.350  1
  284.0  283.9  1   13.971   13.971  1   34.343   34.343  1
  286.0  285.9  1   13.897   13.897  1   34.334   34.334  1
  288.0  287.9  1   13.773   13.773  1   34.325   34.325  1
  290.0  289.9  1   13.658   13.658  1   34.311   34.311  1
  292.0  291.9  1   13.593   13.593  1   34.302   34.302  1
  294.0  293.9  1   13.401   13.401  1   34.289   34.289  1
  296.0  295.9  1   13.261   13.261  1   34.275   34.275  1
  298.0  297.9  1   13.159   13.159  1   34.265   34.265  1
  300.0  299.9  1   13.127   13.127  1   34.261   34.261  1
  302.0  301.9  1   13.107   13.107  1   34.259   34.259  1
  304.0  303.9  1   13.065   13.065  1   34.254   34.254  1
  306.1  306.0  1   12.871   12.871  1   34.239   34.239  1
  308.0  307.9  1   12.726   12.726  1   34.225   34.225  1
  310.0  309.9  1   12.648   12.648  1   34.217   34.217  1
  312.0  311.9  1   12.468   12.468  1   34.205   34.205  1
  314.0  313.9  1   12.271   12.271  1   34.189   34.189  1
  316.0  315.9  1   12.171   12.171  1   34.181   34.181  1
  318.0  317.9  1   12.083   12.083  1   34.176   34.176  1
  320.0  319.9  1   12.030   12.030  1   34.172   34.172  1
  322.0  321.9  1   11.978   11.978  1   34.169   34.169  1
  324.0  323.9  1   11.930   11.930  1   34.166   34.166  1
  326.0  325.9  1   11.857   11.857  1   34.162   34.162  1
  328.0  327.9  1   11.726   11.726  1   34.156   34.156  1
  330.0  329.9  1   11.607   11.607  1   34.148   34.148  1
  332.0  331.9  1   11.577   11.577  1   34.145   34.145  1
  334.0  333.9  1   11.543   11.543  1   34.142   34.142  1
  336.0  335.9  1   11.447   11.447  1   34.135   34.135  1
  338.1  338.0  1   11.403   11.403  1   34.129   34.129  1
  340.1  340.0  1   11.360   11.360  1   34.126   34.126  1
  342.0  341.9  1   11.303   11.303  1   34.122   34.122  1
  344.0  343.9  1   11.244   11.244  1   34.118   34.118  1
  346.0  345.9  1   11.197   11.197  1   34.115   34.115  1
  348.0  347.9  1   11.156   11.156  1   34.114   34.114  1
  350.0  349.9  1   11.137   11.137  1   34.112   34.112  1
  352.0  351.9  1   11.114   11.114  1   34.112   34.112  1
  354.0  353.9  1   11.075   11.075  1   34.113   34.113  1
  356.0  355.9  1   11.031   11.031  1   34.113   34.113  1
  358.0  357.9  1   10.915   10.915  1   34.107   34.107  1
  360.0  359.9  1   10.879   10.879  1   34.105   34.105  1
  362.0  361.9  1   10.847   10.847  1   34.101   34.101  1
  364.0  363.9  1   10.774   10.774  1   34.098   34.098  1
  366.0  365.9  1   10.596   10.596  1   34.091   34.091  1
  368.0  367.9  1   10.503   10.503  1   34.090   34.090  1
  370.0  369.9  1   10.476   10.476  1   34.095   34.095  1
  372.0  371.9  1   10.488   10.488  1   34.104   34.104  1
  374.0  373.9  1   10.442   10.442  1   34.112   34.112  1
  376.0  375.9  1   10.376   10.376  1   34.111   34.111  1
  378.0  377.9  1   10.288   10.288  1   34.110   34.110  1
  380.0  379.9  1   10.189   10.189  1   34.109   34.109  1
  382.0  381.9  1   10.100   10.100  1   34.104   34.104  1
  384.0  383.9  1   10.085   10.085  1   34.103   34.103  1
  386.0  385.9  1   10.047   10.047  1   34.103   34.103  1
  388.0  387.9  1   10.007   10.007  1   34.102   34.102  1
  390.0  389.9  1    9.931    9.931  1   34.101   34.101  1
  392.0  391.9  1    9.843    9.843  1   34.099   34.099  1
  394.0  393.9  1    9.811    9.811  1   34.098   34.098  1
  396.0  395.9  1    9.787    9.787  1   34.097   34.097  1
  398.0  397.9  1    9.768    9.768  1   34.097   34.097  1
  399.9  399.8  1    9.718    9.718  1   34.097   34.097  1
  402.0  401.9  1    9.668    9.668  1   34.095   34.095  1
  404.0  403.9  1    9.639    9.639  1   34.095   34.095  1
  406.0  405.9  1    9.626    9.626  1   34.095   34.095  1
  408.0  407.9  1    9.619    9.619  1   34.095   34.095  1
  410.1  410.0  1    9.601    9.601  1   34.097   34.097  1
  412.1  412.0  1    9.564    9.564  1   34.107   34.107  1
  414.0  413.9  1    9.520    9.520  1   34.110   34.110  1
  416.0  415.9  1    9.504    9.504  1   34.110   34.110  1
  418.0  417.9  1    9.488    9.488  1   34.111   34.111  1
  420.0  419.9  1    9.448    9.448  1   34.112   34.112  1
  422.0  421.9  1    9.400    9.400  1   34.112   34.112  1
  424.0  423.9  1    9.342    9.342  1   34.110   34.110  1
  426.0  425.9  1    9.271    9.271  1   34.108   34.108  1
  428.0  427.9  1    9.200    9.200  1   34.105   34.105  1
  430.0  429.9  1    9.109    9.109  1   34.103   34.103  1
  432.0  431.9  1    9.055    9.055  1   34.101   34.101  1
  434.0  433.9  1    9.013    9.013  1   34.101   34.101  1
  436.0  435.9  1    8.996    8.996  1   34.102   34.102  1
  438.0  437.9  1    8.952    8.952  1   34.104   34.104  1
  440.0  439.9  1    8.900    8.900  1   34.103   34.103  1
  442.0  441.9  1    8.898    8.898  1   34.109   34.109  1
  444.0  443.9  1    8.883    8.883  1   34.110   34.110  1
  446.0  445.9  1    8.857    8.857  1   34.110   34.110  1
  448.0  447.9  1    8.836    8.836  1   34.112   34.112  1
  450.0  449.9  1    8.823    8.823  1   34.113   34.113  1
  452.0  451.9  1    8.787    8.787  1   34.113   34.113  1
  454.0  453.9  1    8.723    8.723  1   34.108   34.108  1
  456.0  455.9  1    8.699    8.699  1   34.109   34.109  1
  458.0  457.9  1    8.631    8.631  1   34.110   34.110  1
  460.0  459.9  1    8.583    8.583  1   34.111   34.111  1
  462.0  461.9  1    8.558    8.558  1   34.110   34.110  1
  464.0  463.9  1    8.536    8.536  1   34.109   34.109  1
  466.0  465.9  1    8.509    8.509  1   34.108   34.108  1
  468.0  467.9  1    8.492    8.492  1   34.107   34.107  1
  470.0  469.9  1    8.473    8.473  1   34.106   34.106  1
  472.0  471.9  1    8.458    8.458  1   34.107   34.107  1
  474.0  473.9  1    8.450    8.450  1   34.106   34.106  1
  476.0  475.9  1    8.435    8.435  1   34.107   34.107  1
  478.0  477.9  1    8.403    8.403  1   34.108   34.108  1
  480.0  479.9  1    8.368    8.368  1   34.110   34.110  1
  482.0  481.9  1    8.338    8.338  1   34.112   34.112  1
  484.0  483.9  1    8.329    8.329  1   34.112   34.112  1
  486.0  485.9  1    8.323    8.323  1   34.112   34.112  1
  488.0  487.9  1    8.284    8.284  1   34.113   34.113  1
  490.0  489.9  1    8.213    8.213  1   34.114   34.114  1
  492.0  491.9  1    8.142    8.142  1   34.115   34.115  1
  494.0  493.9  1    8.127    8.127  1   34.114   34.114  1
  496.0  495.9  1    8.116    8.116  1   34.114   34.114  1
  498.0  497.9  1    8.051    8.051  1   34.113   34.113  1
  500.0  499.9  1    7.992    7.992  1   34.112   34.112  1
  502.0  501.9  1    7.955    7.955  1   34.113   34.113  1
  504.0  503.9  1    7.924    7.924  1   34.111   34.111  1
  506.0  505.9  1    7.844    7.844  1   34.104   34.104  1
  508.0  507.9  1    7.810    7.810  1   34.100   34.100  1
  510.0  509.9  1    7.803    7.803  1   34.103   34.103  1
  512.0  511.9  1    7.759    7.759  1   34.106   34.106  1
  514.0  513.8  1    7.746    7.746  1   34.107   34.107  1
  516.0  515.8  1    7.691    7.691  1   34.110   34.110  1
  518.0  517.8  1    7.634    7.634  1   34.114   34.114  1
  520.0  519.8  1    7.595    7.595  1   34.117   34.117  1
  522.0  521.8  1    7.575    7.575  1   34.118   34.118  1
  524.0  523.8  1    7.507    7.507  1   34.121   34.121  1
  526.0  525.8  1    7.472    7.472  1   34.121   34.121  1
  528.0  527.8  1    7.461    7.461  1   34.120   34.120  1
  530.0  529.8  1    7.447    7.447  1   34.121   34.121  1
  532.0  531.8  1    7.430    7.430  1   34.123   34.123  1
  534.0  533.8  1    7.404    7.404  1   34.125   34.125  1
  536.0  535.8  1    7.370    7.370  1   34.123   34.123  1
  538.0  537.8  1    7.347    7.347  1   34.124   34.124  1
  540.0  539.8  1    7.327    7.327  1   34.122   34.122  1
  542.0  541.8  1    7.304    7.304  1   34.123   34.123  1
  544.0  543.8  1    7.279    7.279  1   34.124   34.124  1
  546.0  545.8  1    7.263    7.263  1   34.125   34.125  1
  548.0  547.8  1    7.258    7.258  1   34.125   34.125  1
  550.0  549.8  1    7.249    7.249  1   34.125   34.125  1
  552.0  551.8  1    7.216    7.216  1   34.127   34.127  1
  554.0  553.8  1    7.181    7.181  1   34.130   34.130  1
  556.0  555.8  1    7.148    7.148  1   34.136   34.136  1
  558.0  557.8  1    7.135    7.135  1   34.135   34.135  1
  560.0  559.8  1    7.112    7.112  1   34.136   34.136  1
  562.0  561.8  1    7.056    7.056  1   34.138   34.138  1
  564.1  563.9  1    7.024    7.024  1   34.141   34.141  1
  566.0  565.8  1    6.988    6.988  1   34.142   34.142  1
  568.0  567.8  1    6.926    6.926  1   34.141   34.141  1
  570.0  569.8  1    6.884    6.884  1   34.142   34.142  1
  572.0  571.8  1    6.857    6.857  1   34.143   34.143  1
  574.0  573.8  1    6.840    6.840  1   34.143   34.143  1
  576.0  575.8  1    6.815    6.815  1   34.142   34.142  1
  578.0  577.8  1    6.782    6.782  1   34.142   34.142  1
  580.0  579.8  1    6.751    6.751  1   34.143   34.143  1
  582.0  581.8  1    6.719    6.719  1   34.144   34.144  1
  583.9  583.8  1    6.697    6.697  1   34.145   34.145  1
  586.0  585.8  1    6.672    6.672  1   34.146   34.146  1
  588.0  587.8  1    6.641    6.641  1   34.147   34.147  1
  590.0  589.8  1    6.615    6.615  1   34.146   34.146  1
  592.0  591.8  1    6.628    6.628  1   34.149   34.149  1
  594.0  593.8  1    6.617    6.617  1   34.153   34.153  1
  596.0  595.8  1    6.598    6.598  1   34.152   34.152  1
  598.0  597.8  1    6.558    6.558  1   34.153   34.153  1
  600.0  599.8  1    6.489    6.489  1   34.156   34.156  1
  602.0  601.8  1    6.327    6.327  1   34.146   34.146  1
  604.0  603.8  1    6.183    6.183  1   34.126   34.126  1
  606.0  605.8  1    6.158    6.158  1   34.124   34.124  1
  608.0  607.8  1    6.165    6.165  1   34.127   34.127  1
  610.0  609.8  1    6.145    6.145  1   34.130   34.130  1
  612.0  611.8  1    6.113    6.113  1   34.132   34.132  1
  614.0  613.8  1    6.081    6.081  1   34.127   34.127  1
  616.0  615.8  1    5.934    5.934  1   34.117   34.117  1
  618.0  617.8  1    5.855    5.855  1   34.113   34.113  1
  620.0  619.8  1    5.835    5.835  1   34.114   34.114  1
  622.0  621.8  1    5.826    5.826  1   34.116   34.116  1
  624.0  623.8  1    5.776    5.776  1   34.114   34.114  1
  626.0  625.8  1    5.732    5.732  1   34.112   34.112  1
  628.0  627.8  1    5.671    5.671  1   34.112   34.112  1
  630.0  629.8  1    5.650    5.650  1   34.118   34.118  1
  632.0  631.8  1    5.651    5.651  1   34.124   34.124  1
  634.0  633.8  1    5.640    5.640  1   34.125   34.125  1
  636.0  635.8  1    5.628    5.628  1   34.127   34.127  1
  638.0  637.8  1    5.618    5.618  1   34.127   34.127  1
  640.0  639.8  1    5.613    5.613  1   34.129   34.129  1
  642.0  641.8  1    5.588    5.588  1   34.132   34.132  1
  644.0  643.8  1    5.569    5.569  1   34.133   34.133  1
  646.0  645.8  1    5.549    5.549  1   34.133   34.133  1
  648.0  647.8  1    5.506    5.506  1   34.138   34.138  1
  650.0  649.8  1    5.473    5.473  1   34.143   34.143  1
  652.0  651.8  1    5.448    5.448  1   34.146   34.146  1
  654.0  653.8  1    5.407    5.407  1   34.151   34.151  1
  656.0  655.8  1    5.394    5.394  1   34.152   34.152  1
  658.0  657.8  1    5.390    5.390  1   34.152   34.152  1
  660.0  659.8  1    5.382    5.382  1   34.153   34.153  1
  662.0  661.8  1    5.360    5.360  1   34.156   34.156  1
  664.0  663.8  1    5.348    5.348  1   34.158   34.158  1
  666.0  665.8  1    5.341    5.341  1   34.158   34.158  1
  668.0  667.8  1    5.339    5.339  1   34.158   34.158  1
  670.0  669.8  1    5.333    5.333  1   34.159   34.159  1
  672.0  671.8  1    5.320    5.320  1   34.161   34.161  1
  674.0  673.8  1    5.303    5.303  1   34.163   34.163  1
  676.0  675.8  1    5.297    5.297  1   34.163   34.163  1
  678.0  677.8  1    5.275    5.275  1   34.170   34.170  1
  679.9  679.8  1    5.272    5.272  1   34.171   34.171  1
  681.9  681.8  1    5.271    5.271  1   34.172   34.172  1
  684.0  683.8  1    5.255    5.255  1   34.174   34.174  1
  686.0  685.8  1    5.239    5.239  1   34.180   34.180  1
  688.0  687.8  1    5.229    5.229  1   34.180   34.180  1
  690.0  689.8  1    5.210    5.210  1   34.179   34.179  1
  692.0  691.8  1    5.205    5.205  1   34.179   34.179  1
  694.0  693.8  1    5.188    5.188  1   34.181   34.181  1
  696.0  695.8  1    5.157    5.157  1   34.186   34.186  1
  698.0  697.8  1    5.127    5.127  1   34.189   34.189  1
  700.0  699.8  1    5.101    5.101  1   34.191   34.191  1
  702.0  701.8  1    5.083    5.083  1   34.193   34.193  1
  704.0  703.8  1    5.072    5.072  1   34.195   34.195  1
  706.0  705.8  1    5.062    5.062  1   34.199   34.199  1
  708.0  707.8  1    5.061    5.061  1   34.208   34.208  1
  710.0  709.8  1    5.041    5.041  1   34.212   34.212  1
  712.0  711.8  1    5.030    5.030  1   34.213   34.213  1
  714.0  713.8  1    5.024    5.024  1   34.215   34.215  1
  716.0  715.8  1    5.013    5.013  1   34.219   34.219  1
  718.0  717.8  1    5.001    5.001  1   34.222   34.222  1
  720.0  719.8  1    4.992    4.992  1   34.224   34.224  1
  722.0  721.8  1    4.983    4.983  1   34.229   34.229  1
  724.0  723.8  1    4.955    4.955  1   34.234   34.234  1
  726.0  725.8  1    4.952    4.952  1   34.236   34.236  1
  728.0  727.8  1    4.956    4.956  1   34.238   34.238  1
  730.0  729.8  1    4.950    4.950  1   34.240   34.240  1
  732.0  731.8  1    4.941    4.941  1   34.241   34.241  1
  734.0  733.8  1    4.921    4.921  1   34.242   34.242  1
  736.0  735.8  1    4.916    4.916  1   34.246   34.246  1
  738.0  737.8  1    4.912    4.912  1   34.249   34.249  1
  740.0  739.8  1    4.909    4.909  1   34.251   34.251  1
  742.0  741.8  1    4.906    4.906  1   34.254   34.254  1
  744.0  743.8  1    4.898    4.898  1   34.259   34.259  1
  746.0  745.8  1    4.896    4.896  1   34.262   34.262  1
  748.0  747.8  1    4.870    4.870  1   34.266   34.266  1
  750.0  749.8  1    4.849    4.849  1   34.267   34.267  1
  752.0  751.8  1    4.841    4.841  1   34.274   34.274  1
  754.0  753.8  1    4.821    4.821  1   34.280   34.280  1
  756.0  755.8  1    4.804    4.804  1   34.280   34.280  1
  758.0  757.8  1    4.781    4.781  1   34.285   34.285  1
  760.0  759.8  1    4.765    4.765  1   34.288   34.288  1
  762.0  761.8  1    4.764    4.764  1   34.289   34.289  1
  764.0  763.8  1    4.759    4.759  1   34.290   34.290  1
  766.0  765.8  1    4.754    4.754  1   34.292   34.292  1
  768.0  767.8  1    4.748    4.748  1   34.294   34.294  1
  770.0  769.8  1    4.746    4.746  1   34.296   34.296  1
  772.0  771.8  1    4.731    4.731  1   34.299   34.299  1
  774.0  773.8  1    4.714    4.714  1   34.303   34.303  1
  776.0  775.8  1    4.711    4.711  1   34.304   34.304  1
  778.0  777.8  1    4.709    4.709  1   34.305   34.305  1
  780.0  779.8  1    4.706    4.706  1   34.306   34.306  1
  782.0  781.8  1    4.698    4.698  1   34.309   34.309  1
  784.0  783.8  1    4.687    4.687  1   34.313   34.313  1
  786.0  785.8  1    4.682    4.682  1   34.314   34.314  1
  788.0  787.8  1    4.680    4.680  1   34.315   34.315  1
  790.0  789.8  1    4.674    4.674  1   34.316   34.316  1
  792.1  791.9  1    4.671    4.671  1   34.317   34.317  1
  794.0  793.8  1    4.664    4.664  1   34.319   34.319  1
  796.0  795.8  1    4.663    4.663  1   34.319   34.319  1
  798.1  797.9  1    4.661    4.661  1   34.320   34.320  1
  800.0  799.8  1    4.653    4.653  1   34.322   34.322  1
  802.0  801.8  1    4.643    4.643  1   34.324   34.324  1
  804.0  803.8  1    4.626    4.626  1   34.329   34.329  1
  806.0  805.8  1    4.612    4.612  1   34.332   34.332  1
  808.0  807.8  1    4.607    4.607  1   34.333   34.333  1
  810.0  809.8  1    4.601    4.601  1   34.335   34.335  1
  812.0  811.8  1    4.583    4.583  1   34.341   34.341  1
  814.0  813.8  1    4.554    4.554  1   34.345   34.345  1
  816.0  815.8  1    4.546    4.546  1   34.347   34.347  1
  818.0  817.8  1    4.540    4.540  1   34.349   34.349  1
  820.0  819.8  1    4.540    4.540  1   34.350   34.350  1
  822.0  821.8  1    4.538    4.538  1   34.352   34.352  1
  824.0  823.8  1    4.529    4.529  1   34.354   34.354  1
  826.0  825.8  1    4.524    4.524  1   34.354   34.354  1
  828.0  827.8  1    4.507    4.507  1   34.355   34.355  1
  830.0  829.8  1    4.492    4.492  1   34.356   34.356  1
  832.0  831.8  1    4.487    4.487  1   34.357   34.357  1
  834.0  833.8  1    4.480    4.480  1   34.361   34.361  1
  836.0  835.8  1    4.473    4.473  1   34.362   34.362  1
  838.0  837.8  1    4.460    4.460  1   34.364   34.364  1
  840.0  839.8  1    4.447    4.447  1   34.365   34.365  1
  842.0  841.8  1    4.437    4.437  1   34.368   34.368  1
  844.0  843.8  1    4.434    4.434  1   34.369   34.369  1
  846.0  845.8  1    4.428    4.428  1   34.369   34.369  1
  848.0  847.8  1    4.421    4.421  1   34.370   34.370  1
  850.0  849.8  1    4.416    4.416  1   34.371   34.371  1
  852.0  851.8  1    4.416    4.416  1   34.375   34.375  1
  854.0  853.8  1    4.407    4.407  1   34.378   34.378  1
  856.0  855.8  1    4.401    4.401  1   34.379   34.379  1
  858.0  857.8  1    4.396    4.396  1   34.380   34.380  1
  860.0  859.8  1    4.387    4.387  1   34.381   34.381  1
  862.0  861.8  1    4.380    4.380  1   34.382   34.382  1
  864.0  863.8  1    4.375    4.375  1   34.383   34.383  1
  866.0  865.8  1    4.375    4.375  1   34.384   34.384  1
  868.0  867.8  1    4.362    4.362  1   34.385   34.385  1
  870.1  869.9  1    4.348    4.348  1   34.388   34.388  1
  872.0  871.8  1    4.341    4.341  1   34.392   34.392  1
  874.0  873.8  1    4.342    4.342  1   34.393   34.393  1
  876.0  875.8  1    4.341    4.341  1   34.393   34.393  1
  878.0  877.8  1    4.341    4.341  1   34.393   34.393  1
  880.0  879.8  1    4.337    4.337  1   34.394   34.394  1
  882.0  881.8  1    4.331    4.331  1   34.396   34.396  1
  884.1  883.9  1    4.324    4.324  1   34.397   34.397  1
  886.1  885.9  1    4.318    4.318  1   34.397   34.397  1
  888.0  887.8  1    4.312    4.312  1   34.398   34.398  1
  890.0  889.8  1    4.306    4.306  1   34.398   34.398  1
  892.1  891.9  1    4.300    4.300  1   34.400   34.400  1
  894.0  893.8  1    4.299    4.299  1   34.403   34.403  1
  896.0  895.8  1    4.299    4.299  1   34.405   34.405  1
  898.0  897.8  1    4.287    4.287  1   34.408   34.408  1
  900.0  899.8  1    4.278    4.278  1   34.408   34.408  1
  902.0  901.8  1    4.268    4.268  1   34.409   34.409  1
  904.0  903.8  1    4.264    4.264  1   34.409   34.409  1
  906.0  905.8  1    4.259    4.259  1   34.410   34.410  1
  908.0  907.8  1    4.256    4.256  1   34.412   34.412  1
  910.0  909.8  1    4.253    4.253  1   34.414   34.414  1
  912.0  911.8  1    4.245    4.245  1   34.416   34.416  1
  914.0  913.8  1    4.229    4.229  1   34.415   34.415  1
  916.0  915.8  1    4.227    4.227  1   34.416   34.416  1
  918.0  917.8  1    4.226    4.226  1   34.416   34.416  1
  920.0  919.8  1    4.220    4.220  1   34.417   34.417  1
  922.0  921.8  1    4.223    4.223  1   34.419   34.419  1
  924.0  923.8  1    4.213    4.213  1   34.419   34.419  1
  926.0  925.8  1    4.182    4.182  1   34.420   34.420  1
  928.0  927.8  1    4.165    4.165  1   34.421   34.421  1
  930.0  929.8  1    4.159    4.159  1   34.422   34.422  1
  932.0  931.8  1    4.159    4.159  1   34.423   34.423  1
  934.0  933.8  1    4.159    4.159  1   34.423   34.423  1
  936.0  935.8  1    4.160    4.160  1   34.424   34.424  1
  938.0  937.8  1    4.154    4.154  1   34.428   34.428  1
  940.0  939.8  1    4.144    4.144  1   34.430   34.430  1
  942.0  941.8  1    4.141    4.141  1   34.430   34.430  1
  944.0  943.8  1    4.133    4.133  1   34.432   34.432  1
  946.0  945.8  1    4.126    4.126  1   34.433   34.433  1
  948.0  947.8  1    4.119    4.119  1   34.434   34.434  1
  950.0  949.8  1    4.106    4.106  1   34.436   34.436  1
  952.0  951.8  1    4.100    4.100  1   34.436   34.436  1
  954.0  953.8  1    4.098    4.098  1   34.436   34.436  1
  956.0  955.8  1    4.092    4.092  1   34.437   34.437  1
  958.0  957.8  1    4.089    4.089  1   34.440   34.440  1
  960.0  959.8  1    4.085    4.085  1   34.442   34.442  1
  962.0  961.8  1    4.082    4.082  1   34.442   34.442  1
  964.0  963.8  1    4.081    4.081  1   34.442   34.442  1
  966.1  965.9  1    4.078    4.078  1   34.443   34.443  1
  968.0  967.8  1    4.071    4.071  1   34.445   34.445  1
  970.0  969.8  1    4.066    4.066  1   34.445   34.445  1
  972.0  971.8  1    4.047    4.047  1   34.445   34.445  1
  974.0  973.8  1    4.038    4.038  1   34.448   34.448  1
  976.0  975.8  1    4.039    4.039  1   34.449   34.449  1
  978.0  977.8  1    4.035    4.035  1   34.450   34.450  1
  979.7  979.5  1    4.028    4.028  1   34.451   34.451  1
 1000.0  999.8  1    3.984    3.984  1   34.459   34.459  1
 1100.2 1100.1  1    3.747    3.747  1   34.494   34.494  1
 1199.4 1199.2  1    3.500    3.500  1   34.514   34.514  1
 1300.2 1300.0  1    3.270    3.270  1   34.534   34.534  1
 1400.2 1400.1  1    3.023    3.023  1   34.552   34.552  1
 1499.3 1499.2  1    2.827    2.827  1   34.566   34.566  1
