*SoftWare Version 3.0  2018/12/27

*HEADER
     PLATFORM NUMBER       :5906022
     CYCLE NUMBER          :032
     DATE CREATION         :20191207180042
     DATE UPDATE           :20191207180042
     PROJECT NAME          :UW, Argo
     PI NAME               :STEPHEN RISER
     INSTRUMENT TYPE       :APEX
     FLOAT SERIAL NO       :8368
     FIRMWARE VERSION      :102918
     WMO INSTRUMENT TYPE   :846
     TRANSMISSION SYSTEM   :IRIDIUM
     POSITIONING SYSTEM    :GPS
     SAMPLE DIRECTION      :A(A=Ascend; D=Descend)
     DATA MODE             :A(R=Real Time; D=Delayed Mode; A=Real Time Adjusted)
     JULIAN DAY            :25542.6118 (days since 1950-01-01 00:00:00 UTC)
     DATE                  :2019-12-07
     QC FLAG FOR DATE      :1
*LOCATION
     LATITUDE              :10.932  
     LONGITUDE             :-98.378 
     QC FLAG FOR LOCATION  :1
*FILE
     COLUMN 1              :Pressure (dbar)                             F7.1
     COLUMN 2              :Corrected Pressure (dbar)                   F7.1
     COLUMN 3              :Quality on Pressure                         I3
     COLUMN 4              :Temperature (degree_Celsius)                F9.3
     COLUMN 5              :Corrected Temperature (degree_Celsius)      F9.3
     COLUMN 6              :Quality on Temperature                      I3
     COLUMN 7              :Salinity (PSU)                              F9.3
     COLUMN 8              :Corrected Salinity (PSU)                    F9.3
     COLUMN 9              :Quality on Salinity                         I3
==========================================================================
    4.2    4.2  1   27.767   27.767  1   33.503   33.503  1
    6.0    6.0  1   27.767   27.767  1   33.503   33.503  1
    8.0    8.0  1   27.767   27.767  1   33.503   33.503  1
   10.0   10.0  1   27.766   27.766  1   33.504   33.504  1
   12.0   12.0  1   27.766   27.766  1   33.505   33.505  1
   14.0   14.0  1   27.762   27.762  1   33.512   33.512  1
   16.0   16.0  1   27.743   27.743  1   33.528   33.528  1
   18.0   18.0  1   27.660   27.660  1   33.562   33.562  1
   20.1   20.1  1   27.565   27.565  1   33.565   33.565  1
   22.0   22.0  1   27.455   27.455  1   33.568   33.568  1
   24.0   24.0  1   27.399   27.399  1   33.570   33.570  1
   25.9   25.9  1   27.175   27.175  1   33.582   33.582  1
   28.0   28.0  1   26.407   26.407  1   33.640   33.640  1
   30.1   30.1  1   26.103   26.103  1   33.673   33.673  1
   31.8   31.8  1   25.773   25.773  1   33.697   33.697  1
   34.4   34.4  1   23.724   23.724  1   33.986   33.986  1
   35.4   35.4  1   22.428   22.428  1   34.191   34.191  1
   38.0   38.0  1   18.934   18.934  1   34.632   34.632  1
   40.4   40.4  1   18.640   18.640  1   34.643   34.643  1
   41.6   41.6  1   18.331   18.331  1   34.657   34.657  1
   43.9   43.9  1   17.091   17.091  1   34.719   34.719  1
   46.0   46.0  1   16.203   16.203  1   34.766   34.766  1
   48.0   48.0  1   15.895   15.895  1   34.775   34.775  1
   50.0   50.0  1   15.561   15.561  1   34.784   34.784  1
   52.0   52.0  1   15.260   15.260  1   34.798   34.798  1
   54.0   54.0  1   14.983   14.983  1   34.808   34.808  1
   56.0   56.0  1   14.876   14.876  1   34.802   34.802  1
   58.0   58.0  1   14.781   14.781  1   34.809   34.809  1
   60.0   60.0  1   14.700   14.700  1   34.811   34.811  1
   62.0   62.0  1   14.648   14.648  1   34.811   34.811  1
   64.0   64.0  1   14.606   14.606  1   34.812   34.812  1
   66.0   66.0  1   14.555   14.555  1   34.813   34.813  1
   68.0   68.0  1   14.477   14.477  1   34.813   34.813  1
   70.0   70.0  1   14.362   14.362  1   34.815   34.815  1
   72.0   72.0  1   14.278   14.278  1   34.814   34.814  1
   74.0   74.0  1   14.125   14.125  1   34.817   34.817  1
   76.0   76.0  1   13.998   13.998  1   34.818   34.818  1
   78.0   78.0  1   13.875   13.875  1   34.821   34.821  1
   80.0   80.0  1   13.695   13.695  1   34.822   34.822  1
   82.0   82.0  1   13.624   13.624  1   34.818   34.818  1
   84.0   84.0  1   13.582   13.582  1   34.819   34.819  1
   86.0   86.0  1   13.553   13.553  1   34.819   34.819  1
   88.0   88.0  1   13.509   13.509  1   34.825   34.825  1
   90.0   90.0  1   13.482   13.482  1   34.826   34.826  1
   92.0   92.0  1   13.432   13.432  1   34.827   34.827  1
   94.0   94.0  1   13.385   13.385  1   34.826   34.826  1
   96.0   96.0  1   13.325   13.325  1   34.828   34.828  1
   98.0   98.0  1   13.278   13.278  1   34.828   34.828  1
  100.0  100.0  1   13.241   13.241  1   34.827   34.827  1
  101.9  101.9  1   13.194   13.194  1   34.826   34.826  1
  104.0  104.0  1   13.123   13.123  1   34.825   34.825  1
  106.0  106.0  1   13.092   13.092  1   34.823   34.823  1
  108.0  108.0  1   13.043   13.043  1   34.826   34.826  1
  109.9  109.9  1   12.962   12.962  1   34.823   34.823  1
  112.0  112.0  1   12.939   12.939  1   34.822   34.822  1
  114.0  114.0  1   12.923   12.923  1   34.821   34.821  1
  116.0  116.0  1   12.902   12.902  1   34.821   34.821  1
  118.0  118.0  1   12.872   12.872  1   34.820   34.820  1
  120.0  120.0  1   12.824   12.824  1   34.822   34.822  1
  122.0  122.0  1   12.758   12.758  1   34.819   34.819  1
  124.0  124.0  1   12.721   12.721  1   34.818   34.818  1
  126.0  126.0  1   12.700   12.700  1   34.817   34.817  1
  128.0  128.0  1   12.679   12.679  1   34.816   34.816  1
  130.0  130.0  1   12.660   12.660  1   34.815   34.815  1
  132.0  132.0  1   12.641   12.641  1   34.815   34.815  1
  134.1  134.1  1   12.591   12.591  1   34.814   34.814  1
  136.0  136.0  1   12.528   12.528  1   34.812   34.812  1
  138.0  138.0  1   12.520   12.520  1   34.811   34.811  1
  140.0  140.0  1   12.468   12.468  1   34.810   34.810  1
  141.9  141.9  1   12.432   12.432  1   34.809   34.809  1
  144.0  144.0  1   12.402   12.402  1   34.807   34.807  1
  146.0  146.0  1   12.390   12.390  1   34.805   34.805  1
  148.0  148.0  1   12.342   12.342  1   34.805   34.805  1
  150.0  150.0  1   12.317   12.317  1   34.803   34.803  1
  152.0  152.0  1   12.295   12.295  1   34.801   34.801  1
  154.0  154.0  1   12.269   12.269  1   34.800   34.800  1
  156.0  156.0  1   12.242   12.242  1   34.799   34.799  1
  158.0  158.0  1   12.191   12.191  1   34.797   34.797  1
  160.0  160.0  1   12.150   12.150  1   34.795   34.795  1
  162.0  162.0  1   12.085   12.085  1   34.794   34.794  1
  164.0  164.0  1   12.043   12.043  1   34.791   34.791  1
  166.1  166.1  1   12.025   12.025  1   34.789   34.789  1
  168.0  168.0  1   11.985   11.985  1   34.789   34.789  1
  170.0  170.0  1   11.957   11.957  1   34.786   34.786  1
  172.0  172.0  1   11.941   11.941  1   34.786   34.786  1
  174.0  174.0  1   11.916   11.916  1   34.784   34.784  1
  176.1  176.1  1   11.898   11.898  1   34.783   34.783  1
  178.0  178.0  1   11.862   11.862  1   34.782   34.782  1
  180.0  180.0  1   11.815   11.815  1   34.782   34.782  1
  182.0  182.0  1   11.770   11.770  1   34.778   34.778  1
  184.0  184.0  1   11.750   11.750  1   34.777   34.777  1
  186.0  186.0  1   11.718   11.718  1   34.776   34.776  1
  188.0  188.0  1   11.662   11.662  1   34.774   34.774  1
  190.0  190.0  1   11.640   11.640  1   34.770   34.770  1
  192.0  192.0  1   11.635   11.635  1   34.770   34.770  1
  193.9  193.9  1   11.620   11.620  1   34.770   34.770  1
  195.9  195.9  1   11.603   11.603  1   34.768   34.768  1
  197.9  197.9  1   11.577   11.577  1   34.767   34.767  1
  200.0  200.0  1   11.554   11.554  1   34.765   34.765  1
  202.0  202.0  1   11.534   11.534  1   34.764   34.764  1
  204.0  204.0  1   11.520   11.520  1   34.763   34.763  1
  206.0  206.0  1   11.500   11.500  1   34.763   34.763  1
  208.0  208.0  1   11.476   11.476  1   34.762   34.762  1
  210.0  210.0  1   11.454   11.454  1   34.761   34.761  1
  212.1  212.1  1   11.439   11.439  1   34.761   34.761  1
  214.0  214.0  1   11.422   11.422  1   34.760   34.760  1
  215.9  215.9  1   11.415   11.415  1   34.759   34.759  1
  218.0  218.0  1   11.398   11.398  1   34.758   34.758  1
  220.0  220.0  1   11.393   11.393  1   34.758   34.758  1
  222.0  222.0  1   11.389   11.389  1   34.760   34.760  1
  224.0  224.0  1   11.373   11.373  1   34.761   34.761  1
  226.0  226.0  1   11.356   11.356  1   34.760   34.760  1
  228.0  228.0  1   11.350   11.350  1   34.759   34.759  1
  230.0  230.0  1   11.332   11.332  1   34.758   34.758  1
  232.0  232.0  1   11.304   11.304  1   34.757   34.757  1
  234.0  234.0  1   11.285   11.285  1   34.756   34.756  1
  236.0  236.0  1   11.266   11.266  1   34.755   34.755  1
  238.0  238.0  1   11.242   11.242  1   34.754   34.754  1
  240.0  240.0  1   11.230   11.230  1   34.752   34.752  1
  242.0  242.0  1   11.215   11.215  1   34.751   34.751  1
  244.0  244.0  1   11.187   11.187  1   34.751   34.751  1
  246.0  246.0  1   11.163   11.163  1   34.749   34.749  1
  248.0  248.0  1   11.153   11.153  1   34.749   34.749  1
  250.0  250.0  1   11.107   11.107  1   34.749   34.749  1
  252.0  252.0  1   11.081   11.081  1   34.747   34.747  1
  254.0  254.0  1   11.061   11.061  1   34.746   34.746  1
  256.0  256.0  1   11.047   11.047  1   34.744   34.744  1
  258.0  258.0  1   10.993   10.993  1   34.744   34.744  1
  260.0  260.0  1   10.970   10.970  1   34.740   34.740  1
  262.0  262.0  1   10.956   10.956  1   34.739   34.739  1
  264.0  264.0  1   10.934   10.934  1   34.741   34.741  1
  265.9  265.9  1   10.903   10.903  1   34.741   34.741  1
  268.0  268.0  1   10.878   10.878  1   34.739   34.739  1
  270.0  270.0  1   10.862   10.862  1   34.737   34.737  1
  272.0  272.0  1   10.843   10.843  1   34.737   34.737  1
  274.0  274.0  1   10.829   10.829  1   34.735   34.735  1
  276.0  276.0  1   10.815   10.815  1   34.734   34.734  1
  278.0  278.0  1   10.797   10.797  1   34.733   34.733  1
  280.0  280.0  1   10.778   10.778  1   34.732   34.732  1
  282.0  282.0  1   10.764   10.764  1   34.730   34.730  1
  284.0  284.0  1   10.750   10.750  1   34.730   34.730  1
  286.0  286.0  1   10.729   10.729  1   34.728   34.728  1
  288.1  288.1  1   10.707   10.707  1   34.727   34.727  1
  290.0  290.0  1   10.697   10.697  1   34.726   34.726  1
  292.0  292.0  1   10.689   10.689  1   34.725   34.725  1
  294.0  294.0  1   10.680   10.680  1   34.724   34.724  1
  296.0  296.0  1   10.649   10.649  1   34.724   34.724  1
  298.0  298.0  1   10.642   10.642  1   34.721   34.721  1
  300.0  300.0  1   10.618   10.618  1   34.721   34.721  1
  302.0  302.0  1   10.539   10.539  1   34.717   34.717  1
  304.0  304.0  1   10.485   10.485  1   34.712   34.712  1
  306.0  306.0  1   10.452   10.452  1   34.710   34.710  1
  308.1  308.1  1   10.421   10.421  1   34.710   34.710  1
  310.0  310.0  1   10.387   10.387  1   34.706   34.706  1
  312.0  312.0  1   10.366   10.366  1   34.704   34.704  1
  314.0  314.0  1   10.351   10.351  1   34.703   34.703  1
  316.0  316.0  1   10.338   10.338  1   34.702   34.702  1
  317.9  317.9  1   10.325   10.325  1   34.701   34.701  1
  319.9  319.9  1   10.304   10.304  1   34.700   34.700  1
  322.0  322.0  1   10.280   10.280  1   34.699   34.699  1
  324.0  324.0  1   10.270   10.270  1   34.697   34.697  1
  326.0  326.0  1   10.252   10.252  1   34.697   34.697  1
  328.0  328.0  1   10.210   10.210  1   34.695   34.695  1
  330.0  330.0  1   10.199   10.199  1   34.694   34.694  1
  332.1  332.1  1   10.185   10.185  1   34.694   34.694  1
  334.0  334.0  1   10.152   10.152  1   34.693   34.693  1
  336.0  336.0  1   10.114   10.114  1   34.690   34.690  1
  338.0  338.0  1   10.088   10.088  1   34.687   34.687  1
  340.0  340.0  1   10.069   10.069  1   34.686   34.686  1
  342.0  342.0  1   10.033   10.033  1   34.684   34.684  1
  344.0  344.0  1    9.995    9.995  1   34.682   34.682  1
  346.1  346.1  1    9.970    9.970  1   34.680   34.680  1
  348.0  348.0  1    9.933    9.933  1   34.678   34.678  1
  350.0  350.0  1    9.916    9.916  1   34.677   34.677  1
  352.0  352.0  1    9.896    9.896  1   34.678   34.678  1
  354.0  354.0  1    9.865    9.865  1   34.677   34.677  1
  356.0  356.0  1    9.846    9.846  1   34.674   34.674  1
  358.0  358.0  1    9.816    9.816  1   34.673   34.673  1
  360.0  360.0  1    9.787    9.787  1   34.670   34.670  1
  362.0  362.0  1    9.745    9.745  1   34.669   34.669  1
  364.0  364.0  1    9.720    9.720  1   34.666   34.666  1
  366.0  366.0  1    9.698    9.698  1   34.667   34.667  1
  368.0  368.0  1    9.669    9.669  1   34.666   34.666  1
  370.0  370.0  1    9.643    9.643  1   34.665   34.665  1
  372.0  372.0  1    9.603    9.603  1   34.662   34.662  1
  374.0  374.0  1    9.569    9.569  1   34.658   34.658  1
  376.0  376.0  1    9.546    9.546  1   34.657   34.657  1
  378.0  378.0  1    9.541    9.541  1   34.656   34.656  1
  380.0  380.0  1    9.528    9.528  1   34.656   34.656  1
  382.0  382.0  1    9.493    9.493  1   34.654   34.654  1
  384.0  384.0  1    9.470    9.470  1   34.652   34.652  1
  386.0  386.0  1    9.462    9.462  1   34.652   34.652  1
  388.0  388.0  1    9.450    9.450  1   34.652   34.652  1
  390.0  390.0  1    9.442    9.442  1   34.651   34.651  1
  392.0  392.0  1    9.425    9.425  1   34.650   34.650  1
  394.0  394.0  1    9.413    9.413  1   34.649   34.649  1
  396.0  396.0  1    9.397    9.397  1   34.648   34.648  1
  398.1  398.1  1    9.371    9.371  1   34.648   34.648  1
  400.0  400.0  1    9.345    9.345  1   34.649   34.649  1
  402.0  402.0  1    9.313    9.313  1   34.646   34.646  1
  404.0  404.0  1    9.284    9.284  1   34.646   34.646  1
  406.0  406.0  1    9.255    9.255  1   34.644   34.644  1
  408.0  408.0  1    9.236    9.236  1   34.644   34.644  1
  410.0  410.0  1    9.200    9.200  1   34.643   34.643  1
  412.0  412.0  1    9.179    9.179  1   34.641   34.641  1
  414.0  414.0  1    9.168    9.168  1   34.642   34.642  1
  416.0  416.0  1    9.130    9.130  1   34.641   34.641  1
  418.0  418.0  1    9.103    9.103  1   34.640   34.640  1
  420.0  420.0  1    9.078    9.078  1   34.638   34.638  1
  422.0  422.0  1    9.010    9.010  1   34.635   34.635  1
  424.0  424.0  1    8.987    8.987  1   34.634   34.634  1
  426.0  426.0  1    8.977    8.977  1   34.634   34.634  1
  428.0  428.0  1    8.960    8.960  1   34.632   34.632  1
  430.0  430.0  1    8.956    8.956  1   34.632   34.632  1
  432.0  432.0  1    8.949    8.949  1   34.631   34.631  1
  434.0  434.0  1    8.935    8.935  1   34.630   34.630  1
  436.0  436.0  1    8.902    8.902  1   34.631   34.631  1
  437.9  437.9  1    8.868    8.868  1   34.628   34.628  1
  440.0  440.0  1    8.832    8.832  1   34.627   34.627  1
  442.0  442.0  1    8.797    8.797  1   34.625   34.625  1
  444.0  444.0  1    8.726    8.726  1   34.622   34.622  1
  446.0  446.0  1    8.699    8.699  1   34.620   34.620  1
  448.0  448.0  1    8.641    8.641  1   34.617   34.617  1
  450.0  450.0  1    8.600    8.600  1   34.617   34.617  1
  452.0  452.0  1    8.568    8.568  1   34.613   34.613  1
  454.0  454.0  1    8.523    8.523  1   34.612   34.612  1
  456.0  456.0  1    8.498    8.498  1   34.611   34.611  1
  458.0  458.0  1    8.489    8.489  1   34.611   34.611  1
  460.0  460.0  1    8.453    8.453  1   34.611   34.611  1
  462.0  462.0  1    8.389    8.389  1   34.609   34.609  1
  464.0  464.0  1    8.319    8.319  1   34.607   34.607  1
  466.0  466.0  1    8.277    8.277  1   34.604   34.604  1
  468.0  468.0  1    8.260    8.260  1   34.603   34.603  1
  470.0  470.0  1    8.251    8.251  1   34.603   34.603  1
  472.0  472.0  1    8.243    8.243  1   34.603   34.603  1
  474.0  474.0  1    8.237    8.237  1   34.602   34.602  1
  476.0  476.0  1    8.228    8.228  1   34.602   34.602  1
  478.0  478.0  1    8.217    8.217  1   34.602   34.602  1
  480.0  480.0  1    8.206    8.206  1   34.602   34.602  1
  482.0  482.0  1    8.200    8.200  1   34.602   34.602  1
  484.0  484.0  1    8.184    8.184  1   34.602   34.602  1
  486.0  486.0  1    8.169    8.169  1   34.601   34.601  1
  488.0  488.0  1    8.129    8.129  1   34.602   34.602  1
  490.0  490.0  1    8.082    8.082  1   34.599   34.599  1
  491.9  491.9  1    8.070    8.070  1   34.599   34.599  1
  494.0  494.0  1    8.062    8.062  1   34.599   34.599  1
  496.0  496.0  1    8.052    8.052  1   34.598   34.598  1
  498.0  498.0  1    8.043    8.043  1   34.598   34.598  1
  500.0  500.0  1    8.032    8.032  1   34.597   34.597  1
  502.0  502.0  1    8.014    8.014  1   34.596   34.596  1
  504.0  504.0  1    7.976    7.976  1   34.595   34.595  1
  506.0  506.0  1    7.946    7.946  1   34.593   34.593  1
  508.1  508.1  1    7.927    7.927  1   34.592   34.592  1
  510.0  510.0  1    7.911    7.911  1   34.592   34.592  1
  512.0  512.0  1    7.890    7.890  1   34.591   34.591  1
  514.0  514.0  1    7.838    7.838  1   34.591   34.591  1
  516.0  516.0  1    7.822    7.822  1   34.589   34.589  1
  518.0  518.0  1    7.782    7.782  1   34.588   34.588  1
  520.0  520.0  1    7.729    7.729  1   34.587   34.587  1
  522.0  522.0  1    7.688    7.688  1   34.585   34.585  1
  524.0  524.0  1    7.656    7.656  1   34.584   34.584  1
  526.0  526.0  1    7.621    7.621  1   34.584   34.584  1
  528.0  528.0  1    7.605    7.605  1   34.583   34.583  1
  530.0  530.0  1    7.585    7.585  1   34.582   34.582  1
  532.0  532.0  1    7.566    7.566  1   34.582   34.582  1
  534.0  534.0  1    7.507    7.507  1   34.582   34.582  1
  536.0  536.0  1    7.470    7.470  1   34.580   34.580  1
  538.0  538.0  1    7.465    7.465  1   34.580   34.580  1
  540.0  540.0  1    7.460    7.460  1   34.579   34.579  1
  542.0  542.0  1    7.455    7.455  1   34.579   34.579  1
  544.0  544.0  1    7.445    7.445  1   34.579   34.579  1
  546.0  546.0  1    7.427    7.427  1   34.578   34.578  1
  548.0  548.0  1    7.387    7.387  1   34.578   34.578  1
  550.0  550.0  1    7.342    7.342  1   34.576   34.576  1
  552.0  552.0  1    7.328    7.328  1   34.576   34.576  1
  554.0  554.0  1    7.319    7.319  1   34.576   34.576  1
  556.0  556.0  1    7.318    7.318  1   34.575   34.575  1
  558.0  558.0  1    7.318    7.318  1   34.575   34.575  1
  560.0  560.0  1    7.318    7.318  1   34.575   34.575  1
  562.0  562.0  1    7.299    7.299  1   34.575   34.575  1
  564.0  564.0  1    7.239    7.239  1   34.575   34.575  1
  566.0  566.0  1    7.225    7.225  1   34.574   34.574  1
  568.0  568.0  1    7.224    7.224  1   34.574   34.574  1
  570.0  570.0  1    7.222    7.222  1   34.574   34.574  1
  572.0  572.0  1    7.220    7.220  1   34.573   34.573  1
  574.0  574.0  1    7.215    7.215  1   34.573   34.573  1
  576.0  576.0  1    7.208    7.208  1   34.573   34.573  1
  578.0  578.0  1    7.185    7.185  1   34.573   34.573  1
  580.0  580.0  1    7.175    7.175  1   34.572   34.572  1
  582.0  582.0  1    7.152    7.152  1   34.573   34.573  1
  584.0  584.0  1    7.132    7.132  1   34.572   34.572  1
  586.0  586.0  1    7.115    7.115  1   34.572   34.572  1
  588.0  588.0  1    7.106    7.106  1   34.571   34.571  1
  590.0  590.0  1    7.085    7.085  1   34.571   34.571  1
  592.0  592.0  1    7.067    7.067  1   34.571   34.571  1
  594.0  594.0  1    7.056    7.056  1   34.570   34.570  1
  596.0  596.0  1    7.045    7.045  1   34.570   34.570  1
  598.0  598.0  1    7.027    7.027  1   34.570   34.570  1
  600.0  600.0  1    7.008    7.008  1   34.570   34.570  1
  602.0  602.0  1    6.992    6.992  1   34.570   34.570  1
  604.0  604.0  1    6.975    6.975  1   34.569   34.569  1
  606.0  606.0  1    6.964    6.964  1   34.569   34.569  1
  608.0  608.0  1    6.930    6.930  1   34.569   34.569  1
  610.0  610.0  1    6.912    6.912  1   34.569   34.569  1
  612.0  612.0  1    6.896    6.896  1   34.569   34.569  1
  614.0  614.0  1    6.887    6.887  1   34.569   34.569  1
  616.0  616.0  1    6.870    6.870  1   34.569   34.569  1
  618.0  618.0  1    6.854    6.854  1   34.569   34.569  1
  620.0  620.0  1    6.849    6.849  1   34.570   34.570  1
  622.0  622.0  1    6.821    6.821  1   34.571   34.571  1
  624.0  624.0  1    6.795    6.795  1   34.570   34.570  1
  626.0  626.0  1    6.796    6.796  1   34.570   34.570  1
  628.0  628.0  1    6.796    6.796  1   34.570   34.570  1
  630.0  630.0  1    6.785    6.785  1   34.571   34.571  1
  632.0  632.0  1    6.762    6.762  1   34.571   34.571  1
  634.0  634.0  1    6.730    6.730  1   34.570   34.570  1
  636.0  636.0  1    6.670    6.670  1   34.567   34.567  1
  638.0  638.0  1    6.661    6.661  1   34.567   34.567  1
  640.0  640.0  1    6.653    6.653  1   34.568   34.568  1
  642.0  642.0  1    6.648    6.648  1   34.568   34.568  1
  644.0  644.0  1    6.632    6.632  1   34.569   34.569  1
  646.0  646.0  1    6.621    6.621  1   34.569   34.569  1
  648.0  648.0  1    6.618    6.618  1   34.569   34.569  1
  650.0  650.0  1    6.614    6.614  1   34.569   34.569  1
  652.0  652.0  1    6.604    6.604  1   34.569   34.569  1
  654.0  654.0  1    6.578    6.578  1   34.569   34.569  1
  656.0  656.0  1    6.565    6.565  1   34.569   34.569  1
  658.0  658.0  1    6.547    6.547  1   34.568   34.568  1
  660.0  660.0  1    6.536    6.536  1   34.568   34.568  1
  662.0  662.0  1    6.519    6.519  1   34.568   34.568  1
  664.0  664.0  1    6.512    6.512  1   34.567   34.567  1
  666.0  666.0  1    6.507    6.507  1   34.567   34.567  1
  668.0  668.0  1    6.503    6.503  1   34.567   34.567  1
  670.0  670.0  1    6.498    6.498  1   34.567   34.567  1
  671.9  671.9  1    6.489    6.489  1   34.567   34.567  1
  674.0  674.0  1    6.461    6.461  1   34.568   34.568  1
  676.0  676.0  1    6.438    6.438  1   34.567   34.567  1
  678.0  678.0  1    6.409    6.409  1   34.567   34.567  1
  680.0  680.0  1    6.388    6.388  1   34.568   34.568  1
  682.0  682.0  1    6.380    6.380  1   34.567   34.567  1
  684.0  684.0  1    6.375    6.375  1   34.567   34.567  1
  686.0  686.0  1    6.367    6.367  1   34.567   34.567  1
  688.0  688.0  1    6.355    6.355  1   34.567   34.567  1
  690.0  690.0  1    6.336    6.336  1   34.567   34.567  1
  692.0  692.0  1    6.323    6.323  1   34.566   34.566  1
  694.0  694.0  1    6.310    6.310  1   34.566   34.566  1
  696.0  696.0  1    6.302    6.302  1   34.566   34.566  1
  698.0  698.0  1    6.279    6.279  1   34.566   34.566  1
  700.0  700.0  1    6.258    6.258  1   34.566   34.566  1
  702.0  702.0  1    6.247    6.247  1   34.565   34.565  1
  704.0  704.0  1    6.240    6.240  1   34.565   34.565  1
  706.0  706.0  1    6.236    6.236  1   34.565   34.565  1
  708.0  708.0  1    6.217    6.217  1   34.564   34.564  1
  710.0  710.0  1    6.182    6.182  1   34.565   34.565  1
  712.0  712.0  1    6.143    6.143  1   34.564   34.564  1
  714.0  714.0  1    6.122    6.122  1   34.563   34.563  1
  716.0  716.0  1    6.103    6.103  1   34.563   34.563  1
  718.0  718.0  1    6.100    6.100  1   34.563   34.563  1
  720.0  720.0  1    6.097    6.097  1   34.562   34.562  1
  722.0  722.0  1    6.085    6.085  1   34.562   34.562  1
  724.0  724.0  1    6.064    6.064  1   34.562   34.562  1
  726.0  726.0  1    6.044    6.044  1   34.562   34.562  1
  728.0  728.0  1    6.029    6.029  1   34.562   34.562  1
  730.0  730.0  1    6.018    6.018  1   34.561   34.561  1
  732.0  732.0  1    6.011    6.011  1   34.561   34.561  1
  734.0  734.0  1    5.999    5.999  1   34.561   34.561  1
  736.0  736.0  1    5.973    5.973  1   34.561   34.561  1
  738.0  738.0  1    5.952    5.952  1   34.561   34.561  1
  740.0  740.0  1    5.924    5.924  1   34.561   34.561  1
  742.0  742.0  1    5.898    5.898  1   34.560   34.560  1
  744.0  744.0  1    5.888    5.888  1   34.560   34.560  1
  746.0  746.0  1    5.884    5.884  1   34.560   34.560  1
  748.0  748.0  1    5.880    5.880  1   34.560   34.560  1
  750.0  750.0  1    5.868    5.868  1   34.560   34.560  1
  752.0  752.0  1    5.864    5.864  1   34.560   34.560  1
  754.0  754.0  1    5.854    5.854  1   34.560   34.560  1
  756.0  756.0  1    5.847    5.847  1   34.560   34.560  1
  758.0  758.0  1    5.844    5.844  1   34.559   34.559  1
  760.0  760.0  1    5.833    5.833  1   34.559   34.559  1
  762.0  762.0  1    5.813    5.813  1   34.560   34.560  1
  764.0  764.0  1    5.802    5.802  1   34.559   34.559  1
  766.0  766.0  1    5.785    5.785  1   34.559   34.559  1
  768.0  768.0  1    5.774    5.774  1   34.559   34.559  1
  770.0  770.0  1    5.767    5.767  1   34.559   34.559  1
  772.0  772.0  1    5.759    5.759  1   34.559   34.559  1
  774.0  774.0  1    5.755    5.755  1   34.559   34.559  1
  776.0  776.0  1    5.743    5.743  1   34.558   34.558  1
  778.0  778.0  1    5.729    5.729  1   34.558   34.558  1
  780.0  780.0  1    5.711    5.711  1   34.558   34.558  1
  782.0  782.0  1    5.700    5.700  1   34.558   34.558  1
  784.0  784.0  1    5.696    5.696  1   34.558   34.558  1
  786.0  786.0  1    5.680    5.680  1   34.558   34.558  1
  788.0  788.0  1    5.663    5.663  1   34.559   34.559  1
  790.0  790.0  1    5.648    5.648  1   34.559   34.559  1
  792.0  792.0  1    5.639    5.639  1   34.559   34.559  1
  794.0  794.0  1    5.616    5.616  1   34.559   34.559  1
  796.0  796.0  1    5.607    5.607  1   34.559   34.559  1
  798.0  798.0  1    5.602    5.602  1   34.559   34.559  1
  800.0  800.0  1    5.595    5.595  1   34.559   34.559  1
  802.0  802.0  1    5.588    5.588  1   34.559   34.559  1
  804.0  804.0  1    5.577    5.577  1   34.559   34.559  1
  806.0  806.0  1    5.565    5.565  1   34.560   34.560  1
  808.0  808.0  1    5.558    5.558  1   34.560   34.560  1
  810.0  810.0  1    5.547    5.547  1   34.559   34.559  1
  812.0  812.0  1    5.538    5.538  1   34.559   34.559  1
  814.0  814.0  1    5.526    5.526  1   34.559   34.559  1
  816.0  816.0  1    5.504    5.504  1   34.559   34.559  1
  818.0  818.0  1    5.478    5.478  1   34.559   34.559  1
  820.0  820.0  1    5.468    5.468  1   34.559   34.559  1
  822.0  822.0  1    5.458    5.458  1   34.559   34.559  1
  824.0  824.0  1    5.448    5.448  1   34.559   34.559  1
  826.0  826.0  1    5.442    5.442  1   34.558   34.558  1
  828.0  828.0  1    5.428    5.428  1   34.559   34.559  1
  830.0  830.0  1    5.400    5.400  1   34.558   34.558  1
  832.0  832.0  1    5.392    5.392  1   34.558   34.558  1
  834.0  834.0  1    5.388    5.388  1   34.558   34.558  1
  836.0  836.0  1    5.382    5.382  1   34.558   34.558  1
  838.0  838.0  1    5.376    5.376  1   34.558   34.558  1
  840.0  840.0  1    5.360    5.360  1   34.558   34.558  1
  842.0  842.0  1    5.346    5.346  1   34.558   34.558  1
  844.0  844.0  1    5.332    5.332  1   34.558   34.558  1
  846.0  846.0  1    5.301    5.301  1   34.558   34.558  1
  848.0  848.0  1    5.293    5.293  1   34.558   34.558  1
  850.0  850.0  1    5.290    5.290  1   34.558   34.558  1
  852.0  852.0  1    5.278    5.278  1   34.558   34.558  1
  854.0  854.0  1    5.267    5.267  1   34.558   34.558  1
  856.0  856.0  1    5.262    5.262  1   34.558   34.558  1
  858.0  858.0  1    5.255    5.255  1   34.559   34.559  1
  860.0  860.0  1    5.245    5.245  1   34.559   34.559  1
  862.0  862.0  1    5.238    5.238  1   34.559   34.559  1
  864.0  864.0  1    5.236    5.236  1   34.559   34.559  1
  866.0  866.0  1    5.232    5.232  1   34.559   34.559  1
  868.0  868.0  1    5.224    5.224  1   34.559   34.559  1
  870.0  870.0  1    5.219    5.219  1   34.558   34.558  1
  872.0  872.0  1    5.213    5.213  1   34.559   34.559  1
  874.0  874.0  1    5.201    5.201  1   34.559   34.559  1
  876.0  876.0  1    5.193    5.193  1   34.559   34.559  1
  878.0  878.0  1    5.181    5.181  1   34.559   34.559  1
  880.0  880.0  1    5.165    5.165  1   34.559   34.559  1
  882.0  882.0  1    5.152    5.152  1   34.559   34.559  1
  884.0  884.0  1    5.142    5.142  1   34.559   34.559  1
  886.0  886.0  1    5.134    5.134  1   34.559   34.559  1
  888.0  888.0  1    5.127    5.127  1   34.559   34.559  1
  890.0  890.0  1    5.125    5.125  1   34.559   34.559  1
  892.0  892.0  1    5.119    5.119  1   34.559   34.559  1
  894.0  894.0  1    5.104    5.104  1   34.560   34.560  1
  896.0  896.0  1    5.078    5.078  1   34.560   34.560  1
  898.0  898.0  1    5.065    5.065  1   34.560   34.560  1
  900.0  900.0  1    5.055    5.055  1   34.559   34.559  1
  902.0  902.0  1    5.049    5.049  1   34.559   34.559  1
  904.0  904.0  1    5.036    5.036  1   34.559   34.559  1
  906.0  906.0  1    5.030    5.030  1   34.559   34.559  1
  908.0  908.0  1    5.026    5.026  1   34.558   34.558  1
  910.0  910.0  1    5.020    5.020  1   34.558   34.558  1
  912.0  912.0  1    5.007    5.007  1   34.558   34.558  1
  914.0  914.0  1    4.999    4.999  1   34.559   34.559  1
  916.0  916.0  1    4.988    4.988  1   34.559   34.559  1
  918.0  918.0  1    4.978    4.978  1   34.559   34.559  1
  920.0  920.0  1    4.969    4.969  1   34.559   34.559  1
  922.0  922.0  1    4.960    4.960  1   34.560   34.560  1
  924.0  924.0  1    4.953    4.953  1   34.560   34.560  1
  926.0  926.0  1    4.948    4.948  1   34.560   34.560  1
  928.0  928.0  1    4.944    4.944  1   34.559   34.559  1
  930.0  930.0  1    4.934    4.934  1   34.560   34.560  1
  932.0  932.0  1    4.914    4.914  1   34.559   34.559  1
  934.0  934.0  1    4.910    4.910  1   34.559   34.559  1
  936.0  936.0  1    4.909    4.909  1   34.559   34.559  1
  938.0  938.0  1    4.906    4.906  1   34.558   34.558  1
  940.0  940.0  1    4.899    4.899  1   34.558   34.558  1
  942.0  942.0  1    4.893    4.893  1   34.559   34.559  1
  944.0  944.0  1    4.890    4.890  1   34.559   34.559  1
  946.0  946.0  1    4.880    4.880  1   34.559   34.559  1
  948.0  948.0  1    4.856    4.856  1   34.559   34.559  1
  950.0  950.0  1    4.845    4.845  1   34.560   34.560  1
  952.0  952.0  1    4.831    4.831  1   34.560   34.560  1
  954.0  954.0  1    4.827    4.827  1   34.560   34.560  1
  956.0  956.0  1    4.822    4.822  1   34.560   34.560  1
  958.0  958.0  1    4.816    4.816  1   34.560   34.560  1
  960.0  960.0  1    4.811    4.811  1   34.561   34.561  1
  962.0  962.0  1    4.804    4.804  1   34.561   34.561  1
  964.0  964.0  1    4.796    4.796  1   34.561   34.561  1
  966.0  966.0  1    4.772    4.772  1   34.562   34.562  1
  968.0  968.0  1    4.765    4.765  1   34.561   34.561  1
  970.0  970.0  1    4.747    4.747  1   34.562   34.562  1
  972.0  972.0  1    4.730    4.730  1   34.562   34.562  1
  974.0  974.0  1    4.723    4.723  1   34.562   34.562  1
  976.0  976.0  1    4.719    4.719  1   34.562   34.562  1
  978.0  978.0  1    4.711    4.711  1   34.562   34.562  1
  998.9  999.0  1    4.650    4.650  1   34.562   34.562  1
 1048.6 1048.6  1    4.442    4.442  1   34.563   34.563  1
 1099.2 1099.3  1    4.214    4.214  1   34.568   34.568  1
 1148.8 1148.8  1    4.044    4.044  1   34.571   34.571  1
 1198.4 1198.5  1    3.913    3.913  1   34.575   34.575  1
 1248.4 1248.5  1    3.774    3.774  1   34.579   34.579  1
 1298.2 1298.3  1    3.636    3.636  1   34.584   34.584  1
 1349.3 1349.3  1    3.494    3.494  1   34.588   34.588  1
 1399.0 1399.0  1    3.369    3.369  1   34.592   34.592  1
 1448.7 1448.7  1    3.252    3.252  1   34.597   34.597  1
 1498.7 1498.7  1    3.125    3.125  1   34.602   34.602  1
 1548.1 1548.1  1    3.028    3.028  1   34.607   34.607  1
 1599.0 1599.0  1    2.937    2.937  1   34.611   34.611  1
 1648.7 1648.8  1    2.835    2.835  1   34.615   34.615  1
 1698.7 1698.7  1    2.738    2.738  1   34.619   34.619  1
 1748.4 1748.5  1    2.638    2.638  1   34.624   34.624  1
 1799.1 1799.1  1    2.551    2.551  1   34.628   34.628  1
 1849.1 1849.1  1    2.464    2.464  1   34.632   34.632  1
 1898.5 1898.6  1    2.391    2.391  1   34.636   34.636  1
 1948.4 1948.5  1    2.350    2.350  1   34.637   34.637  1
 1998.4 1998.4  1    2.283    2.283  1   34.640   34.640  1
