*SoftWare Version 3.0  2018/12/27

*HEADER
     PLATFORM NUMBER       :6901261
     CYCLE NUMBER          :016
     DATE CREATION         :20191216081558
     DATE UPDATE           :20191217131549
     PROJECT NAME          :ARGO MOROCCO
     PI NAME               :Jamal Chioua
     INSTRUMENT TYPE       :ARVOR
     FLOAT SERIAL NO       :AL2500-17SP010
     FIRMWARE VERSION      :5605B04
     WMO INSTRUMENT TYPE   :844
     TRANSMISSION SYSTEM   :ARGOS
     POSITIONING SYSTEM    :ARGOS
     SAMPLE DIRECTION      :A(A=Ascend; D=Descend)
     DATA MODE             :R(R=Real Time; D=Delayed Mode; A=Real Time Adjusted)
     JULIAN DAY            :25551.2590 (days since 1950-01-01 00:00:00 UTC)
     DATE                  :2019-12-16
     QC FLAG FOR DATE      :1
*LOCATION
     LATITUDE              :27.149  
     LONGITUDE             :-14.678 
     QC FLAG FOR LOCATION  :1
*FILE
     COLUMN 1              :Pressure (dbar)                             F7.1
     COLUMN 2              :Corrected Pressure (dbar)                   F7.1
     COLUMN 3              :Quality on Pressure                         I3
     COLUMN 4              :Temperature (degree_Celsius)                F9.3
     COLUMN 5              :Corrected Temperature (degree_Celsius)      F9.3
     COLUMN 6              :Quality on Temperature                      I3
     COLUMN 7              :Salinity (PSU)                              F9.3
     COLUMN 8              :Corrected Salinity (PSU)                    F9.3
     COLUMN 9              :Quality on Salinity                         I3
==========================================================================
    6.0    6.0  1   19.177   19.177  1   36.580   36.580  1
    7.0    7.0  1   19.178   19.178  1   36.580   36.580  1
    8.0    8.0  1   19.180   19.180  1   36.578   36.578  1
    9.0    9.0  1   19.177   19.177  1   36.578   36.578  1
   10.0   10.0  1   19.181   19.181  1   36.578   36.578  1
   15.0   15.0  1   19.169   19.169  1   36.577   36.577  1
   26.0   26.0  1   19.130   19.130  1   36.568   36.568  1
   35.0   35.0  1   19.069   19.069  1   36.557   36.557  1
   45.0   45.0  1   18.994   18.994  1   36.545   36.545  1
   55.0   55.0  1   18.901   18.901  1   36.529   36.529  1
   65.0   65.0  1   18.653   18.653  1   36.496   36.496  1
   75.0   75.0  1   18.228   18.228  1   36.442   36.442  1
   86.0   86.0  1   17.890   17.890  1   36.470   36.470  1
   96.0   96.0  1   17.538   17.538  1   36.455   36.455  1
  106.0  106.0  1   17.167   17.167  1   36.408   36.408  1
  116.0  116.0  1   16.868   16.868  1   36.360   36.360  1
  125.0  125.0  1   16.591   16.591  1   36.313   36.313  1
  135.0  135.0  1   16.452   16.452  1   36.291   36.291  1
  145.0  145.0  1   16.236   16.236  1   36.253   36.253  1
  155.0  155.0  1   16.111   16.111  1   36.232   36.232  1
  166.0  166.0  1   15.942   15.942  1   36.201   36.201  1
  176.0  176.0  1   15.810   15.810  1   36.177   36.177  1
  186.0  186.0  1   15.673   15.673  1   36.154   36.154  1
  195.0  195.0  1   15.598   15.598  1   36.141   36.141  1
  213.0  213.0  1   15.396   15.396  1   36.107   36.107  1
  238.0  238.0  1   15.265   15.265  1   36.086   36.086  1
  263.0  263.0  1   15.007   15.007  1   36.044   36.044  1
  288.0  288.0  1   14.595   14.595  1   35.979   35.979  1
  312.0  312.0  1   14.125   14.125  1   35.911   35.911  1
  338.0  338.0  1   13.743   13.743  1   35.852   35.852  1
  363.0  363.0  1   13.459   13.459  1   35.808   35.808  1
  388.0  388.0  1   13.100   13.100  1   35.758   35.758  1
  413.0  413.0  1   12.765   12.765  1   35.712   35.712  1
  438.0  438.0  1   12.324   12.324  1   35.654   35.654  1
  463.0  463.0  1   11.995   11.995  1   35.611   35.611  1
  488.0  488.0  1   11.619   11.619  1   35.551   35.551  1
  513.0  513.0  1   11.118   11.118  1   35.467   35.467  1
  539.0  539.0  1   10.736   10.736  1   35.416   35.416  1
  563.0  563.0  1   10.375   10.375  1   35.363   35.363  1
  588.0  588.0  1   10.163   10.163  1   35.331   35.331  1
  613.0  613.0  1   10.022   10.022  1   35.316   35.316  1
  638.0  638.0  1    9.770    9.770  1   35.286   35.286  1
  663.0  663.0  1    9.435    9.435  1   35.245   35.245  1
  688.0  688.0  1    9.139    9.139  1   35.214   35.214  1
  713.0  713.0  1    8.945    8.945  1   35.201   35.201  1
  738.0  738.0  1    8.688    8.688  1   35.182   35.182  1
  763.0  763.0  1    8.388    8.388  1   35.149   35.149  1
  788.0  788.0  1    8.179    8.179  1   35.129   35.129  1
  813.0  813.0  1    7.983    7.983  1   35.114   35.114  1
  838.0  838.0  1    7.867    7.867  1   35.107   35.107  1
  863.0  863.0  1    7.754    7.754  1   35.101   35.101  1
  888.0  888.0  1    7.635    7.635  1   35.099   35.099  1
  913.0  913.0  1    7.529    7.529  1   35.105   35.105  1
  938.0  938.0  1    7.466    7.466  1   35.124   35.124  1
  963.0  963.0  1    7.375    7.375  1   35.133   35.133  1
  985.0  985.0  1    7.354    7.354  1   35.145   35.145  1
