*SoftWare Version 3.0  2018/12/27

*HEADER
     PLATFORM NUMBER       :6901277
     CYCLE NUMBER          :032
     DATE CREATION         :20191225081951
     DATE UPDATE           :20191226121655
     PROJECT NAME          :ARGO SPAIN
     PI NAME               :Pedro Velez
     INSTRUMENT TYPE       :ARVOR
     FLOAT SERIAL NO       :AL2500-17SP024
     FIRMWARE VERSION      :5605B04
     WMO INSTRUMENT TYPE   :844
     TRANSMISSION SYSTEM   :ARGOS
     POSITIONING SYSTEM    :ARGOS
     SAMPLE DIRECTION      :A(A=Ascend; D=Descend)
     DATA MODE             :R(R=Real Time; D=Delayed Mode; A=Real Time Adjusted)
     JULIAN DAY            :25560.2486 (days since 1950-01-01 00:00:00 UTC)
     DATE                  :2019-12-25
     QC FLAG FOR DATE      :1
*LOCATION
     LATITUDE              :39.393  
     LONGITUDE             :1.409   
     QC FLAG FOR LOCATION  :1
*FILE
     COLUMN 1              :Pressure (dbar)                             F7.1
     COLUMN 2              :Corrected Pressure (dbar)                   F7.1
     COLUMN 3              :Quality on Pressure                         I3
     COLUMN 4              :Temperature (degree_Celsius)                F9.3
     COLUMN 5              :Corrected Temperature (degree_Celsius)      F9.3
     COLUMN 6              :Quality on Temperature                      I3
     COLUMN 7              :Salinity (PSU)                              F9.3
     COLUMN 8              :Corrected Salinity (PSU)                    F9.3
     COLUMN 9              :Quality on Salinity                         I3
==========================================================================
    6.0    6.0  1   14.870   14.870  1   38.148   38.148  1
    8.0    8.0  1   14.873   14.873  1   38.149   38.149  1
    9.0    9.0  1   14.873   14.873  1   38.148   38.148  1
   10.0   10.0  1   14.873   14.873  1   38.147   38.147  1
   15.0   15.0  1   14.873   14.873  1   38.146   38.146  1
   25.0   25.0  1   14.862   14.862  1   38.147   38.147  1
   36.0   36.0  1   14.843   14.843  1   38.148   38.148  1
   46.0   46.0  1   14.829   14.829  1   38.148   38.148  1
   56.0   56.0  1   14.823   14.823  1   38.149   38.149  1
   65.0   65.0  1   14.701   14.701  1   38.189   38.189  1
   75.0   75.0  1   14.200   14.200  1   38.296   38.296  1
   85.0   85.0  1   13.860   13.860  1   38.325   38.325  1
   95.0   95.0  1   13.798   13.798  1   38.354   38.354  1
  105.0  105.0  1   13.748   13.748  1   38.379   38.379  1
  115.0  115.0  1   13.737   13.737  1   38.412   38.412  1
  125.0  125.0  1   13.734   13.734  1   38.431   38.431  1
  135.0  135.0  1   13.707   13.707  1   38.438   38.438  1
  145.0  145.0  1   13.678   13.678  1   38.445   38.445  1
  155.0  155.0  1   13.659   13.659  1   38.469   38.469  1
  166.0  166.0  1   13.629   13.629  1   38.481   38.481  1
  176.0  176.0  1   13.630   13.630  1   38.493   38.493  1
  186.0  186.0  1   13.639   13.639  1   38.501   38.501  1
  195.0  195.0  1   13.633   13.633  1   38.510   38.510  1
  212.0  212.0  1   13.637   13.637  1   38.532   38.532  1
  238.0  238.0  1   13.694   13.694  1   38.566   38.566  1
  263.0  263.0  1   13.729   13.729  1   38.595   38.595  1
  288.0  288.0  1   13.713   13.713  1   38.605   38.605  1
  313.0  313.0  1   13.675   13.675  1   38.603   38.603  1
  338.0  338.0  1   13.617   13.617  1   38.597   38.597  1
  363.0  363.0  1   13.561   13.561  1   38.589   38.589  1
  388.0  388.0  1   13.526   13.526  1   38.585   38.585  1
  413.0  413.0  1   13.485   13.485  1   38.578   38.578  1
  439.0  439.0  1   13.449   13.449  1   38.573   38.573  1
  463.0  463.0  1   13.429   13.429  1   38.571   38.571  1
  488.0  488.0  1   13.412   13.412  1   38.569   38.569  1
  513.0  513.0  1   13.399   13.399  1   38.567   38.567  1
  538.0  538.0  1   13.382   13.382  1   38.565   38.565  1
  563.0  563.0  1   13.369   13.369  1   38.562   38.562  1
  588.0  588.0  1   13.355   13.355  1   38.560   38.560  1
  613.0  613.0  1   13.338   13.338  1   38.556   38.556  1
  638.0  638.0  1   13.322   13.322  1   38.553   38.553  1
  663.0  663.0  1   13.312   13.312  1   38.550   38.550  1
  688.0  688.0  1   13.296   13.296  1   38.547   38.547  1
  713.0  713.0  1   13.283   13.283  1   38.543   38.543  1
  738.0  738.0  1   13.269   13.269  1   38.540   38.540  1
  763.0  763.0  1   13.255   13.255  1   38.536   38.536  1
  788.0  788.0  1   13.240   13.240  1   38.532   38.532  1
  813.0  813.0  1   13.232   13.232  1   38.530   38.530  1
  838.0  838.0  1   13.220   13.220  1   38.527   38.527  1
  863.0  863.0  1   13.206   13.206  1   38.523   38.523  1
  888.0  888.0  1   13.195   13.195  1   38.520   38.520  1
  913.0  913.0  1   13.182   13.182  1   38.516   38.516  1
  938.0  938.0  1   13.168   13.168  1   38.512   38.512  1
  963.0  963.0  1   13.159   13.159  1   38.510   38.510  1
  987.0  987.0  1   13.147   13.147  1   38.506   38.506  1
 1013.0 1013.0  1   13.142   13.142  1   38.504   38.504  1
 1038.0 1038.0  1   13.145   13.145  1   38.504   38.504  1
 1055.0 1055.0  1   13.148   13.148  1   38.504   38.504  1
