*SoftWare Version 3.0  2018/12/27

*HEADER
     PLATFORM NUMBER       :6901775
     CYCLE NUMBER          :106
     DATE CREATION         :20191208124911
     DATE UPDATE           :20191208125029
     PROJECT NAME          :NAOS
     PI NAME               :Fabrizio D'Ortenzio
     INSTRUMENT TYPE       :PROVOR_III
     FLOAT SERIAL NO       :OIN-14SO-S4-12
     FIRMWARE VERSION      :1.07
     WMO INSTRUMENT TYPE   :836
     TRANSMISSION SYSTEM   :IRIDIUM
     POSITIONING SYSTEM    :GPS
     SAMPLE DIRECTION      :A(A=Ascend; D=Descend)
     DATA MODE             :R(R=Real Time; D=Delayed Mode; A=Real Time Adjusted)
     JULIAN DAY            :25543.4299 (days since 1950-01-01 00:00:00 UTC)
     DATE                  :2019-12-08
     QC FLAG FOR DATE      :1
*LOCATION
     LATITUDE              :36.512  
     LONGITUDE             :21.982  
     QC FLAG FOR LOCATION  :1
*FILE
     COLUMN 1              :Pressure (dbar)                             F7.1
     COLUMN 2              :Corrected Pressure (dbar)                   F7.1
     COLUMN 3              :Quality on Pressure                         I3
     COLUMN 4              :Temperature (degree_Celsius)                F9.3
     COLUMN 5              :Corrected Temperature (degree_Celsius)      F9.3
     COLUMN 6              :Quality on Temperature                      I3
     COLUMN 7              :Salinity (PSU)                              F9.3
     COLUMN 8              :Corrected Salinity (PSU)                    F9.3
     COLUMN 9              :Quality on Salinity                         I3
==========================================================================
    2.4    2.4  1   20.644   20.644  1   39.147   39.147  1
    2.9    2.9  1   20.644   20.644  1   39.146   39.146  1
    3.5    3.5  1   20.644   20.644  1   39.147   39.147  1
    4.5    4.5  1   20.643   20.643  1   39.147   39.147  1
    5.4    5.4  1   20.642   20.642  1   39.148   39.148  1
    6.5    6.5  1   20.642   20.642  1   39.148   39.148  1
    7.5    7.5  1   20.643   20.643  1   39.147   39.147  1
    8.5    8.5  1   20.642   20.642  1   39.147   39.147  1
    9.5    9.5  1   20.643   20.643  1   39.147   39.147  1
   10.4   10.4  1   20.644   20.644  1   39.147   39.147  1
   11.4   11.4  1   20.643   20.643  1   39.147   39.147  1
   12.4   12.4  1   20.643   20.643  1   39.147   39.147  1
   13.4   13.4  1   20.643   20.643  1   39.147   39.147  1
   14.4   14.4  1   20.645   20.645  1   39.147   39.147  1
   15.4   15.4  1   20.644   20.644  1   39.147   39.147  1
   16.5   16.5  1   20.644   20.644  1   39.146   39.146  1
   17.5   17.5  1   20.643   20.643  1   39.146   39.146  1
   18.5   18.5  1   20.644   20.644  1   39.147   39.147  1
   19.5   19.5  1   20.645   20.645  1   39.146   39.146  1
   20.5   20.5  1   20.644   20.644  1   39.147   39.147  1
   21.6   21.6  1   20.645   20.645  1   39.146   39.146  1
   22.6   22.6  1   20.645   20.645  1   39.146   39.146  1
   23.6   23.6  1   20.643   20.643  1   39.146   39.146  1
   24.6   24.6  1   20.644   20.644  1   39.146   39.146  1
   25.6   25.6  1   20.645   20.645  1   39.146   39.146  1
   26.6   26.6  1   20.644   20.644  1   39.146   39.146  1
   27.5   27.5  1   20.644   20.644  1   39.146   39.146  1
   28.5   28.5  1   20.644   20.644  1   39.146   39.146  1
   29.5   29.5  1   20.645   20.645  1   39.146   39.146  1
   30.5   30.5  1   20.643   20.643  1   39.146   39.146  1
   31.5   31.5  1   20.642   20.642  1   39.145   39.145  1
   32.5   32.5  1   20.642   20.642  1   39.145   39.145  1
   33.5   33.5  1   20.642   20.642  1   39.145   39.145  1
   34.6   34.6  1   20.642   20.642  1   39.145   39.145  1
   35.6   35.6  1   20.642   20.642  1   39.145   39.145  1
   36.6   36.6  1   20.641   20.641  1   39.145   39.145  1
   37.5   37.5  1   20.640   20.640  1   39.145   39.145  1
   38.4   38.4  1   20.640   20.640  1   39.145   39.145  1
   39.4   39.4  1   20.641   20.641  1   39.145   39.145  1
   40.4   40.4  1   20.640   20.640  1   39.145   39.145  1
   41.4   41.4  1   20.644   20.644  1   39.145   39.145  1
   42.4   42.4  1   20.640   20.640  1   39.146   39.146  1
   43.4   43.4  1   20.637   20.637  1   39.144   39.144  1
   44.4   44.4  1   20.638   20.638  1   39.146   39.146  1
   45.4   45.4  1   20.639   20.639  1   39.147   39.147  1
   46.4   46.4  1   20.638   20.638  1   39.147   39.147  1
   47.5   47.5  1   20.639   20.639  1   39.147   39.147  1
   48.5   48.5  1   20.640   20.640  1   39.147   39.147  1
   49.4   49.4  1   20.643   20.643  1   39.150   39.150  1
   50.5   50.5  1   20.643   20.643  1   39.151   39.151  1
   51.6   51.6  1   20.644   20.644  1   39.151   39.151  1
   52.5   52.5  1   20.644   20.644  1   39.151   39.151  1
   53.5   53.5  1   20.645   20.645  1   39.156   39.156  1
   54.5   54.5  1   20.646   20.646  1   39.158   39.158  1
   55.5   55.5  1   20.647   20.647  1   39.158   39.158  1
   56.6   56.6  1   20.647   20.647  1   39.161   39.161  1
   57.6   57.6  1   20.649   20.649  1   39.163   39.163  1
   58.5   58.5  1   20.649   20.649  1   39.164   39.164  1
   59.5   59.5  1   20.649   20.649  1   39.163   39.163  1
   60.5   60.5  1   20.650   20.650  1   39.167   39.167  1
   61.5   61.5  1   20.648   20.648  1   39.170   39.170  1
   62.5   62.5  1   20.646   20.646  1   39.173   39.173  1
   63.5   63.5  1   20.645   20.645  1   39.174   39.174  1
   64.5   64.5  1   20.644   20.644  1   39.174   39.174  1
   65.5   65.5  1   20.643   20.643  1   39.174   39.174  1
   66.5   66.5  1   20.642   20.642  1   39.173   39.173  1
   67.5   67.5  1   20.642   20.642  1   39.173   39.173  1
   68.5   68.5  1   20.642   20.642  1   39.173   39.173  1
   69.5   69.5  1   20.642   20.642  1   39.173   39.173  1
   70.5   70.5  1   20.642   20.642  1   39.172   39.172  1
   71.5   71.5  1   20.634   20.634  1   39.171   39.171  1
   72.5   72.5  1   20.621   20.621  1   39.168   39.168  1
   73.5   73.5  1   20.598   20.598  1   39.160   39.160  1
   74.5   74.5  1   20.532   20.532  1   39.142   39.142  1
   75.5   75.5  1   20.318   20.318  1   39.104   39.104  1
   76.5   76.5  1   19.849   19.849  1   39.043   39.043  1
   77.5   77.5  1   19.447   19.447  1   38.991   38.991  1
   78.5   78.5  1   19.003   19.003  1   38.948   38.948  1
   79.4   79.4  1   18.862   18.862  1   38.918   38.918  1
   80.4   80.4  1   18.113   18.113  1   38.885   38.885  1
   81.4   81.4  1   17.891   17.891  1   38.881   38.881  1
   82.5   82.5  1   17.754   17.754  1   38.884   38.884  1
   83.5   83.5  1   17.495   17.495  1   38.919   38.919  1
   84.5   84.5  1   17.452   17.452  1   38.941   38.941  1
   85.5   85.5  1   17.433   17.433  1   38.948   38.948  1
   86.5   86.5  1   17.398   17.398  1   38.954   38.954  1
   87.4   87.4  1   17.320   17.320  1   38.951   38.951  1
   88.4   88.4  1   17.168   17.168  1   38.942   38.942  1
   89.5   89.5  1   17.022   17.022  1   38.933   38.933  1
   90.5   90.5  1   16.886   16.886  1   38.933   38.933  1
   91.5   91.5  1   16.725   16.725  1   38.937   38.937  1
   92.5   92.5  1   16.655   16.655  1   38.936   38.936  1
   93.5   93.5  1   16.624   16.624  1   38.940   38.940  1
   94.5   94.5  1   16.555   16.555  1   38.947   38.947  1
   95.5   95.5  1   16.523   16.523  1   38.950   38.950  1
   96.5   96.5  1   16.450   16.450  1   38.955   38.955  1
   97.5   97.5  1   16.404   16.404  1   38.953   38.953  1
   98.5   98.5  1   16.351   16.351  1   38.952   38.952  1
   99.5   99.5  1   16.243   16.243  1   38.948   38.948  1
  100.5  100.5  1   16.171   16.171  1   38.960   38.960  1
  101.5  101.5  1   16.155   16.155  1   38.973   38.973  1
  102.6  102.6  1   16.152   16.152  1   38.979   38.979  1
  103.6  103.6  1   16.123   16.123  1   38.975   38.975  1
  104.5  104.5  1   16.078   16.078  1   38.967   38.967  1
  105.5  105.5  1   16.055   16.055  1   38.966   38.966  1
  106.5  106.5  1   16.040   16.040  1   38.965   38.965  1
  107.5  107.5  1   16.031   16.031  1   38.964   38.964  1
  108.5  108.5  1   16.008   16.008  1   38.965   38.965  1
  109.5  109.5  1   15.984   15.984  1   38.966   38.966  1
  110.5  110.5  1   15.970   15.970  1   38.972   38.972  1
  111.5  111.5  1   15.961   15.961  1   38.975   38.975  1
  112.5  112.5  1   15.943   15.943  1   38.983   38.983  1
  113.5  113.5  1   15.922   15.922  1   38.991   38.991  1
  114.4  114.4  1   15.901   15.901  1   38.993   38.993  1
  115.5  115.5  1   15.882   15.882  1   38.996   38.996  1
  116.5  116.5  1   15.872   15.872  1   39.005   39.005  1
  117.5  117.5  1   15.871   15.871  1   39.008   39.008  1
  118.5  118.5  1   15.869   15.869  1   39.010   39.010  1
  119.5  119.5  1   15.867   15.867  1   39.009   39.009  1
  120.5  120.5  1   15.860   15.860  1   39.007   39.007  1
  121.5  121.5  1   15.845   15.845  1   39.003   39.003  1
  122.5  122.5  1   15.813   15.813  1   38.999   38.999  1
  123.5  123.5  1   15.783   15.783  1   38.994   38.994  1
  124.4  124.4  1   15.726   15.726  1   38.990   38.990  1
  125.5  125.5  1   15.687   15.687  1   38.984   38.984  1
  126.5  126.5  1   15.664   15.664  1   38.981   38.981  1
  127.5  127.5  1   15.653   15.653  1   38.983   38.983  1
  128.6  128.6  1   15.623   15.623  1   38.979   38.979  1
  129.5  129.5  1   15.591   15.591  1   38.976   38.976  1
  130.5  130.5  1   15.596   15.596  1   38.980   38.980  1
  131.5  131.5  1   15.618   15.618  1   38.990   38.990  1
  132.6  132.6  1   15.647   15.647  1   39.004   39.004  1
  133.5  133.5  1   15.662   15.662  1   39.014   39.014  1
  134.5  134.5  1   15.696   15.696  1   39.029   39.029  1
  135.5  135.5  1   15.741   15.741  1   39.050   39.050  1
  136.5  136.5  1   15.770   15.770  1   39.062   39.062  1
  137.5  137.5  1   15.787   15.787  1   39.069   39.069  1
  138.5  138.5  1   15.795   15.795  1   39.080   39.080  1
  139.5  139.5  1   15.779   15.779  1   39.082   39.082  1
  140.6  140.6  1   15.763   15.763  1   39.079   39.079  1
  141.5  141.5  1   15.759   15.759  1   39.079   39.079  1
  142.4  142.4  1   15.756   15.756  1   39.078   39.078  1
  143.5  143.5  1   15.750   15.750  1   39.078   39.078  1
  144.5  144.5  1   15.744   15.744  1   39.077   39.077  1
  145.6  145.6  1   15.741   15.741  1   39.076   39.076  1
  146.5  146.5  1   15.731   15.731  1   39.076   39.076  1
  147.4  147.4  1   15.725   15.725  1   39.076   39.076  1
  148.5  148.5  1   15.723   15.723  1   39.077   39.077  1
  149.5  149.5  1   15.722   15.722  1   39.077   39.077  1
  150.5  150.5  1   15.720   15.720  1   39.078   39.078  1
  151.5  151.5  1   15.719   15.719  1   39.080   39.080  1
  152.5  152.5  1   15.735   15.735  1   39.086   39.086  1
  153.4  153.4  1   15.815   15.815  1   39.111   39.111  1
  154.5  154.5  1   15.884   15.884  1   39.138   39.138  1
  155.5  155.5  1   15.875   15.875  1   39.140   39.140  1
  156.5  156.5  1   15.852   15.852  1   39.134   39.134  1
  157.5  157.5  1   15.848   15.848  1   39.134   39.134  1
  158.5  158.5  1   15.848   15.848  1   39.136   39.136  1
  159.4  159.4  1   15.841   15.841  1   39.135   39.135  1
  160.4  160.4  1   15.839   15.839  1   39.136   39.136  1
  161.6  161.6  1   15.835   15.835  1   39.135   39.135  1
  162.5  162.5  1   15.830   15.830  1   39.133   39.133  1
  163.5  163.5  1   15.825   15.825  1   39.132   39.132  1
  164.5  164.5  1   15.809   15.809  1   39.130   39.130  1
  165.5  165.5  1   15.782   15.782  1   39.127   39.127  1
  166.5  166.5  1   15.765   15.765  1   39.127   39.127  1
  167.5  167.5  1   15.746   15.746  1   39.125   39.125  1
  168.5  168.5  1   15.743   15.743  1   39.124   39.124  1
  169.5  169.5  1   15.743   15.743  1   39.124   39.124  1
  170.5  170.5  1   15.743   15.743  1   39.123   39.123  1
  171.5  171.5  1   15.743   15.743  1   39.123   39.123  1
  172.5  172.5  1   15.741   15.741  1   39.122   39.122  1
  173.4  173.4  1   15.733   15.733  1   39.122   39.122  1
  174.5  174.5  1   15.716   15.716  1   39.120   39.120  1
  175.5  175.5  1   15.694   15.694  1   39.117   39.117  1
  176.4  176.4  1   15.681   15.681  1   39.114   39.114  1
  177.5  177.5  1   15.679   15.679  1   39.114   39.114  1
  178.5  178.5  1   15.670   15.670  1   39.112   39.112  1
  179.5  179.5  1   15.641   15.641  1   39.106   39.106  1
  180.6  180.6  1   15.624   15.624  1   39.104   39.104  1
  181.5  181.5  1   15.606   15.606  1   39.100   39.100  1
  182.5  182.5  1   15.599   15.599  1   39.099   39.099  1
  183.5  183.5  1   15.586   15.586  1   39.098   39.098  1
  184.5  184.5  1   15.577   15.577  1   39.097   39.097  1
  185.5  185.5  1   15.569   15.569  1   39.094   39.094  1
  186.5  186.5  1   15.550   15.550  1   39.092   39.092  1
  187.4  187.4  1   15.529   15.529  1   39.090   39.090  1
  188.5  188.5  1   15.524   15.524  1   39.089   39.089  1
  189.5  189.5  1   15.528   15.528  1   39.091   39.091  1
  190.4  190.4  1   15.531   15.531  1   39.092   39.092  1
  191.4  191.4  1   15.545   15.545  1   39.096   39.096  1
  192.5  192.5  1   15.565   15.565  1   39.103   39.103  1
  193.5  193.5  1   15.567   15.567  1   39.104   39.104  1
  194.6  194.6  1   15.566   15.566  1   39.105   39.105  1
  195.5  195.5  1   15.571   15.571  1   39.106   39.106  1
  196.5  196.5  1   15.596   15.596  1   39.116   39.116  1
  197.6  197.6  1   15.593   15.593  1   39.117   39.117  1
  198.5  198.5  1   15.591   15.591  1   39.117   39.117  1
  199.5  199.5  1   15.602   15.602  1   39.121   39.121  1
  200.5  200.5  1   15.617   15.617  1   39.127   39.127  1
  201.5  201.5  1   15.621   15.621  1   39.130   39.130  1
  202.4  202.4  1   15.606   15.606  1   39.129   39.129  1
  203.5  203.5  1   15.592   15.592  1   39.125   39.125  1
  204.5  204.5  1   15.588   15.588  1   39.125   39.125  1
  205.4  205.4  1   15.585   15.585  1   39.126   39.126  1
  206.5  206.5  1   15.582   15.582  1   39.127   39.127  1
  207.5  207.5  1   15.579   15.579  1   39.127   39.127  1
  208.5  208.5  1   15.576   15.576  1   39.127   39.127  1
  209.6  209.6  1   15.573   15.573  1   39.127   39.127  1
  210.5  210.5  1   15.571   15.571  1   39.126   39.126  1
  211.5  211.5  1   15.566   15.566  1   39.126   39.126  1
  212.6  212.6  1   15.564   15.564  1   39.125   39.125  1
  213.5  213.5  1   15.562   15.562  1   39.125   39.125  1
  214.5  214.5  1   15.553   15.553  1   39.124   39.124  1
  215.6  215.6  1   15.540   15.540  1   39.122   39.122  1
  216.5  216.5  1   15.535   15.535  1   39.121   39.121  1
  217.5  217.5  1   15.532   15.532  1   39.120   39.120  1
  218.6  218.6  1   15.531   15.531  1   39.120   39.120  1
  219.5  219.5  1   15.527   15.527  1   39.119   39.119  1
  220.5  220.5  1   15.516   15.516  1   39.117   39.117  1
  221.5  221.5  1   15.506   15.506  1   39.115   39.115  1
  222.4  222.4  1   15.496   15.496  1   39.114   39.114  1
  223.5  223.5  1   15.489   15.489  1   39.113   39.113  1
  224.5  224.5  1   15.486   15.486  1   39.112   39.112  1
  225.5  225.5  1   15.480   15.480  1   39.112   39.112  1
  226.5  226.5  1   15.475   15.475  1   39.111   39.111  1
  227.5  227.5  1   15.477   15.477  1   39.113   39.113  1
  228.6  228.6  1   15.474   15.474  1   39.113   39.113  1
  229.5  229.5  1   15.473   15.473  1   39.114   39.114  1
  230.5  230.5  1   15.471   15.471  1   39.114   39.114  1
  231.5  231.5  1   15.468   15.468  1   39.114   39.114  1
  232.5  232.5  1   15.466   15.466  1   39.114   39.114  1
  233.5  233.5  1   15.460   15.460  1   39.114   39.114  1
  234.5  234.5  1   15.460   15.460  1   39.114   39.114  1
  235.4  235.4  1   15.458   15.458  1   39.115   39.115  1
  236.5  236.5  1   15.454   15.454  1   39.115   39.115  1
  237.5  237.5  1   15.456   15.456  1   39.116   39.116  1
  238.4  238.4  1   15.456   15.456  1   39.117   39.117  1
  239.5  239.5  1   15.452   15.452  1   39.117   39.117  1
  240.5  240.5  1   15.452   15.452  1   39.117   39.117  1
  241.4  241.4  1   15.451   15.451  1   39.117   39.117  1
  242.5  242.5  1   15.448   15.448  1   39.117   39.117  1
  243.5  243.5  1   15.441   15.441  1   39.116   39.116  1
  244.5  244.5  1   15.433   15.433  1   39.115   39.115  1
  245.4  245.4  1   15.429   15.429  1   39.114   39.114  1
  246.5  246.5  1   15.426   15.426  1   39.114   39.114  1
  247.5  247.5  1   15.423   15.423  1   39.114   39.114  1
  248.5  248.5  1   15.420   15.420  1   39.114   39.114  1
  249.5  249.5  1   15.419   15.419  1   39.114   39.114  1
  251.0  251.0  1   15.409   15.409  1   39.113   39.113  1
  253.0  253.0  1   15.399   15.399  1   39.112   39.112  1
  255.0  255.0  1   15.395   15.395  1   39.112   39.112  1
  257.0  257.0  1   15.386   15.386  1   39.112   39.112  1
  259.1  259.1  1   15.382   15.382  1   39.112   39.112  1
  261.0  261.0  1   15.378   15.378  1   39.112   39.112  1
  263.0  263.0  1   15.372   15.372  1   39.111   39.111  1
  265.0  265.0  1   15.360   15.360  1   39.109   39.109  1
  267.1  267.1  1   15.355   15.355  1   39.108   39.108  1
  269.0  269.0  1   15.352   15.352  1   39.108   39.108  1
  271.0  271.0  1   15.346   15.346  1   39.107   39.107  1
  272.9  272.9  1   15.343   15.343  1   39.108   39.108  1
  274.9  274.9  1   15.344   15.344  1   39.109   39.109  1
  277.0  277.0  1   15.341   15.341  1   39.110   39.110  1
  279.1  279.1  1   15.333   15.333  1   39.110   39.110  1
  281.0  281.0  1   15.332   15.332  1   39.110   39.110  1
  283.0  283.0  1   15.333   15.333  1   39.112   39.112  1
  285.0  285.0  1   15.334   15.334  1   39.113   39.113  1
  287.0  287.0  1   15.336   15.336  1   39.114   39.114  1
  289.0  289.0  1   15.338   15.338  1   39.116   39.116  1
  290.9  290.9  1   15.332   15.332  1   39.116   39.116  1
  292.9  292.9  1   15.327   15.327  1   39.116   39.116  1
  295.0  295.0  1   15.329   15.329  1   39.117   39.117  1
  297.0  297.0  1   15.331   15.331  1   39.119   39.119  1
  299.0  299.0  1   15.330   15.330  1   39.120   39.120  1
  301.0  301.0  1   15.328   15.328  1   39.120   39.120  1
  303.1  303.1  1   15.328   15.328  1   39.121   39.121  1
  305.0  305.0  1   15.328   15.328  1   39.121   39.121  1
  306.9  306.9  1   15.327   15.327  1   39.121   39.121  1
  308.9  308.9  1   15.326   15.326  1   39.121   39.121  1
  311.0  311.0  1   15.323   15.323  1   39.121   39.121  1
  313.0  313.0  1   15.321   15.321  1   39.121   39.121  1
  315.0  315.0  1   15.318   15.318  1   39.121   39.121  1
  317.1  317.1  1   15.314   15.314  1   39.121   39.121  1
  319.0  319.0  1   15.313   15.313  1   39.121   39.121  1
  321.0  321.0  1   15.313   15.313  1   39.121   39.121  1
  322.9  322.9  1   15.311   15.311  1   39.121   39.121  1
  325.0  325.0  1   15.307   15.307  1   39.120   39.120  1
  327.0  327.0  1   15.302   15.302  1   39.119   39.119  1
  329.0  329.0  1   15.296   15.296  1   39.118   39.118  1
  331.0  331.0  1   15.286   15.286  1   39.117   39.117  1
  333.0  333.0  1   15.276   15.276  1   39.116   39.116  1
  335.1  335.1  1   15.274   15.274  1   39.116   39.116  1
  337.0  337.0  1   15.273   15.273  1   39.116   39.116  1
  339.0  339.0  1   15.272   15.272  1   39.116   39.116  1
  341.0  341.0  1   15.272   15.272  1   39.116   39.116  1
  342.9  342.9  1   15.270   15.270  1   39.116   39.116  1
  345.0  345.0  1   15.269   15.269  1   39.117   39.117  1
  347.0  347.0  1   15.264   15.264  1   39.117   39.117  1
  349.0  349.0  1   15.265   15.265  1   39.117   39.117  1
  351.0  351.0  1   15.267   15.267  1   39.118   39.118  1
  353.0  353.0  1   15.255   15.255  1   39.117   39.117  1
  355.1  355.1  1   15.247   15.247  1   39.115   39.115  1
  357.0  357.0  1   15.244   15.244  1   39.114   39.114  1
  359.0  359.0  1   15.241   15.241  1   39.114   39.114  1
  361.0  361.0  1   15.240   15.240  1   39.113   39.113  1
  363.0  363.0  1   15.240   15.240  1   39.113   39.113  1
  364.9  364.9  1   15.236   15.236  1   39.113   39.113  1
  367.0  367.0  1   15.232   15.232  1   39.112   39.112  1
  369.0  369.0  1   15.227   15.227  1   39.111   39.111  1
  371.0  371.0  1   15.220   15.220  1   39.109   39.109  1
  373.0  373.0  1   15.209   15.209  1   39.108   39.108  1
  375.0  375.0  1   15.205   15.205  1   39.106   39.106  1
  377.0  377.0  1   15.191   15.191  1   39.103   39.103  1
  378.9  378.9  1   15.169   15.169  1   39.099   39.099  1
  380.9  380.9  1   15.160   15.160  1   39.096   39.096  1
  382.9  382.9  1   15.153   15.153  1   39.095   39.095  1
  385.0  385.0  1   15.151   15.151  1   39.095   39.095  1
  387.1  387.1  1   15.146   15.146  1   39.094   39.094  1
  389.0  389.0  1   15.139   15.139  1   39.092   39.092  1
  391.0  391.0  1   15.132   15.132  1   39.091   39.091  1
  393.0  393.0  1   15.121   15.121  1   39.089   39.089  1
  395.0  395.0  1   15.118   15.118  1   39.089   39.089  1
  397.0  397.0  1   15.117   15.117  1   39.088   39.088  1
  399.0  399.0  1   15.113   15.113  1   39.087   39.087  1
  401.0  401.0  1   15.108   15.108  1   39.086   39.086  1
  402.9  402.9  1   15.105   15.105  1   39.086   39.086  1
  405.0  405.0  1   15.095   15.095  1   39.084   39.084  1
  407.1  407.1  1   15.088   15.088  1   39.083   39.083  1
  409.0  409.0  1   15.077   15.077  1   39.081   39.081  1
  411.0  411.0  1   15.064   15.064  1   39.079   39.079  1
  413.1  413.1  1   15.049   15.049  1   39.077   39.077  1
  415.0  415.0  1   15.050   15.050  1   39.079   39.079  1
  417.0  417.0  1   15.050   15.050  1   39.080   39.080  1
  419.0  419.0  1   15.047   15.047  1   39.080   39.080  1
  421.0  421.0  1   15.045   15.045  1   39.080   39.080  1
  423.0  423.0  1   15.043   15.043  1   39.079   39.079  1
  424.9  424.9  1   15.041   15.041  1   39.079   39.079  1
  427.0  427.0  1   15.037   15.037  1   39.078   39.078  1
  429.0  429.0  1   15.033   15.033  1   39.077   39.077  1
  431.0  431.0  1   15.025   15.025  1   39.076   39.076  1
  433.0  433.0  1   15.020   15.020  1   39.075   39.075  1
  435.0  435.0  1   15.016   15.016  1   39.074   39.074  1
  437.0  437.0  1   15.017   15.017  1   39.075   39.075  1
  439.1  439.1  1   15.015   15.015  1   39.076   39.076  1
  440.9  440.9  1   15.012   15.012  1   39.075   39.075  1
  442.9  442.9  1   15.011   15.011  1   39.075   39.075  1
  445.0  445.0  1   15.017   15.017  1   39.077   39.077  1
  447.0  447.0  1   15.018   15.018  1   39.078   39.078  1
  449.0  449.0  1   15.019   15.019  1   39.078   39.078  1
  451.1  451.1  1   15.021   15.021  1   39.079   39.079  1
  453.1  453.1  1   15.024   15.024  1   39.081   39.081  1
  455.0  455.0  1   15.023   15.023  1   39.081   39.081  1
  457.1  457.1  1   15.016   15.016  1   39.080   39.080  1
  459.1  459.1  1   15.012   15.012  1   39.079   39.079  1
  461.0  461.0  1   15.010   15.010  1   39.078   39.078  1
  462.9  462.9  1   15.007   15.007  1   39.078   39.078  1
  465.1  465.1  1   15.004   15.004  1   39.077   39.077  1
  467.0  467.0  1   15.001   15.001  1   39.077   39.077  1
  469.0  469.0  1   14.991   14.991  1   39.075   39.075  1
  471.0  471.0  1   14.980   14.980  1   39.072   39.072  1
  473.0  473.0  1   14.973   14.973  1   39.070   39.070  1
  475.1  475.1  1   14.968   14.968  1   39.069   39.069  1
  477.0  477.0  1   14.956   14.956  1   39.066   39.066  1
  479.0  479.0  1   14.945   14.945  1   39.064   39.064  1
  481.1  481.1  1   14.943   14.943  1   39.063   39.063  1
  483.0  483.0  1   14.929   14.929  1   39.060   39.060  1
  485.0  485.0  1   14.911   14.911  1   39.056   39.056  1
  487.0  487.0  1   14.885   14.885  1   39.051   39.051  1
  489.0  489.0  1   14.873   14.873  1   39.047   39.047  1
  491.0  491.0  1   14.869   14.869  1   39.046   39.046  1
  493.0  493.0  1   14.857   14.857  1   39.043   39.043  1
  494.9  494.9  1   14.842   14.842  1   39.041   39.041  1
  497.0  497.0  1   14.823   14.823  1   39.036   39.036  1
  499.1  499.1  1   14.821   14.821  1   39.036   39.036  1
  500.9  500.9  1   14.820   14.820  1   39.035   39.035  1
  502.9  502.9  1   14.819   14.819  1   39.035   39.035  1
  505.0  505.0  1   14.812   14.812  1   39.033   39.033  1
  507.0  507.0  1   14.805   14.805  1   39.032   39.032  1
  509.0  509.0  1   14.800   14.800  1   39.030   39.030  1
  511.0  511.0  1   14.794   14.794  1   39.029   39.029  1
  513.0  513.0  1   14.788   14.788  1   39.027   39.027  1
  515.0  515.0  1   14.777   14.777  1   39.025   39.025  1
  517.0  517.0  1   14.760   14.760  1   39.021   39.021  1
  518.9  518.9  1   14.751   14.751  1   39.019   39.019  1
  521.0  521.0  1   14.727   14.727  1   39.014   39.014  1
  523.1  523.1  1   14.715   14.715  1   39.011   39.011  1
  525.1  525.1  1   14.699   14.699  1   39.007   39.007  1
  527.1  527.1  1   14.690   14.690  1   39.005   39.005  1
  529.0  529.0  1   14.683   14.683  1   39.004   39.004  1
  530.9  530.9  1   14.666   14.666  1   38.999   38.999  1
  532.9  532.9  1   14.657   14.657  1   38.997   38.997  1
  535.0  535.0  1   14.655   14.655  1   38.996   38.996  1
  537.1  537.1  1   14.642   14.642  1   38.993   38.993  1
  539.0  539.0  1   14.627   14.627  1   38.990   38.990  1
  540.9  540.9  1   14.607   14.607  1   38.986   38.986  1
  542.9  542.9  1   14.595   14.595  1   38.983   38.983  1
  545.0  545.0  1   14.590   14.590  1   38.981   38.981  1
  547.0  547.0  1   14.586   14.586  1   38.980   38.980  1
  549.1  549.1  1   14.583   14.583  1   38.979   38.979  1
  551.0  551.0  1   14.582   14.582  1   38.979   38.979  1
  553.0  553.0  1   14.581   14.581  1   38.979   38.979  1
  555.0  555.0  1   14.576   14.576  1   38.977   38.977  1
  557.0  557.0  1   14.570   14.570  1   38.976   38.976  1
  558.9  558.9  1   14.555   14.555  1   38.972   38.972  1
  561.0  561.0  1   14.545   14.545  1   38.969   38.969  1
  562.9  562.9  1   14.525   14.525  1   38.965   38.965  1
  564.9  564.9  1   14.517   14.517  1   38.963   38.963  1
  567.0  567.0  1   14.501   14.501  1   38.959   38.959  1
  569.0  569.0  1   14.495   14.495  1   38.958   38.958  1
  571.0  571.0  1   14.492   14.492  1   38.957   38.957  1
  573.0  573.0  1   14.486   14.486  1   38.955   38.955  1
  574.9  574.9  1   14.481   14.481  1   38.954   38.954  1
  576.9  576.9  1   14.466   14.466  1   38.950   38.950  1
  579.0  579.0  1   14.454   14.454  1   38.947   38.947  1
  580.9  580.9  1   14.444   14.444  1   38.944   38.944  1
  583.0  583.0  1   14.432   14.432  1   38.941   38.941  1
  584.9  584.9  1   14.418   14.418  1   38.938   38.938  1
  586.9  586.9  1   14.405   14.405  1   38.936   38.936  1
  589.0  589.0  1   14.398   14.398  1   38.934   38.934  1
  591.0  591.0  1   14.393   14.393  1   38.933   38.933  1
  593.0  593.0  1   14.392   14.392  1   38.932   38.932  1
  595.0  595.0  1   14.391   14.391  1   38.932   38.932  1
  597.0  597.0  1   14.390   14.390  1   38.932   38.932  1
  599.0  599.0  1   14.390   14.390  1   38.931   38.931  1
  601.0  601.0  1   14.387   14.387  1   38.931   38.931  1
  603.1  603.1  1   14.384   14.384  1   38.930   38.930  1
  605.0  605.0  1   14.371   14.371  1   38.927   38.927  1
  607.0  607.0  1   14.348   14.348  1   38.924   38.924  1
  609.0  609.0  1   14.343   14.343  1   38.922   38.922  1
  611.0  611.0  1   14.339   14.339  1   38.921   38.921  1
  613.0  613.0  1   14.334   14.334  1   38.920   38.920  1
  615.0  615.0  1   14.328   14.328  1   38.919   38.919  1
  616.9  616.9  1   14.322   14.322  1   38.917   38.917  1
  618.9  618.9  1   14.318   14.318  1   38.916   38.916  1
  621.1  621.1  1   14.309   14.309  1   38.915   38.915  1
  623.0  623.0  1   14.303   14.303  1   38.913   38.913  1
  625.0  625.0  1   14.294   14.294  1   38.911   38.911  1
  627.1  627.1  1   14.283   14.283  1   38.909   38.909  1
  629.0  629.0  1   14.277   14.277  1   38.908   38.908  1
  631.0  631.0  1   14.274   14.274  1   38.907   38.907  1
  633.0  633.0  1   14.270   14.270  1   38.906   38.906  1
  634.9  634.9  1   14.268   14.268  1   38.906   38.906  1
  636.9  636.9  1   14.266   14.266  1   38.905   38.905  1
  639.0  639.0  1   14.264   14.264  1   38.905   38.905  1
  641.0  641.0  1   14.263   14.263  1   38.904   38.904  1
  643.0  643.0  1   14.261   14.261  1   38.903   38.903  1
  645.0  645.0  1   14.244   14.244  1   38.900   38.900  1
  646.9  646.9  1   14.236   14.236  1   38.899   38.899  1
  649.0  649.0  1   14.226   14.226  1   38.896   38.896  1
  651.0  651.0  1   14.218   14.218  1   38.895   38.895  1
  653.0  653.0  1   14.215   14.215  1   38.894   38.894  1
  655.0  655.0  1   14.214   14.214  1   38.893   38.893  1
  657.0  657.0  1   14.209   14.209  1   38.892   38.892  1
  659.0  659.0  1   14.199   14.199  1   38.890   38.890  1
  661.0  661.0  1   14.193   14.193  1   38.889   38.889  1
  663.0  663.0  1   14.184   14.184  1   38.887   38.887  1
  665.1  665.1  1   14.177   14.177  1   38.886   38.886  1
  667.0  667.0  1   14.172   14.172  1   38.884   38.884  1
  669.0  669.0  1   14.166   14.166  1   38.883   38.883  1
  671.0  671.0  1   14.161   14.161  1   38.882   38.882  1
  673.0  673.0  1   14.156   14.156  1   38.881   38.881  1
  675.0  675.0  1   14.149   14.149  1   38.879   38.879  1
  677.0  677.0  1   14.145   14.145  1   38.878   38.878  1
  679.0  679.0  1   14.141   14.141  1   38.877   38.877  1
  681.0  681.0  1   14.136   14.136  1   38.877   38.877  1
  683.0  683.0  1   14.134   14.134  1   38.876   38.876  1
  685.0  685.0  1   14.127   14.127  1   38.874   38.874  1
  687.1  687.1  1   14.124   14.124  1   38.873   38.873  1
  689.0  689.0  1   14.121   14.121  1   38.873   38.873  1
  690.9  690.9  1   14.116   14.116  1   38.872   38.872  1
  693.0  693.0  1   14.112   14.112  1   38.870   38.870  1
  695.0  695.0  1   14.100   14.100  1   38.868   38.868  1
  696.9  696.9  1   14.098   14.098  1   38.868   38.868  1
  699.0  699.0  1   14.097   14.097  1   38.867   38.867  1
  701.1  701.1  1   14.097   14.097  1   38.867   38.867  1
  703.0  703.0  1   14.097   14.097  1   38.867   38.867  1
  705.0  705.0  1   14.097   14.097  1   38.867   38.867  1
  707.0  707.0  1   14.096   14.096  1   38.867   38.867  1
  709.0  709.0  1   14.096   14.096  1   38.867   38.867  1
  711.0  711.0  1   14.096   14.096  1   38.867   38.867  1
  713.0  713.0  1   14.095   14.095  1   38.866   38.866  1
  714.9  714.9  1   14.094   14.094  1   38.866   38.866  1
  717.1  717.1  1   14.093   14.093  1   38.866   38.866  1
  719.1  719.1  1   14.091   14.091  1   38.865   38.865  1
  721.0  721.0  1   14.089   14.089  1   38.865   38.865  1
  723.0  723.0  1   14.087   14.087  1   38.864   38.864  1
  724.9  724.9  1   14.087   14.087  1   38.864   38.864  1
  726.9  726.9  1   14.087   14.087  1   38.864   38.864  1
  728.9  728.9  1   14.086   14.086  1   38.864   38.864  1
  730.9  730.9  1   14.083   14.083  1   38.863   38.863  1
  733.0  733.0  1   14.079   14.079  1   38.862   38.862  1
  735.0  735.0  1   14.077   14.077  1   38.861   38.861  1
  737.0  737.0  1   14.076   14.076  1   38.861   38.861  1
  739.0  739.0  1   14.074   14.074  1   38.860   38.860  1
  741.0  741.0  1   14.073   14.073  1   38.860   38.860  1
  742.9  742.9  1   14.070   14.070  1   38.860   38.860  1
  745.0  745.0  1   14.061   14.061  1   38.858   38.858  1
  747.1  747.1  1   14.057   14.057  1   38.857   38.857  1
  749.0  749.0  1   14.057   14.057  1   38.856   38.856  1
  751.0  751.0  1   14.056   14.056  1   38.856   38.856  1
  753.0  753.0  1   14.055   14.055  1   38.856   38.856  1
  755.0  755.0  1   14.053   14.053  1   38.855   38.855  1
  757.0  757.0  1   14.052   14.052  1   38.855   38.855  1
  758.9  758.9  1   14.050   14.050  1   38.854   38.854  1
  761.0  761.0  1   14.048   14.048  1   38.854   38.854  1
  762.9  762.9  1   14.044   14.044  1   38.853   38.853  1
  764.9  764.9  1   14.039   14.039  1   38.852   38.852  1
  766.9  766.9  1   14.038   14.038  1   38.851   38.851  1
  769.0  769.0  1   14.032   14.032  1   38.850   38.850  1
  771.2  771.2  1   14.027   14.027  1   38.849   38.849  1
  772.9  772.9  1   14.024   14.024  1   38.848   38.848  1
  775.0  775.0  1   14.021   14.021  1   38.848   38.848  1
  776.9  776.9  1   14.019   14.019  1   38.847   38.847  1
  779.0  779.0  1   14.016   14.016  1   38.846   38.846  1
  781.1  781.1  1   14.013   14.013  1   38.845   38.845  1
  783.0  783.0  1   14.009   14.009  1   38.845   38.845  1
  785.0  785.0  1   14.004   14.004  1   38.843   38.843  1
  787.0  787.0  1   13.995   13.995  1   38.842   38.842  1
  789.0  789.0  1   13.992   13.992  1   38.841   38.841  1
  791.1  791.1  1   13.989   13.989  1   38.840   38.840  1
  793.0  793.0  1   13.985   13.985  1   38.839   38.839  1
  795.0  795.0  1   13.984   13.984  1   38.839   38.839  1
  797.1  797.1  1   13.983   13.983  1   38.838   38.838  1
  799.0  799.0  1   13.983   13.983  1   38.838   38.838  1
  801.0  801.0  1   13.982   13.982  1   38.838   38.838  1
  803.1  803.1  1   13.979   13.979  1   38.837   38.837  1
  805.1  805.1  1   13.972   13.972  1   38.836   38.836  1
  806.9  806.9  1   13.970   13.970  1   38.835   38.835  1
  809.0  809.0  1   13.968   13.968  1   38.835   38.835  1
  811.0  811.0  1   13.966   13.966  1   38.834   38.834  1
  813.0  813.0  1   13.965   13.965  1   38.834   38.834  1
  814.9  814.9  1   13.964   13.964  1   38.833   38.833  1
  817.0  817.0  1   13.964   13.964  1   38.833   38.833  1
  818.9  818.9  1   13.963   13.963  1   38.833   38.833  1
  821.0  821.0  1   13.960   13.960  1   38.833   38.833  1
  822.9  822.9  1   13.956   13.956  1   38.832   38.832  1
  824.9  824.9  1   13.954   13.954  1   38.831   38.831  1
  827.1  827.1  1   13.953   13.953  1   38.831   38.831  1
  828.9  828.9  1   13.953   13.953  1   38.831   38.831  1
  830.9  830.9  1   13.952   13.952  1   38.830   38.830  1
  833.0  833.0  1   13.949   13.949  1   38.830   38.830  1
  835.1  835.1  1   13.945   13.945  1   38.829   38.829  1
  837.0  837.0  1   13.941   13.941  1   38.828   38.828  1
  839.0  839.0  1   13.941   13.941  1   38.827   38.827  1
  841.0  841.0  1   13.939   13.939  1   38.827   38.827  1
  843.0  843.0  1   13.935   13.935  1   38.826   38.826  1
  844.9  844.9  1   13.930   13.930  1   38.825   38.825  1
  847.0  847.0  1   13.926   13.926  1   38.824   38.824  1
  849.0  849.0  1   13.924   13.924  1   38.823   38.823  1
  851.0  851.0  1   13.920   13.920  1   38.823   38.823  1
  853.0  853.0  1   13.919   13.919  1   38.822   38.822  1
  855.0  855.0  1   13.918   13.918  1   38.822   38.822  1
  857.0  857.0  1   13.917   13.917  1   38.822   38.822  1
  859.0  859.0  1   13.917   13.917  1   38.821   38.821  1
  861.0  861.0  1   13.912   13.912  1   38.820   38.820  1
  862.9  862.9  1   13.909   13.909  1   38.820   38.820  1
  864.9  864.9  1   13.908   13.908  1   38.819   38.819  1
  867.0  867.0  1   13.908   13.908  1   38.819   38.819  1
  869.1  869.1  1   13.906   13.906  1   38.819   38.819  1
  871.0  871.0  1   13.903   13.903  1   38.818   38.818  1
  873.0  873.0  1   13.901   13.901  1   38.818   38.818  1
  875.0  875.0  1   13.900   13.900  1   38.817   38.817  1
  877.0  877.0  1   13.900   13.900  1   38.817   38.817  1
  879.0  879.0  1   13.900   13.900  1   38.817   38.817  1
  881.0  881.0  1   13.900   13.900  1   38.817   38.817  1
  882.9  882.9  1   13.898   13.898  1   38.816   38.816  1
  885.0  885.0  1   13.896   13.896  1   38.816   38.816  1
  887.1  887.1  1   13.895   13.895  1   38.816   38.816  1
  889.1  889.1  1   13.893   13.893  1   38.815   38.815  1
  891.1  891.1  1   13.891   13.891  1   38.815   38.815  1
  893.1  893.1  1   13.891   13.891  1   38.814   38.814  1
  895.0  895.0  1   13.891   13.891  1   38.814   38.814  1
  896.9  896.9  1   13.890   13.890  1   38.814   38.814  1
  898.9  898.9  1   13.889   13.889  1   38.814   38.814  1
  900.9  900.9  1   13.887   13.887  1   38.813   38.813  1
  903.0  903.0  1   13.887   13.887  1   38.813   38.813  1
  905.0  905.0  1   13.887   13.887  1   38.813   38.813  1
  907.1  907.1  1   13.886   13.886  1   38.813   38.813  1
  909.1  909.1  1   13.884   13.884  1   38.813   38.813  1
  911.0  911.0  1   13.882   13.882  1   38.812   38.812  1
  913.0  913.0  1   13.881   13.881  1   38.812   38.812  1
  915.0  915.0  1   13.880   13.880  1   38.811   38.811  1
  917.1  917.1  1   13.879   13.879  1   38.811   38.811  1
  919.0  919.0  1   13.876   13.876  1   38.810   38.810  1
  921.0  921.0  1   13.874   13.874  1   38.810   38.810  1
  923.0  923.0  1   13.874   13.874  1   38.809   38.809  1
  925.0  925.0  1   13.873   13.873  1   38.809   38.809  1
  927.0  927.0  1   13.873   13.873  1   38.809   38.809  1
  929.0  929.0  1   13.872   13.872  1   38.809   38.809  1
  931.0  931.0  1   13.871   13.871  1   38.809   38.809  1
  933.0  933.0  1   13.869   13.869  1   38.808   38.808  1
  934.9  934.9  1   13.868   13.868  1   38.808   38.808  1
  937.1  937.1  1   13.867   13.867  1   38.808   38.808  1
  939.0  939.0  1   13.867   13.867  1   38.807   38.807  1
  941.0  941.0  1   13.867   13.867  1   38.807   38.807  1
  943.0  943.0  1   13.866   13.866  1   38.807   38.807  1
  945.0  945.0  1   13.863   13.863  1   38.806   38.806  1
  947.0  947.0  1   13.862   13.862  1   38.806   38.806  1
  949.0  949.0  1   13.862   13.862  1   38.806   38.806  1
  951.0  951.0  1   13.861   13.861  1   38.806   38.806  1
  953.0  953.0  1   13.860   13.860  1   38.805   38.805  1
  954.9  954.9  1   13.859   13.859  1   38.805   38.805  1
  956.9  956.9  1   13.857   13.857  1   38.804   38.804  1
  959.0  959.0  1   13.855   13.855  1   38.804   38.804  1
  961.0  961.0  1   13.853   13.853  1   38.803   38.803  1
  963.0  963.0  1   13.852   13.852  1   38.803   38.803  1
  965.0  965.0  1   13.851   13.851  1   38.803   38.803  1
  967.0  967.0  1   13.850   13.850  1   38.802   38.802  1
  969.0  969.0  1   13.849   13.849  1   38.802   38.802  1
  971.0  971.0  1   13.848   13.848  1   38.802   38.802  1
  972.9  972.9  1   13.847   13.847  1   38.802   38.802  1
  975.1  975.1  1   13.846   13.846  1   38.801   38.801  1
  977.0  977.0  1   13.844   13.844  1   38.801   38.801  1
  979.0  979.0  1   13.842   13.842  1   38.800   38.800  1
  981.0  981.0  1   13.840   13.840  1   38.800   38.800  1
  982.9  982.9  1   13.840   13.840  1   38.800   38.800  1
  985.0  985.0  1   13.839   13.839  1   38.800   38.800  1
  987.0  987.0  1   13.839   13.839  1   38.800   38.800  1
  988.9  988.9  1   13.839   13.839  1   38.799   38.799  1
  991.0  991.0  1   13.838   13.838  1   38.799   38.799  1
  993.1  993.1  1   13.838   13.838  1   38.799   38.799  1
  995.0  995.0  1   13.837   13.837  1   38.799   38.799  1
  996.9  996.9  1   13.836   13.836  1   38.798   38.798  1
  998.8  998.8  1   13.835   13.835  1   38.798   38.798  1
 1002.4 1002.4  1   13.835   13.835  1   38.798   38.798  1
 1007.4 1007.4  1   13.834   13.834  1   38.798   38.798  1
 1012.6 1012.6  1   13.831   13.831  1   38.797   38.797  1
 1017.7 1017.7  1   13.828   13.828  1   38.796   38.796  1
 1022.7 1022.7  1   13.824   13.824  1   38.795   38.795  1
 1027.5 1027.5  1   13.821   13.821  1   38.794   38.794  1
 1032.4 1032.4  1   13.822   13.822  1   38.794   38.794  1
 1037.4 1037.4  1   13.821   13.821  1   38.794   38.794  1
 1042.5 1042.5  1   13.820   13.820  1   38.793   38.793  1
 1047.4 1047.4  1   13.820   13.820  1   38.793   38.793  1
 1052.3 1052.3  1   13.820   13.820  1   38.793   38.793  1
 1057.4 1057.4  1   13.818   13.818  1   38.792   38.792  1
 1062.4 1062.4  1   13.818   13.818  1   38.792   38.792  1
 1067.6 1067.6  1   13.818   13.818  1   38.792   38.792  1
 1072.6 1072.6  1   13.817   13.817  1   38.792   38.792  1
 1077.4 1077.4  1   13.815   13.815  1   38.791   38.791  1
 1082.5 1082.5  1   13.814   13.814  1   38.790   38.790  1
 1087.7 1087.7  1   13.814   13.814  1   38.790   38.790  1
 1092.6 1092.6  1   13.814   13.814  1   38.790   38.790  1
 1097.6 1097.6  1   13.812   13.812  1   38.790   38.790  1
 1102.6 1102.6  1   13.812   13.812  1   38.790   38.790  1
 1107.6 1107.6  1   13.810   13.810  1   38.789   38.789  1
 1112.5 1112.5  1   13.809   13.809  1   38.789   38.789  1
 1117.3 1117.3  1   13.809   13.809  1   38.788   38.788  1
 1122.5 1122.5  1   13.807   13.807  1   38.788   38.788  1
 1127.6 1127.6  1   13.806   13.806  1   38.787   38.787  1
 1132.4 1132.4  1   13.804   13.804  1   38.787   38.787  1
 1137.4 1137.4  1   13.803   13.803  1   38.787   38.787  1
 1142.7 1142.7  1   13.804   13.804  1   38.787   38.787  1
 1147.6 1147.6  1   13.803   13.803  1   38.786   38.786  1
 1152.4 1152.4  1   13.802   13.802  1   38.786   38.786  1
 1157.3 1157.3  1   13.801   13.801  1   38.786   38.786  1
 1162.4 1162.4  1   13.800   13.800  1   38.785   38.785  1
 1167.5 1167.5  1   13.799   13.799  1   38.785   38.785  1
 1172.4 1172.4  1   13.799   13.799  1   38.785   38.785  1
 1177.3 1177.3  1   13.800   13.800  1   38.785   38.785  1
 1182.6 1182.6  1   13.800   13.800  1   38.785   38.785  1
 1187.8 1187.8  1   13.800   13.800  1   38.785   38.785  1
 1192.7 1192.7  1   13.800   13.800  1   38.785   38.785  1
 1197.6 1197.6  1   13.799   13.799  1   38.784   38.784  1
 1202.6 1202.6  1   13.798   13.798  1   38.784   38.784  1
 1207.7 1207.7  1   13.798   13.798  1   38.784   38.784  1
 1212.7 1212.7  1   13.798   13.798  1   38.784   38.784  1
 1217.7 1217.7  1   13.798   13.798  1   38.784   38.784  1
 1222.8 1222.8  1   13.798   13.798  1   38.783   38.783  1
 1227.5 1227.5  1   13.797   13.797  1   38.783   38.783  1
 1232.6 1232.6  1   13.798   13.798  1   38.783   38.783  1
 1237.6 1237.6  1   13.798   13.798  1   38.783   38.783  1
 1242.6 1242.6  1   13.798   13.798  1   38.783   38.783  1
 1247.5 1247.5  1   13.798   13.798  1   38.783   38.783  1
 1252.5 1252.5  1   13.798   13.798  1   38.783   38.783  1
 1257.6 1257.6  1   13.797   13.797  1   38.782   38.782  1
 1262.6 1262.6  1   13.797   13.797  1   38.782   38.782  1
 1267.3 1267.3  1   13.797   13.797  1   38.782   38.782  1
 1272.4 1272.4  1   13.798   13.798  1   38.782   38.782  1
 1277.6 1277.6  1   13.798   13.798  1   38.782   38.782  1
 1282.5 1282.5  1   13.799   13.799  1   38.782   38.782  1
 1287.6 1287.6  1   13.799   13.799  1   38.782   38.782  1
 1292.7 1292.7  1   13.799   13.799  1   38.782   38.782  1
 1297.7 1297.7  1   13.800   13.800  1   38.782   38.782  1
 1302.6 1302.6  1   13.800   13.800  1   38.782   38.782  1
 1307.6 1307.6  1   13.800   13.800  1   38.782   38.782  1
 1312.4 1312.4  1   13.801   13.801  1   38.781   38.781  1
 1317.4 1317.4  1   13.802   13.802  1   38.782   38.782  1
 1322.5 1322.5  1   13.802   13.802  1   38.782   38.782  1
 1327.6 1327.6  1   13.802   13.802  1   38.781   38.781  1
 1332.6 1332.6  1   13.802   13.802  1   38.781   38.781  1
 1337.5 1337.5  1   13.803   13.803  1   38.781   38.781  1
 1342.3 1342.3  1   13.803   13.803  1   38.781   38.781  1
 1347.5 1347.5  1   13.803   13.803  1   38.781   38.781  1
 1352.5 1352.5  1   13.804   13.804  1   38.781   38.781  1
 1357.3 1357.3  1   13.804   13.804  1   38.781   38.781  1
 1362.5 1362.5  1   13.804   13.804  1   38.781   38.781  1
 1367.4 1367.4  1   13.804   13.804  1   38.781   38.781  1
 1372.4 1372.4  1   13.805   13.805  1   38.781   38.781  1
 1377.5 1377.5  1   13.805   13.805  1   38.781   38.781  1
 1382.4 1382.4  1   13.805   13.805  1   38.781   38.781  1
 1387.5 1387.5  1   13.805   13.805  1   38.781   38.781  1
 1392.7 1392.7  1   13.805   13.805  1   38.780   38.780  1
 1397.6 1397.6  1   13.805   13.805  1   38.780   38.780  1
 1402.5 1402.5  1   13.806   13.806  1   38.780   38.780  1
 1407.3 1407.3  1   13.807   13.807  1   38.780   38.780  1
 1412.3 1412.3  1   13.807   13.807  1   38.780   38.780  1
 1417.3 1417.3  1   13.807   13.807  1   38.780   38.780  1
 1422.4 1422.4  1   13.806   13.806  1   38.780   38.780  1
 1427.5 1427.5  1   13.807   13.807  1   38.780   38.780  1
 1432.6 1432.6  1   13.808   13.808  1   38.780   38.780  1
 1437.5 1437.5  1   13.809   13.809  1   38.780   38.780  1
 1442.5 1442.5  1   13.809   13.809  1   38.780   38.780  1
 1447.4 1447.4  1   13.809   13.809  1   38.780   38.780  1
 1452.4 1452.4  1   13.810   13.810  1   38.780   38.780  1
 1457.7 1457.7  1   13.810   13.810  1   38.780   38.780  1
 1462.7 1462.7  1   13.811   13.811  1   38.780   38.780  1
 1467.5 1467.5  1   13.810   13.810  1   38.779   38.779  1
 1472.6 1472.6  1   13.810   13.810  1   38.780   38.780  1
 1477.6 1477.6  1   13.812   13.812  1   38.780   38.780  1
 1482.4 1482.4  1   13.813   13.813  1   38.780   38.780  1
 1487.6 1487.6  1   13.813   13.813  1   38.780   38.780  1
 1492.5 1492.5  1   13.813   13.813  1   38.779   38.779  1
 1497.5 1497.5  1   13.814   13.814  1   38.779   38.779  1
 1502.4 1502.4  1   13.814   13.814  1   38.779   38.779  1
 1507.5 1507.5  1   13.815   13.815  1   38.779   38.779  1
 1512.4 1512.4  1   13.815   13.815  1   38.779   38.779  1
 1517.6 1517.6  1   13.815   13.815  1   38.779   38.779  1
 1522.6 1522.6  1   13.816   13.816  1   38.779   38.779  1
 1527.6 1527.6  1   13.817   13.817  1   38.779   38.779  1
 1532.6 1532.6  1   13.817   13.817  1   38.779   38.779  1
 1537.5 1537.5  1   13.817   13.817  1   38.779   38.779  1
 1542.6 1542.6  1   13.817   13.817  1   38.779   38.779  1
 1547.6 1547.6  1   13.818   13.818  1   38.779   38.779  1
 1552.5 1552.5  1   13.818   13.818  1   38.779   38.779  1
 1557.2 1557.2  1   13.819   13.819  1   38.779   38.779  1
 1562.2 1562.2  1   13.819   13.819  1   38.779   38.779  1
 1567.3 1567.3  1   13.820   13.820  1   38.779   38.779  1
 1572.4 1572.4  1   13.820   13.820  1   38.779   38.779  1
 1577.4 1577.4  1   13.821   13.821  1   38.779   38.779  1
 1582.5 1582.5  1   13.821   13.821  1   38.779   38.779  1
 1587.5 1587.5  1   13.822   13.822  1   38.779   38.779  1
 1592.6 1592.6  1   13.822   13.822  1   38.779   38.779  1
 1597.4 1597.4  1   13.823   13.823  1   38.779   38.779  1
 1602.5 1602.5  1   13.823   13.823  1   38.779   38.779  1
 1607.7 1607.7  1   13.823   13.823  1   38.779   38.779  1
 1612.5 1612.5  1   13.824   13.824  1   38.779   38.779  1
 1617.5 1617.5  1   13.824   13.824  1   38.779   38.779  1
 1622.6 1622.6  1   13.825   13.825  1   38.779   38.779  1
 1627.6 1627.6  1   13.826   13.826  1   38.779   38.779  1
 1632.5 1632.5  1   13.826   13.826  1   38.779   38.779  1
 1637.4 1637.4  1   13.827   13.827  1   38.779   38.779  1
 1642.4 1642.4  1   13.828   13.828  1   38.779   38.779  1
 1647.4 1647.4  1   13.828   13.828  1   38.779   38.779  1
 1652.3 1652.3  1   13.829   13.829  1   38.779   38.779  1
 1657.4 1657.4  1   13.830   13.830  1   38.779   38.779  1
 1662.5 1662.5  1   13.830   13.830  1   38.779   38.779  1
 1667.5 1667.5  1   13.831   13.831  1   38.779   38.779  1
 1672.6 1672.6  1   13.831   13.831  1   38.779   38.779  1
 1677.7 1677.7  1   13.832   13.832  1   38.779   38.779  1
 1682.6 1682.6  1   13.833   13.833  1   38.779   38.779  1
 1687.5 1687.5  1   13.833   13.833  1   38.779   38.779  1
 1692.5 1692.5  1   13.833   13.833  1   38.779   38.779  1
 1697.6 1697.6  1   13.834   13.834  1   38.778   38.778  1
 1702.5 1702.5  1   13.835   13.835  1   38.778   38.778  1
 1707.3 1707.3  1   13.835   13.835  1   38.778   38.778  1
 1712.6 1712.6  1   13.835   13.835  1   38.778   38.778  1
 1717.6 1717.6  1   13.836   13.836  1   38.778   38.778  1
 1722.6 1722.6  1   13.836   13.836  1   38.778   38.778  1
 1727.6 1727.6  1   13.836   13.836  1   38.778   38.778  1
 1732.4 1732.4  1   13.837   13.837  1   38.778   38.778  1
 1737.4 1737.4  1   13.837   13.837  1   38.778   38.778  1
 1742.5 1742.5  1   13.837   13.837  1   38.778   38.778  1
 1747.4 1747.4  1   13.837   13.837  1   38.778   38.778  1
 1752.3 1752.3  1   13.837   13.837  1   38.778   38.778  1
 1757.4 1757.4  1   13.837   13.837  1   38.778   38.778  1
 1762.8 1762.8  1   13.837   13.837  1   38.778   38.778  1
 1767.7 1767.7  1   13.838   13.838  1   38.778   38.778  1
 1772.6 1772.6  1   13.838   13.838  1   38.777   38.777  1
 1777.6 1777.6  1   13.839   13.839  1   38.778   38.778  1
 1782.6 1782.6  1   13.839   13.839  1   38.777   38.777  1
 1787.4 1787.4  1   13.839   13.839  1   38.777   38.777  1
 1792.7 1792.7  1   13.840   13.840  1   38.777   38.777  1
 1797.7 1797.7  1   13.840   13.840  1   38.777   38.777  1
 1802.6 1802.6  1   13.840   13.840  1   38.777   38.777  1
 1807.6 1807.6  1   13.841   13.841  1   38.777   38.777  1
 1812.3 1812.3  1   13.841   13.841  1   38.777   38.777  1
 1817.4 1817.4  1   13.841   13.841  1   38.777   38.777  1
 1822.4 1822.4  1   13.841   13.841  1   38.777   38.777  1
 1827.5 1827.5  1   13.842   13.842  1   38.777   38.777  1
 1832.5 1832.5  1   13.842   13.842  1   38.777   38.777  1
 1837.6 1837.6  1   13.843   13.843  1   38.777   38.777  1
 1842.3 1842.3  1   13.843   13.843  1   38.777   38.777  1
 1847.7 1847.7  1   13.844   13.844  1   38.777   38.777  1
 1852.4 1852.4  1   13.843   13.843  1   38.776   38.776  1
 1857.5 1857.5  1   13.843   13.843  1   38.776   38.776  1
 1862.6 1862.6  1   13.844   13.844  1   38.776   38.776  1
 1867.7 1867.7  1   13.844   13.844  1   38.776   38.776  1
 1872.8 1872.8  1   13.844   13.844  1   38.776   38.776  1
 1877.5 1877.5  1   13.845   13.845  1   38.776   38.776  1
 1882.5 1882.5  1   13.845   13.845  1   38.776   38.776  1
 1887.6 1887.6  1   13.846   13.846  1   38.776   38.776  1
 1892.4 1892.4  1   13.846   13.846  1   38.776   38.776  1
 1897.4 1897.4  1   13.846   13.846  1   38.776   38.776  1
 1902.7 1902.7  1   13.847   13.847  1   38.776   38.776  1
 1907.7 1907.7  1   13.848   13.848  1   38.776   38.776  1
 1912.4 1912.4  1   13.848   13.848  1   38.776   38.776  1
 1917.4 1917.4  1   13.848   13.848  1   38.775   38.775  1
 1922.4 1922.4  1   13.848   13.848  1   38.775   38.775  1
 1927.4 1927.4  1   13.848   13.848  1   38.775   38.775  1
 1932.6 1932.6  1   13.848   13.848  1   38.775   38.775  1
 1937.6 1937.6  1   13.849   13.849  1   38.775   38.775  1
 1942.4 1942.4  1   13.849   13.849  1   38.775   38.775  1
 1947.4 1947.4  1   13.850   13.850  1   38.775   38.775  1
 1952.4 1952.4  1   13.851   13.851  1   38.775   38.775  1
 1957.3 1957.3  1   13.851   13.851  1   38.774   38.774  1
 1962.3 1962.3  1   13.851   13.851  1   38.775   38.775  1
 1965.9 1965.9  1   13.851   13.851  1   38.774   38.774  1
