*SoftWare Version 3.0  2018/12/27

*HEADER
     PLATFORM NUMBER       :6902988
     CYCLE NUMBER          :022
     DATE CREATION         :20191219032641
     DATE UPDATE           :20191219032646
     PROJECT NAME          :CORIOLIS
     PI NAME               :Christophe MAES
     INSTRUMENT TYPE       :ARVOR
     FLOAT SERIAL NO       :AI2600-19FR004
     FIRMWARE VERSION      :5900A04
     WMO INSTRUMENT TYPE   :844
     TRANSMISSION SYSTEM   :IRIDIUM
     POSITIONING SYSTEM    :GPS
     SAMPLE DIRECTION      :A(A=Ascend; D=Descend)
     DATA MODE             :R(R=Real Time; D=Delayed Mode; A=Real Time Adjusted)
     JULIAN DAY            :25554.1205 (days since 1950-01-01 00:00:00 UTC)
     DATE                  :2019-12-19
     QC FLAG FOR DATE      :1
*LOCATION
     LATITUDE              :-19.421 
     LONGITUDE             :-174.800
     QC FLAG FOR LOCATION  :1
*FILE
     COLUMN 1              :Pressure (dbar)                             F7.1
     COLUMN 2              :Corrected Pressure (dbar)                   F7.1
     COLUMN 3              :Quality on Pressure                         I3
     COLUMN 4              :Temperature (degree_Celsius)                F9.3
     COLUMN 5              :Corrected Temperature (degree_Celsius)      F9.3
     COLUMN 6              :Quality on Temperature                      I3
     COLUMN 7              :Salinity (PSU)                              F9.3
     COLUMN 8              :Corrected Salinity (PSU)                    F9.3
     COLUMN 9              :Quality on Salinity                         I3
==========================================================================
    2.9    2.9  1   27.569   27.569  1   35.188   35.188  1
    4.0    4.0  1   27.569   27.569  1   35.188   35.188  1
    5.2    5.2  1   27.569   27.569  1   35.188   35.188  1
    6.1    6.1  1   27.570   27.570  1   35.188   35.188  1
    7.1    7.1  1   27.570   27.570  1   35.189   35.189  1
    8.1    8.1  1   27.570   27.570  1   35.188   35.188  1
    9.2    9.2  1   27.570   27.570  1   35.188   35.188  1
   10.3   10.3  1   27.571   27.571  1   35.188   35.188  1
   11.5   11.5  1   27.571   27.571  1   35.188   35.188  1
   12.6   12.6  1   27.571   27.571  1   35.188   35.188  1
   13.7   13.7  1   27.573   27.573  1   35.188   35.188  1
   14.8   14.8  1   27.565   27.565  1   35.186   35.186  1
   15.9   15.9  1   27.562   27.562  1   35.187   35.187  1
   17.0   17.0  1   27.556   27.556  1   35.187   35.187  1
   18.1   18.1  1   27.554   27.554  1   35.187   35.187  1
   19.2   19.2  1   27.557   27.557  1   35.187   35.187  1
   20.3   20.3  1   27.555   27.555  1   35.187   35.187  1
   21.4   21.4  1   27.556   27.556  1   35.186   35.186  1
   22.5   22.5  1   27.551   27.551  1   35.186   35.186  1
   23.6   23.6  1   27.533   27.533  1   35.184   35.184  1
   24.8   24.8  1   27.510   27.510  1   35.185   35.185  1
   26.0   26.0  1   27.507   27.507  1   35.186   35.186  1
   27.2   27.2  1   27.504   27.504  1   35.183   35.183  1
   28.4   28.4  1   27.498   27.498  1   35.183   35.183  1
   29.7   29.7  1   27.498   27.498  1   35.183   35.183  1
   30.8   30.8  1   27.486   27.486  1   35.184   35.184  1
   32.0   32.0  1   27.483   27.483  1   35.184   35.184  1
   33.1   33.1  1   27.484   27.484  1   35.184   35.184  1
   34.3   34.3  1   27.476   27.476  1   35.182   35.182  1
   35.4   35.4  1   27.471   27.471  1   35.182   35.182  1
   36.5   36.5  1   27.471   27.471  1   35.182   35.182  1
   37.6   37.6  1   27.469   27.469  1   35.183   35.183  1
   38.7   38.7  1   27.469   27.469  1   35.183   35.183  1
   39.8   39.8  1   27.470   27.470  1   35.182   35.182  1
   40.9   40.9  1   27.469   27.469  1   35.182   35.182  1
   41.9   41.9  1   27.469   27.469  1   35.181   35.181  1
   42.9   42.9  1   27.466   27.466  1   35.182   35.182  1
   44.0   44.0  1   27.451   27.451  1   35.180   35.180  1
   45.0   45.0  1   27.414   27.414  1   35.177   35.177  1
   45.8   45.8  1   27.347   27.347  1   35.186   35.186  1
   47.0   47.0  1   27.200   27.200  1   35.181   35.181  1
   48.1   48.1  1   27.069   27.069  1   35.192   35.192  1
   48.9   48.9  1   26.916   26.916  1   35.200   35.200  1
   49.8   49.8  1   26.649   26.649  1   35.204   35.204  1
   51.0   51.0  1   26.510   26.510  1   35.198   35.198  1
   52.2   52.2  1   26.430   26.430  1   35.199   35.199  1
   53.1   53.1  1   26.235   26.235  1   35.200   35.200  1
   53.9   53.9  1   26.142   26.142  1   35.198   35.198  1
   54.8   54.8  1   26.123   26.123  1   35.200   35.200  1
   55.9   55.9  1   26.080   26.080  1   35.202   35.202  1
   56.9   56.9  1   26.055   26.055  1   35.205   35.205  1
   57.9   57.9  1   25.975   25.975  1   35.206   35.206  1
   59.0   59.0  1   25.950   25.950  1   35.208   35.208  1
   59.9   59.9  1   25.877   25.877  1   35.212   35.212  1
   61.0   61.0  1   25.735   25.735  1   35.217   35.217  1
   61.8   61.8  1   25.623   25.623  1   35.210   35.210  1
   62.9   62.9  1   25.527   25.527  1   35.226   35.226  1
   64.1   64.1  1   25.488   25.488  1   35.226   35.226  1
   64.9   64.9  1   25.452   25.452  1   35.222   35.222  1
   65.8   65.8  1   25.421   25.421  1   35.225   35.225  1
   66.6   66.6  1   25.354   25.354  1   35.229   35.229  1
   67.9   67.9  1   25.338   25.338  1   35.233   35.233  1
   69.2   69.2  1   25.324   25.324  1   35.233   35.233  1
   70.1   70.1  1   25.309   25.309  1   35.232   35.232  1
   71.0   71.0  1   25.289   25.289  1   35.230   35.230  1
   71.9   71.9  1   25.244   25.244  1   35.247   35.247  1
   72.8   72.8  1   25.120   25.120  1   35.282   35.282  1
   73.7   73.7  1   25.044   25.044  1   35.284   35.284  1
   74.7   74.7  1   24.996   24.996  1   35.292   35.292  1
   75.6   75.6  1   24.936   24.936  1   35.301   35.301  1
   76.6   76.6  1   24.901   24.901  1   35.314   35.314  1
   77.6   77.6  1   24.883   24.883  1   35.320   35.320  1
   78.6   78.6  1   24.871   24.871  1   35.323   35.323  1
   79.5   79.5  1   24.859   24.859  1   35.327   35.327  1
   80.9   80.9  1   24.849   24.849  1   35.328   35.328  1
   82.3   82.3  1   24.826   24.826  1   35.333   35.333  1
   83.2   83.2  1   24.813   24.813  1   35.338   35.338  1
   84.1   84.1  1   24.815   24.815  1   35.341   35.341  1
   85.0   85.0  1   24.817   24.817  1   35.345   35.345  1
   85.9   85.9  1   24.808   24.808  1   35.351   35.351  1
   86.8   86.8  1   24.799   24.799  1   35.370   35.370  1
   87.6   87.6  1   24.799   24.799  1   35.380   35.380  1
   88.9   88.9  1   24.796   24.796  1   35.388   35.388  1
   90.3   90.3  1   24.795   24.795  1   35.415   35.415  1
   91.1   91.1  1   24.795   24.795  1   35.420   35.420  1
   92.0   92.0  1   24.791   24.791  1   35.431   35.431  1
   92.8   92.8  1   24.789   24.789  1   35.434   35.434  1
   94.0   94.0  1   24.784   24.784  1   35.445   35.445  1
   95.2   95.2  1   24.802   24.802  1   35.502   35.502  1
   96.1   96.1  1   24.807   24.807  1   35.570   35.570  1
   97.0   97.0  1   24.748   24.748  1   35.573   35.573  1
   97.9   97.9  1   24.686   24.686  1   35.562   35.562  1
   98.8   98.8  1   24.681   24.681  1   35.561   35.561  1
   99.8   99.8  1   24.655   24.655  1   35.557   35.557  1
  100.6  100.6  1   24.631   24.631  1   35.553   35.553  1
  101.9  101.9  1   24.589   24.589  1   35.547   35.547  1
  103.3  103.3  1   24.557   24.557  1   35.548   35.548  1
  104.1  104.1  1   24.506   24.506  1   35.551   35.551  1
  105.0  105.0  1   24.398   24.398  1   35.561   35.561  1
  105.9  105.9  1   24.302   24.302  1   35.535   35.535  1
  106.9  106.9  1   24.283   24.283  1   35.539   35.539  1
  107.9  107.9  1   24.258   24.258  1   35.541   35.541  1
  109.0  109.0  1   24.226   24.226  1   35.581   35.581  1
  110.1  110.1  1   24.229   24.229  1   35.586   35.586  1
  111.2  111.2  1   24.229   24.229  1   35.594   35.594  1
  112.3  112.3  1   24.228   24.228  1   35.597   35.597  1
  113.4  113.4  1   24.229   24.229  1   35.599   35.599  1
  114.5  114.5  1   24.233   24.233  1   35.605   35.605  1
  115.5  115.5  1   24.236   24.236  1   35.610   35.610  1
  116.6  116.6  1   24.256   24.256  1   35.620   35.620  1
  117.7  117.7  1   24.352   24.352  1   35.660   35.660  1
  118.8  118.8  1   24.390   24.390  1   35.698   35.698  1
  119.9  119.9  1   24.338   24.338  1   35.719   35.719  1
  121.0  121.0  1   24.195   24.195  1   35.679   35.679  1
  122.1  122.1  1   23.997   23.997  1   35.630   35.630  1
  123.3  123.3  1   23.762   23.762  1   35.568   35.568  1
  124.5  124.5  1   23.715   23.715  1   35.552   35.552  1
  125.6  125.6  1   23.648   23.648  1   35.540   35.540  1
  126.7  126.7  1   23.509   23.509  1   35.509   35.509  1
  127.8  127.8  1   23.466   23.466  1   35.506   35.506  1
  129.0  129.0  1   23.411   23.411  1   35.504   35.504  1
  130.1  130.1  1   23.324   23.324  1   35.524   35.524  1
  131.3  131.3  1   23.275   23.275  1   35.527   35.527  1
  132.4  132.4  1   23.268   23.268  1   35.529   35.529  1
  133.6  133.6  1   23.254   23.254  1   35.532   35.532  1
  134.7  134.7  1   23.251   23.251  1   35.532   35.532  1
  135.8  135.8  1   23.242   23.242  1   35.533   35.533  1
  136.9  136.9  1   23.221   23.221  1   35.538   35.538  1
  138.0  138.0  1   23.122   23.122  1   35.556   35.556  1
  139.2  139.2  1   23.120   23.120  1   35.559   35.559  1
  140.2  140.2  1   23.106   23.106  1   35.563   35.563  1
  141.3  141.3  1   23.019   23.019  1   35.576   35.576  1
  142.1  142.1  1   23.003   23.003  1   35.577   35.577  1
  142.9  142.9  1   22.998   22.998  1   35.579   35.579  1
  143.7  143.7  1   22.997   22.997  1   35.579   35.579  1
  144.8  144.8  1   22.995   22.995  1   35.579   35.579  1
  145.8  145.8  1   22.994   22.994  1   35.578   35.578  1
  146.8  146.8  1   22.989   22.989  1   35.576   35.576  1
  147.9  147.9  1   22.867   22.867  1   35.609   35.609  1
  149.0  149.0  1   22.756   22.756  1   35.612   35.612  1
  150.2  150.2  1   22.727   22.727  1   35.616   35.616  1
  151.0  151.0  1   22.723   22.723  1   35.616   35.616  1
  152.0  152.0  1   22.715   22.715  1   35.615   35.615  1
  153.2  153.2  1   22.670   22.670  1   35.616   35.616  1
  153.9  153.9  1   22.635   22.635  1   35.618   35.618  1
  154.7  154.7  1   22.573   22.573  1   35.622   35.622  1
  155.9  155.9  1   22.419   22.419  1   35.626   35.626  1
  157.3  157.3  1   22.315   22.315  1   35.625   35.625  1
  158.2  158.2  1   22.222   22.222  1   35.635   35.635  1
  159.1  159.1  1   22.158   22.158  1   35.638   35.638  1
  160.1  160.1  1   22.153   22.153  1   35.654   35.654  1
  161.1  161.1  1   22.141   22.141  1   35.665   35.665  1
  162.0  162.0  1   22.138   22.138  1   35.666   35.666  1
  163.0  163.0  1   22.134   22.134  1   35.667   35.667  1
  164.0  164.0  1   22.126   22.126  1   35.667   35.667  1
  165.0  165.0  1   22.122   22.122  1   35.666   35.666  1
  165.9  165.9  1   22.120   22.120  1   35.667   35.667  1
  166.9  166.9  1   22.104   22.104  1   35.667   35.667  1
  167.9  167.9  1   22.087   22.087  1   35.669   35.669  1
  168.9  168.9  1   22.067   22.067  1   35.671   35.671  1
  169.9  169.9  1   22.058   22.058  1   35.670   35.670  1
  171.0  171.0  1   22.040   22.040  1   35.674   35.674  1
  172.0  172.0  1   22.018   22.018  1   35.679   35.679  1
  173.1  173.1  1   22.001   22.001  1   35.690   35.690  1
  174.2  174.2  1   21.932   21.932  1   35.686   35.686  1
  175.3  175.3  1   21.932   21.932  1   35.683   35.683  1
  176.4  176.4  1   21.710   21.710  1   35.680   35.680  1
  177.5  177.5  1   21.682   21.682  1   35.678   35.678  1
  178.6  178.6  1   21.656   21.656  1   35.677   35.677  1
  179.6  179.6  1   21.640   21.640  1   35.675   35.675  1
  180.7  180.7  1   21.619   21.619  1   35.673   35.673  1
  181.8  181.8  1   21.577   21.577  1   35.671   35.671  1
  182.9  182.9  1   21.545   21.545  1   35.672   35.672  1
  184.0  184.0  1   21.528   21.528  1   35.675   35.675  1
  185.0  185.0  1   21.517   21.517  1   35.677   35.677  1
  186.1  186.1  1   21.509   21.509  1   35.681   35.681  1
  187.1  187.1  1   21.492   21.492  1   35.683   35.683  1
  188.2  188.2  1   21.477   21.477  1   35.683   35.683  1
  189.3  189.3  1   21.447   21.447  1   35.688   35.688  1
  190.4  190.4  1   21.433   21.433  1   35.692   35.692  1
  191.5  191.5  1   21.411   21.411  1   35.696   35.696  1
  192.6  192.6  1   21.380   21.380  1   35.701   35.701  1
  193.6  193.6  1   21.376   21.376  1   35.700   35.700  1
  194.7  194.7  1   21.371   21.371  1   35.701   35.701  1
  195.8  195.8  1   21.328   21.328  1   35.703   35.703  1
  196.9  196.9  1   21.311   21.311  1   35.700   35.700  1
  197.9  197.9  1   21.262   21.262  1   35.687   35.687  1
  199.0  199.0  1   21.253   21.253  1   35.681   35.681  1
  200.0  200.0  1   21.185   21.185  1   35.677   35.677  1
  201.1  201.1  1   21.125   21.125  1   35.668   35.668  1
  202.1  202.1  1   21.053   21.053  1   35.655   35.655  1
  203.1  203.1  1   20.989   20.989  1   35.649   35.649  1
  204.2  204.2  1   20.867   20.867  1   35.644   35.644  1
  205.3  205.3  1   20.748   20.748  1   35.622   35.622  1
  206.3  206.3  1   20.733   20.733  1   35.619   35.619  1
  207.4  207.4  1   20.718   20.718  1   35.619   35.619  1
  208.4  208.4  1   20.696   20.696  1   35.617   35.617  1
  209.4  209.4  1   20.689   20.689  1   35.617   35.617  1
  210.3  210.3  1   20.670   20.670  1   35.615   35.615  1
  211.1  211.1  1   20.662   20.662  1   35.615   35.615  1
  211.8  211.8  1   20.659   20.659  1   35.615   35.615  1
  212.9  212.9  1   20.640   20.640  1   35.612   35.612  1
  214.1  214.1  1   20.631   20.631  1   35.610   35.610  1
  214.8  214.8  1   20.623   20.623  1   35.612   35.612  1
  215.9  215.9  1   20.616   20.616  1   35.610   35.610  1
  217.1  217.1  1   20.602   20.602  1   35.609   35.609  1
  217.8  217.8  1   20.584   20.584  1   35.607   35.607  1
  219.0  219.0  1   20.500   20.500  1   35.604   35.604  1
  220.2  220.2  1   20.469   20.469  1   35.601   35.601  1
  221.0  221.0  1   20.450   20.450  1   35.601   35.601  1
  221.7  221.7  1   20.436   20.436  1   35.601   35.601  1
  222.9  222.9  1   20.423   20.423  1   35.601   35.601  1
  224.1  224.1  1   20.423   20.423  1   35.602   35.602  1
  224.9  224.9  1   20.422   20.422  1   35.601   35.601  1
  225.7  225.7  1   20.419   20.419  1   35.602   35.602  1
  227.0  227.0  1   20.393   20.393  1   35.604   35.604  1
  228.2  228.2  1   20.367   20.367  1   35.601   35.601  1
  229.1  229.1  1   20.314   20.314  1   35.599   35.599  1
  229.9  229.9  1   20.300   20.300  1   35.597   35.597  1
  230.8  230.8  1   20.288   20.288  1   35.596   35.596  1
  231.6  231.6  1   20.233   20.233  1   35.593   35.593  1
  232.9  232.9  1   20.154   20.154  1   35.587   35.587  1
  234.3  234.3  1   20.043   20.043  1   35.582   35.582  1
  235.1  235.1  1   20.025   20.025  1   35.582   35.582  1
  236.0  236.0  1   19.992   19.992  1   35.581   35.581  1
  237.0  237.0  1   19.946   19.946  1   35.578   35.578  1
  237.9  237.9  1   19.934   19.934  1   35.578   35.578  1
  238.8  238.8  1   19.896   19.896  1   35.573   35.573  1
  239.6  239.6  1   19.861   19.861  1   35.565   35.565  1
  240.9  240.9  1   19.841   19.841  1   35.563   35.563  1
  242.3  242.3  1   19.806   19.806  1   35.563   35.563  1
  243.2  243.2  1   19.749   19.749  1   35.556   35.556  1
  244.1  244.1  1   19.680   19.680  1   35.551   35.551  1
  245.0  245.0  1   19.646   19.646  1   35.567   35.567  1
  246.0  246.0  1   19.596   19.596  1   35.563   35.563  1
  246.9  246.9  1   19.565   19.565  1   35.561   35.561  1
  247.8  247.8  1   19.534   19.534  1   35.556   35.556  1
  248.8  248.8  1   19.523   19.523  1   35.554   35.554  1
  249.7  249.7  1   19.514   19.514  1   35.554   35.554  1
  250.6  250.6  1   19.485   19.485  1   35.549   35.549  1
  251.6  251.6  1   19.442   19.442  1   35.546   35.546  1
  252.9  252.9  1   19.350   19.350  1   35.536   35.536  1
  254.4  254.4  1   19.277   19.277  1   35.529   35.529  1
  255.3  255.3  1   19.239   19.239  1   35.521   35.521  1
  256.2  256.2  1   19.206   19.206  1   35.519   35.519  1
  257.2  257.2  1   19.143   19.143  1   35.517   35.517  1
  258.1  258.1  1   19.097   19.097  1   35.508   35.508  1
  259.1  259.1  1   19.078   19.078  1   35.500   35.500  1
  260.0  260.0  1   19.073   19.073  1   35.500   35.500  1
  261.0  261.0  1   19.071   19.071  1   35.500   35.500  1
  261.9  261.9  1   19.060   19.060  1   35.499   35.499  1
  262.8  262.8  1   19.026   19.026  1   35.497   35.497  1
  263.8  263.8  1   18.994   18.994  1   35.492   35.492  1
  264.7  264.7  1   18.969   18.969  1   35.490   35.490  1
  265.6  265.6  1   18.962   18.962  1   35.491   35.491  1
  266.6  266.6  1   18.953   18.953  1   35.492   35.492  1
  267.9  267.9  1   18.936   18.936  1   35.490   35.490  1
  269.2  269.2  1   18.930   18.930  1   35.490   35.490  1
  270.1  270.1  1   18.928   18.928  1   35.489   35.489  1
  271.0  271.0  1   18.920   18.920  1   35.488   35.488  1
  271.8  271.8  1   18.894   18.894  1   35.491   35.491  1
  272.7  272.7  1   18.867   18.867  1   35.484   35.484  1
  273.6  273.6  1   18.860   18.860  1   35.481   35.481  1
  274.9  274.9  1   18.833   18.833  1   35.481   35.481  1
  276.2  276.2  1   18.816   18.816  1   35.478   35.478  1
  277.1  277.1  1   18.814   18.814  1   35.478   35.478  1
  277.9  277.9  1   18.807   18.807  1   35.479   35.479  1
  278.7  278.7  1   18.795   18.795  1   35.480   35.480  1
  280.0  280.0  1   18.738   18.738  1   35.483   35.483  1
  281.3  281.3  1   18.560   18.560  1   35.497   35.497  1
  282.2  282.2  1   18.523   18.523  1   35.481   35.481  1
  283.1  283.1  1   18.492   18.492  1   35.478   35.478  1
  284.0  284.0  1   18.473   18.473  1   35.477   35.477  1
  285.0  285.0  1   18.454   18.454  1   35.478   35.478  1
  285.9  285.9  1   18.462   18.462  1   35.482   35.482  1
  286.8  286.8  1   18.466   18.466  1   35.485   35.485  1
  287.8  287.8  1   18.390   18.390  1   35.488   35.488  1
  288.7  288.7  1   18.271   18.271  1   35.470   35.470  1
  289.7  289.7  1   18.105   18.105  1   35.466   35.466  1
  290.6  290.6  1   18.009   18.009  1   35.441   35.441  1
  291.6  291.6  1   17.901   17.901  1   35.428   35.428  1
  292.6  292.6  1   17.856   17.856  1   35.414   35.414  1
  293.5  293.5  1   17.734   17.734  1   35.422   35.422  1
  294.5  294.5  1   17.683   17.683  1   35.393   35.393  1
  295.5  295.5  1   17.663   17.663  1   35.390   35.390  1
  296.5  296.5  1   17.576   17.576  1   35.395   35.395  1
  297.5  297.5  1   17.413   17.413  1   35.368   35.368  1
  298.5  298.5  1   17.393   17.393  1   35.365   35.365  1
  299.5  299.5  1   17.335   17.335  1   35.357   35.357  1
  300.5  300.5  1   17.309   17.309  1   35.354   35.354  1
  301.5  301.5  1   17.298   17.298  1   35.356   35.356  1
  302.5  302.5  1   17.266   17.266  1   35.354   35.354  1
  303.6  303.6  1   17.231   17.231  1   35.346   35.346  1
  304.6  304.6  1   17.202   17.202  1   35.346   35.346  1
  305.6  305.6  1   17.190   17.190  1   35.344   35.344  1
  306.6  306.6  1   17.165   17.165  1   35.340   35.340  1
  307.6  307.6  1   17.128   17.128  1   35.342   35.342  1
  308.6  308.6  1   17.061   17.061  1   35.330   35.330  1
  309.6  309.6  1   17.026   17.026  1   35.328   35.328  1
  310.6  310.6  1   17.007   17.007  1   35.324   35.324  1
  311.5  311.5  1   16.954   16.954  1   35.323   35.323  1
  312.5  312.5  1   16.898   16.898  1   35.313   35.313  1
  313.5  313.5  1   16.755   16.755  1   35.302   35.302  1
  314.9  314.9  1   16.723   16.723  1   35.297   35.297  1
  316.4  316.4  1   16.669   16.669  1   35.293   35.293  1
  317.4  317.4  1   16.658   16.658  1   35.290   35.290  1
  318.4  318.4  1   16.650   16.650  1   35.289   35.289  1
  319.4  319.4  1   16.644   16.644  1   35.288   35.288  1
  320.4  320.4  1   16.640   16.640  1   35.288   35.288  1
  321.4  321.4  1   16.632   16.632  1   35.287   35.287  1
  322.4  322.4  1   16.593   16.593  1   35.283   35.283  1
  323.3  323.3  1   16.562   16.562  1   35.277   35.277  1
  324.3  324.3  1   16.517   16.517  1   35.278   35.278  1
  325.3  325.3  1   16.435   16.435  1   35.265   35.265  1
  326.3  326.3  1   16.417   16.417  1   35.262   35.262  1
  327.2  327.2  1   16.347   16.347  1   35.258   35.258  1
  328.3  328.3  1   16.281   16.281  1   35.252   35.252  1
  329.2  329.2  1   16.271   16.271  1   35.249   35.249  1
  330.2  330.2  1   16.241   16.241  1   35.246   35.246  1
  331.2  331.2  1   16.222   16.222  1   35.245   35.245  1
  332.2  332.2  1   16.214   16.214  1   35.243   35.243  1
  333.2  333.2  1   16.142   16.142  1   35.245   35.245  1
  334.2  334.2  1   16.138   16.138  1   35.247   35.247  1
  335.2  335.2  1   16.098   16.098  1   35.261   35.261  1
  336.1  336.1  1   16.087   16.087  1   35.259   35.259  1
  337.1  337.1  1   16.068   16.068  1   35.256   35.256  1
  338.1  338.1  1   16.042   16.042  1   35.256   35.256  1
  339.1  339.1  1   15.922   15.922  1   35.249   35.249  1
  340.1  340.1  1   15.794   15.794  1   35.233   35.233  1
  341.0  341.0  1   15.742   15.742  1   35.222   35.222  1
  342.0  342.0  1   15.714   15.714  1   35.218   35.218  1
  343.0  343.0  1   15.604   15.604  1   35.237   35.237  1
  344.0  344.0  1   15.448   15.448  1   35.192   35.192  1
  345.1  345.1  1   15.401   15.401  1   35.183   35.183  1
  346.1  346.1  1   15.347   15.347  1   35.178   35.178  1
  347.2  347.2  1   15.280   15.280  1   35.168   35.168  1
  348.2  348.2  1   15.232   15.232  1   35.163   35.163  1
  349.3  349.3  1   15.151   15.151  1   35.155   35.155  1
  350.4  350.4  1   15.069   15.069  1   35.144   35.144  1
  351.5  351.5  1   14.946   14.946  1   35.140   35.140  1
  352.6  352.6  1   14.918   14.918  1   35.131   35.131  1
  353.7  353.7  1   14.900   14.900  1   35.129   35.129  1
  354.8  354.8  1   14.887   14.887  1   35.128   35.128  1
  355.9  355.9  1   14.850   14.850  1   35.130   35.130  1
  357.1  357.1  1   14.768   14.768  1   35.116   35.116  1
  358.2  358.2  1   14.718   14.718  1   35.113   35.113  1
  359.3  359.3  1   14.665   14.665  1   35.106   35.106  1
  360.4  360.4  1   14.569   14.569  1   35.098   35.098  1
  361.6  361.6  1   14.399   14.399  1   35.080   35.080  1
  362.7  362.7  1   14.384   14.384  1   35.079   35.079  1
  363.8  363.8  1   14.378   14.378  1   35.078   35.078  1
  365.0  365.0  1   14.374   14.374  1   35.077   35.077  1
  366.1  366.1  1   14.373   14.373  1   35.076   35.076  1
  367.2  367.2  1   14.370   14.370  1   35.077   35.077  1
  368.3  368.3  1   14.360   14.360  1   35.075   35.075  1
  369.4  369.4  1   14.351   14.351  1   35.073   35.073  1
  370.5  370.5  1   14.342   14.342  1   35.072   35.072  1
  371.6  371.6  1   14.330   14.330  1   35.075   35.075  1
  372.7  372.7  1   14.319   14.319  1   35.069   35.069  1
  373.8  373.8  1   14.291   14.291  1   35.067   35.067  1
  374.9  374.9  1   14.233   14.233  1   35.064   35.064  1
  376.0  376.0  1   14.178   14.178  1   35.059   35.059  1
  377.1  377.1  1   14.065   14.065  1   35.054   35.054  1
  378.2  378.2  1   14.025   14.025  1   35.044   35.044  1
  379.3  379.3  1   14.015   14.015  1   35.041   35.041  1
  380.4  380.4  1   13.988   13.988  1   35.043   35.043  1
  381.5  381.5  1   13.950   13.950  1   35.034   35.034  1
  382.7  382.7  1   13.936   13.936  1   35.034   35.034  1
  383.8  383.8  1   13.930   13.930  1   35.033   35.033  1
  384.9  384.9  1   13.923   13.923  1   35.034   35.034  1
  386.0  386.0  1   13.914   13.914  1   35.030   35.030  1
  387.1  387.1  1   13.911   13.911  1   35.031   35.031  1
  388.2  388.2  1   13.911   13.911  1   35.030   35.030  1
  389.4  389.4  1   13.896   13.896  1   35.032   35.032  1
  390.5  390.5  1   13.881   13.881  1   35.033   35.033  1
  391.6  391.6  1   13.848   13.848  1   35.028   35.028  1
  392.7  392.7  1   13.744   13.744  1   35.017   35.017  1
  393.7  393.7  1   13.676   13.676  1   35.005   35.005  1
  395.0  395.0  1   13.602   13.602  1   35.002   35.002  1
  396.3  396.3  1   13.552   13.552  1   34.995   34.995  1
  397.0  397.0  1   13.529   13.529  1   34.997   34.997  1
  397.9  397.9  1   13.515   13.515  1   34.990   34.990  1
  398.7  398.7  1   13.501   13.501  1   34.992   34.992  1
  399.9  399.9  1   13.467   13.467  1   34.985   34.985  1
  401.1  401.1  1   13.425   13.425  1   34.985   34.985  1
  401.9  401.9  1   13.335   13.335  1   34.971   34.971  1
  402.8  402.8  1   13.287   13.287  1   34.964   34.964  1
  404.0  404.0  1   13.220   13.220  1   34.949   34.949  1
  405.3  405.3  1   13.179   13.179  1   34.940   34.940  1
  406.1  406.1  1   13.136   13.136  1   34.935   34.935  1
  407.0  407.0  1   13.099   13.099  1   34.926   34.926  1
  407.8  407.8  1   13.049   13.049  1   34.920   34.920  1
  408.7  408.7  1   13.043   13.043  1   34.920   34.920  1
  409.9  409.9  1   13.038   13.038  1   34.917   34.917  1
  411.3  411.3  1   13.003   13.003  1   34.915   34.915  1
  412.1  412.1  1   12.983   12.983  1   34.914   34.914  1
  413.0  413.0  1   12.947   12.947  1   34.908   34.908  1
  413.9  413.9  1   12.896   12.896  1   34.903   34.903  1
  414.8  414.8  1   12.893   12.893  1   34.902   34.902  1
  415.7  415.7  1   12.891   12.891  1   34.908   34.908  1
  416.6  416.6  1   12.943   12.943  1   34.923   34.923  1
  417.9  417.9  1   12.917   12.917  1   34.918   34.918  1
  419.3  419.3  1   12.892   12.892  1   34.924   34.924  1
  420.2  420.2  1   12.882   12.882  1   34.923   34.923  1
  421.1  421.1  1   12.861   12.861  1   34.925   34.925  1
  422.0  422.0  1   12.857   12.857  1   34.921   34.921  1
  422.8  422.8  1   12.845   12.845  1   34.920   34.920  1
  423.7  423.7  1   12.818   12.818  1   34.917   34.917  1
  424.9  424.9  1   12.811   12.811  1   34.914   34.914  1
  426.3  426.3  1   12.733   12.733  1   34.908   34.908  1
  427.1  427.1  1   12.693   12.693  1   34.901   34.901  1
  428.0  428.0  1   12.674   12.674  1   34.895   34.895  1
  428.9  428.9  1   12.655   12.655  1   34.893   34.893  1
  429.7  429.7  1   12.609   12.609  1   34.887   34.887  1
  430.6  430.6  1   12.529   12.529  1   34.884   34.884  1
  431.9  431.9  1   12.446   12.446  1   34.867   34.867  1
  433.3  433.3  1   12.249   12.249  1   34.868   34.868  1
  434.2  434.2  1   12.099   12.099  1   34.824   34.824  1
  435.1  435.1  1   12.077   12.077  1   34.823   34.823  1
  436.0  436.0  1   12.072   12.072  1   34.821   34.821  1
  436.9  436.9  1   12.058   12.058  1   34.818   34.818  1
  437.8  437.8  1   12.026   12.026  1   34.818   34.818  1
  438.6  438.6  1   12.026   12.026  1   34.819   34.819  1
  439.9  439.9  1   12.017   12.017  1   34.817   34.817  1
  441.3  441.3  1   11.990   11.990  1   34.815   34.815  1
  442.2  442.2  1   11.885   11.885  1   34.807   34.807  1
  443.1  443.1  1   11.862   11.862  1   34.798   34.798  1
  444.0  444.0  1   11.852   11.852  1   34.798   34.798  1
  444.9  444.9  1   11.826   11.826  1   34.795   34.795  1
  445.8  445.8  1   11.803   11.803  1   34.794   34.794  1
  446.7  446.7  1   11.774   11.774  1   34.789   34.789  1
  448.0  448.0  1   11.722   11.722  1   34.787   34.787  1
  449.3  449.3  1   11.628   11.628  1   34.782   34.782  1
  450.2  450.2  1   11.537   11.537  1   34.774   34.774  1
  451.1  451.1  1   11.409   11.409  1   34.740   34.740  1
  452.0  452.0  1   11.373   11.373  1   34.732   34.732  1
  452.9  452.9  1   11.339   11.339  1   34.727   34.727  1
  453.9  453.9  1   11.298   11.298  1   34.723   34.723  1
  454.8  454.8  1   11.281   11.281  1   34.719   34.719  1
  455.7  455.7  1   11.262   11.262  1   34.716   34.716  1
  456.6  456.6  1   11.207   11.207  1   34.714   34.714  1
  457.9  457.9  1   11.189   11.189  1   34.713   34.713  1
  459.3  459.3  1   11.182   11.182  1   34.716   34.716  1
  460.3  460.3  1   11.180   11.180  1   34.716   34.716  1
  461.2  461.2  1   11.175   11.175  1   34.719   34.719  1
  462.2  462.2  1   11.158   11.158  1   34.724   34.724  1
  463.2  463.2  1   11.154   11.154  1   34.723   34.723  1
  464.2  464.2  1   11.143   11.143  1   34.723   34.723  1
  465.2  465.2  1   11.123   11.123  1   34.721   34.721  1
  466.2  466.2  1   11.117   11.117  1   34.721   34.721  1
  467.2  467.2  1   11.098   11.098  1   34.719   34.719  1
  468.2  468.2  1   11.091   11.091  1   34.718   34.718  1
  469.2  469.2  1   11.067   11.067  1   34.717   34.717  1
  470.3  470.3  1   11.035   11.035  1   34.714   34.714  1
  471.3  471.3  1   10.999   10.999  1   34.711   34.711  1
  472.3  472.3  1   10.951   10.951  1   34.715   34.715  1
  473.3  473.3  1   10.844   10.844  1   34.698   34.698  1
  474.4  474.4  1   10.772   10.772  1   34.697   34.697  1
  475.4  475.4  1   10.699   10.699  1   34.685   34.685  1
  476.5  476.5  1   10.684   10.684  1   34.681   34.681  1
  477.5  477.5  1   10.679   10.679  1   34.680   34.680  1
  478.6  478.6  1   10.675   10.675  1   34.678   34.678  1
  479.7  479.7  1   10.671   10.671  1   34.677   34.677  1
  480.7  480.7  1   10.659   10.659  1   34.678   34.678  1
  481.8  481.8  1   10.603   10.603  1   34.675   34.675  1
  482.8  482.8  1   10.579   10.579  1   34.668   34.668  1
  483.9  483.9  1   10.536   10.536  1   34.664   34.664  1
  484.9  484.9  1   10.523   10.523  1   34.661   34.661  1
  486.0  486.0  1   10.470   10.470  1   34.659   34.659  1
  487.0  487.0  1   10.402   10.402  1   34.651   34.651  1
  488.0  488.0  1   10.372   10.372  1   34.649   34.649  1
  489.1  489.1  1   10.339   10.339  1   34.645   34.645  1
  490.1  490.1  1   10.326   10.326  1   34.643   34.643  1
  491.2  491.2  1   10.303   10.303  1   34.640   34.640  1
  492.3  492.3  1   10.270   10.270  1   34.639   34.639  1
  493.4  493.4  1   10.233   10.233  1   34.632   34.632  1
  494.4  494.4  1   10.172   10.172  1   34.630   34.630  1
  495.5  495.5  1   10.097   10.097  1   34.619   34.619  1
  496.5  496.5  1   10.066   10.066  1   34.623   34.623  1
  497.5  497.5  1   10.046   10.046  1   34.617   34.617  1
  498.5  498.5  1   10.027   10.027  1   34.613   34.613  1
  499.6  499.6  1    9.992    9.992  1   34.615   34.615  1
  500.6  500.6  1    9.874    9.874  1   34.601   34.601  1
  501.6  501.6  1    9.818    9.818  1   34.597   34.597  1
  502.7  502.7  1    9.650    9.650  1   34.593   34.593  1
  503.7  503.7  1    9.633    9.633  1   34.585   34.585  1
  504.8  504.8  1    9.633    9.633  1   34.583   34.583  1
  505.8  505.8  1    9.598    9.598  1   34.586   34.586  1
  506.7  506.7  1    9.543    9.543  1   34.580   34.580  1
  507.7  507.7  1    9.500    9.500  1   34.576   34.576  1
  508.7  508.7  1    9.440    9.440  1   34.575   34.575  1
  509.6  509.6  1    9.393    9.393  1   34.575   34.575  1
  510.6  510.6  1    9.359    9.359  1   34.571   34.571  1
  511.6  511.6  1    9.266    9.266  1   34.570   34.570  1
  512.6  512.6  1    9.260    9.260  1   34.567   34.567  1
  513.5  513.5  1    9.179    9.179  1   34.573   34.573  1
  514.5  514.5  1    9.069    9.069  1   34.555   34.555  1
  515.5  515.5  1    9.046    9.046  1   34.551   34.551  1
  516.9  516.9  1    8.946    8.946  1   34.541   34.541  1
  518.4  518.4  1    8.884    8.884  1   34.538   34.538  1
  519.4  519.4  1    8.886    8.886  1   34.537   34.537  1
  520.3  520.3  1    8.887    8.887  1   34.536   34.536  1
  521.3  521.3  1    8.874    8.874  1   34.534   34.534  1
  522.2  522.2  1    8.815    8.815  1   34.543   34.543  1
  523.2  523.2  1    8.697    8.697  1   34.522   34.522  1
  524.1  524.1  1    8.674    8.674  1   34.517   34.517  1
  525.0  525.0  1    8.630    8.630  1   34.512   34.512  1
  525.9  525.9  1    8.575    8.575  1   34.509   34.509  1
  526.9  526.9  1    8.552    8.552  1   34.505   34.505  1
  527.8  527.8  1    8.534    8.534  1   34.504   34.504  1
  528.7  528.7  1    8.530    8.530  1   34.501   34.501  1
  529.6  529.6  1    8.529    8.529  1   34.500   34.500  1
  530.6  530.6  1    8.443    8.443  1   34.502   34.502  1
  531.9  531.9  1    8.411    8.411  1   34.490   34.490  1
  533.3  533.3  1    8.381    8.381  1   34.487   34.487  1
  534.2  534.2  1    8.360    8.360  1   34.491   34.491  1
  535.2  535.2  1    8.316    8.316  1   34.495   34.495  1
  536.1  536.1  1    8.257    8.257  1   34.481   34.481  1
  537.0  537.0  1    8.222    8.222  1   34.475   34.475  1
  538.0  538.0  1    8.212    8.212  1   34.474   34.474  1
  538.9  538.9  1    8.202    8.202  1   34.474   34.474  1
  539.9  539.9  1    8.196    8.196  1   34.474   34.474  1
  540.8  540.8  1    8.194    8.194  1   34.472   34.472  1
  541.8  541.8  1    8.192    8.192  1   34.473   34.473  1
  542.8  542.8  1    8.185    8.185  1   34.471   34.471  1
  543.8  543.8  1    8.152    8.152  1   34.466   34.466  1
  544.7  544.7  1    8.106    8.106  1   34.466   34.466  1
  545.7  545.7  1    8.058    8.058  1   34.460   34.460  1
  546.7  546.7  1    8.034    8.034  1   34.457   34.457  1
  547.7  547.7  1    8.030    8.030  1   34.455   34.455  1
  548.7  548.7  1    8.016    8.016  1   34.455   34.455  1
  549.7  549.7  1    7.998    7.998  1   34.452   34.452  1
  550.7  550.7  1    7.970    7.970  1   34.449   34.449  1
  551.7  551.7  1    7.956    7.956  1   34.449   34.449  1
  552.7  552.7  1    7.937    7.937  1   34.446   34.446  1
  553.7  553.7  1    7.920    7.920  1   34.443   34.443  1
  554.7  554.7  1    7.904    7.904  1   34.441   34.441  1
  555.7  555.7  1    7.844    7.844  1   34.441   34.441  1
  556.7  556.7  1    7.821    7.821  1   34.437   34.437  1
  557.8  557.8  1    7.806    7.806  1   34.436   34.436  1
  558.8  558.8  1    7.778    7.778  1   34.437   34.437  1
  559.8  559.8  1    7.759    7.759  1   34.436   34.436  1
  560.9  560.9  1    7.734    7.734  1   34.432   34.432  1
  562.0  562.0  1    7.689    7.689  1   34.432   34.432  1
  563.0  563.0  1    7.663    7.663  1   34.426   34.426  1
  564.0  564.0  1    7.659    7.659  1   34.429   34.429  1
  565.1  565.1  1    7.657    7.657  1   34.429   34.429  1
  566.1  566.1  1    7.657    7.657  1   34.429   34.429  1
  567.1  567.1  1    7.657    7.657  1   34.429   34.429  1
  568.2  568.2  1    7.657    7.657  1   34.428   34.428  1
  569.3  569.3  1    7.656    7.656  1   34.428   34.428  1
  570.3  570.3  1    7.655    7.655  1   34.427   34.427  1
  571.4  571.4  1    7.652    7.652  1   34.427   34.427  1
  572.4  572.4  1    7.630    7.630  1   34.427   34.427  1
  573.5  573.5  1    7.612    7.612  1   34.425   34.425  1
  574.6  574.6  1    7.594    7.594  1   34.425   34.425  1
  575.7  575.7  1    7.585    7.585  1   34.424   34.424  1
  576.7  576.7  1    7.569    7.569  1   34.423   34.423  1
  577.8  577.8  1    7.565    7.565  1   34.423   34.423  1
  578.9  578.9  1    7.560    7.560  1   34.421   34.421  1
  579.9  579.9  1    7.534    7.534  1   34.421   34.421  1
  581.0  581.0  1    7.508    7.508  1   34.419   34.419  1
  582.1  582.1  1    7.502    7.502  1   34.418   34.418  1
  583.1  583.1  1    7.494    7.494  1   34.418   34.418  1
  584.2  584.2  1    7.484    7.484  1   34.420   34.420  1
  585.3  585.3  1    7.474    7.474  1   34.420   34.420  1
  586.4  586.4  1    7.458    7.458  1   34.421   34.421  1
  587.5  587.5  1    7.446    7.446  1   34.418   34.418  1
  588.6  588.6  1    7.430    7.430  1   34.417   34.417  1
  589.7  589.7  1    7.427    7.427  1   34.416   34.416  1
  590.8  590.8  1    7.422    7.422  1   34.415   34.415  1
  591.9  591.9  1    7.400    7.400  1   34.416   34.416  1
  593.0  593.0  1    7.370    7.370  1   34.410   34.410  1
  594.1  594.1  1    7.371    7.371  1   34.410   34.410  1
  595.2  595.2  1    7.368    7.368  1   34.410   34.410  1
  596.3  596.3  1    7.358    7.358  1   34.409   34.409  1
  597.3  597.3  1    7.348    7.348  1   34.409   34.409  1
  598.4  598.4  1    7.316    7.316  1   34.409   34.409  1
  599.6  599.6  1    7.293    7.293  1   34.404   34.404  1
  600.6  600.6  1    7.270    7.270  1   34.402   34.402  1
  601.7  601.7  1    7.249    7.249  1   34.403   34.403  1
  602.7  602.7  1    7.214    7.214  1   34.402   34.402  1
  603.7  603.7  1    7.176    7.176  1   34.400   34.400  1
  604.9  604.9  1    7.135    7.135  1   34.396   34.396  1
  606.0  606.0  1    7.043    7.043  1   34.391   34.391  1
  606.9  606.9  1    7.027    7.027  1   34.389   34.389  1
  607.7  607.7  1    6.991    6.991  1   34.384   34.384  1
  608.9  608.9  1    6.969    6.969  1   34.383   34.383  1
  610.1  610.1  1    6.946    6.946  1   34.383   34.383  1
  610.9  610.9  1    6.935    6.935  1   34.381   34.381  1
  611.7  611.7  1    6.934    6.934  1   34.381   34.381  1
  613.0  613.0  1    6.941    6.941  1   34.385   34.385  1
  614.2  614.2  1    6.956    6.956  1   34.394   34.394  1
  615.0  615.0  1    6.937    6.937  1   34.391   34.391  1
  615.9  615.9  1    6.938    6.938  1   34.393   34.393  1
  616.7  616.7  1    6.937    6.937  1   34.392   34.392  1
  617.9  617.9  1    6.932    6.932  1   34.392   34.392  1
  619.2  619.2  1    6.931    6.931  1   34.394   34.394  1
  620.0  620.0  1    6.929    6.929  1   34.392   34.392  1
  620.8  620.8  1    6.928    6.928  1   34.392   34.392  1
  621.7  621.7  1    6.909    6.909  1   34.387   34.387  1
  622.9  622.9  1    6.881    6.881  1   34.387   34.387  1
  624.1  624.1  1    6.888    6.888  1   34.391   34.391  1
  625.0  625.0  1    6.892    6.892  1   34.393   34.393  1
  625.8  625.8  1    6.943    6.943  1   34.403   34.403  1
  626.6  626.6  1    6.952    6.952  1   34.406   34.406  1
  627.9  627.9  1    6.925    6.925  1   34.405   34.405  1
  629.2  629.2  1    6.896    6.896  1   34.403   34.403  1
  630.0  630.0  1    6.894    6.894  1   34.401   34.401  1
  630.8  630.8  1    6.886    6.886  1   34.401   34.401  1
  631.6  631.6  1    6.869    6.869  1   34.400   34.400  1
  632.9  632.9  1    6.860    6.860  1   34.399   34.399  1
  634.1  634.1  1    6.839    6.839  1   34.401   34.401  1
  635.0  635.0  1    6.823    6.823  1   34.398   34.398  1
  635.8  635.8  1    6.817    6.817  1   34.397   34.397  1
  636.7  636.7  1    6.813    6.813  1   34.396   34.396  1
  637.9  637.9  1    6.804    6.804  1   34.396   34.396  1
  639.2  639.2  1    6.799    6.799  1   34.396   34.396  1
  640.0  640.0  1    6.794    6.794  1   34.395   34.395  1
  640.9  640.9  1    6.788    6.788  1   34.395   34.395  1
  641.7  641.7  1    6.779    6.779  1   34.394   34.394  1
  643.0  643.0  1    6.766    6.766  1   34.394   34.394  1
  644.3  644.3  1    6.756    6.756  1   34.393   34.393  1
  645.1  645.1  1    6.748    6.748  1   34.393   34.393  1
  645.9  645.9  1    6.737    6.737  1   34.393   34.393  1
  646.8  646.8  1    6.732    6.732  1   34.392   34.392  1
  647.6  647.6  1    6.714    6.714  1   34.391   34.391  1
  648.9  648.9  1    6.708    6.708  1   34.390   34.390  1
  650.2  650.2  1    6.708    6.708  1   34.391   34.391  1
  651.0  651.0  1    6.708    6.708  1   34.390   34.390  1
  651.9  651.9  1    6.708    6.708  1   34.391   34.391  1
  652.7  652.7  1    6.707    6.707  1   34.390   34.390  1
  654.0  654.0  1    6.703    6.703  1   34.390   34.390  1
  655.2  655.2  1    6.701    6.701  1   34.388   34.388  1
  656.1  656.1  1    6.692    6.692  1   34.389   34.389  1
  656.9  656.9  1    6.681    6.681  1   34.389   34.389  1
  657.8  657.8  1    6.674    6.674  1   34.387   34.387  1
  659.0  659.0  1    6.657    6.657  1   34.386   34.386  1
  660.3  660.3  1    6.633    6.633  1   34.385   34.385  1
  661.1  661.1  1    6.609    6.609  1   34.383   34.383  1
  662.0  662.0  1    6.598    6.598  1   34.382   34.382  1
  662.8  662.8  1    6.583    6.583  1   34.383   34.383  1
  663.7  663.7  1    6.541    6.541  1   34.382   34.382  1
  664.9  664.9  1    6.523    6.523  1   34.379   34.379  1
  666.2  666.2  1    6.488    6.488  1   34.379   34.379  1
  667.1  667.1  1    6.471    6.471  1   34.375   34.375  1
  667.9  667.9  1    6.462    6.462  1   34.375   34.375  1
  668.8  668.8  1    6.448    6.448  1   34.372   34.372  1
  669.6  669.6  1    6.445    6.445  1   34.372   34.372  1
  670.9  670.9  1    6.416    6.416  1   34.369   34.369  1
  672.2  672.2  1    6.393    6.393  1   34.367   34.367  1
  673.0  673.0  1    6.362    6.362  1   34.367   34.367  1
  673.9  673.9  1    6.352    6.352  1   34.364   34.364  1
  674.7  674.7  1    6.345    6.345  1   34.365   34.365  1
  675.9  675.9  1    6.329    6.329  1   34.363   34.363  1
  677.3  677.3  1    6.330    6.330  1   34.362   34.362  1
  678.1  678.1  1    6.326    6.326  1   34.363   34.363  1
  679.0  679.0  1    6.269    6.269  1   34.366   34.366  1
  679.9  679.9  1    6.246    6.246  1   34.359   34.359  1
  680.7  680.7  1    6.217    6.217  1   34.359   34.359  1
  681.6  681.6  1    6.207    6.207  1   34.358   34.358  1
  682.9  682.9  1    6.186    6.186  1   34.357   34.357  1
  684.2  684.2  1    6.166    6.166  1   34.358   34.358  1
  685.1  685.1  1    6.164    6.164  1   34.357   34.357  1
  686.0  686.0  1    6.164    6.164  1   34.357   34.357  1
  686.9  686.9  1    6.165    6.165  1   34.356   34.356  1
  687.7  687.7  1    6.163    6.163  1   34.356   34.356  1
  688.6  688.6  1    6.142    6.142  1   34.356   34.356  1
  689.9  689.9  1    6.085    6.085  1   34.356   34.356  1
  691.2  691.2  1    6.057    6.057  1   34.355   34.355  1
  692.1  692.1  1    6.051    6.051  1   34.354   34.354  1
  693.0  693.0  1    6.049    6.049  1   34.353   34.353  1
  693.9  693.9  1    6.046    6.046  1   34.352   34.352  1
  694.8  694.8  1    6.045    6.045  1   34.354   34.354  1
  695.7  695.7  1    6.038    6.038  1   34.354   34.354  1
  696.6  696.6  1    6.034    6.034  1   34.352   34.352  1
  697.6  697.6  1    6.029    6.029  1   34.352   34.352  1
  698.9  698.9  1    6.011    6.011  1   34.352   34.352  1
  700.3  700.3  1    6.001    6.001  1   34.353   34.353  1
  701.2  701.2  1    6.001    6.001  1   34.353   34.353  1
  702.1  702.1  1    5.999    5.999  1   34.352   34.352  1
  703.0  703.0  1    5.999    5.999  1   34.351   34.351  1
  703.9  703.9  1    5.996    5.996  1   34.352   34.352  1
  704.8  704.8  1    5.993    5.993  1   34.353   34.353  1
  705.8  705.8  1    5.995    5.995  1   34.352   34.352  1
  706.7  706.7  1    5.984    5.984  1   34.356   34.356  1
  707.7  707.7  1    5.961    5.961  1   34.354   34.354  1
  708.6  708.6  1    5.955    5.955  1   34.353   34.353  1
  709.5  709.5  1    5.948    5.948  1   34.351   34.351  1
  710.9  710.9  1    5.944    5.944  1   34.352   34.352  1
  712.4  712.4  1    5.936    5.936  1   34.352   34.352  1
  713.4  713.4  1    5.936    5.936  1   34.353   34.353  1
  714.3  714.3  1    5.936    5.936  1   34.353   34.353  1
  715.3  715.3  1    5.938    5.938  1   34.352   34.352  1
  716.3  716.3  1    5.938    5.938  1   34.353   34.353  1
  717.3  717.3  1    5.938    5.938  1   34.353   34.353  1
  718.3  718.3  1    5.940    5.940  1   34.353   34.353  1
  719.3  719.3  1    5.940    5.940  1   34.352   34.352  1
  720.3  720.3  1    5.929    5.929  1   34.353   34.353  1
  721.4  721.4  1    5.922    5.922  1   34.353   34.353  1
  722.4  722.4  1    5.905    5.905  1   34.352   34.352  1
  723.4  723.4  1    5.898    5.898  1   34.352   34.352  1
  724.4  724.4  1    5.898    5.898  1   34.353   34.353  1
  725.4  725.4  1    5.897    5.897  1   34.353   34.353  1
  726.4  726.4  1    5.896    5.896  1   34.353   34.353  1
  727.4  727.4  1    5.895    5.895  1   34.354   34.354  1
  728.4  728.4  1    5.893    5.893  1   34.354   34.354  1
  729.4  729.4  1    5.893    5.893  1   34.354   34.354  1
  730.5  730.5  1    5.892    5.892  1   34.353   34.353  1
  731.5  731.5  1    5.886    5.886  1   34.355   34.355  1
  732.5  732.5  1    5.884    5.884  1   34.356   34.356  1
  733.9  733.9  1    5.880    5.880  1   34.357   34.357  1
  735.4  735.4  1    5.844    5.844  1   34.366   34.366  1
  736.5  736.5  1    5.830    5.830  1   34.362   34.362  1
  737.5  737.5  1    5.804    5.804  1   34.363   34.363  1
  738.5  738.5  1    5.782    5.782  1   34.360   34.360  1
  739.5  739.5  1    5.779    5.779  1   34.360   34.360  1
  740.5  740.5  1    5.759    5.759  1   34.360   34.360  1
  741.6  741.6  1    5.741    5.741  1   34.360   34.360  1
  742.6  742.6  1    5.735    5.735  1   34.359   34.359  1
  743.6  743.6  1    5.731    5.731  1   34.358   34.358  1
  744.6  744.6  1    5.716    5.716  1   34.359   34.359  1
  745.6  745.6  1    5.685    5.685  1   34.357   34.357  1
  746.7  746.7  1    5.675    5.675  1   34.355   34.355  1
  747.7  747.7  1    5.665    5.665  1   34.354   34.354  1
  748.7  748.7  1    5.657    5.657  1   34.355   34.355  1
  749.7  749.7  1    5.645    5.645  1   34.354   34.354  1
  750.8  750.8  1    5.639    5.639  1   34.354   34.354  1
  751.8  751.8  1    5.640    5.640  1   34.355   34.355  1
  752.8  752.8  1    5.638    5.638  1   34.354   34.354  1
  753.8  753.8  1    5.635    5.635  1   34.354   34.354  1
  754.8  754.8  1    5.638    5.638  1   34.355   34.355  1
  755.8  755.8  1    5.640    5.640  1   34.356   34.356  1
  756.9  756.9  1    5.641    5.641  1   34.355   34.355  1
  757.9  757.9  1    5.643    5.643  1   34.357   34.357  1
  758.9  758.9  1    5.633    5.633  1   34.357   34.357  1
  760.0  760.0  1    5.629    5.629  1   34.356   34.356  1
  761.0  761.0  1    5.620    5.620  1   34.359   34.359  1
  762.0  762.0  1    5.604    5.604  1   34.360   34.360  1
  763.0  763.0  1    5.606    5.606  1   34.361   34.361  1
  764.1  764.1  1    5.609    5.609  1   34.363   34.363  1
  765.1  765.1  1    5.610    5.610  1   34.364   34.364  1
  766.1  766.1  1    5.612    5.612  1   34.365   34.365  1
  767.2  767.2  1    5.608    5.608  1   34.364   34.364  1
  768.2  768.2  1    5.600    5.600  1   34.363   34.363  1
  769.3  769.3  1    5.573    5.573  1   34.362   34.362  1
  770.3  770.3  1    5.572    5.572  1   34.363   34.363  1
  771.4  771.4  1    5.573    5.573  1   34.363   34.363  1
  772.4  772.4  1    5.561    5.561  1   34.364   34.364  1
  773.4  773.4  1    5.557    5.557  1   34.364   34.364  1
  774.4  774.4  1    5.554    5.554  1   34.364   34.364  1
  775.4  775.4  1    5.552    5.552  1   34.364   34.364  1
  776.5  776.5  1    5.542    5.542  1   34.365   34.365  1
  777.5  777.5  1    5.536    5.536  1   34.365   34.365  1
  778.5  778.5  1    5.532    5.532  1   34.365   34.365  1
  779.5  779.5  1    5.527    5.527  1   34.365   34.365  1
  780.6  780.6  1    5.525    5.525  1   34.364   34.364  1
  781.6  781.6  1    5.522    5.522  1   34.364   34.364  1
  782.6  782.6  1    5.518    5.518  1   34.365   34.365  1
  783.6  783.6  1    5.516    5.516  1   34.365   34.365  1
  784.7  784.7  1    5.513    5.513  1   34.366   34.366  1
  785.7  785.7  1    5.501    5.501  1   34.366   34.366  1
  786.8  786.8  1    5.496    5.496  1   34.365   34.365  1
  787.8  787.8  1    5.491    5.491  1   34.366   34.366  1
  788.8  788.8  1    5.490    5.490  1   34.365   34.365  1
  789.9  789.9  1    5.480    5.480  1   34.366   34.366  1
  790.9  790.9  1    5.471    5.471  1   34.366   34.366  1
  791.9  791.9  1    5.469    5.469  1   34.366   34.366  1
  793.0  793.0  1    5.465    5.465  1   34.366   34.366  1
  794.0  794.0  1    5.461    5.461  1   34.366   34.366  1
  795.1  795.1  1    5.449    5.449  1   34.366   34.366  1
  796.1  796.1  1    5.440    5.440  1   34.366   34.366  1
  797.1  797.1  1    5.421    5.421  1   34.365   34.365  1
  798.1  798.1  1    5.420    5.420  1   34.365   34.365  1
  799.1  799.1  1    5.420    5.420  1   34.364   34.364  1
  800.2  800.2  1    5.418    5.418  1   34.364   34.364  1
  801.2  801.2  1    5.411    5.411  1   34.364   34.364  1
  802.2  802.2  1    5.398    5.398  1   34.369   34.369  1
  803.3  803.3  1    5.379    5.379  1   34.365   34.365  1
  804.3  804.3  1    5.374    5.374  1   34.363   34.363  1
  805.3  805.3  1    5.375    5.375  1   34.364   34.364  1
  806.4  806.4  1    5.375    5.375  1   34.364   34.364  1
  807.4  807.4  1    5.367    5.367  1   34.365   34.365  1
  808.4  808.4  1    5.344    5.344  1   34.365   34.365  1
  809.4  809.4  1    5.331    5.331  1   34.362   34.362  1
  810.5  810.5  1    5.325    5.325  1   34.362   34.362  1
  811.5  811.5  1    5.303    5.303  1   34.362   34.362  1
  812.5  812.5  1    5.303    5.303  1   34.361   34.361  1
  813.5  813.5  1    5.301    5.301  1   34.361   34.361  1
  814.6  814.6  1    5.296    5.296  1   34.361   34.361  1
  815.6  815.6  1    5.291    5.291  1   34.362   34.362  1
  816.6  816.6  1    5.274    5.274  1   34.363   34.363  1
  817.6  817.6  1    5.265    5.265  1   34.365   34.365  1
  818.6  818.6  1    5.260    5.260  1   34.366   34.366  1
  819.7  819.7  1    5.259    5.259  1   34.366   34.366  1
  820.7  820.7  1    5.260    5.260  1   34.366   34.366  1
  821.7  821.7  1    5.259    5.259  1   34.367   34.367  1
  822.7  822.7  1    5.258    5.258  1   34.367   34.367  1
  823.7  823.7  1    5.254    5.254  1   34.370   34.370  1
  824.7  824.7  1    5.253    5.253  1   34.370   34.370  1
  825.8  825.8  1    5.251    5.251  1   34.371   34.371  1
  826.8  826.8  1    5.249    5.249  1   34.372   34.372  1
  827.8  827.8  1    5.244    5.244  1   34.373   34.373  1
  828.8  828.8  1    5.240    5.240  1   34.373   34.373  1
  829.8  829.8  1    5.240    5.240  1   34.373   34.373  1
  830.8  830.8  1    5.237    5.237  1   34.372   34.372  1
  831.8  831.8  1    5.233    5.233  1   34.373   34.373  1
  832.9  832.9  1    5.223    5.223  1   34.374   34.374  1
  833.9  833.9  1    5.221    5.221  1   34.373   34.373  1
  834.9  834.9  1    5.219    5.219  1   34.373   34.373  1
  835.9  835.9  1    5.213    5.213  1   34.373   34.373  1
  837.0  837.0  1    5.210    5.210  1   34.373   34.373  1
  838.0  838.0  1    5.208    5.208  1   34.372   34.372  1
  839.0  839.0  1    5.203    5.203  1   34.370   34.370  1
  840.1  840.1  1    5.178    5.178  1   34.368   34.368  1
  841.1  841.1  1    5.169    5.169  1   34.369   34.369  1
  842.1  842.1  1    5.139    5.139  1   34.366   34.366  1
  843.2  843.2  1    5.127    5.127  1   34.367   34.367  1
  844.2  844.2  1    5.113    5.113  1   34.367   34.367  1
  845.3  845.3  1    5.112    5.112  1   34.366   34.366  1
  846.3  846.3  1    5.109    5.109  1   34.366   34.366  1
  847.4  847.4  1    5.108    5.108  1   34.366   34.366  1
  848.5  848.5  1    5.106    5.106  1   34.366   34.366  1
  849.5  849.5  1    5.096    5.096  1   34.367   34.367  1
  850.6  850.6  1    5.070    5.070  1   34.370   34.370  1
  851.6  851.6  1    5.022    5.022  1   34.378   34.378  1
  853.0  853.0  1    4.982    4.982  1   34.367   34.367  1
  854.2  854.2  1    4.975    4.975  1   34.366   34.366  1
  855.1  855.1  1    4.973    4.973  1   34.366   34.366  1
  855.9  855.9  1    4.969    4.969  1   34.366   34.366  1
  856.7  856.7  1    4.967    4.967  1   34.367   34.367  1
  857.9  857.9  1    4.962    4.962  1   34.366   34.366  1
  859.2  859.2  1    4.957    4.957  1   34.367   34.367  1
  860.0  860.0  1    4.955    4.955  1   34.366   34.366  1
  860.8  860.8  1    4.952    4.952  1   34.367   34.367  1
  862.0  862.0  1    4.945    4.945  1   34.366   34.366  1
  863.2  863.2  1    4.938    4.938  1   34.366   34.366  1
  864.0  864.0  1    4.924    4.924  1   34.367   34.367  1
  864.8  864.8  1    4.922    4.922  1   34.367   34.367  1
  865.9  865.9  1    4.919    4.919  1   34.367   34.367  1
  867.1  867.1  1    4.913    4.913  1   34.369   34.369  1
  867.9  867.9  1    4.893    4.893  1   34.369   34.369  1
  868.8  868.8  1    4.892    4.892  1   34.369   34.369  1
  870.0  870.0  1    4.890    4.890  1   34.369   34.369  1
  871.2  871.2  1    4.887    4.887  1   34.369   34.369  1
  872.1  872.1  1    4.882    4.882  1   34.369   34.369  1
  872.9  872.9  1    4.880    4.880  1   34.369   34.369  1
  873.8  873.8  1    4.879    4.879  1   34.369   34.369  1
  874.7  874.7  1    4.878    4.878  1   34.369   34.369  1
  875.9  875.9  1    4.871    4.871  1   34.370   34.370  1
  877.2  877.2  1    4.868    4.868  1   34.372   34.372  1
  878.1  878.1  1    4.865    4.865  1   34.371   34.371  1
  879.0  879.0  1    4.864    4.864  1   34.371   34.371  1
  879.8  879.8  1    4.863    4.863  1   34.372   34.372  1
  880.7  880.7  1    4.862    4.862  1   34.372   34.372  1
  881.6  881.6  1    4.857    4.857  1   34.371   34.371  1
  882.9  882.9  1    4.844    4.844  1   34.372   34.372  1
  884.2  884.2  1    4.829    4.829  1   34.373   34.373  1
  885.1  885.1  1    4.825    4.825  1   34.373   34.373  1
  886.0  886.0  1    4.822    4.822  1   34.373   34.373  1
  886.9  886.9  1    4.808    4.808  1   34.375   34.375  1
  887.8  887.8  1    4.802    4.802  1   34.375   34.375  1
  888.7  888.7  1    4.799    4.799  1   34.376   34.376  1
  890.0  890.0  1    4.795    4.795  1   34.377   34.377  1
  891.4  891.4  1    4.794    4.794  1   34.377   34.377  1
  892.3  892.3  1    4.788    4.788  1   34.378   34.378  1
  893.2  893.2  1    4.786    4.786  1   34.377   34.377  1
  894.1  894.1  1    4.778    4.778  1   34.378   34.378  1
  895.0  895.0  1    4.778    4.778  1   34.378   34.378  1
  896.0  896.0  1    4.778    4.778  1   34.378   34.378  1
  896.9  896.9  1    4.774    4.774  1   34.378   34.378  1
  897.9  897.9  1    4.774    4.774  1   34.378   34.378  1
  898.8  898.8  1    4.773    4.773  1   34.378   34.378  1
  899.7  899.7  1    4.773    4.773  1   34.377   34.377  1
  900.7  900.7  1    4.767    4.767  1   34.378   34.378  1
  901.6  901.6  1    4.764    4.764  1   34.378   34.378  1
  902.9  902.9  1    4.764    4.764  1   34.377   34.377  1
  904.4  904.4  1    4.763    4.763  1   34.378   34.378  1
  905.3  905.3  1    4.762    4.762  1   34.378   34.378  1
  906.2  906.2  1    4.761    4.761  1   34.377   34.377  1
  907.1  907.1  1    4.755    4.755  1   34.377   34.377  1
  908.1  908.1  1    4.735    4.735  1   34.379   34.379  1
  909.0  909.0  1    4.731    4.731  1   34.380   34.380  1
  909.9  909.9  1    4.725    4.725  1   34.380   34.380  1
  910.8  910.8  1    4.720    4.720  1   34.380   34.380  1
  911.8  911.8  1    4.718    4.718  1   34.379   34.379  1
  912.7  912.7  1    4.717    4.717  1   34.379   34.379  1
  913.7  913.7  1    4.715    4.715  1   34.381   34.381  1
  914.6  914.6  1    4.713    4.713  1   34.380   34.380  1
  915.5  915.5  1    4.710    4.710  1   34.380   34.380  1
  916.9  916.9  1    4.706    4.706  1   34.380   34.380  1
  918.3  918.3  1    4.704    4.704  1   34.380   34.380  1
  919.3  919.3  1    4.701    4.701  1   34.380   34.380  1
  920.3  920.3  1    4.698    4.698  1   34.380   34.380  1
  921.2  921.2  1    4.686    4.686  1   34.381   34.381  1
  922.2  922.2  1    4.679    4.679  1   34.382   34.382  1
  923.1  923.1  1    4.675    4.675  1   34.382   34.382  1
  924.1  924.1  1    4.669    4.669  1   34.382   34.382  1
  925.0  925.0  1    4.665    4.665  1   34.383   34.383  1
  926.0  926.0  1    4.661    4.661  1   34.383   34.383  1
  927.0  927.0  1    4.660    4.660  1   34.383   34.383  1
  927.9  927.9  1    4.652    4.652  1   34.384   34.384  1
  928.9  928.9  1    4.645    4.645  1   34.384   34.384  1
  929.9  929.9  1    4.645    4.645  1   34.384   34.384  1
  930.8  930.8  1    4.643    4.643  1   34.384   34.384  1
  931.8  931.8  1    4.640    4.640  1   34.385   34.385  1
  932.7  932.7  1    4.636    4.636  1   34.384   34.384  1
  933.7  933.7  1    4.630    4.630  1   34.385   34.385  1
  934.6  934.6  1    4.621    4.621  1   34.386   34.386  1
  935.6  935.6  1    4.613    4.613  1   34.385   34.385  1
  936.6  936.6  1    4.611    4.611  1   34.385   34.385  1
  937.5  937.5  1    4.599    4.599  1   34.389   34.389  1
  938.5  938.5  1    4.595    4.595  1   34.387   34.387  1
  939.5  939.5  1    4.595    4.595  1   34.387   34.387  1
  940.5  940.5  1    4.594    4.594  1   34.387   34.387  1
  941.5  941.5  1    4.592    4.592  1   34.388   34.388  1
  942.5  942.5  1    4.590    4.590  1   34.389   34.389  1
  943.5  943.5  1    4.590    4.590  1   34.388   34.388  1
  944.9  944.9  1    4.586    4.586  1   34.389   34.389  1
  946.9  946.9  1    4.583    4.583  1   34.389   34.389  1
  948.5  948.5  1    4.579    4.579  1   34.390   34.390  1
  949.5  949.5  1    4.575    4.575  1   34.391   34.391  1
  950.5  950.5  1    4.571    4.571  1   34.392   34.392  1
  951.5  951.5  1    4.566    4.566  1   34.393   34.393  1
  952.5  952.5  1    4.559    4.559  1   34.394   34.394  1
  953.5  953.5  1    4.547    4.547  1   34.395   34.395  1
  954.5  954.5  1    4.547    4.547  1   34.395   34.395  1
  955.5  955.5  1    4.546    4.546  1   34.395   34.395  1
  956.5  956.5  1    4.547    4.547  1   34.395   34.395  1
  957.5  957.5  1    4.546    4.546  1   34.395   34.395  1
  958.5  958.5  1    4.547    4.547  1   34.394   34.394  1
  959.5  959.5  1    4.546    4.546  1   34.395   34.395  1
  960.5  960.5  1    4.546    4.546  1   34.394   34.394  1
  961.9  961.9  1    4.529    4.529  1   34.396   34.396  1
  963.4  963.4  1    4.505    4.505  1   34.397   34.397  1
  964.4  964.4  1    4.497    4.497  1   34.397   34.397  1
  965.4  965.4  1    4.491    4.491  1   34.398   34.398  1
  966.4  966.4  1    4.469    4.469  1   34.400   34.400  1
  967.4  967.4  1    4.461    4.461  1   34.400   34.400  1
  968.4  968.4  1    4.454    4.454  1   34.400   34.400  1
  969.4  969.4  1    4.452    4.452  1   34.400   34.400  1
  970.4  970.4  1    4.447    4.447  1   34.401   34.401  1
  971.4  971.4  1    4.443    4.443  1   34.400   34.400  1
  972.4  972.4  1    4.443    4.443  1   34.401   34.401  1
  973.4  973.4  1    4.439    4.439  1   34.402   34.402  1
  974.4  974.4  1    4.429    4.429  1   34.402   34.402  1
  975.4  975.4  1    4.419    4.419  1   34.402   34.402  1
  976.4  976.4  1    4.409    4.409  1   34.403   34.403  1
  977.4  977.4  1    4.405    4.405  1   34.403   34.403  1
  978.4  978.4  1    4.402    4.402  1   34.403   34.403  1
  979.9  979.9  1    4.393    4.393  1   34.403   34.403  1
  981.5  981.5  1    4.391    4.391  1   34.404   34.404  1
  982.5  982.5  1    4.390    4.390  1   34.404   34.404  1
  983.5  983.5  1    4.387    4.387  1   34.404   34.404  1
  984.5  984.5  1    4.385    4.385  1   34.404   34.404  1
  985.5  985.5  1    4.383    4.383  1   34.404   34.404  1
  986.5  986.5  1    4.379    4.379  1   34.404   34.404  1
  987.5  987.5  1    4.368    4.368  1   34.405   34.405  1
  988.5  988.5  1    4.362    4.362  1   34.405   34.405  1
  989.5  989.5  1    4.357    4.357  1   34.405   34.405  1
  990.5  990.5  1    4.346    4.346  1   34.406   34.406  1
  991.5  991.5  1    4.337    4.337  1   34.406   34.406  1
  992.5  992.5  1    4.334    4.334  1   34.406   34.406  1
  993.5  993.5  1    4.330    4.330  1   34.407   34.407  1
  994.9  994.9  1    4.326    4.326  1   34.406   34.406  1
  996.4  996.4  1    4.325    4.325  1   34.406   34.406  1
  997.4  997.4  1    4.322    4.322  1   34.407   34.407  1
  998.3  998.3  1    4.318    4.318  1   34.406   34.406  1
  999.3  999.3  1    4.309    4.309  1   34.408   34.408  1
 1000.3 1000.3  1    4.294    4.294  1   34.409   34.409  1
 1001.6 1001.6  1    4.275    4.275  1   34.409   34.409  1
 1003.6 1003.6  1    4.263    4.263  1   34.410   34.410  1
 1005.4 1005.4  1    4.255    4.255  1   34.411   34.411  1
 1007.2 1007.2  1    4.228    4.228  1   34.413   34.413  1
 1009.3 1009.3  1    4.203    4.203  1   34.415   34.415  1
 1011.5 1011.5  1    4.165    4.165  1   34.418   34.418  1
 1013.6 1013.6  1    4.113    4.113  1   34.421   34.421  1
 1014.9 1014.9  1    4.101    4.101  1   34.422   34.422  1
