*SoftWare Version 3.0  2018/12/27

*HEADER
     PLATFORM NUMBER       :6902732
     CYCLE NUMBER          :212
     DATE CREATION         :20191223133304
     DATE UPDATE           :20191223133530
     PROJECT NAME          :NAOS
     PI NAME               :Fabrizio D'ortenzio
     INSTRUMENT TYPE       :PROVOR_III
     FLOAT SERIAL NO       :OIN-12-S4-38
     FIRMWARE VERSION      :1.07
     WMO INSTRUMENT TYPE   :836
     TRANSMISSION SYSTEM   :IRIDIUM
     POSITIONING SYSTEM    :GPS
     SAMPLE DIRECTION      :A(A=Ascend; D=Descend)
     DATA MODE             :R(R=Real Time; D=Delayed Mode; A=Real Time Adjusted)
     JULIAN DAY            :25558.4750 (days since 1950-01-01 00:00:00 UTC)
     DATE                  :2019-12-23
     QC FLAG FOR DATE      :1
*LOCATION
     LATITUDE              :40.336  
     LONGITUDE             :7.252   
     QC FLAG FOR LOCATION  :1
*FILE
     COLUMN 1              :Pressure (dbar)                             F7.1
     COLUMN 2              :Corrected Pressure (dbar)                   F7.1
     COLUMN 3              :Quality on Pressure                         I3
     COLUMN 4              :Temperature (degree_Celsius)                F9.3
     COLUMN 5              :Corrected Temperature (degree_Celsius)      F9.3
     COLUMN 6              :Quality on Temperature                      I3
     COLUMN 7              :Salinity (PSU)                              F9.3
     COLUMN 8              :Corrected Salinity (PSU)                    F9.3
     COLUMN 9              :Quality on Salinity                         I3
==========================================================================
    2.9    2.9  1   16.258   16.258  1   37.636   37.636  1
    3.6    3.6  1   16.258   16.258  1   37.636   37.636  1
    4.6    4.6  1   16.257   16.257  1   37.636   37.636  1
    5.6    5.6  1   16.257   16.257  1   37.636   37.636  1
    6.6    6.6  1   16.258   16.258  1   37.636   37.636  1
    7.7    7.7  1   16.258   16.258  1   37.636   37.636  1
    8.7    8.7  1   16.258   16.258  1   37.636   37.636  1
    9.7    9.7  1   16.258   16.258  1   37.636   37.636  1
   10.5   10.5  1   16.259   16.259  1   37.636   37.636  1
   11.3   11.3  1   16.259   16.259  1   37.636   37.636  1
   12.3   12.3  1   16.260   16.260  1   37.635   37.635  1
   13.4   13.4  1   16.260   16.260  1   37.635   37.635  1
   14.5   14.5  1   16.260   16.260  1   37.635   37.635  1
   15.7   15.7  1   16.260   16.260  1   37.635   37.635  1
   16.7   16.7  1   16.261   16.261  1   37.635   37.635  1
   17.4   17.4  1   16.261   16.261  1   37.635   37.635  1
   18.5   18.5  1   16.261   16.261  1   37.635   37.635  1
   19.4   19.4  1   16.261   16.261  1   37.635   37.635  1
   20.5   20.5  1   16.260   16.260  1   37.635   37.635  1
   21.6   21.6  1   16.261   16.261  1   37.635   37.635  1
   22.5   22.5  1   16.260   16.260  1   37.636   37.636  1
   23.6   23.6  1   16.261   16.261  1   37.635   37.635  1
   24.5   24.5  1   16.261   16.261  1   37.635   37.635  1
   25.5   25.5  1   16.261   16.261  1   37.636   37.636  1
   26.4   26.4  1   16.261   16.261  1   37.635   37.635  1
   27.4   27.4  1   16.262   16.262  1   37.635   37.635  1
   28.3   28.3  1   16.262   16.262  1   37.635   37.635  1
   29.6   29.6  1   16.262   16.262  1   37.635   37.635  1
   30.6   30.6  1   16.262   16.262  1   37.636   37.636  1
   31.6   31.6  1   16.261   16.261  1   37.636   37.636  1
   32.6   32.6  1   16.262   16.262  1   37.635   37.635  1
   33.5   33.5  1   16.261   16.261  1   37.636   37.636  1
   34.6   34.6  1   16.262   16.262  1   37.635   37.635  1
   35.5   35.5  1   16.262   16.262  1   37.636   37.636  1
   36.4   36.4  1   16.262   16.262  1   37.635   37.635  1
   37.6   37.6  1   16.260   16.260  1   37.637   37.637  1
   38.6   38.6  1   16.261   16.261  1   37.636   37.636  1
   39.4   39.4  1   16.261   16.261  1   37.637   37.637  1
   40.3   40.3  1   16.257   16.257  1   37.639   37.639  1
   41.5   41.5  1   16.256   16.256  1   37.640   37.640  1
   42.5   42.5  1   16.258   16.258  1   37.638   37.638  1
   43.6   43.6  1   16.259   16.259  1   37.638   37.638  1
   44.6   44.6  1   16.258   16.258  1   37.638   37.638  1
   45.6   45.6  1   16.256   16.256  1   37.640   37.640  1
   46.7   46.7  1   16.248   16.248  1   37.645   37.645  1
   47.7   47.7  1   16.249   16.249  1   37.645   37.645  1
   48.6   48.6  1   16.250   16.250  1   37.644   37.644  1
   49.6   49.6  1   16.243   16.243  1   37.649   37.649  1
   50.6   50.6  1   16.250   16.250  1   37.644   37.644  1
   51.4   51.4  1   16.249   16.249  1   37.644   37.644  1
   52.4   52.4  1   16.250   16.250  1   37.645   37.645  1
   53.4   53.4  1   16.250   16.250  1   37.645   37.645  1
   54.4   54.4  1   16.249   16.249  1   37.646   37.646  1
   55.4   55.4  1   16.245   16.245  1   37.648   37.648  1
   56.4   56.4  1   16.244   16.244  1   37.648   37.648  1
   57.6   57.6  1   16.245   16.245  1   37.647   37.647  1
   58.6   58.6  1   16.247   16.247  1   37.647   37.647  1
   59.5   59.5  1   16.245   16.245  1   37.648   37.648  1
   60.4   60.4  1   16.242   16.242  1   37.649   37.649  1
   61.4   61.4  1   16.239   16.239  1   37.650   37.650  1
   62.4   62.4  1   16.234   16.234  1   37.650   37.650  1
   63.4   63.4  1   16.162   16.162  1   37.673   37.673  1
   64.4   64.4  1   16.106   16.106  1   37.682   37.682  1
   65.4   65.4  1   15.962   15.962  1   37.699   37.699  1
   66.5   66.5  1   15.789   15.789  1   37.713   37.713  1
   67.5   67.5  1   15.613   15.613  1   37.731   37.731  1
   68.5   68.5  1   15.434   15.434  1   37.744   37.744  1
   69.7   69.7  1   15.231   15.231  1   37.774   37.774  1
   70.7   70.7  1   15.102   15.102  1   37.804   37.804  1
   71.6   71.6  1   15.056   15.056  1   37.817   37.817  1
   72.7   72.7  1   15.042   15.042  1   37.822   37.822  1
   73.7   73.7  1   15.031   15.031  1   37.824   37.824  1
   74.4   74.4  1   15.018   15.018  1   37.827   37.827  1
   75.4   75.4  1   14.965   14.965  1   37.841   37.841  1
   76.4   76.4  1   14.904   14.904  1   37.855   37.855  1
   77.4   77.4  1   14.862   14.862  1   37.864   37.864  1
   78.7   78.7  1   14.848   14.848  1   37.866   37.866  1
   79.5   79.5  1   14.838   14.838  1   37.867   37.867  1
   80.4   80.4  1   14.812   14.812  1   37.870   37.870  1
   81.5   81.5  1   14.758   14.758  1   37.876   37.876  1
   82.5   82.5  1   14.726   14.726  1   37.881   37.881  1
   83.6   83.6  1   14.702   14.702  1   37.891   37.891  1
   84.4   84.4  1   14.696   14.696  1   37.905   37.905  1
   85.3   85.3  1   14.732   14.732  1   37.931   37.931  1
   86.3   86.3  1   14.743   14.743  1   37.940   37.940  1
   87.4   87.4  1   14.757   14.757  1   37.953   37.953  1
   88.5   88.5  1   14.774   14.774  1   37.971   37.971  1
   89.5   89.5  1   14.759   14.759  1   37.983   37.983  1
   90.5   90.5  1   14.743   14.743  1   37.994   37.994  1
   91.5   91.5  1   14.710   14.710  1   37.995   37.995  1
   92.3   92.3  1   14.660   14.660  1   38.004   38.004  1
   93.3   93.3  1   14.590   14.590  1   38.009   38.009  1
   94.3   94.3  1   14.568   14.568  1   38.018   38.018  1
   95.3   95.3  1   14.552   14.552  1   38.018   38.018  1
   96.4   96.4  1   14.523   14.523  1   38.024   38.024  1
   97.5   97.5  1   14.479   14.479  1   38.034   38.034  1
   98.7   98.7  1   14.430   14.430  1   38.047   38.047  1
   99.7   99.7  1   14.390   14.390  1   38.058   38.058  1
  100.6  100.6  1   14.386   14.386  1   38.069   38.069  1
  101.7  101.7  1   14.369   14.369  1   38.072   38.072  1
  102.5  102.5  1   14.352   14.352  1   38.075   38.075  1
  103.4  103.4  1   14.343   14.343  1   38.074   38.074  1
  104.4  104.4  1   14.321   14.321  1   38.081   38.081  1
  105.3  105.3  1   14.313   14.313  1   38.085   38.085  1
  106.4  106.4  1   14.301   14.301  1   38.094   38.094  1
  107.5  107.5  1   14.294   14.294  1   38.097   38.097  1
  108.5  108.5  1   14.286   14.286  1   38.100   38.100  1
  109.5  109.5  1   14.278   14.278  1   38.101   38.101  1
  110.5  110.5  1   14.262   14.262  1   38.104   38.104  1
  111.6  111.6  1   14.243   14.243  1   38.108   38.108  1
  112.7  112.7  1   14.239   14.239  1   38.115   38.115  1
  113.5  113.5  1   14.232   14.232  1   38.123   38.123  1
  114.3  114.3  1   14.223   14.223  1   38.128   38.128  1
  115.3  115.3  1   14.213   14.213  1   38.136   38.136  1
  116.4  116.4  1   14.207   14.207  1   38.145   38.145  1
  117.6  117.6  1   14.196   14.196  1   38.155   38.155  1
  118.7  118.7  1   14.183   14.183  1   38.164   38.164  1
  119.6  119.6  1   14.178   14.178  1   38.174   38.174  1
  120.3  120.3  1   14.178   14.178  1   38.177   38.177  1
  121.3  121.3  1   14.175   14.175  1   38.185   38.185  1
  122.4  122.4  1   14.165   14.165  1   38.195   38.195  1
  123.5  123.5  1   14.142   14.142  1   38.203   38.203  1
  124.6  124.6  1   14.136   14.136  1   38.210   38.210  1
  125.5  125.5  1   14.130   14.130  1   38.212   38.212  1
  126.3  126.3  1   14.122   14.122  1   38.215   38.215  1
  127.5  127.5  1   14.092   14.092  1   38.223   38.223  1
  128.6  128.6  1   14.055   14.055  1   38.236   38.236  1
  129.5  129.5  1   14.049   14.049  1   38.238   38.238  1
  130.4  130.4  1   14.042   14.042  1   38.240   38.240  1
  131.6  131.6  1   14.037   14.037  1   38.243   38.243  1
  132.7  132.7  1   14.029   14.029  1   38.253   38.253  1
  133.5  133.5  1   14.024   14.024  1   38.258   38.258  1
  134.4  134.4  1   14.019   14.019  1   38.261   38.261  1
  135.6  135.6  1   14.012   14.012  1   38.267   38.267  1
  136.5  136.5  1   14.011   14.011  1   38.268   38.268  1
  137.3  137.3  1   14.011   14.011  1   38.268   38.268  1
  138.3  138.3  1   14.007   14.007  1   38.271   38.271  1
  139.4  139.4  1   14.002   14.002  1   38.278   38.278  1
  140.6  140.6  1   14.000   14.000  1   38.280   38.280  1
  141.5  141.5  1   13.995   13.995  1   38.292   38.292  1
  142.4  142.4  1   13.990   13.990  1   38.298   38.298  1
  143.4  143.4  1   13.990   13.990  1   38.300   38.300  1
  144.6  144.6  1   13.989   13.989  1   38.302   38.302  1
  145.6  145.6  1   13.986   13.986  1   38.309   38.309  1
  146.4  146.4  1   13.964   13.964  1   38.323   38.323  1
  147.5  147.5  1   13.959   13.959  1   38.325   38.325  1
  148.7  148.7  1   13.958   13.958  1   38.326   38.326  1
  149.6  149.6  1   13.957   13.957  1   38.325   38.325  1
  150.6  150.6  1   13.956   13.956  1   38.325   38.325  1
  151.5  151.5  1   13.954   13.954  1   38.324   38.324  1
  152.5  152.5  1   13.952   13.952  1   38.324   38.324  1
  153.5  153.5  1   13.944   13.944  1   38.322   38.322  1
  154.6  154.6  1   13.900   13.900  1   38.319   38.319  1
  155.6  155.6  1   13.851   13.851  1   38.314   38.314  1
  156.4  156.4  1   13.838   13.838  1   38.316   38.316  1
  157.7  157.7  1   13.822   13.822  1   38.321   38.321  1
  158.5  158.5  1   13.820   13.820  1   38.322   38.322  1
  159.4  159.4  1   13.810   13.810  1   38.326   38.326  1
  160.6  160.6  1   13.801   13.801  1   38.331   38.331  1
  161.6  161.6  1   13.795   13.795  1   38.333   38.333  1
  162.7  162.7  1   13.794   13.794  1   38.333   38.333  1
  163.4  163.4  1   13.794   13.794  1   38.333   38.333  1
  164.3  164.3  1   13.788   13.788  1   38.336   38.336  1
  165.4  165.4  1   13.768   13.768  1   38.341   38.341  1
  166.5  166.5  1   13.762   13.762  1   38.343   38.343  1
  167.5  167.5  1   13.759   13.759  1   38.344   38.344  1
  168.6  168.6  1   13.748   13.748  1   38.348   38.348  1
  169.7  169.7  1   13.735   13.735  1   38.352   38.352  1
  170.6  170.6  1   13.732   13.732  1   38.352   38.352  1
  171.6  171.6  1   13.727   13.727  1   38.354   38.354  1
  172.4  172.4  1   13.710   13.710  1   38.359   38.359  1
  173.7  173.7  1   13.694   13.694  1   38.362   38.362  1
  174.4  174.4  1   13.686   13.686  1   38.363   38.363  1
  175.3  175.3  1   13.679   13.679  1   38.365   38.365  1
  176.3  176.3  1   13.668   13.668  1   38.367   38.367  1
  177.5  177.5  1   13.666   13.666  1   38.368   38.368  1
  178.6  178.6  1   13.665   13.665  1   38.368   38.368  1
  179.3  179.3  1   13.662   13.662  1   38.369   38.369  1
  180.5  180.5  1   13.654   13.654  1   38.370   38.370  1
  181.6  181.6  1   13.645   13.645  1   38.372   38.372  1
  182.5  182.5  1   13.643   13.643  1   38.373   38.373  1
  183.4  183.4  1   13.638   13.638  1   38.375   38.375  1
  184.4  184.4  1   13.641   13.641  1   38.379   38.379  1
  185.7  185.7  1   13.646   13.646  1   38.382   38.382  1
  186.4  186.4  1   13.648   13.648  1   38.383   38.383  1
  187.4  187.4  1   13.653   13.653  1   38.386   38.386  1
  188.5  188.5  1   13.652   13.652  1   38.389   38.389  1
  189.6  189.6  1   13.647   13.647  1   38.392   38.392  1
  190.6  190.6  1   13.645   13.645  1   38.393   38.393  1
  191.4  191.4  1   13.645   13.645  1   38.395   38.395  1
  192.5  192.5  1   13.646   13.646  1   38.398   38.398  1
  193.6  193.6  1   13.648   13.648  1   38.402   38.402  1
  194.5  194.5  1   13.649   13.649  1   38.403   38.403  1
  195.5  195.5  1   13.652   13.652  1   38.405   38.405  1
  196.6  196.6  1   13.664   13.664  1   38.410   38.410  1
  197.3  197.3  1   13.671   13.671  1   38.412   38.412  1
  198.4  198.4  1   13.681   13.681  1   38.416   38.416  1
  199.6  199.6  1   13.685   13.685  1   38.419   38.419  1
  200.6  200.6  1   13.687   13.687  1   38.420   38.420  1
  201.3  201.3  1   13.725   13.725  1   38.434   38.434  1
  202.3  202.3  1   13.743   13.743  1   38.447   38.447  1
  203.5  203.5  1   13.774   13.774  1   38.461   38.461  1
  204.6  204.6  1   13.785   13.785  1   38.469   38.469  1
  205.3  205.3  1   13.784   13.784  1   38.469   38.469  1
  206.3  206.3  1   13.790   13.790  1   38.471   38.471  1
  207.6  207.6  1   13.799   13.799  1   38.477   38.477  1
  208.7  208.7  1   13.806   13.806  1   38.480   38.480  1
  209.7  209.7  1   13.817   13.817  1   38.485   38.485  1
  210.5  210.5  1   13.830   13.830  1   38.490   38.490  1
  211.6  211.6  1   13.841   13.841  1   38.495   38.495  1
  212.7  212.7  1   13.846   13.846  1   38.498   38.498  1
  213.7  213.7  1   13.846   13.846  1   38.499   38.499  1
  214.4  214.4  1   13.845   13.845  1   38.499   38.499  1
  215.6  215.6  1   13.841   13.841  1   38.499   38.499  1
  216.7  216.7  1   13.840   13.840  1   38.499   38.499  1
  217.6  217.6  1   13.831   13.831  1   38.500   38.500  1
  218.4  218.4  1   13.826   13.826  1   38.500   38.500  1
  219.6  219.6  1   13.821   13.821  1   38.501   38.501  1
  220.4  220.4  1   13.817   13.817  1   38.502   38.502  1
  221.4  221.4  1   13.813   13.813  1   38.502   38.502  1
  222.5  222.5  1   13.800   13.800  1   38.502   38.502  1
  223.4  223.4  1   13.796   13.796  1   38.502   38.502  1
  224.3  224.3  1   13.799   13.799  1   38.505   38.505  1
  225.3  225.3  1   13.801   13.801  1   38.507   38.507  1
  226.3  226.3  1   13.802   13.802  1   38.507   38.507  1
  227.4  227.4  1   13.802   13.802  1   38.508   38.508  1
  228.5  228.5  1   13.803   13.803  1   38.508   38.508  1
  229.3  229.3  1   13.803   13.803  1   38.509   38.509  1
  230.3  230.3  1   13.802   13.802  1   38.509   38.509  1
  231.3  231.3  1   13.801   13.801  1   38.511   38.511  1
  232.4  232.4  1   13.800   13.800  1   38.514   38.514  1
  233.5  233.5  1   13.801   13.801  1   38.518   38.518  1
  234.5  234.5  1   13.801   13.801  1   38.520   38.520  1
  235.5  235.5  1   13.798   13.798  1   38.521   38.521  1
  236.5  236.5  1   13.795   13.795  1   38.523   38.523  1
  237.5  237.5  1   13.795   13.795  1   38.524   38.524  1
  238.5  238.5  1   13.793   13.793  1   38.525   38.525  1
  239.5  239.5  1   13.791   13.791  1   38.526   38.526  1
  240.5  240.5  1   13.788   13.788  1   38.527   38.527  1
  241.5  241.5  1   13.788   13.788  1   38.527   38.527  1
  242.5  242.5  1   13.786   13.786  1   38.528   38.528  1
  243.5  243.5  1   13.785   13.785  1   38.530   38.530  1
  244.5  244.5  1   13.786   13.786  1   38.531   38.531  1
  245.5  245.5  1   13.788   13.788  1   38.532   38.532  1
  246.5  246.5  1   13.793   13.793  1   38.535   38.535  1
  247.5  247.5  1   13.804   13.804  1   38.542   38.542  1
  248.5  248.5  1   13.806   13.806  1   38.544   38.544  1
  249.5  249.5  1   13.806   13.806  1   38.545   38.545  1
  251.0  251.0  1   13.810   13.810  1   38.547   38.547  1
  252.9  252.9  1   13.822   13.822  1   38.554   38.554  1
  254.8  254.8  1   13.822   13.822  1   38.554   38.554  1
  256.8  256.8  1   13.815   13.815  1   38.555   38.555  1
  259.0  259.0  1   13.815   13.815  1   38.558   38.558  1
  261.2  261.2  1   13.819   13.819  1   38.560   38.560  1
  263.1  263.1  1   13.814   13.814  1   38.561   38.561  1
  265.0  265.0  1   13.810   13.810  1   38.562   38.562  1
  267.0  267.0  1   13.803   13.803  1   38.562   38.562  1
  269.0  269.0  1   13.800   13.800  1   38.562   38.562  1
  270.8  270.8  1   13.804   13.804  1   38.565   38.565  1
  272.8  272.8  1   13.813   13.813  1   38.570   38.570  1
  274.8  274.8  1   13.822   13.822  1   38.574   38.574  1
  276.9  276.9  1   13.825   13.825  1   38.576   38.576  1
  279.1  279.1  1   13.827   13.827  1   38.577   38.577  1
  281.0  281.0  1   13.833   13.833  1   38.582   38.582  1
  282.9  282.9  1   13.829   13.829  1   38.585   38.585  1
  284.9  284.9  1   13.833   13.833  1   38.589   38.589  1
  286.9  286.9  1   13.834   13.834  1   38.595   38.595  1
  289.0  289.0  1   13.840   13.840  1   38.599   38.599  1
  291.0  291.0  1   13.835   13.835  1   38.599   38.599  1
  293.0  293.0  1   13.831   13.831  1   38.599   38.599  1
  295.0  295.0  1   13.834   13.834  1   38.602   38.602  1
  296.9  296.9  1   13.831   13.831  1   38.605   38.605  1
  298.8  298.8  1   13.823   13.823  1   38.604   38.604  1
  300.8  300.8  1   13.810   13.810  1   38.602   38.602  1
  302.8  302.8  1   13.812   13.812  1   38.606   38.606  1
  304.8  304.8  1   13.800   13.800  1   38.607   38.607  1
  307.0  307.0  1   13.798   13.798  1   38.607   38.607  1
  309.1  309.1  1   13.787   13.787  1   38.606   38.606  1
  311.2  311.2  1   13.782   13.782  1   38.606   38.606  1
  313.0  313.0  1   13.783   13.783  1   38.608   38.608  1
  314.9  314.9  1   13.783   13.783  1   38.608   38.608  1
  317.0  317.0  1   13.781   13.781  1   38.608   38.608  1
  319.1  319.1  1   13.773   13.773  1   38.608   38.608  1
  321.0  321.0  1   13.771   13.771  1   38.608   38.608  1
  322.8  322.8  1   13.768   13.768  1   38.608   38.608  1
  325.0  325.0  1   13.766   13.766  1   38.609   38.609  1
  327.1  327.1  1   13.765   13.765  1   38.609   38.609  1
  329.0  329.0  1   13.764   13.764  1   38.610   38.610  1
  330.9  330.9  1   13.763   13.763  1   38.610   38.610  1
  333.0  333.0  1   13.763   13.763  1   38.611   38.611  1
  335.2  335.2  1   13.761   13.761  1   38.612   38.612  1
  337.1  337.1  1   13.759   13.759  1   38.613   38.613  1
  339.0  339.0  1   13.757   13.757  1   38.613   38.613  1
  341.1  341.1  1   13.748   13.748  1   38.612   38.612  1
  343.1  343.1  1   13.736   13.736  1   38.611   38.611  1
  345.0  345.0  1   13.739   13.739  1   38.613   38.613  1
  346.9  346.9  1   13.741   13.741  1   38.615   38.615  1
  348.9  348.9  1   13.740   13.740  1   38.616   38.616  1
  350.9  350.9  1   13.739   13.739  1   38.616   38.616  1
  352.9  352.9  1   13.739   13.739  1   38.616   38.616  1
  354.9  354.9  1   13.739   13.739  1   38.618   38.618  1
  356.9  356.9  1   13.739   13.739  1   38.619   38.619  1
  359.2  359.2  1   13.738   13.738  1   38.620   38.620  1
  361.1  361.1  1   13.737   13.737  1   38.621   38.621  1
  363.1  363.1  1   13.734   13.734  1   38.622   38.622  1
  365.1  365.1  1   13.726   13.726  1   38.622   38.622  1
  366.8  366.8  1   13.725   13.725  1   38.622   38.622  1
  368.9  368.9  1   13.724   13.724  1   38.622   38.622  1
  371.0  371.0  1   13.718   13.718  1   38.623   38.623  1
  373.0  373.0  1   13.717   13.717  1   38.623   38.623  1
  375.0  375.0  1   13.717   13.717  1   38.623   38.623  1
  377.0  377.0  1   13.717   13.717  1   38.623   38.623  1
  379.0  379.0  1   13.713   13.713  1   38.624   38.624  1
  381.0  381.0  1   13.712   13.712  1   38.624   38.624  1
  383.0  383.0  1   13.718   13.718  1   38.627   38.627  1
  385.0  385.0  1   13.719   13.719  1   38.630   38.630  1
  387.1  387.1  1   13.714   13.714  1   38.628   38.628  1
  389.2  389.2  1   13.707   13.707  1   38.628   38.628  1
  391.0  391.0  1   13.703   13.703  1   38.627   38.627  1
  392.9  392.9  1   13.703   13.703  1   38.629   38.629  1
  394.8  394.8  1   13.703   13.703  1   38.628   38.628  1
  396.9  396.9  1   13.701   13.701  1   38.628   38.628  1
  399.2  399.2  1   13.699   13.699  1   38.628   38.628  1
  401.2  401.2  1   13.702   13.702  1   38.630   38.630  1
  403.0  403.0  1   13.703   13.703  1   38.631   38.631  1
  405.1  405.1  1   13.703   13.703  1   38.631   38.631  1
  407.1  407.1  1   13.699   13.699  1   38.632   38.632  1
  409.1  409.1  1   13.698   13.698  1   38.632   38.632  1
  411.0  411.0  1   13.698   13.698  1   38.633   38.633  1
  412.8  412.8  1   13.702   13.702  1   38.635   38.635  1
  414.9  414.9  1   13.702   13.702  1   38.634   38.634  1
  417.1  417.1  1   13.690   13.690  1   38.632   38.632  1
  419.0  419.0  1   13.688   13.688  1   38.632   38.632  1
  421.0  421.0  1   13.699   13.699  1   38.635   38.635  1
  423.0  423.0  1   13.705   13.705  1   38.638   38.638  1
  424.9  424.9  1   13.709   13.709  1   38.639   38.639  1
  427.1  427.1  1   13.717   13.717  1   38.642   38.642  1
  429.3  429.3  1   13.721   13.721  1   38.643   38.643  1
  431.0  431.0  1   13.722   13.722  1   38.643   38.643  1
  433.0  433.0  1   13.720   13.720  1   38.642   38.642  1
  435.2  435.2  1   13.704   13.704  1   38.639   38.639  1
  437.0  437.0  1   13.691   13.691  1   38.637   38.637  1
  439.0  439.0  1   13.686   13.686  1   38.636   38.636  1
  440.8  440.8  1   13.681   13.681  1   38.635   38.635  1
  443.0  443.0  1   13.673   13.673  1   38.633   38.633  1
  444.9  444.9  1   13.670   13.670  1   38.633   38.633  1
  447.1  447.1  1   13.677   13.677  1   38.635   38.635  1
  449.0  449.0  1   13.680   13.680  1   38.636   38.636  1
  450.9  450.9  1   13.679   13.679  1   38.636   38.636  1
  453.0  453.0  1   13.680   13.680  1   38.636   38.636  1
  454.9  454.9  1   13.682   13.682  1   38.637   38.637  1
  456.9  456.9  1   13.683   13.683  1   38.637   38.637  1
  459.0  459.0  1   13.684   13.684  1   38.637   38.637  1
  461.0  461.0  1   13.680   13.680  1   38.637   38.637  1
  463.0  463.0  1   13.675   13.675  1   38.635   38.635  1
  465.2  465.2  1   13.674   13.674  1   38.635   38.635  1
  467.0  467.0  1   13.675   13.675  1   38.636   38.636  1
  468.8  468.8  1   13.678   13.678  1   38.636   38.636  1
  471.0  471.0  1   13.670   13.670  1   38.635   38.635  1
  473.1  473.1  1   13.668   13.668  1   38.635   38.635  1
  475.1  475.1  1   13.654   13.654  1   38.632   38.632  1
  477.0  477.0  1   13.641   13.641  1   38.630   38.630  1
  479.0  479.0  1   13.641   13.641  1   38.630   38.630  1
  480.9  480.9  1   13.635   13.635  1   38.629   38.629  1
  483.0  483.0  1   13.636   13.636  1   38.631   38.631  1
  485.0  485.0  1   13.637   13.637  1   38.631   38.631  1
  486.8  486.8  1   13.637   13.637  1   38.631   38.631  1
  489.2  489.2  1   13.637   13.637  1   38.631   38.631  1
  491.1  491.1  1   13.638   13.638  1   38.631   38.631  1
  493.0  493.0  1   13.638   13.638  1   38.631   38.631  1
  494.9  494.9  1   13.639   13.639  1   38.632   38.632  1
  496.8  496.8  1   13.642   13.642  1   38.632   38.632  1
  498.9  498.9  1   13.642   13.642  1   38.632   38.632  1
  501.0  501.0  1   13.643   13.643  1   38.632   38.632  1
  503.0  503.0  1   13.644   13.644  1   38.633   38.633  1
  505.2  505.2  1   13.645   13.645  1   38.633   38.633  1
  507.0  507.0  1   13.646   13.646  1   38.633   38.633  1
  509.0  509.0  1   13.653   13.653  1   38.636   38.636  1
  511.0  511.0  1   13.655   13.655  1   38.636   38.636  1
  513.0  513.0  1   13.655   13.655  1   38.636   38.636  1
  515.0  515.0  1   13.657   13.657  1   38.637   38.637  1
  517.0  517.0  1   13.659   13.659  1   38.637   38.637  1
  519.0  519.0  1   13.659   13.659  1   38.637   38.637  1
  521.2  521.2  1   13.647   13.647  1   38.634   38.634  1
  523.1  523.1  1   13.636   13.636  1   38.632   38.632  1
  525.0  525.0  1   13.621   13.621  1   38.629   38.629  1
  526.9  526.9  1   13.608   13.608  1   38.626   38.626  1
  529.0  529.0  1   13.603   13.603  1   38.625   38.625  1
  531.2  531.2  1   13.598   13.598  1   38.623   38.623  1
  533.0  533.0  1   13.596   13.596  1   38.623   38.623  1
  534.9  534.9  1   13.597   13.597  1   38.623   38.623  1
  537.1  537.1  1   13.598   13.598  1   38.623   38.623  1
  539.2  539.2  1   13.597   13.597  1   38.623   38.623  1
  541.1  541.1  1   13.594   13.594  1   38.622   38.622  1
  542.9  542.9  1   13.583   13.583  1   38.619   38.619  1
  544.9  544.9  1   13.572   13.572  1   38.617   38.617  1
  547.1  547.1  1   13.560   13.560  1   38.614   38.614  1
  549.1  549.1  1   13.556   13.556  1   38.613   38.613  1
  551.1  551.1  1   13.550   13.550  1   38.612   38.612  1
  553.1  553.1  1   13.550   13.550  1   38.611   38.611  1
  555.1  555.1  1   13.550   13.550  1   38.612   38.612  1
  557.1  557.1  1   13.550   13.550  1   38.612   38.612  1
  559.1  559.1  1   13.551   13.551  1   38.611   38.611  1
  561.1  561.1  1   13.551   13.551  1   38.612   38.612  1
  563.0  563.0  1   13.553   13.553  1   38.612   38.612  1
  565.0  565.0  1   13.553   13.553  1   38.612   38.612  1
  567.2  567.2  1   13.554   13.554  1   38.612   38.612  1
  569.2  569.2  1   13.554   13.554  1   38.612   38.612  1
  571.2  571.2  1   13.539   13.539  1   38.607   38.607  1
  573.0  573.0  1   13.510   13.510  1   38.602   38.602  1
  575.1  575.1  1   13.498   13.498  1   38.599   38.599  1
  577.2  577.2  1   13.489   13.489  1   38.597   38.597  1
  579.0  579.0  1   13.486   13.486  1   38.597   38.597  1
  580.9  580.9  1   13.482   13.482  1   38.595   38.595  1
  583.0  583.0  1   13.479   13.479  1   38.595   38.595  1
  585.1  585.1  1   13.480   13.480  1   38.595   38.595  1
  587.0  587.0  1   13.480   13.480  1   38.595   38.595  1
  588.9  588.9  1   13.481   13.481  1   38.595   38.595  1
  591.0  591.0  1   13.483   13.483  1   38.596   38.596  1
  593.2  593.2  1   13.486   13.486  1   38.597   38.597  1
  595.1  595.1  1   13.488   13.488  1   38.597   38.597  1
  597.0  597.0  1   13.490   13.490  1   38.598   38.598  1
  599.1  599.1  1   13.493   13.493  1   38.599   38.599  1
  601.0  601.0  1   13.493   13.493  1   38.598   38.598  1
  602.9  602.9  1   13.494   13.494  1   38.598   38.598  1
  605.1  605.1  1   13.494   13.494  1   38.598   38.598  1
  607.1  607.1  1   13.494   13.494  1   38.598   38.598  1
  609.0  609.0  1   13.494   13.494  1   38.599   38.599  1
  610.9  610.9  1   13.495   13.495  1   38.598   38.598  1
  612.8  612.8  1   13.494   13.494  1   38.598   38.598  1
  615.1  615.1  1   13.493   13.493  1   38.598   38.598  1
  617.0  617.0  1   13.491   13.491  1   38.597   38.597  1
  619.0  619.0  1   13.492   13.492  1   38.597   38.597  1
  620.9  620.9  1   13.485   13.485  1   38.595   38.595  1
  622.9  622.9  1   13.478   13.478  1   38.594   38.594  1
  625.2  625.2  1   13.476   13.476  1   38.594   38.594  1
  627.1  627.1  1   13.470   13.470  1   38.592   38.592  1
  629.1  629.1  1   13.462   13.462  1   38.590   38.590  1
  631.1  631.1  1   13.458   13.458  1   38.588   38.588  1
  632.9  632.9  1   13.449   13.449  1   38.587   38.587  1
  634.9  634.9  1   13.440   13.440  1   38.584   38.584  1
  636.9  636.9  1   13.431   13.431  1   38.582   38.582  1
  639.0  639.0  1   13.428   13.428  1   38.582   38.582  1
  641.1  641.1  1   13.428   13.428  1   38.582   38.582  1
  643.0  643.0  1   13.427   13.427  1   38.582   38.582  1
  644.9  644.9  1   13.426   13.426  1   38.582   38.582  1
  647.0  647.0  1   13.424   13.424  1   38.582   38.582  1
  649.0  649.0  1   13.423   13.423  1   38.582   38.582  1
  651.1  651.1  1   13.424   13.424  1   38.582   38.582  1
  653.1  653.1  1   13.424   13.424  1   38.582   38.582  1
  655.1  655.1  1   13.425   13.425  1   38.582   38.582  1
  656.9  656.9  1   13.425   13.425  1   38.582   38.582  1
  659.0  659.0  1   13.425   13.425  1   38.582   38.582  1
  661.0  661.0  1   13.425   13.425  1   38.582   38.582  1
  662.9  662.9  1   13.426   13.426  1   38.582   38.582  1
  664.9  664.9  1   13.426   13.426  1   38.582   38.582  1
  667.0  667.0  1   13.427   13.427  1   38.582   38.582  1
  669.1  669.1  1   13.427   13.427  1   38.582   38.582  1
  671.0  671.0  1   13.427   13.427  1   38.582   38.582  1
  673.0  673.0  1   13.428   13.428  1   38.582   38.582  1
  675.2  675.2  1   13.428   13.428  1   38.582   38.582  1
  677.2  677.2  1   13.428   13.428  1   38.582   38.582  1
  679.2  679.2  1   13.429   13.429  1   38.582   38.582  1
  681.0  681.0  1   13.429   13.429  1   38.582   38.582  1
  682.8  682.8  1   13.428   13.428  1   38.582   38.582  1
  685.0  685.0  1   13.420   13.420  1   38.580   38.580  1
  687.1  687.1  1   13.416   13.416  1   38.578   38.578  1
  689.1  689.1  1   13.410   13.410  1   38.576   38.576  1
  690.9  690.9  1   13.392   13.392  1   38.573   38.573  1
  693.0  693.0  1   13.390   13.390  1   38.572   38.572  1
  695.2  695.2  1   13.383   13.383  1   38.570   38.570  1
  697.0  697.0  1   13.375   13.375  1   38.568   38.568  1
  699.1  699.1  1   13.373   13.373  1   38.568   38.568  1
  701.2  701.2  1   13.372   13.372  1   38.567   38.567  1
  703.1  703.1  1   13.363   13.363  1   38.566   38.566  1
  705.1  705.1  1   13.360   13.360  1   38.565   38.565  1
  707.3  707.3  1   13.357   13.357  1   38.564   38.564  1
  708.9  708.9  1   13.353   13.353  1   38.563   38.563  1
  710.8  710.8  1   13.345   13.345  1   38.561   38.561  1
  712.9  712.9  1   13.346   13.346  1   38.561   38.561  1
  715.0  715.0  1   13.346   13.346  1   38.561   38.561  1
  717.0  717.0  1   13.346   13.346  1   38.561   38.561  1
  719.0  719.0  1   13.346   13.346  1   38.561   38.561  1
  721.0  721.0  1   13.347   13.347  1   38.561   38.561  1
  723.2  723.2  1   13.348   13.348  1   38.562   38.562  1
  725.1  725.1  1   13.350   13.350  1   38.562   38.562  1
  727.2  727.2  1   13.352   13.352  1   38.563   38.563  1
  729.0  729.0  1   13.353   13.353  1   38.563   38.563  1
  731.1  731.1  1   13.355   13.355  1   38.563   38.563  1
  733.1  733.1  1   13.355   13.355  1   38.563   38.563  1
  735.1  735.1  1   13.357   13.357  1   38.563   38.563  1
  737.0  737.0  1   13.357   13.357  1   38.564   38.564  1
  739.0  739.0  1   13.358   13.358  1   38.564   38.564  1
  741.0  741.0  1   13.358   13.358  1   38.564   38.564  1
  743.1  743.1  1   13.358   13.358  1   38.564   38.564  1
  745.1  745.1  1   13.359   13.359  1   38.564   38.564  1
  746.9  746.9  1   13.360   13.360  1   38.564   38.564  1
  748.9  748.9  1   13.360   13.360  1   38.564   38.564  1
  750.9  750.9  1   13.360   13.360  1   38.564   38.564  1
  753.0  753.0  1   13.360   13.360  1   38.564   38.564  1
  754.9  754.9  1   13.361   13.361  1   38.564   38.564  1
  757.0  757.0  1   13.361   13.361  1   38.564   38.564  1
  759.0  759.0  1   13.362   13.362  1   38.564   38.564  1
  761.1  761.1  1   13.362   13.362  1   38.564   38.564  1
  763.2  763.2  1   13.362   13.362  1   38.564   38.564  1
  764.9  764.9  1   13.362   13.362  1   38.564   38.564  1
  766.9  766.9  1   13.362   13.362  1   38.564   38.564  1
  768.9  768.9  1   13.360   13.360  1   38.563   38.563  1
  770.8  770.8  1   13.358   13.358  1   38.562   38.562  1
  773.0  773.0  1   13.350   13.350  1   38.561   38.561  1
  774.9  774.9  1   13.346   13.346  1   38.560   38.560  1
  776.9  776.9  1   13.344   13.344  1   38.559   38.559  1
  778.8  778.8  1   13.344   13.344  1   38.559   38.559  1
  780.9  780.9  1   13.335   13.335  1   38.557   38.557  1
  783.1  783.1  1   13.325   13.325  1   38.555   38.555  1
  784.9  784.9  1   13.325   13.325  1   38.555   38.555  1
  786.9  786.9  1   13.325   13.325  1   38.554   38.554  1
  789.0  789.0  1   13.326   13.326  1   38.554   38.554  1
  790.9  790.9  1   13.326   13.326  1   38.554   38.554  1
  793.1  793.1  1   13.323   13.323  1   38.553   38.553  1
  795.3  795.3  1   13.310   13.310  1   38.551   38.551  1
  797.0  797.0  1   13.303   13.303  1   38.548   38.548  1
  798.9  798.9  1   13.300   13.300  1   38.548   38.548  1
  801.1  801.1  1   13.301   13.301  1   38.548   38.548  1
  803.1  803.1  1   13.301   13.301  1   38.548   38.548  1
  804.8  804.8  1   13.300   13.300  1   38.548   38.548  1
  806.9  806.9  1   13.302   13.302  1   38.548   38.548  1
  809.1  809.1  1   13.307   13.307  1   38.549   38.549  1
  811.0  811.0  1   13.307   13.307  1   38.550   38.550  1
  813.0  813.0  1   13.307   13.307  1   38.550   38.550  1
  815.0  815.0  1   13.308   13.308  1   38.550   38.550  1
  816.9  816.9  1   13.308   13.308  1   38.549   38.549  1
  819.1  819.1  1   13.305   13.305  1   38.549   38.549  1
  821.1  821.1  1   13.303   13.303  1   38.548   38.548  1
  822.9  822.9  1   13.300   13.300  1   38.547   38.547  1
  824.9  824.9  1   13.299   13.299  1   38.547   38.547  1
  826.9  826.9  1   13.299   13.299  1   38.547   38.547  1
  828.9  828.9  1   13.299   13.299  1   38.547   38.547  1
  830.9  830.9  1   13.299   13.299  1   38.547   38.547  1
  832.9  832.9  1   13.299   13.299  1   38.546   38.546  1
  834.9  834.9  1   13.296   13.296  1   38.546   38.546  1
  837.1  837.1  1   13.294   13.294  1   38.545   38.545  1
  839.0  839.0  1   13.292   13.292  1   38.545   38.545  1
  841.1  841.1  1   13.290   13.290  1   38.544   38.544  1
  843.2  843.2  1   13.289   13.289  1   38.544   38.544  1
  845.2  845.2  1   13.287   13.287  1   38.544   38.544  1
  846.9  846.9  1   13.285   13.285  1   38.543   38.543  1
  848.9  848.9  1   13.282   13.282  1   38.542   38.542  1
  851.0  851.0  1   13.278   13.278  1   38.541   38.541  1
  852.9  852.9  1   13.279   13.279  1   38.541   38.541  1
  854.8  854.8  1   13.278   13.278  1   38.541   38.541  1
  856.9  856.9  1   13.278   13.278  1   38.541   38.541  1
  858.9  858.9  1   13.278   13.278  1   38.541   38.541  1
  861.0  861.0  1   13.279   13.279  1   38.541   38.541  1
  863.0  863.0  1   13.278   13.278  1   38.541   38.541  1
  865.0  865.0  1   13.279   13.279  1   38.541   38.541  1
  867.0  867.0  1   13.279   13.279  1   38.541   38.541  1
  868.8  868.8  1   13.280   13.280  1   38.541   38.541  1
  871.0  871.0  1   13.280   13.280  1   38.541   38.541  1
  872.9  872.9  1   13.281   13.281  1   38.541   38.541  1
  874.9  874.9  1   13.280   13.280  1   38.541   38.541  1
  877.0  877.0  1   13.281   13.281  1   38.541   38.541  1
  879.0  879.0  1   13.281   13.281  1   38.541   38.541  1
  881.1  881.1  1   13.282   13.282  1   38.541   38.541  1
  882.9  882.9  1   13.282   13.282  1   38.541   38.541  1
  884.7  884.7  1   13.282   13.282  1   38.541   38.541  1
  886.8  886.8  1   13.282   13.282  1   38.541   38.541  1
  889.0  889.0  1   13.282   13.282  1   38.541   38.541  1
  891.0  891.0  1   13.283   13.283  1   38.541   38.541  1
  893.0  893.0  1   13.281   13.281  1   38.540   38.540  1
  895.1  895.1  1   13.278   13.278  1   38.539   38.539  1
  897.2  897.2  1   13.272   13.272  1   38.538   38.538  1
  899.0  899.0  1   13.259   13.259  1   38.535   38.535  1
  901.0  901.0  1   13.254   13.254  1   38.534   38.534  1
  903.1  903.1  1   13.253   13.253  1   38.533   38.533  1
  905.2  905.2  1   13.252   13.252  1   38.533   38.533  1
  906.9  906.9  1   13.253   13.253  1   38.533   38.533  1
  908.9  908.9  1   13.253   13.253  1   38.533   38.533  1
  911.0  911.0  1   13.254   13.254  1   38.533   38.533  1
  913.0  913.0  1   13.254   13.254  1   38.533   38.533  1
  915.0  915.0  1   13.251   13.251  1   38.532   38.532  1
  917.0  917.0  1   13.241   13.241  1   38.529   38.529  1
  919.0  919.0  1   13.239   13.239  1   38.529   38.529  1
  921.1  921.1  1   13.237   13.237  1   38.528   38.528  1
  923.1  923.1  1   13.234   13.234  1   38.527   38.527  1
  925.2  925.2  1   13.231   13.231  1   38.527   38.527  1
  927.0  927.0  1   13.229   13.229  1   38.526   38.526  1
  928.8  928.8  1   13.227   13.227  1   38.526   38.526  1
  930.9  930.9  1   13.224   13.224  1   38.525   38.525  1
  933.0  933.0  1   13.224   13.224  1   38.525   38.525  1
  935.1  935.1  1   13.224   13.224  1   38.525   38.525  1
  937.0  937.0  1   13.224   13.224  1   38.525   38.525  1
  938.8  938.8  1   13.225   13.225  1   38.525   38.525  1
  940.9  940.9  1   13.225   13.225  1   38.525   38.525  1
  943.1  943.1  1   13.225   13.225  1   38.525   38.525  1
  944.9  944.9  1   13.225   13.225  1   38.525   38.525  1
  946.8  946.8  1   13.225   13.225  1   38.525   38.525  1
  949.0  949.0  1   13.226   13.226  1   38.525   38.525  1
  951.1  951.1  1   13.226   13.226  1   38.525   38.525  1
  953.0  953.0  1   13.226   13.226  1   38.525   38.525  1
  955.0  955.0  1   13.227   13.227  1   38.525   38.525  1
  957.1  957.1  1   13.227   13.227  1   38.525   38.525  1
  959.1  959.1  1   13.227   13.227  1   38.525   38.525  1
  961.0  961.0  1   13.228   13.228  1   38.525   38.525  1
  962.9  962.9  1   13.228   13.228  1   38.524   38.524  1
  964.8  964.8  1   13.228   13.228  1   38.524   38.524  1
  967.1  967.1  1   13.228   13.228  1   38.525   38.525  1
  969.0  969.0  1   13.228   13.228  1   38.525   38.525  1
  971.0  971.0  1   13.229   13.229  1   38.524   38.524  1
  972.9  972.9  1   13.229   13.229  1   38.524   38.524  1
  974.9  974.9  1   13.229   13.229  1   38.525   38.525  1
  977.1  977.1  1   13.230   13.230  1   38.525   38.525  1
  979.1  979.1  1   13.229   13.229  1   38.524   38.524  1
  981.1  981.1  1   13.227   13.227  1   38.524   38.524  1
  983.0  983.0  1   13.225   13.225  1   38.523   38.523  1
  985.0  985.0  1   13.221   13.221  1   38.522   38.522  1
  987.0  987.0  1   13.219   13.219  1   38.521   38.521  1
  989.0  989.0  1   13.217   13.217  1   38.521   38.521  1
  991.1  991.1  1   13.215   13.215  1   38.520   38.520  1
  993.1  993.1  1   13.211   13.211  1   38.520   38.520  1
  995.0  995.0  1   13.210   13.210  1   38.519   38.519  1
  997.1  997.1  1   13.210   13.210  1   38.519   38.519  1
  999.1  999.1  1   13.211   13.211  1   38.519   38.519  1
 1002.4 1002.4  1   13.211   13.211  1   38.519   38.519  1
 1007.5 1007.5  1   13.212   13.212  1   38.519   38.519  1
 1012.6 1012.6  1   13.211   13.211  1   38.519   38.519  1
 1017.6 1017.6  1   13.204   13.204  1   38.517   38.517  1
 1022.7 1022.7  1   13.201   13.201  1   38.516   38.516  1
 1027.5 1027.5  1   13.201   13.201  1   38.515   38.515  1
 1032.6 1032.6  1   13.200   13.200  1   38.515   38.515  1
 1037.7 1037.7  1   13.201   13.201  1   38.515   38.515  1
 1042.5 1042.5  1   13.202   13.202  1   38.515   38.515  1
 1047.7 1047.7  1   13.202   13.202  1   38.515   38.515  1
 1052.7 1052.7  1   13.200   13.200  1   38.514   38.514  1
 1057.4 1057.4  1   13.197   13.197  1   38.514   38.514  1
 1062.3 1062.3  1   13.195   13.195  1   38.513   38.513  1
 1067.4 1067.4  1   13.195   13.195  1   38.512   38.512  1
 1072.5 1072.5  1   13.194   13.194  1   38.512   38.512  1
 1077.5 1077.5  1   13.192   13.192  1   38.512   38.512  1
 1082.6 1082.6  1   13.187   13.187  1   38.510   38.510  1
 1087.7 1087.7  1   13.187   13.187  1   38.510   38.510  1
 1092.7 1092.7  1   13.179   13.179  1   38.508   38.508  1
 1097.6 1097.6  1   13.174   13.174  1   38.507   38.507  1
 1102.5 1102.5  1   13.174   13.174  1   38.506   38.506  1
 1107.5 1107.5  1   13.174   13.174  1   38.506   38.506  1
 1112.6 1112.6  1   13.174   13.174  1   38.506   38.506  1
 1117.8 1117.8  1   13.175   13.175  1   38.506   38.506  1
 1122.7 1122.7  1   13.175   13.175  1   38.506   38.506  1
 1127.7 1127.7  1   13.176   13.176  1   38.506   38.506  1
 1132.5 1132.5  1   13.177   13.177  1   38.506   38.506  1
 1137.3 1137.3  1   13.177   13.177  1   38.506   38.506  1
 1142.4 1142.4  1   13.178   13.178  1   38.506   38.506  1
 1147.5 1147.5  1   13.179   13.179  1   38.506   38.506  1
 1152.4 1152.4  1   13.179   13.179  1   38.506   38.506  1
 1157.8 1157.8  1   13.180   13.180  1   38.506   38.506  1
 1162.8 1162.8  1   13.176   13.176  1   38.504   38.504  1
 1167.7 1167.7  1   13.175   13.175  1   38.504   38.504  1
 1172.7 1172.7  1   13.174   13.174  1   38.504   38.504  1
 1177.5 1177.5  1   13.171   13.171  1   38.503   38.503  1
 1182.5 1182.5  1   13.170   13.170  1   38.502   38.502  1
 1187.6 1187.6  1   13.170   13.170  1   38.502   38.502  1
 1192.5 1192.5  1   13.169   13.169  1   38.502   38.502  1
 1197.3 1197.3  1   13.167   13.167  1   38.501   38.501  1
 1202.6 1202.6  1   13.166   13.166  1   38.501   38.501  1
 1207.5 1207.5  1   13.166   13.166  1   38.500   38.500  1
 1212.5 1212.5  1   13.165   13.165  1   38.500   38.500  1
 1217.5 1217.5  1   13.164   13.164  1   38.499   38.499  1
 1222.4 1222.4  1   13.162   13.162  1   38.499   38.499  1
 1227.3 1227.3  1   13.161   13.161  1   38.498   38.498  1
 1232.3 1232.3  1   13.159   13.159  1   38.498   38.498  1
 1237.3 1237.3  1   13.159   13.159  1   38.498   38.498  1
 1242.4 1242.4  1   13.159   13.159  1   38.497   38.497  1
 1247.4 1247.4  1   13.160   13.160  1   38.497   38.497  1
 1252.5 1252.5  1   13.160   13.160  1   38.497   38.497  1
 1257.4 1257.4  1   13.161   13.161  1   38.498   38.498  1
 1262.3 1262.3  1   13.162   13.162  1   38.497   38.497  1
 1267.6 1267.6  1   13.163   13.163  1   38.497   38.497  1
 1272.6 1272.6  1   13.164   13.164  1   38.497   38.497  1
 1277.4 1277.4  1   13.164   13.164  1   38.497   38.497  1
 1282.3 1282.3  1   13.162   13.162  1   38.497   38.497  1
 1287.4 1287.4  1   13.162   13.162  1   38.497   38.497  1
 1292.5 1292.5  1   13.163   13.163  1   38.496   38.496  1
 1297.3 1297.3  1   13.162   13.162  1   38.496   38.496  1
 1302.4 1302.4  1   13.163   13.163  1   38.496   38.496  1
 1307.5 1307.5  1   13.161   13.161  1   38.496   38.496  1
 1312.5 1312.5  1   13.161   13.161  1   38.495   38.495  1
 1317.4 1317.4  1   13.161   13.161  1   38.495   38.495  1
 1322.4 1322.4  1   13.161   13.161  1   38.495   38.495  1
 1327.5 1327.5  1   13.161   13.161  1   38.495   38.495  1
 1332.6 1332.6  1   13.160   13.160  1   38.494   38.494  1
 1337.7 1337.7  1   13.159   13.159  1   38.494   38.494  1
 1342.4 1342.4  1   13.159   13.159  1   38.494   38.494  1
 1347.4 1347.4  1   13.158   13.158  1   38.493   38.493  1
 1352.5 1352.5  1   13.158   13.158  1   38.493   38.493  1
 1357.7 1357.7  1   13.158   13.158  1   38.493   38.493  1
 1362.5 1362.5  1   13.158   13.158  1   38.493   38.493  1
 1367.5 1367.5  1   13.157   13.157  1   38.492   38.492  1
 1372.5 1372.5  1   13.157   13.157  1   38.492   38.492  1
 1377.6 1377.6  1   13.157   13.157  1   38.492   38.492  1
 1382.5 1382.5  1   13.156   13.156  1   38.491   38.491  1
 1387.5 1387.5  1   13.156   13.156  1   38.491   38.491  1
 1392.7 1392.7  1   13.156   13.156  1   38.491   38.491  1
 1397.6 1397.6  1   13.155   13.155  1   38.491   38.491  1
 1402.5 1402.5  1   13.155   13.155  1   38.490   38.490  1
 1407.3 1407.3  1   13.154   13.154  1   38.490   38.490  1
 1412.3 1412.3  1   13.154   13.154  1   38.490   38.490  1
 1417.2 1417.2  1   13.154   13.154  1   38.490   38.490  1
 1422.5 1422.5  1   13.155   13.155  1   38.490   38.490  1
 1427.6 1427.6  1   13.155   13.155  1   38.490   38.490  1
 1432.6 1432.6  1   13.156   13.156  1   38.490   38.490  1
 1437.7 1437.7  1   13.156   13.156  1   38.489   38.489  1
 1442.5 1442.5  1   13.154   13.154  1   38.489   38.489  1
 1447.5 1447.5  1   13.154   13.154  1   38.489   38.489  1
 1452.6 1452.6  1   13.154   13.154  1   38.489   38.489  1
 1457.6 1457.6  1   13.155   13.155  1   38.489   38.489  1
 1462.6 1462.6  1   13.156   13.156  1   38.488   38.488  1
 1467.4 1467.4  1   13.156   13.156  1   38.488   38.488  1
 1472.5 1472.5  1   13.156   13.156  1   38.488   38.488  1
 1477.6 1477.6  1   13.157   13.157  1   38.488   38.488  1
 1482.5 1482.5  1   13.156   13.156  1   38.488   38.488  1
 1487.5 1487.5  1   13.156   13.156  1   38.488   38.488  1
 1492.4 1492.4  1   13.157   13.157  1   38.488   38.488  1
 1497.4 1497.4  1   13.157   13.157  1   38.488   38.488  1
 1502.3 1502.3  1   13.158   13.158  1   38.488   38.488  1
 1507.3 1507.3  1   13.158   13.158  1   38.488   38.488  1
 1512.3 1512.3  1   13.158   13.158  1   38.487   38.487  1
 1517.5 1517.5  1   13.158   13.158  1   38.487   38.487  1
 1522.5 1522.5  1   13.159   13.159  1   38.487   38.487  1
 1527.4 1527.4  1   13.159   13.159  1   38.487   38.487  1
 1532.6 1532.6  1   13.160   13.160  1   38.487   38.487  1
 1537.6 1537.6  1   13.161   13.161  1   38.487   38.487  1
 1542.6 1542.6  1   13.161   13.161  1   38.487   38.487  1
 1547.6 1547.6  1   13.162   13.162  1   38.487   38.487  1
 1552.5 1552.5  1   13.162   13.162  1   38.487   38.487  1
 1557.3 1557.3  1   13.163   13.163  1   38.487   38.487  1
 1562.5 1562.5  1   13.163   13.163  1   38.487   38.487  1
 1567.6 1567.6  1   13.164   13.164  1   38.487   38.487  1
 1572.6 1572.6  1   13.164   13.164  1   38.487   38.487  1
 1577.5 1577.5  1   13.165   13.165  1   38.487   38.487  1
 1582.3 1582.3  1   13.165   13.165  1   38.487   38.487  1
 1587.5 1587.5  1   13.166   13.166  1   38.487   38.487  1
 1592.7 1592.7  1   13.166   13.166  1   38.487   38.487  1
 1597.4 1597.4  1   13.166   13.166  1   38.487   38.487  1
 1602.3 1602.3  1   13.167   13.167  1   38.487   38.487  1
 1607.4 1607.4  1   13.168   13.168  1   38.487   38.487  1
 1612.6 1612.6  1   13.169   13.169  1   38.487   38.487  1
 1617.7 1617.7  1   13.169   13.169  1   38.487   38.487  1
 1622.7 1622.7  1   13.170   13.170  1   38.487   38.487  1
 1627.6 1627.6  1   13.170   13.170  1   38.486   38.486  1
 1632.6 1632.6  1   13.171   13.171  1   38.486   38.486  1
 1637.6 1637.6  1   13.171   13.171  1   38.487   38.487  1
 1642.7 1642.7  1   13.172   13.172  1   38.486   38.486  1
 1647.7 1647.7  1   13.172   13.172  1   38.486   38.486  1
 1652.6 1652.6  1   13.172   13.172  1   38.487   38.487  1
 1657.7 1657.7  1   13.173   13.173  1   38.486   38.486  1
 1662.6 1662.6  1   13.174   13.174  1   38.486   38.486  1
 1667.4 1667.4  1   13.174   13.174  1   38.486   38.486  1
 1672.5 1672.5  1   13.175   13.175  1   38.486   38.486  1
 1677.6 1677.6  1   13.175   13.175  1   38.486   38.486  1
 1682.5 1682.5  1   13.176   13.176  1   38.486   38.486  1
 1687.5 1687.5  1   13.176   13.176  1   38.486   38.486  1
 1692.6 1692.6  1   13.177   13.177  1   38.486   38.486  1
 1697.6 1697.6  1   13.178   13.178  1   38.486   38.486  1
 1702.5 1702.5  1   13.178   13.178  1   38.486   38.486  1
 1707.4 1707.4  1   13.179   13.179  1   38.486   38.486  1
 1712.4 1712.4  1   13.180   13.180  1   38.486   38.486  1
 1717.6 1717.6  1   13.180   13.180  1   38.486   38.486  1
 1722.6 1722.6  1   13.181   13.181  1   38.486   38.486  1
 1727.5 1727.5  1   13.181   13.181  1   38.486   38.486  1
 1732.3 1732.3  1   13.182   13.182  1   38.486   38.486  1
 1737.5 1737.5  1   13.182   13.182  1   38.486   38.486  1
 1742.7 1742.7  1   13.183   13.183  1   38.486   38.486  1
 1747.6 1747.6  1   13.184   13.184  1   38.486   38.486  1
 1752.4 1752.4  1   13.184   13.184  1   38.486   38.486  1
 1757.4 1757.4  1   13.185   13.185  1   38.486   38.486  1
 1762.5 1762.5  1   13.186   13.186  1   38.486   38.486  1
 1767.4 1767.4  1   13.186   13.186  1   38.486   38.486  1
 1772.6 1772.6  1   13.187   13.187  1   38.486   38.486  1
 1777.4 1777.4  1   13.187   13.187  1   38.486   38.486  1
 1782.2 1782.2  1   13.188   13.188  1   38.486   38.486  1
 1787.5 1787.5  1   13.189   13.189  1   38.486   38.486  1
 1792.6 1792.6  1   13.189   13.189  1   38.486   38.486  1
 1797.6 1797.6  1   13.190   13.190  1   38.486   38.486  1
 1802.6 1802.6  1   13.191   13.191  1   38.486   38.486  1
 1807.4 1807.4  1   13.191   13.191  1   38.486   38.486  1
 1812.4 1812.4  1   13.192   13.192  1   38.486   38.486  1
 1817.6 1817.6  1   13.193   13.193  1   38.486   38.486  1
 1822.6 1822.6  1   13.193   13.193  1   38.486   38.486  1
 1827.4 1827.4  1   13.194   13.194  1   38.486   38.486  1
 1832.2 1832.2  1   13.194   13.194  1   38.486   38.486  1
 1837.5 1837.5  1   13.195   13.195  1   38.486   38.486  1
 1842.6 1842.6  1   13.195   13.195  1   38.486   38.486  1
 1847.5 1847.5  1   13.196   13.196  1   38.486   38.486  1
 1852.6 1852.6  1   13.197   13.197  1   38.486   38.486  1
 1857.5 1857.5  1   13.198   13.198  1   38.486   38.486  1
 1862.4 1862.4  1   13.198   13.198  1   38.486   38.486  1
 1867.4 1867.4  1   13.199   13.199  1   38.486   38.486  1
 1872.4 1872.4  1   13.200   13.200  1   38.486   38.486  1
 1877.5 1877.5  1   13.201   13.201  1   38.486   38.486  1
 1882.6 1882.6  1   13.201   13.201  1   38.486   38.486  1
 1887.6 1887.6  1   13.202   13.202  1   38.486   38.486  1
 1892.6 1892.6  1   13.203   13.203  1   38.486   38.486  1
 1897.5 1897.5  1   13.203   13.203  1   38.486   38.486  1
 1902.4 1902.4  1   13.204   13.204  1   38.486   38.486  1
 1907.4 1907.4  1   13.205   13.205  1   38.486   38.486  1
 1912.6 1912.6  1   13.205   13.205  1   38.486   38.486  1
 1917.6 1917.6  1   13.206   13.206  1   38.486   38.486  1
 1922.5 1922.5  1   13.206   13.206  1   38.486   38.486  1
 1927.3 1927.3  1   13.207   13.207  1   38.486   38.486  1
 1932.5 1932.5  1   13.208   13.208  1   38.486   38.486  1
 1937.7 1937.7  1   13.209   13.209  1   38.486   38.486  1
 1942.5 1942.5  1   13.210   13.210  1   38.486   38.486  1
 1947.3 1947.3  1   13.210   13.210  1   38.486   38.486  1
 1952.7 1952.7  1   13.211   13.211  1   38.486   38.486  1
 1957.7 1957.7  1   13.212   13.212  1   38.486   38.486  1
 1962.5 1962.5  1   13.212   13.212  1   38.486   38.486  1
 1966.8 1966.8  1   13.213   13.213  1   38.486   38.486  1
