*SoftWare Version 3.0  2018/12/27

*HEADER
     PLATFORM NUMBER       :6902946
     CYCLE NUMBER          :139
     DATE CREATION         :20191205162629
     DATE UPDATE           :20191205162655
     PROJECT NAME          :CORIOLIS
     PI NAME               :Stephanie LOUAZEL
     INSTRUMENT TYPE       :ARVOR
     FLOAT SERIAL NO       :AI2600-18FR109
     FIRMWARE VERSION      :5900A04
     WMO INSTRUMENT TYPE   :844
     TRANSMISSION SYSTEM   :IRIDIUM
     POSITIONING SYSTEM    :GPS
     SAMPLE DIRECTION      :A(A=Ascend; D=Descend)
     DATA MODE             :R(R=Real Time; D=Delayed Mode; A=Real Time Adjusted)
     JULIAN DAY            :25540.6309 (days since 1950-01-01 00:00:00 UTC)
     DATE                  :2019-12-05
     QC FLAG FOR DATE      :1
*LOCATION
     LATITUDE              :10.813  
     LONGITUDE             :44.205  
     QC FLAG FOR LOCATION  :1
*FILE
     COLUMN 1              :Pressure (dbar)                             F7.1
     COLUMN 2              :Corrected Pressure (dbar)                   F7.1
     COLUMN 3              :Quality on Pressure                         I3
     COLUMN 4              :Temperature (degree_Celsius)                F9.3
     COLUMN 5              :Corrected Temperature (degree_Celsius)      F9.3
     COLUMN 6              :Quality on Temperature                      I3
     COLUMN 7              :Salinity (PSU)                              F9.3
     COLUMN 8              :Corrected Salinity (PSU)                    F9.3
     COLUMN 9              :Quality on Salinity                         I3
==========================================================================
    3.9    3.9  1   27.820   27.820  1   36.240   36.240  1
    5.3    5.3  1   27.783   27.783  1   36.244   36.244  1
    6.2    6.2  1   27.686   27.686  1   36.241   36.241  1
    7.2    7.2  1   27.600   27.600  1   36.241   36.241  1
    8.3    8.3  1   27.558   27.558  1   36.242   36.242  1
    9.3    9.3  1   27.542   27.542  1   36.243   36.243  1
   10.4   10.4  1   27.516   27.516  1   36.241   36.241  1
   11.5   11.5  1   27.508   27.508  1   36.244   36.244  1
   12.6   12.6  1   27.489   27.489  1   36.245   36.245  1
   13.7   13.7  1   27.489   27.489  1   36.244   36.244  1
   14.8   14.8  1   27.493   27.493  1   36.244   36.244  1
   15.9   15.9  1   27.495   27.495  1   36.246   36.246  1
   17.0   17.0  1   27.495   27.495  1   36.247   36.247  1
   18.1   18.1  1   27.488   27.488  1   36.247   36.247  1
   19.3   19.3  1   27.488   27.488  1   36.246   36.246  1
   20.4   20.4  1   27.491   27.491  1   36.246   36.246  1
   21.5   21.5  1   27.490   27.490  1   36.246   36.246  1
   22.7   22.7  1   27.487   27.487  1   36.249   36.249  1
   23.8   23.8  1   27.485   27.485  1   36.247   36.247  1
   24.9   24.9  1   27.481   27.481  1   36.248   36.248  1
   26.0   26.0  1   27.474   27.474  1   36.247   36.247  1
   27.1   27.1  1   27.471   27.471  1   36.245   36.245  1
   28.2   28.2  1   27.461   27.461  1   36.247   36.247  1
   29.3   29.3  1   27.451   27.451  1   36.246   36.246  1
   30.3   30.3  1   27.404   27.404  1   36.260   36.260  1
   31.4   31.4  1   27.397   27.397  1   36.242   36.242  1
   32.5   32.5  1   27.385   27.385  1   36.239   36.239  1
   33.6   33.6  1   27.319   27.319  1   36.236   36.236  1
   34.8   34.8  1   27.293   27.293  1   36.232   36.232  1
   35.9   35.9  1   27.276   27.276  1   36.229   36.229  1
   37.1   37.1  1   27.271   27.271  1   36.227   36.227  1
   38.2   38.2  1   27.254   27.254  1   36.225   36.225  1
   39.4   39.4  1   27.215   27.215  1   36.223   36.223  1
   40.5   40.5  1   27.192   27.192  1   36.221   36.221  1
   41.6   41.6  1   27.172   27.172  1   36.221   36.221  1
   42.6   42.6  1   27.145   27.145  1   36.221   36.221  1
   43.6   43.6  1   27.128   27.128  1   36.217   36.217  1
   45.0   45.0  1   27.061   27.061  1   36.214   36.214  1
   46.3   46.3  1   26.990   26.990  1   36.210   36.210  1
   47.1   47.1  1   26.968   26.968  1   36.209   36.209  1
   47.9   47.9  1   26.955   26.955  1   36.209   36.209  1
   48.7   48.7  1   26.925   26.925  1   36.211   36.211  1
   49.9   49.9  1   26.900   26.900  1   36.208   36.208  1
   51.2   51.2  1   26.854   26.854  1   36.210   36.210  1
   52.0   52.0  1   26.798   26.798  1   36.204   36.204  1
   52.8   52.8  1   26.769   26.769  1   36.199   36.199  1
   54.0   54.0  1   26.733   26.733  1   36.192   36.192  1
   55.2   55.2  1   26.710   26.710  1   36.187   36.187  1
   56.0   56.0  1   26.715   26.715  1   36.187   36.187  1
   56.9   56.9  1   26.707   26.707  1   36.189   36.189  1
   57.7   57.7  1   26.671   26.671  1   36.182   36.182  1
   58.9   58.9  1   26.636   26.636  1   36.173   36.173  1
   60.1   60.1  1   26.620   26.620  1   36.169   36.169  1
   60.9   60.9  1   26.577   26.577  1   36.162   36.162  1
   61.8   61.8  1   26.530   26.530  1   36.163   36.163  1
   63.0   63.0  1   26.483   26.483  1   36.153   36.153  1
   64.2   64.2  1   26.433   26.433  1   36.149   36.149  1
   65.0   65.0  1   26.417   26.417  1   36.142   36.142  1
   65.8   65.8  1   26.393   26.393  1   36.136   36.136  1
   66.6   66.6  1   26.372   26.372  1   36.133   36.133  1
   67.9   67.9  1   26.184   26.184  1   36.133   36.133  1
   69.2   69.2  1   25.948   25.948  1   36.119   36.119  1
   70.1   70.1  1   25.838   25.838  1   36.102   36.102  1
   71.0   71.0  1   25.776   25.776  1   36.094   36.094  1
   71.9   71.9  1   25.640   25.640  1   36.092   36.092  1
   72.7   72.7  1   25.360   25.360  1   36.066   36.066  1
   73.8   73.8  1   25.228   25.228  1   36.045   36.045  1
   74.9   74.9  1   25.160   25.160  1   36.047   36.047  1
   76.0   76.0  1   25.006   25.006  1   36.050   36.050  1
   77.1   77.1  1   24.641   24.641  1   36.046   36.046  1
   78.0   78.0  1   24.458   24.458  1   36.029   36.029  1
   78.9   78.9  1   24.132   24.132  1   36.024   36.024  1
   80.0   80.0  1   23.805   23.805  1   36.013   36.013  1
   81.0   81.0  1   23.631   23.631  1   36.016   36.016  1
   82.1   82.1  1   23.539   23.539  1   36.015   36.015  1
   82.8   82.8  1   23.490   23.490  1   36.008   36.008  1
   83.8   83.8  1   23.386   23.386  1   36.007   36.007  1
   84.9   84.9  1   23.216   23.216  1   35.988   35.988  1
   86.0   86.0  1   22.816   22.816  1   35.972   35.972  1
   87.1   87.1  1   22.627   22.627  1   35.966   35.966  1
   88.0   88.0  1   22.370   22.370  1   35.980   35.980  1
   88.9   88.9  1   22.109   22.109  1   35.976   35.976  1
   89.9   89.9  1   21.823   21.823  1   35.956   35.956  1
   90.9   90.9  1   21.626   21.626  1   35.938   35.938  1
   91.9   91.9  1   21.626   21.626  1   35.935   35.935  1
   92.9   92.9  1   21.607   21.607  1   35.934   35.934  1
   93.9   93.9  1   21.582   21.582  1   35.936   35.936  1
   94.9   94.9  1   21.533   21.533  1   35.936   35.936  1
   95.8   95.8  1   21.512   21.512  1   35.929   35.929  1
   96.7   96.7  1   21.453   21.453  1   35.929   35.929  1
   97.7   97.7  1   21.274   21.274  1   35.937   35.937  1
   98.7   98.7  1   21.181   21.181  1   35.914   35.914  1
   99.7   99.7  1   20.997   20.997  1   35.905   35.905  1
  100.7  100.7  1   20.790   20.790  1   35.907   35.907  1
  101.7  101.7  1   20.600   20.600  1   35.895   35.895  1
  103.0  103.0  1   20.741   20.741  1   35.944   35.944  1
  104.2  104.2  1   20.809   20.809  1   35.977   35.977  1
  105.0  105.0  1   20.871   20.871  1   36.032   36.032  1
  105.7  105.7  1   20.637   20.637  1   36.001   36.001  1
  106.8  106.8  1   20.562   20.562  1   35.998   35.998  1
  108.0  108.0  1   20.501   20.501  1   35.998   35.998  1
  108.8  108.8  1   20.453   20.453  1   35.982   35.982  1
  110.0  110.0  1   20.372   20.372  1   35.975   35.975  1
  111.1  111.1  1   20.164   20.164  1   35.923   35.923  1
  111.9  111.9  1   19.818   19.818  1   35.892   35.892  1
  112.8  112.8  1   19.494   19.494  1   35.814   35.814  1
  113.7  113.7  1   19.280   19.280  1   35.830   35.830  1
  115.0  115.0  1   19.110   19.110  1   35.803   35.803  1
  116.3  116.3  1   18.961   18.961  1   35.814   35.814  1
  117.2  117.2  1   18.924   18.924  1   35.806   35.806  1
  118.2  118.2  1   18.823   18.823  1   35.804   35.804  1
  119.1  119.1  1   18.746   18.746  1   35.814   35.814  1
  120.0  120.0  1   18.689   18.689  1   35.828   35.828  1
  121.0  121.0  1   18.651   18.651  1   35.824   35.824  1
  121.9  121.9  1   18.645   18.645  1   35.822   35.822  1
  122.9  122.9  1   18.643   18.643  1   35.820   35.820  1
  123.8  123.8  1   18.630   18.630  1   35.821   35.821  1
  124.8  124.8  1   18.491   18.491  1   35.845   35.845  1
  125.8  125.8  1   18.443   18.443  1   35.844   35.844  1
  126.8  126.8  1   18.418   18.418  1   35.846   35.846  1
  127.8  127.8  1   18.391   18.391  1   35.850   35.850  1
  128.8  128.8  1   18.381   18.381  1   35.853   35.853  1
  129.8  129.8  1   18.403   18.403  1   35.864   35.864  1
  130.8  130.8  1   18.342   18.342  1   35.863   35.863  1
  131.8  131.8  1   18.257   18.257  1   35.856   35.856  1
  132.7  132.7  1   18.208   18.208  1   35.861   35.861  1
  133.7  133.7  1   18.070   18.070  1   35.868   35.868  1
  135.0  135.0  1   17.967   17.967  1   35.869   35.869  1
  136.1  136.1  1   17.757   17.757  1   35.841   35.841  1
  136.9  136.9  1   17.652   17.652  1   35.826   35.826  1
  137.7  137.7  1   17.556   17.556  1   35.814   35.814  1
  138.9  138.9  1   17.492   17.492  1   35.806   35.806  1
  140.1  140.1  1   17.423   17.423  1   35.801   35.801  1
  140.9  140.9  1   17.406   17.406  1   35.799   35.799  1
  141.7  141.7  1   17.417   17.417  1   35.816   35.816  1
  143.0  143.0  1   17.423   17.423  1   35.825   35.825  1
  144.2  144.2  1   17.351   17.351  1   35.816   35.816  1
  145.1  145.1  1   17.327   17.327  1   35.810   35.810  1
  145.9  145.9  1   17.353   17.353  1   35.846   35.846  1
  146.8  146.8  1   17.344   17.344  1   35.845   35.845  1
  147.6  147.6  1   17.343   17.343  1   35.846   35.846  1
  148.9  148.9  1   17.354   17.354  1   35.853   35.853  1
  150.2  150.2  1   17.365   17.365  1   35.861   35.861  1
  151.0  151.0  1   17.350   17.350  1   35.865   35.865  1
  151.9  151.9  1   17.340   17.340  1   35.866   35.866  1
  152.7  152.7  1   17.358   17.358  1   35.882   35.882  1
  154.0  154.0  1   17.338   17.338  1   35.883   35.883  1
  155.3  155.3  1   17.312   17.312  1   35.877   35.877  1
  156.1  156.1  1   17.250   17.250  1   35.872   35.872  1
  157.0  157.0  1   17.180   17.180  1   35.876   35.876  1
  157.9  157.9  1   17.167   17.167  1   35.877   35.877  1
  158.8  158.8  1   17.138   17.138  1   35.881   35.881  1
  159.7  159.7  1   17.088   17.088  1   35.881   35.881  1
  160.6  160.6  1   17.038   17.038  1   35.876   35.876  1
  161.9  161.9  1   17.018   17.018  1   35.873   35.873  1
  163.3  163.3  1   17.014   17.014  1   35.878   35.878  1
  164.2  164.2  1   17.014   17.014  1   35.882   35.882  1
  165.2  165.2  1   17.002   17.002  1   35.884   35.884  1
  166.1  166.1  1   16.989   16.989  1   35.885   35.885  1
  167.0  167.0  1   16.977   16.977  1   35.884   35.884  1
  168.0  168.0  1   16.955   16.955  1   35.887   35.887  1
  168.9  168.9  1   16.936   16.936  1   35.884   35.884  1
  169.9  169.9  1   16.904   16.904  1   35.883   35.883  1
  170.9  170.9  1   16.874   16.874  1   35.881   35.881  1
  171.8  171.8  1   16.825   16.825  1   35.878   35.878  1
  172.8  172.8  1   16.824   16.824  1   35.878   35.878  1
  173.8  173.8  1   16.825   16.825  1   35.877   35.877  1
  174.8  174.8  1   16.818   16.818  1   35.880   35.880  1
  175.7  175.7  1   16.811   16.811  1   35.879   35.879  1
  176.7  176.7  1   16.794   16.794  1   35.879   35.879  1
  177.7  177.7  1   16.759   16.759  1   35.878   35.878  1
  178.7  178.7  1   16.737   16.737  1   35.873   35.873  1
  179.6  179.6  1   16.720   16.720  1   35.873   35.873  1
  180.6  180.6  1   16.702   16.702  1   35.867   35.867  1
  181.6  181.6  1   16.681   16.681  1   35.868   35.868  1
  182.6  182.6  1   16.666   16.666  1   35.867   35.867  1
  183.6  183.6  1   16.659   16.659  1   35.871   35.871  1
  184.5  184.5  1   16.697   16.697  1   35.891   35.891  1
  185.6  185.6  1   16.707   16.707  1   35.899   35.899  1
  186.6  186.6  1   16.723   16.723  1   35.913   35.913  1
  187.6  187.6  1   16.732   16.732  1   35.918   35.918  1
  188.6  188.6  1   16.729   16.729  1   35.922   35.922  1
  189.6  189.6  1   16.860   16.860  1   35.955   35.955  1
  190.6  190.6  1   16.928   16.928  1   35.990   35.990  1
  191.6  191.6  1   17.047   17.047  1   36.041   36.041  1
  192.7  192.7  1   17.052   17.052  1   36.041   36.041  1
  193.7  193.7  1   17.161   17.161  1   36.091   36.091  1
  194.7  194.7  1   17.140   17.140  1   36.085   36.085  1
  195.8  195.8  1   17.132   17.132  1   36.083   36.083  1
  196.8  196.8  1   17.133   17.133  1   36.089   36.089  1
  197.8  197.8  1   17.101   17.101  1   36.091   36.091  1
  198.9  198.9  1   17.049   17.049  1   36.086   36.086  1
  199.8  199.8  1   17.023   17.023  1   36.088   36.088  1
  201.5  201.5  1   17.056   17.056  1   36.111   36.111  1
  203.4  203.4  1   17.206   17.206  1   36.174   36.174  1
  205.3  205.3  1   17.271   17.271  1   36.204   36.204  1
  207.6  207.6  1   17.512   17.512  1   36.290   36.290  1
  209.6  209.6  1   17.704   17.704  1   36.357   36.357  1
  211.2  211.2  1   17.787   17.787  1   36.402   36.402  1
  213.3  213.3  1   17.872   17.872  1   36.446   36.446  1
  215.5  215.5  1   17.919   17.919  1   36.509   36.509  1
  217.3  217.3  1   17.858   17.858  1   36.520   36.520  1
  219.2  219.2  1   18.106   18.106  1   36.606   36.606  1
  221.5  221.5  1   18.198   18.198  1   36.655   36.655  1
  223.7  223.7  1   18.259   18.259  1   36.689   36.689  1
  225.4  225.4  1   18.294   18.294  1   36.708   36.708  1
  227.2  227.2  1   18.149   18.149  1   36.685   36.685  1
  229.0  229.0  1   18.082   18.082  1   36.664   36.664  1
  231.4  231.4  1   17.797   17.797  1   36.590   36.590  1
  233.7  233.7  1   17.405   17.405  1   36.489   36.489  1
  235.6  235.6  1   17.182   17.182  1   36.433   36.433  1
  237.4  237.4  1   17.184   17.184  1   36.430   36.430  1
  239.3  239.3  1   17.184   17.184  1   36.433   36.433  1
  241.1  241.1  1   17.186   17.186  1   36.436   36.436  1
  243.5  243.5  1   17.186   17.186  1   36.433   36.433  1
  245.7  245.7  1   17.181   17.181  1   36.429   36.429  1
  247.4  247.4  1   17.175   17.175  1   36.426   36.426  1
  249.1  249.1  1   16.773   16.773  1   36.322   36.322  1
  251.3  251.3  1   16.648   16.648  1   36.295   36.295  1
  253.4  253.4  1   16.560   16.560  1   36.273   36.273  1
  255.1  255.1  1   16.345   16.345  1   36.194   36.194  1
  257.3  257.3  1   15.986   15.986  1   36.100   36.100  1
  259.5  259.5  1   15.804   15.804  1   36.057   36.057  1
  261.2  261.2  1   15.813   15.813  1   36.058   36.058  1
  263.3  263.3  1   15.566   15.566  1   36.063   36.063  1
  265.4  265.4  1   15.243   15.243  1   35.941   35.941  1
  267.2  267.2  1   15.170   15.170  1   35.909   35.909  1
  269.3  269.3  1   15.104   15.104  1   35.903   35.903  1
  271.4  271.4  1   15.100   15.100  1   35.925   35.925  1
  273.1  273.1  1   15.100   15.100  1   35.930   35.930  1
  275.4  275.4  1   15.147   15.147  1   35.956   35.956  1
  277.6  277.6  1   15.177   15.177  1   35.971   35.971  1
  279.4  279.4  1   15.184   15.184  1   35.979   35.979  1
  281.3  281.3  1   15.177   15.177  1   35.985   35.985  1
  283.2  283.2  1   15.183   15.183  1   35.996   35.996  1
  285.1  285.1  1   15.214   15.214  1   36.019   36.019  1
  287.4  287.4  1   15.223   15.223  1   36.022   36.022  1
  289.8  289.8  1   15.226   15.226  1   36.027   36.027  1
  291.7  291.7  1   15.225   15.225  1   36.030   36.030  1
  293.6  293.6  1   15.214   15.214  1   36.033   36.033  1
  295.5  295.5  1   15.214   15.214  1   36.038   36.038  1
  297.4  297.4  1   15.225   15.225  1   36.044   36.044  1
  299.4  299.4  1   15.231   15.231  1   36.047   36.047  1
  301.4  301.4  1   15.225   15.225  1   36.050   36.050  1
  303.3  303.3  1   15.230   15.230  1   36.055   36.055  1
  305.2  305.2  1   15.210   15.210  1   36.072   36.072  1
  307.2  307.2  1   15.180   15.180  1   36.070   36.070  1
  309.2  309.2  1   15.146   15.146  1   36.072   36.072  1
  311.2  311.2  1   15.154   15.154  1   36.097   36.097  1
  313.2  313.2  1   15.146   15.146  1   36.107   36.107  1
  315.2  315.2  1   15.169   15.169  1   36.121   36.121  1
  317.2  317.2  1   15.227   15.227  1   36.143   36.143  1
  319.2  319.2  1   15.284   15.284  1   36.171   36.171  1
  321.3  321.3  1   15.255   15.255  1   36.178   36.178  1
  323.4  323.4  1   15.255   15.255  1   36.186   36.186  1
  325.5  325.5  1   15.459   15.459  1   36.229   36.229  1
  327.7  327.7  1   15.890   15.890  1   36.407   36.407  1
  329.3  329.3  1   16.289   16.289  1   36.555   36.555  1
  331.0  331.0  1   16.379   16.379  1   36.586   36.586  1
  333.2  333.2  1   16.439   16.439  1   36.610   36.610  1
  335.3  335.3  1   16.375   16.375  1   36.587   36.587  1
  337.5  337.5  1   16.369   16.369  1   36.586   36.586  1
  339.7  339.7  1   16.405   16.405  1   36.607   36.607  1
  341.8  341.8  1   16.455   16.455  1   36.619   36.619  1
  343.5  343.5  1   16.470   16.470  1   36.634   36.634  1
  345.4  345.4  1   16.496   16.496  1   36.646   36.646  1
  347.5  347.5  1   16.498   16.498  1   36.651   36.651  1
  349.5  349.5  1   16.465   16.465  1   36.641   36.641  1
  351.4  351.4  1   16.391   16.391  1   36.625   36.625  1
  353.4  353.4  1   16.086   16.086  1   36.543   36.543  1
  355.5  355.5  1   15.860   15.860  1   36.476   36.476  1
  357.2  357.2  1   15.972   15.972  1   36.520   36.520  1
  359.3  359.3  1   15.993   15.993  1   36.529   36.529  1
  361.4  361.4  1   16.045   16.045  1   36.559   36.559  1
  363.1  363.1  1   16.163   16.163  1   36.579   36.579  1
  365.3  365.3  1   16.195   16.195  1   36.603   36.603  1
  367.5  367.5  1   16.240   16.240  1   36.624   36.624  1
  369.3  369.3  1   16.382   16.382  1   36.657   36.657  1
  371.5  371.5  1   16.483   16.483  1   36.687   36.687  1
  373.7  373.7  1   16.556   16.556  1   36.726   36.726  1
  375.4  375.4  1   16.628   16.628  1   36.731   36.731  1
  377.2  377.2  1   16.689   16.689  1   36.765   36.765  1
  379.4  379.4  1   16.728   16.728  1   36.779   36.779  1
  381.5  381.5  1   16.737   16.737  1   36.788   36.788  1
  383.3  383.3  1   16.736   16.736  1   36.792   36.792  1
  385.1  385.1  1   17.314   17.314  1   37.015   37.015  1
  387.4  387.4  1   17.314   17.314  1   37.014   37.014  1
  389.7  389.7  1   17.300   17.300  1   37.007   37.007  1
  391.5  391.5  1   17.291   17.291  1   37.008   37.008  1
  393.3  393.3  1   17.287   17.287  1   37.005   37.005  1
  395.1  395.1  1   17.289   17.289  1   36.998   36.998  1
  397.4  397.4  1   17.000   17.000  1   36.934   36.934  1
  399.6  399.6  1   16.713   16.713  1   36.864   36.864  1
  401.4  401.4  1   16.585   16.585  1   36.806   36.806  1
  403.2  403.2  1   16.490   16.490  1   36.763   36.763  1
  405.4  405.4  1   16.318   16.318  1   36.711   36.711  1
  407.5  407.5  1   15.773   15.773  1   36.585   36.585  1
  409.3  409.3  1   15.504   15.504  1   36.525   36.525  1
  411.2  411.2  1   15.477   15.477  1   36.509   36.509  1
  413.4  413.4  1   15.392   15.392  1   36.498   36.498  1
  415.7  415.7  1   15.283   15.283  1   36.469   36.469  1
  417.5  417.5  1   15.301   15.301  1   36.478   36.478  1
  419.4  419.4  1   15.329   15.329  1   36.486   36.486  1
  421.2  421.2  1   15.345   15.345  1   36.489   36.489  1
  423.2  423.2  1   15.353   15.353  1   36.497   36.497  1
  425.0  425.0  1   15.401   15.401  1   36.516   36.516  1
  427.4  427.4  1   15.424   15.424  1   36.527   36.527  1
  429.8  429.8  1   15.442   15.442  1   36.530   36.530  1
  431.8  431.8  1   15.448   15.448  1   36.533   36.533  1
  433.7  433.7  1   15.404   15.404  1   36.530   36.530  1
  435.7  435.7  1   15.356   15.356  1   36.515   36.515  1
  437.6  437.6  1   15.327   15.327  1   36.510   36.510  1
  439.6  439.6  1   15.325   15.325  1   36.506   36.506  1
  441.6  441.6  1   15.306   15.306  1   36.502   36.502  1
  443.6  443.6  1   15.289   15.289  1   36.499   36.499  1
  445.6  445.6  1   15.270   15.270  1   36.493   36.493  1
  447.6  447.6  1   15.235   15.235  1   36.496   36.496  1
  449.7  449.7  1   15.202   15.202  1   36.489   36.489  1
  451.9  451.9  1   15.190   15.190  1   36.491   36.491  1
  453.9  453.9  1   15.204   15.204  1   36.496   36.496  1
  455.8  455.8  1   15.250   15.250  1   36.520   36.520  1
  457.6  457.6  1   15.674   15.674  1   36.672   36.672  1
  459.0  459.0  1   15.743   15.743  1   36.686   36.686  1
  461.0  461.0  1   15.741   15.741  1   36.696   36.696  1
  463.4  463.4  1   15.756   15.756  1   36.691   36.691  1
  465.6  465.6  1   15.642   15.642  1   36.670   36.670  1
  467.0  467.0  1   15.320   15.320  1   36.610   36.610  1
  469.0  469.0  1   15.343   15.343  1   36.619   36.619  1
  471.4  471.4  1   15.376   15.376  1   36.630   36.630  1
  473.9  473.9  1   15.258   15.258  1   36.612   36.612  1
  475.9  475.9  1   15.150   15.150  1   36.577   36.577  1
  477.9  477.9  1   15.154   15.154  1   36.579   36.579  1
  479.9  479.9  1   15.251   15.251  1   36.591   36.591  1
  481.9  481.9  1   15.219   15.219  1   36.616   36.616  1
  483.9  483.9  1   15.156   15.156  1   36.609   36.609  1
  485.9  485.9  1   15.203   15.203  1   36.618   36.618  1
  487.9  487.9  1   15.391   15.391  1   36.669   36.669  1
  489.7  489.7  1   15.647   15.647  1   36.778   36.778  1
  491.7  491.7  1   15.618   15.618  1   36.781   36.781  1
  493.5  493.5  1   15.615   15.615  1   36.780   36.780  1
  495.4  495.4  1   15.846   15.846  1   36.864   36.864  1
  497.3  497.3  1   16.005   16.005  1   36.918   36.918  1
  499.3  499.3  1   16.042   16.042  1   36.937   36.937  1
  501.3  501.3  1   16.037   16.037  1   36.938   36.938  1
  503.3  503.3  1   16.074   16.074  1   36.952   36.952  1
  505.4  505.4  1   16.181   16.181  1   36.988   36.988  1
  507.4  507.4  1   16.190   16.190  1   36.996   36.996  1
  509.5  509.5  1   16.183   16.183  1   36.990   36.990  1
  511.2  511.2  1   16.169   16.169  1   36.992   36.992  1
  513.3  513.3  1   16.207   16.207  1   37.004   37.004  1
  515.5  515.5  1   16.367   16.367  1   37.070   37.070  1
  517.2  517.2  1   16.379   16.379  1   37.075   37.075  1
  519.4  519.4  1   16.388   16.388  1   37.082   37.082  1
  521.6  521.6  1   16.404   16.404  1   37.087   37.087  1
  523.4  523.4  1   16.415   16.415  1   37.093   37.093  1
  525.2  525.2  1   16.445   16.445  1   37.103   37.103  1
  527.4  527.4  1   16.464   16.464  1   37.111   37.111  1
  529.6  529.6  1   16.466   16.466  1   37.113   37.113  1
  531.3  531.3  1   16.466   16.466  1   37.112   37.112  1
  533.5  533.5  1   16.468   16.468  1   37.113   37.113  1
  535.7  535.7  1   16.472   16.472  1   37.110   37.110  1
  537.4  537.4  1   16.475   16.475  1   37.107   37.107  1
  539.1  539.1  1   16.276   16.276  1   37.052   37.052  1
  541.3  541.3  1   16.016   16.016  1   36.984   36.984  1
  543.5  543.5  1   15.736   15.736  1   36.915   36.915  1
  545.2  545.2  1   15.698   15.698  1   36.896   36.896  1
  547.5  547.5  1   15.670   15.670  1   36.892   36.892  1
  549.7  549.7  1   15.678   15.678  1   36.899   36.899  1
  551.5  551.5  1   15.775   15.775  1   36.925   36.925  1
  553.3  553.3  1   15.828   15.828  1   36.939   36.939  1
  555.1  555.1  1   15.878   15.878  1   36.961   36.961  1
  557.4  557.4  1   15.838   15.838  1   36.957   36.957  1
  559.6  559.6  1   15.854   15.854  1   36.965   36.965  1
  561.5  561.5  1   15.921   15.921  1   36.969   36.969  1
  563.3  563.3  1   15.949   15.949  1   36.989   36.989  1
  565.1  565.1  1   15.997   15.997  1   37.009   37.009  1
  567.0  567.0  1   15.936   15.936  1   36.997   36.997  1
  569.4  569.4  1   15.891   15.891  1   36.988   36.988  1
  571.7  571.7  1   15.833   15.833  1   36.977   36.977  1
  573.7  573.7  1   15.997   15.997  1   37.031   37.031  1
  575.6  575.6  1   15.996   15.996  1   37.033   37.033  1
  577.5  577.5  1   15.996   15.996  1   37.037   37.037  1
  579.4  579.4  1   15.999   15.999  1   37.034   37.034  1
  581.4  581.4  1   16.008   16.008  1   37.036   37.036  1
  583.3  583.3  1   16.056   16.056  1   37.042   37.042  1
  585.3  585.3  1   16.089   16.089  1   37.060   37.060  1
  587.3  587.3  1   16.226   16.226  1   37.117   37.117  1
  589.3  589.3  1   16.290   16.290  1   37.146   37.146  1
  591.4  591.4  1   16.508   16.508  1   37.216   37.216  1
  593.4  593.4  1   16.519   16.519  1   37.220   37.220  1
  595.5  595.5  1   16.550   16.550  1   37.235   37.235  1
  597.5  597.5  1   16.626   16.626  1   37.266   37.266  1
  599.4  599.4  1   16.654   16.654  1   37.279   37.279  1
  601.4  601.4  1   16.668   16.668  1   37.290   37.290  1
  603.4  603.4  1   16.683   16.683  1   37.295   37.295  1
  605.4  605.4  1   16.806   16.806  1   37.340   37.340  1
  607.4  607.4  1   16.923   16.923  1   37.385   37.385  1
  609.4  609.4  1   16.961   16.961  1   37.399   37.399  1
  611.4  611.4  1   16.982   16.982  1   37.406   37.406  1
  613.5  613.5  1   16.982   16.982  1   37.406   37.406  1
  615.5  615.5  1   16.983   16.983  1   37.406   37.406  1
  617.4  617.4  1   16.987   16.987  1   37.408   37.408  1
  619.4  619.4  1   16.994   16.994  1   37.411   37.411  1
  621.4  621.4  1   16.994   16.994  1   37.410   37.410  1
  623.5  623.5  1   16.997   16.997  1   37.410   37.410  1
  625.5  625.5  1   16.997   16.997  1   37.410   37.410  1
  627.6  627.6  1   16.997   16.997  1   37.411   37.411  1
  629.8  629.8  1   16.996   16.996  1   37.411   37.411  1
  631.8  631.8  1   16.997   16.997  1   37.411   37.411  1
  633.4  633.4  1   16.997   16.997  1   37.412   37.412  1
  635.0  635.0  1   16.991   16.991  1   37.411   37.411  1
  637.1  637.1  1   16.985   16.985  1   37.407   37.407  1
  639.3  639.3  1   16.984   16.984  1   37.408   37.408  1
  641.4  641.4  1   16.981   16.981  1   37.408   37.408  1
  643.5  643.5  1   16.983   16.983  1   37.408   37.408  1
  645.4  645.4  1   16.981   16.981  1   37.407   37.407  1
  647.0  647.0  1   16.979   16.979  1   37.406   37.406  1
