*SoftWare Version 3.0  2018/12/27

*HEADER
     PLATFORM NUMBER       :6902647
     CYCLE NUMBER          :136
     DATE CREATION         :20191226212330
     DATE UPDATE           :20191227211647
     PROJECT NAME          :ARGO-BSH
     PI NAME               :Birgit Klein
     INSTRUMENT TYPE       :ARVOR
     FLOAT SERIAL NO       :15D ARL 16
     FIRMWARE VERSION      :5605A07
     WMO INSTRUMENT TYPE   :844
     TRANSMISSION SYSTEM   :ARGOS
     POSITIONING SYSTEM    :ARGOS
     SAMPLE DIRECTION      :A(A=Ascend; D=Descend)
     DATA MODE             :A(R=Real Time; D=Delayed Mode; A=Real Time Adjusted)
     JULIAN DAY            :25561.5250 (days since 1950-01-01 00:00:00 UTC)
     DATE                  :2019-12-26
     QC FLAG FOR DATE      :1
*LOCATION
     LATITUDE              :37.585  
     LONGITUDE             :-24.346 
     QC FLAG FOR LOCATION  :1
*FILE
     COLUMN 1              :Pressure (dbar)                             F7.1
     COLUMN 2              :Corrected Pressure (dbar)                   F7.1
     COLUMN 3              :Quality on Pressure                         I3
     COLUMN 4              :Temperature (degree_Celsius)                F9.3
     COLUMN 5              :Corrected Temperature (degree_Celsius)      F9.3
     COLUMN 6              :Quality on Temperature                      I3
     COLUMN 7              :Salinity (PSU)                              F9.3
     COLUMN 8              :Corrected Salinity (PSU)                    F9.3
     COLUMN 9              :Quality on Salinity                         I3
==========================================================================
    6.0    6.0  1   18.680   18.680  1   36.456   36.456  1
    7.0    7.0  1   18.680   18.680  1   36.455   36.455  1
    8.0    8.0  1   18.681   18.681  1   36.456   36.456  1
    9.0    9.0  1   18.680   18.680  1   36.456   36.456  1
   10.0   10.0  1   18.677   18.677  1   36.456   36.456  1
   15.0   15.0  1   18.679   18.679  1   36.455   36.455  1
   25.0   25.0  1   18.681   18.681  1   36.454   36.454  1
   36.0   36.0  1   18.681   18.681  1   36.454   36.454  1
   45.0   45.0  1   18.683   18.683  1   36.454   36.454  1
   55.0   55.0  1   18.682   18.682  1   36.454   36.454  1
   66.0   66.0  1   18.684   18.684  1   36.454   36.454  1
   75.0   75.0  1   18.687   18.687  1   36.455   36.455  1
   86.0   86.0  1   18.690   18.690  1   36.453   36.453  1
   96.0   96.0  1   18.133   18.133  1   36.364   36.364  1
  105.0  105.0  1   17.027   17.027  1   36.235   36.235  1
  116.0  116.0  1   16.704   16.704  1   36.209   36.209  1
  125.0  125.0  1   16.464   16.464  1   36.189   36.189  1
  135.0  135.0  1   16.233   16.233  1   36.165   36.165  1
  145.0  145.0  1   15.966   15.966  1   36.132   36.132  1
  155.0  155.0  1   15.792   15.792  1   36.113   36.113  1
  166.0  166.0  1   15.585   15.585  1   36.084   36.084  1
  176.0  176.0  1   15.284   15.284  1   36.040   36.040  1
  185.0  185.0  1   15.186   15.186  1   36.024   36.024  1
  195.0  195.0  1   15.080   15.080  1   36.008   36.008  1
  213.0  213.0  1   14.798   14.798  1   35.966   35.966  1
  238.0  238.0  1   14.350   14.350  1   35.901   35.901  1
  263.0  263.0  1   13.983   13.983  1   35.849   35.849  1
  288.0  288.0  1   13.732   13.732  1   35.813   35.813  1
  313.0  313.0  1   13.433   13.433  1   35.773   35.773  1
  338.0  338.0  1   13.243   13.243  1   35.750   35.750  1
  362.0  362.0  1   13.085   13.085  1   35.732   35.732  1
  388.0  388.0  1   12.995   12.995  1   35.721   35.721  1
  413.0  413.0  1   12.638   12.638  1   35.677   35.677  1
  438.0  438.0  1   12.367   12.367  1   35.647   35.647  1
  463.0  463.0  1   12.105   12.105  1   35.623   35.623  1
  488.0  488.0  1   12.048   12.048  1   35.618   35.618  1
  514.0  514.0  1   11.855   11.855  1   35.596   35.596  1
  538.0  538.0  1   11.620   11.620  1   35.570   35.570  1
  562.0  562.0  1   11.443   11.443  1   35.548   35.548  1
  588.0  588.0  1   11.379   11.379  1   35.548   35.548  1
  613.0  613.0  1   11.289   11.289  1   35.550   35.550  1
  638.0  638.0  1   11.041   11.041  1   35.520   35.520  1
  663.0  663.0  1   10.909   10.909  1   35.527   35.527  1
  687.0  687.0  1   10.689   10.689  1   35.527   35.527  1
  713.0  713.0  1   10.465   10.465  1   35.517   35.517  1
  738.0  738.0  1   10.371   10.371  1   35.544   35.544  1
  763.0  763.0  1   10.257   10.257  1   35.570   35.570  1
  788.0  788.0  1   10.074   10.074  1   35.592   35.592  1
  812.0  812.0  1    9.994    9.994  1   35.615   35.615  1
  837.0  837.0  1    9.840    9.840  1   35.606   35.606  1
  863.0  863.0  1    9.769    9.769  1   35.621   35.621  1
  888.0  888.0  1    9.684    9.684  1   35.635   35.635  1
  913.0  913.0  1    9.553    9.553  1   35.637   35.637  1
  938.0  938.0  1    9.138    9.138  1   35.591   35.591  1
  963.0  963.0  1    8.921    8.921  1   35.598   35.598  1
  988.0  988.0  1    8.748    8.748  1   35.608   35.608  1
 1013.0 1013.0  1    8.330    8.330  1   35.558   35.558  1
 1038.0 1038.0  1    8.140    8.140  1   35.549   35.549  1
 1063.0 1063.0  1    7.841    7.841  1   35.511   35.511  1
 1088.0 1088.0  1    7.574    7.574  1   35.471   35.471  1
 1113.0 1113.0  1    7.301    7.301  1   35.428   35.428  1
 1138.0 1138.0  1    7.193    7.193  1   35.410   35.410  1
 1163.0 1163.0  1    7.048    7.048  1   35.388   35.388  1
 1188.0 1188.0  1    6.803    6.803  1   35.352   35.352  1
 1213.0 1213.0  1    6.684    6.684  1   35.336   35.336  1
 1238.0 1238.0  1    6.521    6.521  1   35.314   35.314  1
 1263.0 1263.0  1    6.204    6.204  1   35.269   35.269  1
 1288.0 1288.0  1    5.938    5.938  1   35.236   35.236  1
 1313.0 1313.0  1    5.660    5.660  1   35.198   35.198  1
 1338.0 1338.0  1    5.357    5.357  1   35.156   35.156  1
 1363.0 1363.0  1    5.246    5.246  1   35.142   35.142  1
 1388.0 1388.0  1    5.158    5.158  1   35.130   35.130  1
 1413.0 1413.0  1    5.031    5.031  1   35.114   35.114  1
 1438.0 1438.0  1    4.987    4.987  1   35.110   35.110  1
 1463.0 1463.0  1    4.947    4.947  1   35.107   35.107  1
 1488.0 1488.0  1    4.893    4.893  1   35.100   35.100  1
 1513.0 1513.0  1    4.846    4.846  1   35.096   35.096  1
 1538.0 1538.0  1    4.755    4.755  1   35.087   35.087  1
 1563.0 1563.0  1    4.679    4.679  1   35.078   35.078  1
 1588.0 1588.0  1    4.365    4.365  1   35.026   35.026  1
 1613.0 1613.0  1    4.213    4.213  1   35.000   35.000  1
 1638.0 1638.0  1    4.118    4.118  1   34.987   34.987  1
 1663.0 1663.0  1    4.043    4.043  1   34.980   34.980  1
 1688.0 1688.0  1    3.972    3.972  1   34.974   34.974  1
 1713.0 1713.0  1    3.966    3.966  1   34.973   34.973  1
 1738.0 1738.0  1    3.917    3.917  1   34.969   34.969  1
 1763.0 1763.0  1    3.808    3.808  1   34.958   34.958  1
 1788.0 1788.0  1    3.777    3.777  1   34.956   34.956  1
 1813.0 1813.0  1    3.760    3.760  1   34.955   34.955  1
 1838.0 1838.0  1    3.738    3.738  1   34.954   34.954  1
 1863.0 1863.0  1    3.685    3.685  1   34.950   34.950  1
 1889.0 1889.0  1    3.635    3.635  1   34.946   34.946  1
 1913.0 1913.0  1    3.628    3.628  1   34.946   34.946  1
 1938.0 1938.0  1    3.618    3.618  1   34.945   34.945  1
 1963.0 1963.0  1    3.586    3.586  1   34.943   34.943  1
