*SoftWare Version 3.0  2018/12/27

*HEADER
     PLATFORM NUMBER       :6902927
     CYCLE NUMBER          :015
     DATE CREATION         :20191216033224
     DATE UPDATE           :20191216033230
     PROJECT NAME          :CORIOLIS
     PI NAME               :Christophe MAES
     INSTRUMENT TYPE       :ARVOR
     FLOAT SERIAL NO       :AI2600-18FR018
     FIRMWARE VERSION      :5900A04
     WMO INSTRUMENT TYPE   :844
     TRANSMISSION SYSTEM   :IRIDIUM
     POSITIONING SYSTEM    :GPS
     SAMPLE DIRECTION      :A(A=Ascend; D=Descend)
     DATA MODE             :R(R=Real Time; D=Delayed Mode; A=Real Time Adjusted)
     JULIAN DAY            :25551.1191 (days since 1950-01-01 00:00:00 UTC)
     DATE                  :2019-12-16
     QC FLAG FOR DATE      :1
*LOCATION
     LATITUDE              :-20.293 
     LONGITUDE             :-177.773
     QC FLAG FOR LOCATION  :1
*FILE
     COLUMN 1              :Pressure (dbar)                             F7.1
     COLUMN 2              :Corrected Pressure (dbar)                   F7.1
     COLUMN 3              :Quality on Pressure                         I3
     COLUMN 4              :Temperature (degree_Celsius)                F9.3
     COLUMN 5              :Corrected Temperature (degree_Celsius)      F9.3
     COLUMN 6              :Quality on Temperature                      I3
     COLUMN 7              :Salinity (PSU)                              F9.3
     COLUMN 8              :Corrected Salinity (PSU)                    F9.3
     COLUMN 9              :Quality on Salinity                         I3
==========================================================================
    2.9    2.9  1   27.235   27.235  1   35.174   35.174  1
    3.9    3.9  1   27.237   27.237  1   35.174   35.174  1
    4.8    4.8  1   27.237   27.237  1   35.173   35.173  1
    6.0    6.0  1   27.238   27.238  1   35.174   35.174  1
    6.7    6.7  1   27.238   27.238  1   35.174   35.174  1
    7.9    7.9  1   27.237   27.237  1   35.174   35.174  1
    9.3    9.3  1   27.239   27.239  1   35.175   35.175  1
   10.2   10.2  1   27.238   27.238  1   35.175   35.175  1
   11.1   11.1  1   27.238   27.238  1   35.175   35.175  1
   12.1   12.1  1   27.240   27.240  1   35.174   35.174  1
   13.0   13.0  1   27.240   27.240  1   35.174   35.174  1
   13.9   13.9  1   27.241   27.241  1   35.173   35.173  1
   14.7   14.7  1   27.241   27.241  1   35.173   35.173  1
   15.8   15.8  1   27.239   27.239  1   35.174   35.174  1
   16.9   16.9  1   27.229   27.229  1   35.170   35.170  1
   18.1   18.1  1   27.136   27.136  1   35.161   35.161  1
   19.0   19.0  1   26.972   26.972  1   35.173   35.173  1
   19.9   19.9  1   26.941   26.941  1   35.160   35.160  1
   21.0   21.0  1   26.585   26.585  1   35.167   35.167  1
   21.8   21.8  1   26.436   26.436  1   35.187   35.187  1
   23.0   23.0  1   26.278   26.278  1   35.166   35.166  1
   24.2   24.2  1   26.189   26.189  1   35.164   35.164  1
   25.1   25.1  1   26.157   26.157  1   35.163   35.163  1
   25.9   25.9  1   26.126   26.126  1   35.164   35.164  1
   26.8   26.8  1   26.111   26.111  1   35.162   35.162  1
   27.7   27.7  1   26.078   26.078  1   35.168   35.168  1
   29.0   29.0  1   26.018   26.018  1   35.164   35.164  1
   30.3   30.3  1   25.979   25.979  1   35.165   35.165  1
   31.1   31.1  1   25.960   25.960  1   35.166   35.166  1
   32.0   32.0  1   25.917   25.917  1   35.168   35.168  1
   32.9   32.9  1   25.873   25.873  1   35.178   35.178  1
   33.8   33.8  1   25.834   25.834  1   35.169   35.169  1
   34.8   34.8  1   25.809   25.809  1   35.169   35.169  1
   35.7   35.7  1   25.800   25.800  1   35.168   35.168  1
   36.6   36.6  1   25.793   25.793  1   35.169   35.169  1
   37.9   37.9  1   25.785   25.785  1   35.167   35.167  1
   39.3   39.3  1   25.752   25.752  1   35.169   35.169  1
   40.2   40.2  1   25.719   25.719  1   35.169   35.169  1
   41.1   41.1  1   25.702   25.702  1   35.166   35.166  1
   42.1   42.1  1   25.676   25.676  1   35.168   35.168  1
   43.1   43.1  1   25.654   25.654  1   35.170   35.170  1
   44.1   44.1  1   25.620   25.620  1   35.172   35.172  1
   45.0   45.0  1   25.619   25.619  1   35.170   35.170  1
   46.0   46.0  1   25.612   25.612  1   35.170   35.170  1
   46.9   46.9  1   25.587   25.587  1   35.170   35.170  1
   47.9   47.9  1   25.567   25.567  1   35.172   35.172  1
   48.9   48.9  1   25.548   25.548  1   35.172   35.172  1
   49.9   49.9  1   25.531   25.531  1   35.173   35.173  1
   50.9   50.9  1   25.508   25.508  1   35.173   35.173  1
   51.8   51.8  1   25.493   25.493  1   35.173   35.173  1
   52.9   52.9  1   25.479   25.479  1   35.172   35.172  1
   53.8   53.8  1   25.476   25.476  1   35.173   35.173  1
   54.8   54.8  1   25.464   25.464  1   35.175   35.175  1
   55.8   55.8  1   25.436   25.436  1   35.177   35.177  1
   56.8   56.8  1   25.405   25.405  1   35.178   35.178  1
   57.8   57.8  1   25.363   25.363  1   35.182   35.182  1
   58.8   58.8  1   25.341   25.341  1   35.181   35.181  1
   59.8   59.8  1   25.332   25.332  1   35.182   35.182  1
   60.8   60.8  1   25.325   25.325  1   35.182   35.182  1
   61.7   61.7  1   25.271   25.271  1   35.186   35.186  1
   62.7   62.7  1   25.221   25.221  1   35.184   35.184  1
   63.7   63.7  1   25.156   25.156  1   35.189   35.189  1
   64.7   64.7  1   25.144   25.144  1   35.194   35.194  1
   65.7   65.7  1   25.100   25.100  1   35.197   35.197  1
   66.6   66.6  1   25.087   25.087  1   35.196   35.196  1
   68.0   68.0  1   25.059   25.059  1   35.201   35.201  1
   69.1   69.1  1   25.044   25.044  1   35.201   35.201  1
   69.8   69.8  1   25.005   25.005  1   35.212   35.212  1
   70.9   70.9  1   24.913   24.913  1   35.243   35.243  1
   72.0   72.0  1   24.734   24.734  1   35.239   35.239  1
   72.8   72.8  1   24.687   24.687  1   35.235   35.235  1
   73.9   73.9  1   24.666   24.666  1   35.239   35.239  1
   75.1   75.1  1   24.665   24.665  1   35.240   35.240  1
   75.8   75.8  1   24.669   24.669  1   35.241   35.241  1
   76.9   76.9  1   24.669   24.669  1   35.244   35.244  1
   78.1   78.1  1   24.662   24.662  1   35.250   35.250  1
   78.8   78.8  1   24.638   24.638  1   35.258   35.258  1
   80.0   80.0  1   24.602   24.602  1   35.271   35.271  1
   81.1   81.1  1   24.587   24.587  1   35.278   35.278  1
   81.9   81.9  1   24.584   24.584  1   35.280   35.280  1
   83.0   83.0  1   24.563   24.563  1   35.288   35.288  1
   84.3   84.3  1   24.548   24.548  1   35.295   35.295  1
   85.2   85.2  1   24.531   24.531  1   35.303   35.303  1
   86.1   86.1  1   24.435   24.435  1   35.333   35.333  1
   86.9   86.9  1   24.386   24.386  1   35.350   35.350  1
   87.8   87.8  1   24.360   24.360  1   35.360   35.360  1
   88.7   88.7  1   24.348   24.348  1   35.359   35.359  1
   89.6   89.6  1   24.316   24.316  1   35.364   35.364  1
   90.6   90.6  1   24.261   24.261  1   35.362   35.362  1
   91.9   91.9  1   24.154   24.154  1   35.348   35.348  1
   93.3   93.3  1   24.115   24.115  1   35.352   35.352  1
   94.1   94.1  1   24.112   24.112  1   35.349   35.349  1
   95.0   95.0  1   24.058   24.058  1   35.354   35.354  1
   95.9   95.9  1   23.988   23.988  1   35.362   35.362  1
   96.8   96.8  1   23.933   23.933  1   35.366   35.366  1
   97.8   97.8  1   23.831   23.831  1   35.369   35.369  1
   98.7   98.7  1   23.806   23.806  1   35.378   35.378  1
   99.7   99.7  1   23.745   23.745  1   35.384   35.384  1
  100.8  100.8  1   23.697   23.697  1   35.386   35.386  1
  101.8  101.8  1   23.673   23.673  1   35.386   35.386  1
  102.8  102.8  1   23.658   23.658  1   35.382   35.382  1
  103.8  103.8  1   23.639   23.639  1   35.382   35.382  1
  104.8  104.8  1   23.627   23.627  1   35.378   35.378  1
  105.8  105.8  1   23.611   23.611  1   35.377   35.377  1
  106.8  106.8  1   23.558   23.558  1   35.372   35.372  1
  107.8  107.8  1   23.521   23.521  1   35.366   35.366  1
  108.8  108.8  1   23.518   23.518  1   35.369   35.369  1
  109.7  109.7  1   23.523   23.523  1   35.368   35.368  1
  110.6  110.6  1   23.512   23.512  1   35.372   35.372  1
  111.5  111.5  1   23.504   23.504  1   35.372   35.372  1
  112.5  112.5  1   23.480   23.480  1   35.377   35.377  1
  113.5  113.5  1   23.402   23.402  1   35.403   35.403  1
  114.5  114.5  1   23.329   23.329  1   35.429   35.429  1
  115.6  115.6  1   23.261   23.261  1   35.421   35.421  1
  116.6  116.6  1   23.248   23.248  1   35.421   35.421  1
  117.7  117.7  1   23.229   23.229  1   35.418   35.418  1
  118.7  118.7  1   23.224   23.224  1   35.424   35.424  1
  119.7  119.7  1   23.187   23.187  1   35.431   35.431  1
  120.6  120.6  1   23.179   23.179  1   35.431   35.431  1
  121.8  121.8  1   23.145   23.145  1   35.437   35.437  1
  122.9  122.9  1   23.125   23.125  1   35.444   35.444  1
  123.9  123.9  1   23.094   23.094  1   35.455   35.455  1
  125.0  125.0  1   23.074   23.074  1   35.458   35.458  1
  125.8  125.8  1   23.056   23.056  1   35.462   35.462  1
  126.9  126.9  1   23.048   23.048  1   35.471   35.471  1
  128.0  128.0  1   23.041   23.041  1   35.473   35.473  1
  128.7  128.7  1   23.038   23.038  1   35.479   35.479  1
  129.8  129.8  1   23.037   23.037  1   35.480   35.480  1
  131.0  131.0  1   23.033   23.033  1   35.484   35.484  1
  131.7  131.7  1   23.013   23.013  1   35.493   35.493  1
  132.9  132.9  1   22.935   22.935  1   35.502   35.502  1
  134.1  134.1  1   22.885   22.885  1   35.508   35.508  1
  134.8  134.8  1   22.854   22.854  1   35.511   35.511  1
  135.7  135.7  1   22.824   22.824  1   35.519   35.519  1
  136.9  136.9  1   22.792   22.792  1   35.528   35.528  1
  138.1  138.1  1   22.766   22.766  1   35.533   35.533  1
  139.0  139.0  1   22.755   22.755  1   35.536   35.536  1
  139.8  139.8  1   22.736   22.736  1   35.541   35.541  1
  140.7  140.7  1   22.719   22.719  1   35.548   35.548  1
  141.5  141.5  1   22.675   22.675  1   35.565   35.565  1
  142.9  142.9  1   22.632   22.632  1   35.586   35.586  1
  144.2  144.2  1   22.630   22.630  1   35.602   35.602  1
  145.1  145.1  1   22.593   22.593  1   35.641   35.641  1
  146.1  146.1  1   22.534   22.534  1   35.639   35.639  1
  146.9  146.9  1   22.533   22.533  1   35.640   35.640  1
  147.8  147.8  1   22.535   22.535  1   35.641   35.641  1
  148.7  148.7  1   22.454   22.454  1   35.651   35.651  1
  150.0  150.0  1   22.377   22.377  1   35.637   35.637  1
  151.4  151.4  1   22.309   22.309  1   35.639   35.639  1
  152.3  152.3  1   22.287   22.287  1   35.630   35.630  1
  153.2  153.2  1   22.257   22.257  1   35.633   35.633  1
  154.0  154.0  1   22.251   22.251  1   35.633   35.633  1
  154.8  154.8  1   22.226   22.226  1   35.649   35.649  1
  155.7  155.7  1   22.152   22.152  1   35.653   35.653  1
  157.0  157.0  1   22.084   22.084  1   35.657   35.657  1
  158.3  158.3  1   22.046   22.046  1   35.670   35.670  1
  159.2  159.2  1   21.974   21.974  1   35.679   35.679  1
  160.2  160.2  1   21.878   21.878  1   35.692   35.692  1
  161.1  161.1  1   21.834   21.834  1   35.691   35.691  1
  162.1  162.1  1   21.820   21.820  1   35.691   35.691  1
  163.1  163.1  1   21.787   21.787  1   35.693   35.693  1
  164.0  164.0  1   21.779   21.779  1   35.694   35.694  1
  164.9  164.9  1   21.769   21.769  1   35.693   35.693  1
  165.8  165.8  1   21.763   21.763  1   35.693   35.693  1
  166.7  166.7  1   21.735   21.735  1   35.696   35.696  1
  167.6  167.6  1   21.711   21.711  1   35.696   35.696  1
  168.6  168.6  1   21.625   21.625  1   35.700   35.700  1
  169.9  169.9  1   21.576   21.576  1   35.703   35.703  1
  171.3  171.3  1   21.541   21.541  1   35.702   35.702  1
  172.2  172.2  1   21.526   21.526  1   35.702   35.702  1
  173.1  173.1  1   21.425   21.425  1   35.704   35.704  1
  174.0  174.0  1   21.381   21.381  1   35.704   35.704  1
  174.9  174.9  1   21.335   21.335  1   35.699   35.699  1
  175.9  175.9  1   21.307   21.307  1   35.702   35.702  1
  176.9  176.9  1   21.144   21.144  1   35.712   35.712  1
  177.9  177.9  1   21.090   21.090  1   35.703   35.703  1
  178.9  178.9  1   21.055   21.055  1   35.702   35.702  1
  179.9  179.9  1   20.997   20.997  1   35.705   35.705  1
  180.9  180.9  1   20.946   20.946  1   35.700   35.700  1
  181.9  181.9  1   20.939   20.939  1   35.698   35.698  1
  182.8  182.8  1   20.933   20.933  1   35.699   35.699  1
  184.0  184.0  1   20.907   20.907  1   35.697   35.697  1
  185.0  185.0  1   20.882   20.882  1   35.698   35.698  1
  185.8  185.8  1   20.859   20.859  1   35.701   35.701  1
  186.9  186.9  1   20.832   20.832  1   35.699   35.699  1
  188.1  188.1  1   20.684   20.684  1   35.695   35.695  1
  188.9  188.9  1   20.634   20.634  1   35.691   35.691  1
  189.7  189.7  1   20.622   20.622  1   35.691   35.691  1
  190.9  190.9  1   20.613   20.613  1   35.690   35.690  1
  192.1  192.1  1   20.605   20.605  1   35.690   35.690  1
  192.9  192.9  1   20.589   20.589  1   35.690   35.690  1
  193.8  193.8  1   20.576   20.576  1   35.688   35.688  1
  195.0  195.0  1   20.548   20.548  1   35.688   35.688  1
  196.3  196.3  1   20.537   20.537  1   35.691   35.691  1
  197.2  197.2  1   20.517   20.517  1   35.693   35.693  1
  198.0  198.0  1   20.500   20.500  1   35.692   35.692  1
  198.9  198.9  1   20.496   20.496  1   35.691   35.691  1
  199.8  199.8  1   20.464   20.464  1   35.695   35.695  1
  200.7  200.7  1   20.439   20.439  1   35.693   35.693  1
  202.0  202.0  1   20.383   20.383  1   35.691   35.691  1
  203.3  203.3  1   20.352   20.352  1   35.688   35.688  1
  204.2  204.2  1   20.320   20.320  1   35.689   35.689  1
  205.1  205.1  1   20.270   20.270  1   35.684   35.684  1
  206.1  206.1  1   20.239   20.239  1   35.672   35.672  1
  207.0  207.0  1   20.229   20.229  1   35.671   35.671  1
  207.9  207.9  1   20.211   20.211  1   35.671   35.671  1
  208.8  208.8  1   20.184   20.184  1   35.672   35.672  1
  209.8  209.8  1   20.172   20.172  1   35.669   35.669  1
  210.7  210.7  1   20.169   20.169  1   35.671   35.671  1
  211.6  211.6  1   20.130   20.130  1   35.671   35.671  1
  212.6  212.6  1   20.106   20.106  1   35.668   35.668  1
  213.9  213.9  1   20.098   20.098  1   35.669   35.669  1
  215.4  215.4  1   20.084   20.084  1   35.671   35.671  1
  216.3  216.3  1   20.082   20.082  1   35.672   35.672  1
  217.2  217.2  1   20.072   20.072  1   35.674   35.674  1
  218.1  218.1  1   20.061   20.061  1   35.676   35.676  1
  219.1  219.1  1   20.060   20.060  1   35.678   35.678  1
  219.9  219.9  1   20.057   20.057  1   35.678   35.678  1
  220.8  220.8  1   20.057   20.057  1   35.677   35.677  1
  221.7  221.7  1   20.051   20.051  1   35.678   35.678  1
  222.6  222.6  1   20.047   20.047  1   35.677   35.677  1
  223.9  223.9  1   20.000   20.000  1   35.677   35.677  1
  225.4  225.4  1   19.923   19.923  1   35.678   35.678  1
  226.3  226.3  1   19.872   19.872  1   35.671   35.671  1
  227.1  227.1  1   19.846   19.846  1   35.668   35.668  1
  227.9  227.9  1   19.825   19.825  1   35.667   35.667  1
  228.8  228.8  1   19.789   19.789  1   35.666   35.666  1
  229.7  229.7  1   19.753   19.753  1   35.662   35.662  1
  230.6  230.6  1   19.706   19.706  1   35.664   35.664  1
  231.9  231.9  1   19.689   19.689  1   35.658   35.658  1
  233.3  233.3  1   19.668   19.668  1   35.654   35.654  1
  234.2  234.2  1   19.651   19.651  1   35.654   35.654  1
  235.1  235.1  1   19.638   19.638  1   35.653   35.653  1
  235.9  235.9  1   19.635   19.635  1   35.654   35.654  1
  236.8  236.8  1   19.599   19.599  1   35.652   35.652  1
  237.7  237.7  1   19.578   19.578  1   35.645   35.645  1
  238.6  238.6  1   19.551   19.551  1   35.645   35.645  1
  239.5  239.5  1   19.490   19.490  1   35.643   35.643  1
  240.9  240.9  1   19.466   19.466  1   35.640   35.640  1
  242.3  242.3  1   19.409   19.409  1   35.643   35.643  1
  243.3  243.3  1   19.316   19.316  1   35.635   35.635  1
  244.2  244.2  1   19.290   19.290  1   35.637   35.637  1
  245.2  245.2  1   19.268   19.268  1   35.637   35.637  1
  246.1  246.1  1   19.255   19.255  1   35.635   35.635  1
  247.1  247.1  1   19.250   19.250  1   35.634   35.634  1
  248.0  248.0  1   19.240   19.240  1   35.633   35.633  1
  248.9  248.9  1   19.239   19.239  1   35.632   35.632  1
  249.9  249.9  1   19.205   19.205  1   35.633   35.633  1
  250.9  250.9  1   19.094   19.094  1   35.638   35.638  1
  251.9  251.9  1   19.024   19.024  1   35.620   35.620  1
  252.9  252.9  1   19.017   19.017  1   35.620   35.620  1
  253.9  253.9  1   19.007   19.007  1   35.617   35.617  1
  254.9  254.9  1   18.976   18.976  1   35.617   35.617  1
  255.9  255.9  1   18.961   18.961  1   35.615   35.615  1
  256.9  256.9  1   18.943   18.943  1   35.613   35.613  1
  257.9  257.9  1   18.933   18.933  1   35.611   35.611  1
  258.9  258.9  1   18.930   18.930  1   35.609   35.609  1
  259.9  259.9  1   18.921   18.921  1   35.610   35.610  1
  260.9  260.9  1   18.919   18.919  1   35.608   35.608  1
  261.9  261.9  1   18.912   18.912  1   35.608   35.608  1
  262.9  262.9  1   18.909   18.909  1   35.606   35.606  1
  263.8  263.8  1   18.861   18.861  1   35.607   35.607  1
  264.9  264.9  1   18.841   18.841  1   35.597   35.597  1
  265.8  265.8  1   18.825   18.825  1   35.598   35.598  1
  266.8  266.8  1   18.805   18.805  1   35.594   35.594  1
  267.8  267.8  1   18.791   18.791  1   35.593   35.593  1
  268.7  268.7  1   18.741   18.741  1   35.590   35.590  1
  269.7  269.7  1   18.717   18.717  1   35.585   35.585  1
  270.7  270.7  1   18.693   18.693  1   35.586   35.586  1
  271.6  271.6  1   18.677   18.677  1   35.584   35.584  1
  272.6  272.6  1   18.659   18.659  1   35.580   35.580  1
  273.6  273.6  1   18.631   18.631  1   35.575   35.575  1
  274.5  274.5  1   18.523   18.523  1   35.569   35.569  1
  275.9  275.9  1   18.413   18.413  1   35.555   35.555  1
  277.4  277.4  1   18.362   18.362  1   35.550   35.550  1
  278.4  278.4  1   18.179   18.179  1   35.545   35.545  1
  279.4  279.4  1   18.153   18.153  1   35.528   35.528  1
  280.4  280.4  1   18.150   18.150  1   35.526   35.526  1
  281.4  281.4  1   18.134   18.134  1   35.529   35.529  1
  282.4  282.4  1   18.108   18.108  1   35.520   35.520  1
  283.4  283.4  1   18.093   18.093  1   35.517   35.517  1
  284.4  284.4  1   18.078   18.078  1   35.515   35.515  1
  285.4  285.4  1   18.065   18.065  1   35.511   35.511  1
  286.3  286.3  1   18.041   18.041  1   35.510   35.510  1
  287.4  287.4  1   17.951   17.951  1   35.505   35.505  1
  288.3  288.3  1   17.870   17.870  1   35.492   35.492  1
  289.3  289.3  1   17.855   17.855  1   35.491   35.491  1
  290.3  290.3  1   17.832   17.832  1   35.487   35.487  1
  291.3  291.3  1   17.800   17.800  1   35.485   35.485  1
  292.3  292.3  1   17.775   17.775  1   35.483   35.483  1
  293.3  293.3  1   17.698   17.698  1   35.476   35.476  1
  294.2  294.2  1   17.668   17.668  1   35.474   35.474  1
  295.2  295.2  1   17.643   17.643  1   35.473   35.473  1
  296.2  296.2  1   17.630   17.630  1   35.468   35.468  1
  297.2  297.2  1   17.580   17.580  1   35.478   35.478  1
  298.2  298.2  1   17.544   17.544  1   35.461   35.461  1
  299.2  299.2  1   17.503   17.503  1   35.456   35.456  1
  300.2  300.2  1   17.444   17.444  1   35.460   35.460  1
  301.2  301.2  1   17.415   17.415  1   35.448   35.448  1
  302.2  302.2  1   17.405   17.405  1   35.447   35.447  1
  303.3  303.3  1   17.386   17.386  1   35.446   35.446  1
  304.3  304.3  1   17.378   17.378  1   35.443   35.443  1
  305.3  305.3  1   17.343   17.343  1   35.443   35.443  1
  306.3  306.3  1   17.312   17.312  1   35.438   35.438  1
  307.4  307.4  1   17.296   17.296  1   35.438   35.438  1
  308.4  308.4  1   17.291   17.291  1   35.437   35.437  1
  309.4  309.4  1   17.258   17.258  1   35.439   35.439  1
  310.4  310.4  1   17.223   17.223  1   35.431   35.431  1
  311.4  311.4  1   17.216   17.216  1   35.430   35.430  1
  312.5  312.5  1   17.183   17.183  1   35.432   35.432  1
  313.5  313.5  1   17.156   17.156  1   35.424   35.424  1
  314.5  314.5  1   17.143   17.143  1   35.423   35.423  1
  315.5  315.5  1   17.135   17.135  1   35.420   35.420  1
  316.5  316.5  1   17.124   17.124  1   35.419   35.419  1
  317.5  317.5  1   17.120   17.120  1   35.418   35.418  1
  318.5  318.5  1   17.113   17.113  1   35.413   35.413  1
  319.5  319.5  1   17.027   17.027  1   35.411   35.411  1
  320.5  320.5  1   16.913   16.913  1   35.398   35.398  1
  321.5  321.5  1   16.867   16.867  1   35.388   35.388  1
  322.5  322.5  1   16.826   16.826  1   35.383   35.383  1
  323.5  323.5  1   16.735   16.735  1   35.374   35.374  1
  324.5  324.5  1   16.675   16.675  1   35.365   35.365  1
  325.5  325.5  1   16.662   16.662  1   35.364   35.364  1
  326.5  326.5  1   16.614   16.614  1   35.360   35.360  1
  327.5  327.5  1   16.593   16.593  1   35.361   35.361  1
  328.5  328.5  1   16.570   16.570  1   35.350   35.350  1
  329.5  329.5  1   16.502   16.502  1   35.348   35.348  1
  330.5  330.5  1   16.414   16.414  1   35.336   35.336  1
  331.5  331.5  1   16.379   16.379  1   35.327   35.327  1
  332.5  332.5  1   16.359   16.359  1   35.325   35.325  1
  333.5  333.5  1   16.292   16.292  1   35.322   35.322  1
  334.5  334.5  1   16.255   16.255  1   35.310   35.310  1
  335.5  335.5  1   16.248   16.248  1   35.309   35.309  1
  336.5  336.5  1   16.225   16.225  1   35.311   35.311  1
  337.6  337.6  1   16.162   16.162  1   35.296   35.296  1
  338.6  338.6  1   16.085   16.085  1   35.288   35.288  1
  339.6  339.6  1   16.002   16.002  1   35.280   35.280  1
  340.6  340.6  1   15.935   15.935  1   35.270   35.270  1
  341.7  341.7  1   15.854   15.854  1   35.271   35.271  1
  342.7  342.7  1   15.797   15.797  1   35.254   35.254  1
  343.7  343.7  1   15.780   15.780  1   35.253   35.253  1
  344.8  344.8  1   15.717   15.717  1   35.248   35.248  1
  345.9  345.9  1   15.688   15.688  1   35.242   35.242  1
  347.0  347.0  1   15.676   15.676  1   35.240   35.240  1
  348.1  348.1  1   15.672   15.672  1   35.240   35.240  1
  349.2  349.2  1   15.588   15.588  1   35.237   35.237  1
  350.3  350.3  1   15.567   15.567  1   35.232   35.232  1
  351.4  351.4  1   15.565   15.565  1   35.232   35.232  1
  352.5  352.5  1   15.565   15.565  1   35.231   35.231  1
  353.5  353.5  1   15.553   15.553  1   35.229   35.229  1
  354.5  354.5  1   15.552   15.552  1   35.228   35.228  1
  355.9  355.9  1   15.504   15.504  1   35.224   35.224  1
  357.1  357.1  1   15.397   15.397  1   35.213   35.213  1
  358.0  358.0  1   15.332   15.332  1   35.210   35.210  1
  358.8  358.8  1   15.310   15.310  1   35.206   35.206  1
  360.0  360.0  1   15.285   15.285  1   35.205   35.205  1
  361.2  361.2  1   15.269   15.269  1   35.204   35.204  1
  362.0  362.0  1   15.263   15.263  1   35.205   35.205  1
  362.8  362.8  1   15.263   15.263  1   35.205   35.205  1
  364.0  364.0  1   15.263   15.263  1   35.204   35.204  1
  365.3  365.3  1   15.259   15.259  1   35.203   35.203  1
  366.1  366.1  1   15.172   15.172  1   35.200   35.200  1
  366.9  366.9  1   15.137   15.137  1   35.195   35.195  1
  367.7  367.7  1   15.077   15.077  1   35.191   35.191  1
  368.9  368.9  1   15.007   15.007  1   35.172   35.172  1
  370.2  370.2  1   14.969   14.969  1   35.166   35.166  1
  371.0  371.0  1   14.928   14.928  1   35.163   35.163  1
  371.8  371.8  1   14.863   14.863  1   35.161   35.161  1
  372.7  372.7  1   14.816   14.816  1   35.160   35.160  1
  373.9  373.9  1   14.765   14.765  1   35.151   35.151  1
  375.2  375.2  1   14.716   14.716  1   35.143   35.143  1
  376.1  376.1  1   14.696   14.696  1   35.144   35.144  1
  376.9  376.9  1   14.589   14.589  1   35.131   35.131  1
  377.8  377.8  1   14.578   14.578  1   35.135   35.135  1
  378.6  378.6  1   14.555   14.555  1   35.130   35.130  1
  379.9  379.9  1   14.459   14.459  1   35.126   35.126  1
  381.2  381.2  1   14.457   14.457  1   35.123   35.123  1
  382.0  382.0  1   14.441   14.441  1   35.124   35.124  1
  382.9  382.9  1   14.417   14.417  1   35.118   35.118  1
  383.8  383.8  1   14.373   14.373  1   35.121   35.121  1
  384.6  384.6  1   14.341   14.341  1   35.124   35.124  1
  385.9  385.9  1   14.314   14.314  1   35.115   35.115  1
  387.3  387.3  1   14.273   14.273  1   35.111   35.111  1
  388.2  388.2  1   14.188   14.188  1   35.097   35.097  1
  389.1  389.1  1   14.154   14.154  1   35.090   35.090  1
  390.0  390.0  1   14.118   14.118  1   35.086   35.086  1
  390.9  390.9  1   14.066   14.066  1   35.078   35.078  1
  391.8  391.8  1   14.021   14.021  1   35.070   35.070  1
  392.7  392.7  1   13.998   13.998  1   35.068   35.068  1
  393.6  393.6  1   13.963   13.963  1   35.066   35.066  1
  394.9  394.9  1   13.917   13.917  1   35.068   35.068  1
  396.3  396.3  1   13.851   13.851  1   35.054   35.054  1
  397.2  397.2  1   13.841   13.841  1   35.054   35.054  1
  398.1  398.1  1   13.833   13.833  1   35.053   35.053  1
  399.1  399.1  1   13.820   13.820  1   35.047   35.047  1
  400.0  400.0  1   13.797   13.797  1   35.044   35.044  1
  400.9  400.9  1   13.771   13.771  1   35.041   35.041  1
  401.8  401.8  1   13.754   13.754  1   35.036   35.036  1
  402.7  402.7  1   13.706   13.706  1   35.043   35.043  1
  403.6  403.6  1   13.630   13.630  1   35.029   35.029  1
  404.9  404.9  1   13.621   13.621  1   35.028   35.028  1
  406.3  406.3  1   13.598   13.598  1   35.027   35.027  1
  407.2  407.2  1   13.549   13.549  1   35.026   35.026  1
  408.1  408.1  1   13.478   13.478  1   35.024   35.024  1
  409.1  409.1  1   13.475   13.475  1   35.012   35.012  1
  410.0  410.0  1   13.459   13.459  1   35.011   35.011  1
  411.0  411.0  1   13.443   13.443  1   35.013   35.013  1
  411.9  411.9  1   13.436   13.436  1   35.008   35.008  1
  412.9  412.9  1   13.402   13.402  1   35.007   35.007  1
  413.8  413.8  1   13.371   13.371  1   35.002   35.002  1
  414.7  414.7  1   13.292   13.292  1   34.997   34.997  1
  415.7  415.7  1   13.237   13.237  1   34.987   34.987  1
  416.6  416.6  1   13.205   13.205  1   34.981   34.981  1
  417.5  417.5  1   13.159   13.159  1   34.977   34.977  1
  418.9  418.9  1   13.127   13.127  1   34.972   34.972  1
  420.3  420.3  1   13.040   13.040  1   34.961   34.961  1
  421.3  421.3  1   12.997   12.997  1   34.957   34.957  1
  422.2  422.2  1   12.937   12.937  1   34.955   34.955  1
  423.1  423.1  1   12.859   12.859  1   34.947   34.947  1
  424.0  424.0  1   12.803   12.803  1   34.937   34.937  1
  425.0  425.0  1   12.783   12.783  1   34.931   34.931  1
  425.9  425.9  1   12.731   12.731  1   34.932   34.932  1
  426.8  426.8  1   12.713   12.713  1   34.924   34.924  1
  427.7  427.7  1   12.652   12.652  1   34.920   34.920  1
  428.6  428.6  1   12.616   12.616  1   34.914   34.914  1
  429.9  429.9  1   12.563   12.563  1   34.909   34.909  1
  431.3  431.3  1   12.464   12.464  1   34.897   34.897  1
  432.2  432.2  1   12.408   12.408  1   34.891   34.891  1
  433.1  433.1  1   12.376   12.376  1   34.888   34.888  1
  434.0  434.0  1   12.314   12.314  1   34.883   34.883  1
  435.0  435.0  1   12.295   12.295  1   34.882   34.882  1
  435.9  435.9  1   12.274   12.274  1   34.878   34.878  1
  436.8  436.8  1   12.249   12.249  1   34.875   34.875  1
  437.7  437.7  1   12.203   12.203  1   34.874   34.874  1
  438.6  438.6  1   12.168   12.168  1   34.865   34.865  1
  439.6  439.6  1   12.145   12.145  1   34.866   34.866  1
  440.9  440.9  1   12.125   12.125  1   34.865   34.865  1
  442.4  442.4  1   12.069   12.069  1   34.855   34.855  1
  443.3  443.3  1   12.055   12.055  1   34.857   34.857  1
  444.2  444.2  1   11.977   11.977  1   34.845   34.845  1
  445.2  445.2  1   11.944   11.944  1   34.841   34.841  1
  446.1  446.1  1   11.894   11.894  1   34.831   34.831  1
  447.0  447.0  1   11.867   11.867  1   34.838   34.838  1
  448.0  448.0  1   11.795   11.795  1   34.819   34.819  1
  448.9  448.9  1   11.706   11.706  1   34.823   34.823  1
  449.9  449.9  1   11.588   11.588  1   34.801   34.801  1
  450.9  450.9  1   11.569   11.569  1   34.797   34.797  1
  451.8  451.8  1   11.478   11.478  1   34.792   34.792  1
  452.8  452.8  1   11.404   11.404  1   34.775   34.775  1
  453.8  453.8  1   11.362   11.362  1   34.772   34.772  1
  454.8  454.8  1   11.323   11.323  1   34.770   34.770  1
  455.7  455.7  1   11.275   11.275  1   34.761   34.761  1
  456.7  456.7  1   11.241   11.241  1   34.757   34.757  1
  457.7  457.7  1   11.181   11.181  1   34.755   34.755  1
  458.7  458.7  1   11.152   11.152  1   34.749   34.749  1
  459.7  459.7  1   11.141   11.141  1   34.747   34.747  1
  460.7  460.7  1   11.136   11.136  1   34.747   34.747  1
  461.6  461.6  1   11.123   11.123  1   34.741   34.741  1
  462.6  462.6  1   11.034   11.034  1   34.738   34.738  1
  463.6  463.6  1   11.016   11.016  1   34.736   34.736  1
  464.5  464.5  1   10.979   10.979  1   34.735   34.735  1
  465.5  465.5  1   10.929   10.929  1   34.729   34.729  1
  466.5  466.5  1   10.877   10.877  1   34.725   34.725  1
  467.5  467.5  1   10.795   10.795  1   34.722   34.722  1
  468.6  468.6  1   10.757   10.757  1   34.721   34.721  1
  469.6  469.6  1   10.731   10.731  1   34.710   34.710  1
  470.6  470.6  1   10.722   10.722  1   34.712   34.712  1
  471.6  471.6  1   10.695   10.695  1   34.708   34.708  1
  472.6  472.6  1   10.686   10.686  1   34.706   34.706  1
  473.7  473.7  1   10.663   10.663  1   34.705   34.705  1
  474.7  474.7  1   10.634   10.634  1   34.704   34.704  1
  475.7  475.7  1   10.614   10.614  1   34.701   34.701  1
  476.7  476.7  1   10.607   10.607  1   34.699   34.699  1
  477.7  477.7  1   10.598   10.598  1   34.698   34.698  1
  478.8  478.8  1   10.578   10.578  1   34.699   34.699  1
  479.8  479.8  1   10.561   10.561  1   34.694   34.694  1
  480.8  480.8  1   10.548   10.548  1   34.692   34.692  1
  481.8  481.8  1   10.540   10.540  1   34.691   34.691  1
  482.8  482.8  1   10.505   10.505  1   34.689   34.689  1
  483.8  483.8  1   10.478   10.478  1   34.688   34.688  1
  484.8  484.8  1   10.454   10.454  1   34.682   34.682  1
  485.8  485.8  1   10.430   10.430  1   34.679   34.679  1
  486.8  486.8  1   10.415   10.415  1   34.679   34.679  1
  487.8  487.8  1   10.381   10.381  1   34.671   34.671  1
  488.8  488.8  1   10.320   10.320  1   34.665   34.665  1
  489.8  489.8  1   10.160   10.160  1   34.654   34.654  1
  490.8  490.8  1   10.087   10.087  1   34.658   34.658  1
  491.9  491.9  1   10.007   10.007  1   34.643   34.643  1
  492.9  492.9  1    9.944    9.944  1   34.634   34.634  1
  494.0  494.0  1    9.869    9.869  1   34.628   34.628  1
  495.0  495.0  1    9.844    9.844  1   34.623   34.623  1
  496.1  496.1  1    9.812    9.812  1   34.622   34.622  1
  497.2  497.2  1    9.791    9.791  1   34.618   34.618  1
  498.2  498.2  1    9.775    9.775  1   34.614   34.614  1
  499.3  499.3  1    9.753    9.753  1   34.615   34.615  1
  500.4  500.4  1    9.728    9.728  1   34.612   34.612  1
  501.5  501.5  1    9.673    9.673  1   34.604   34.604  1
  502.6  502.6  1    9.655    9.655  1   34.603   34.603  1
  503.7  503.7  1    9.636    9.636  1   34.604   34.604  1
  504.8  504.8  1    9.611    9.611  1   34.598   34.598  1
  505.9  505.9  1    9.588    9.588  1   34.598   34.598  1
  507.0  507.0  1    9.561    9.561  1   34.595   34.595  1
  508.0  508.0  1    9.552    9.552  1   34.591   34.591  1
  509.1  509.1  1    9.523    9.523  1   34.588   34.588  1
  510.1  510.1  1    9.490    9.490  1   34.590   34.590  1
  511.3  511.3  1    9.474    9.474  1   34.583   34.583  1
  512.3  512.3  1    9.466    9.466  1   34.584   34.584  1
  513.4  513.4  1    9.444    9.444  1   34.580   34.580  1
  514.5  514.5  1    9.421    9.421  1   34.578   34.578  1
  515.6  515.6  1    9.373    9.373  1   34.573   34.573  1
  516.7  516.7  1    9.362    9.362  1   34.573   34.573  1
  517.7  517.7  1    9.350    9.350  1   34.570   34.570  1
  518.8  518.8  1    9.343    9.343  1   34.569   34.569  1
  519.8  519.8  1    9.337    9.337  1   34.567   34.567  1
  520.9  520.9  1    9.269    9.269  1   34.565   34.565  1
  522.0  522.0  1    9.207    9.207  1   34.558   34.558  1
  523.0  523.0  1    9.198    9.198  1   34.556   34.556  1
  524.1  524.1  1    9.190    9.190  1   34.556   34.556  1
  525.2  525.2  1    9.184    9.184  1   34.554   34.554  1
  526.3  526.3  1    9.172    9.172  1   34.555   34.555  1
  527.3  527.3  1    9.153    9.153  1   34.553   34.553  1
  528.5  528.5  1    9.140    9.140  1   34.553   34.553  1
  529.5  529.5  1    9.130    9.130  1   34.550   34.550  1
  530.6  530.6  1    9.124    9.124  1   34.548   34.548  1
  531.7  531.7  1    9.122    9.122  1   34.549   34.549  1
  532.7  532.7  1    9.116    9.116  1   34.548   34.548  1
  533.8  533.8  1    9.112    9.112  1   34.546   34.546  1
  534.8  534.8  1    9.112    9.112  1   34.546   34.546  1
  535.9  535.9  1    9.088    9.088  1   34.539   34.539  1
  536.9  536.9  1    8.929    8.929  1   34.529   34.529  1
  537.9  537.9  1    8.918    8.918  1   34.525   34.525  1
  539.0  539.0  1    8.912    8.912  1   34.530   34.530  1
  540.0  540.0  1    8.904    8.904  1   34.529   34.529  1
  541.1  541.1  1    8.888    8.888  1   34.517   34.517  1
  542.1  542.1  1    8.859    8.859  1   34.525   34.525  1
  543.2  543.2  1    8.825    8.825  1   34.525   34.525  1
  544.2  544.2  1    8.817    8.817  1   34.520   34.520  1
  545.3  545.3  1    8.805    8.805  1   34.520   34.520  1
  546.3  546.3  1    8.788    8.788  1   34.519   34.519  1
  547.4  547.4  1    8.771    8.771  1   34.515   34.515  1
  548.4  548.4  1    8.755    8.755  1   34.512   34.512  1
  549.4  549.4  1    8.743    8.743  1   34.511   34.511  1
  550.5  550.5  1    8.724    8.724  1   34.509   34.509  1
  551.5  551.5  1    8.698    8.698  1   34.508   34.508  1
  552.6  552.6  1    8.671    8.671  1   34.505   34.505  1
  553.6  553.6  1    8.646    8.646  1   34.501   34.501  1
  554.7  554.7  1    8.627    8.627  1   34.498   34.498  1
  555.7  555.7  1    8.536    8.536  1   34.496   34.496  1
  556.8  556.8  1    8.503    8.503  1   34.487   34.487  1
  557.8  557.8  1    8.482    8.482  1   34.486   34.486  1
  558.9  558.9  1    8.471    8.471  1   34.487   34.487  1
  559.9  559.9  1    8.450    8.450  1   34.488   34.488  1
  561.0  561.0  1    8.428    8.428  1   34.482   34.482  1
  562.0  562.0  1    8.415    8.415  1   34.479   34.479  1
  563.0  563.0  1    8.336    8.336  1   34.474   34.474  1
  564.1  564.1  1    8.316    8.316  1   34.471   34.471  1
  565.1  565.1  1    8.311    8.311  1   34.470   34.470  1
  566.2  566.2  1    8.301    8.301  1   34.469   34.469  1
  567.3  567.3  1    8.259    8.259  1   34.475   34.475  1
  568.3  568.3  1    8.184    8.184  1   34.465   34.465  1
  569.3  569.3  1    8.141    8.141  1   34.458   34.458  1
  570.4  570.4  1    8.118    8.118  1   34.456   34.456  1
  571.4  571.4  1    8.104    8.104  1   34.454   34.454  1
  572.5  572.5  1    8.090    8.090  1   34.451   34.451  1
  573.5  573.5  1    8.034    8.034  1   34.449   34.449  1
  574.6  574.6  1    7.998    7.998  1   34.447   34.447  1
  575.6  575.6  1    7.971    7.971  1   34.446   34.446  1
  576.7  576.7  1    7.964    7.964  1   34.444   34.444  1
  577.7  577.7  1    7.960    7.960  1   34.444   34.444  1
  578.8  578.8  1    7.957    7.957  1   34.444   34.444  1
  579.8  579.8  1    7.955    7.955  1   34.444   34.444  1
  580.8  580.8  1    7.952    7.952  1   34.444   34.444  1
  581.9  581.9  1    7.941    7.941  1   34.444   34.444  1
  582.9  582.9  1    7.907    7.907  1   34.443   34.443  1
  583.9  583.9  1    7.899    7.899  1   34.439   34.439  1
  584.9  584.9  1    7.890    7.890  1   34.437   34.437  1
  586.0  586.0  1    7.856    7.856  1   34.441   34.441  1
  587.0  587.0  1    7.842    7.842  1   34.436   34.436  1
  588.1  588.1  1    7.839    7.839  1   34.436   34.436  1
  589.1  589.1  1    7.838    7.838  1   34.436   34.436  1
  590.2  590.2  1    7.821    7.821  1   34.435   34.435  1
  591.2  591.2  1    7.804    7.804  1   34.433   34.433  1
  592.3  592.3  1    7.757    7.757  1   34.439   34.439  1
  593.3  593.3  1    7.721    7.721  1   34.427   34.427  1
  594.4  594.4  1    7.711    7.711  1   34.426   34.426  1
  595.5  595.5  1    7.679    7.679  1   34.425   34.425  1
  596.6  596.6  1    7.663    7.663  1   34.423   34.423  1
  597.7  597.7  1    7.649    7.649  1   34.423   34.423  1
  598.7  598.7  1    7.637    7.637  1   34.423   34.423  1
  599.8  599.8  1    7.603    7.603  1   34.423   34.423  1
  600.8  600.8  1    7.584    7.584  1   34.421   34.421  1
  601.7  601.7  1    7.576    7.576  1   34.417   34.417  1
  602.9  602.9  1    7.566    7.566  1   34.416   34.416  1
  604.0  604.0  1    7.537    7.537  1   34.416   34.416  1
  604.8  604.8  1    7.526    7.526  1   34.416   34.416  1
  605.9  605.9  1    7.511    7.511  1   34.412   34.412  1
  607.1  607.1  1    7.488    7.488  1   34.412   34.412  1
  607.9  607.9  1    7.435    7.435  1   34.412   34.412  1
  608.7  608.7  1    7.348    7.348  1   34.408   34.408  1
  609.9  609.9  1    7.337    7.337  1   34.405   34.405  1
  611.1  611.1  1    7.334    7.334  1   34.406   34.406  1
  612.0  612.0  1    7.330    7.330  1   34.406   34.406  1
  612.8  612.8  1    7.330    7.330  1   34.405   34.405  1
  614.0  614.0  1    7.328    7.328  1   34.404   34.404  1
  615.3  615.3  1    7.323    7.323  1   34.405   34.405  1
  616.1  616.1  1    7.319    7.319  1   34.404   34.404  1
  616.9  616.9  1    7.314    7.314  1   34.404   34.404  1
  617.8  617.8  1    7.304    7.304  1   34.403   34.403  1
  618.6  618.6  1    7.281    7.281  1   34.404   34.404  1
  619.9  619.9  1    7.221    7.221  1   34.398   34.398  1
  621.2  621.2  1    7.189    7.189  1   34.396   34.396  1
  622.1  622.1  1    7.183    7.183  1   34.393   34.393  1
  623.0  623.0  1    7.165    7.165  1   34.390   34.390  1
  623.8  623.8  1    7.159    7.159  1   34.388   34.388  1
  624.7  624.7  1    7.156    7.156  1   34.389   34.389  1
  625.9  625.9  1    7.137    7.137  1   34.387   34.387  1
  627.3  627.3  1    7.105    7.105  1   34.388   34.388  1
  628.1  628.1  1    7.104    7.104  1   34.388   34.388  1
  629.0  629.0  1    7.094    7.094  1   34.382   34.382  1
  629.9  629.9  1    7.080    7.080  1   34.387   34.387  1
  630.8  630.8  1    7.068    7.068  1   34.384   34.384  1
  631.7  631.7  1    7.062    7.062  1   34.385   34.385  1
  632.6  632.6  1    7.054    7.054  1   34.383   34.383  1
  633.9  633.9  1    7.054    7.054  1   34.381   34.381  1
  635.3  635.3  1    7.047    7.047  1   34.381   34.381  1
  636.2  636.2  1    7.003    7.003  1   34.389   34.389  1
  637.1  637.1  1    6.934    6.934  1   34.378   34.378  1
  637.9  637.9  1    6.929    6.929  1   34.377   34.377  1
  638.8  638.8  1    6.905    6.905  1   34.378   34.378  1
  639.7  639.7  1    6.891    6.891  1   34.377   34.377  1
  640.6  640.6  1    6.887    6.887  1   34.374   34.374  1
  641.9  641.9  1    6.870    6.870  1   34.374   34.374  1
  643.2  643.2  1    6.809    6.809  1   34.373   34.373  1
  644.1  644.1  1    6.789    6.789  1   34.375   34.375  1
  645.1  645.1  1    6.759    6.759  1   34.375   34.375  1
  646.0  646.0  1    6.750    6.750  1   34.365   34.365  1
  646.9  646.9  1    6.750    6.750  1   34.371   34.371  1
  647.8  647.8  1    6.745    6.745  1   34.368   34.368  1
  648.7  648.7  1    6.731    6.731  1   34.372   34.372  1
  649.6  649.6  1    6.733    6.733  1   34.372   34.372  1
  650.6  650.6  1    6.733    6.733  1   34.368   34.368  1
  651.5  651.5  1    6.716    6.716  1   34.368   34.368  1
  652.9  652.9  1    6.700    6.700  1   34.367   34.367  1
  654.3  654.3  1    6.692    6.692  1   34.367   34.367  1
  655.3  655.3  1    6.691    6.691  1   34.366   34.366  1
  656.2  656.2  1    6.690    6.690  1   34.365   34.365  1
  657.2  657.2  1    6.685    6.685  1   34.366   34.366  1
  658.1  658.1  1    6.677    6.677  1   34.366   34.366  1
  659.0  659.0  1    6.673    6.673  1   34.365   34.365  1
  660.0  660.0  1    6.672    6.672  1   34.364   34.364  1
  660.9  660.9  1    6.669    6.669  1   34.365   34.365  1
  661.8  661.8  1    6.663    6.663  1   34.365   34.365  1
  662.7  662.7  1    6.662    6.662  1   34.363   34.363  1
  663.6  663.6  1    6.646    6.646  1   34.365   34.365  1
  664.9  664.9  1    6.632    6.632  1   34.361   34.361  1
  666.3  666.3  1    6.608    6.608  1   34.362   34.362  1
  667.2  667.2  1    6.582    6.582  1   34.360   34.360  1
  668.1  668.1  1    6.542    6.542  1   34.361   34.361  1
  669.0  669.0  1    6.530    6.530  1   34.357   34.357  1
  669.9  669.9  1    6.500    6.500  1   34.357   34.357  1
  670.8  670.8  1    6.443    6.443  1   34.361   34.361  1
  671.8  671.8  1    6.412    6.412  1   34.356   34.356  1
  672.7  672.7  1    6.400    6.400  1   34.354   34.354  1
  673.6  673.6  1    6.353    6.353  1   34.353   34.353  1
  674.9  674.9  1    6.338    6.338  1   34.353   34.353  1
  676.4  676.4  1    6.323    6.323  1   34.351   34.351  1
  677.3  677.3  1    6.306    6.306  1   34.353   34.353  1
  678.2  678.2  1    6.293    6.293  1   34.353   34.353  1
  679.1  679.1  1    6.260    6.260  1   34.350   34.350  1
  680.1  680.1  1    6.254    6.254  1   34.349   34.349  1
  681.0  681.0  1    6.245    6.245  1   34.349   34.349  1
  681.9  681.9  1    6.222    6.222  1   34.351   34.351  1
  682.8  682.8  1    6.191    6.191  1   34.349   34.349  1
  683.7  683.7  1    6.176    6.176  1   34.350   34.350  1
  684.6  684.6  1    6.170    6.170  1   34.348   34.348  1
  685.6  685.6  1    6.166    6.166  1   34.349   34.349  1
  686.9  686.9  1    6.161    6.161  1   34.347   34.347  1
  688.3  688.3  1    6.158    6.158  1   34.348   34.348  1
  689.2  689.2  1    6.149    6.149  1   34.347   34.347  1
  690.1  690.1  1    6.131    6.131  1   34.347   34.347  1
  691.0  691.0  1    6.118    6.118  1   34.347   34.347  1
  691.9  691.9  1    6.107    6.107  1   34.347   34.347  1
  692.9  692.9  1    6.101    6.101  1   34.347   34.347  1
  693.8  693.8  1    6.101    6.101  1   34.346   34.346  1
  694.7  694.7  1    6.098    6.098  1   34.347   34.347  1
  695.6  695.6  1    6.098    6.098  1   34.345   34.345  1
  696.9  696.9  1    6.093    6.093  1   34.346   34.346  1
  698.2  698.2  1    6.088    6.088  1   34.344   34.344  1
  699.1  699.1  1    6.084    6.084  1   34.344   34.344  1
  700.0  700.0  1    6.014    6.014  1   34.348   34.348  1
  700.9  700.9  1    5.993    5.993  1   34.345   34.345  1
  701.8  701.8  1    5.984    5.984  1   34.345   34.345  1
  702.7  702.7  1    5.983    5.983  1   34.344   34.344  1
  703.6  703.6  1    5.983    5.983  1   34.344   34.344  1
  704.9  704.9  1    5.981    5.981  1   34.344   34.344  1
  706.3  706.3  1    5.976    5.976  1   34.344   34.344  1
  707.2  707.2  1    5.974    5.974  1   34.344   34.344  1
  708.1  708.1  1    5.974    5.974  1   34.343   34.343  1
  709.0  709.0  1    5.973    5.973  1   34.343   34.343  1
  709.9  709.9  1    5.973    5.973  1   34.344   34.344  1
  710.8  710.8  1    5.968    5.968  1   34.343   34.343  1
  711.7  711.7  1    5.965    5.965  1   34.343   34.343  1
  713.0  713.0  1    5.956    5.956  1   34.342   34.342  1
  714.3  714.3  1    5.932    5.932  1   34.344   34.344  1
  715.3  715.3  1    5.914    5.914  1   34.341   34.341  1
  716.2  716.2  1    5.903    5.903  1   34.341   34.341  1
  717.1  717.1  1    5.893    5.893  1   34.342   34.342  1
  718.0  718.0  1    5.891    5.891  1   34.340   34.340  1
  718.9  718.9  1    5.890    5.890  1   34.341   34.341  1
  719.9  719.9  1    5.889    5.889  1   34.340   34.340  1
  720.8  720.8  1    5.883    5.883  1   34.341   34.341  1
  721.7  721.7  1    5.882    5.882  1   34.340   34.340  1
  722.7  722.7  1    5.879    5.879  1   34.339   34.339  1
  723.6  723.6  1    5.877    5.877  1   34.340   34.340  1
  724.9  724.9  1    5.846    5.846  1   34.340   34.340  1
  726.3  726.3  1    5.825    5.825  1   34.338   34.338  1
  727.3  727.3  1    5.812    5.812  1   34.339   34.339  1
  728.2  728.2  1    5.808    5.808  1   34.337   34.337  1
  729.1  729.1  1    5.805    5.805  1   34.336   34.336  1
  730.1  730.1  1    5.787    5.787  1   34.337   34.337  1
  731.0  731.0  1    5.753    5.753  1   34.337   34.337  1
  731.9  731.9  1    5.740    5.740  1   34.337   34.337  1
  732.9  732.9  1    5.720    5.720  1   34.337   34.337  1
  733.8  733.8  1    5.712    5.712  1   34.338   34.338  1
  734.8  734.8  1    5.698    5.698  1   34.336   34.336  1
  735.7  735.7  1    5.659    5.659  1   34.340   34.340  1
  736.7  736.7  1    5.639    5.639  1   34.338   34.338  1
  737.6  737.6  1    5.631    5.631  1   34.337   34.337  1
  738.5  738.5  1    5.622    5.622  1   34.338   34.338  1
  739.9  739.9  1    5.618    5.618  1   34.337   34.337  1
  741.3  741.3  1    5.604    5.604  1   34.338   34.338  1
  742.3  742.3  1    5.599    5.599  1   34.336   34.336  1
  743.2  743.2  1    5.592    5.592  1   34.337   34.337  1
  744.2  744.2  1    5.572    5.572  1   34.336   34.336  1
  745.2  745.2  1    5.552    5.552  1   34.340   34.340  1
  746.1  746.1  1    5.544    5.544  1   34.338   34.338  1
  747.1  747.1  1    5.541    5.541  1   34.337   34.337  1
  748.1  748.1  1    5.535    5.535  1   34.339   34.339  1
  749.1  749.1  1    5.533    5.533  1   34.338   34.338  1
  750.1  750.1  1    5.530    5.530  1   34.338   34.338  1
  751.0  751.0  1    5.510    5.510  1   34.339   34.339  1
  752.0  752.0  1    5.505    5.505  1   34.338   34.338  1
  753.0  753.0  1    5.508    5.508  1   34.340   34.340  1
  754.0  754.0  1    5.502    5.502  1   34.339   34.339  1
  754.9  754.9  1    5.502    5.502  1   34.339   34.339  1
  755.9  755.9  1    5.501    5.501  1   34.340   34.340  1
  757.0  757.0  1    5.502    5.502  1   34.339   34.339  1
  757.9  757.9  1    5.501    5.501  1   34.340   34.340  1
  758.9  758.9  1    5.501    5.501  1   34.340   34.340  1
  760.0  760.0  1    5.501    5.501  1   34.339   34.339  1
  761.0  761.0  1    5.500    5.500  1   34.339   34.339  1
  762.1  762.1  1    5.492    5.492  1   34.340   34.340  1
  763.1  763.1  1    5.480    5.480  1   34.340   34.340  1
  764.1  764.1  1    5.456    5.456  1   34.345   34.345  1
  765.1  765.1  1    5.414    5.414  1   34.345   34.345  1
  766.2  766.2  1    5.399    5.399  1   34.346   34.346  1
  767.2  767.2  1    5.391    5.391  1   34.347   34.347  1
  768.2  768.2  1    5.391    5.391  1   34.348   34.348  1
  769.3  769.3  1    5.382    5.382  1   34.348   34.348  1
  770.3  770.3  1    5.352    5.352  1   34.347   34.347  1
  771.3  771.3  1    5.346    5.346  1   34.350   34.350  1
  772.4  772.4  1    5.346    5.346  1   34.353   34.353  1
  773.4  773.4  1    5.335    5.335  1   34.352   34.352  1
  774.5  774.5  1    5.320    5.320  1   34.352   34.352  1
  775.5  775.5  1    5.319    5.319  1   34.351   34.351  1
  776.6  776.6  1    5.321    5.321  1   34.354   34.354  1
  777.6  777.6  1    5.323    5.323  1   34.356   34.356  1
  778.7  778.7  1    5.307    5.307  1   34.360   34.360  1
  779.8  779.8  1    5.293    5.293  1   34.358   34.358  1
  780.8  780.8  1    5.292    5.292  1   34.358   34.358  1
  781.9  781.9  1    5.290    5.290  1   34.357   34.357  1
  783.0  783.0  1    5.278    5.278  1   34.362   34.362  1
  784.1  784.1  1    5.262    5.262  1   34.366   34.366  1
  785.2  785.2  1    5.232    5.232  1   34.353   34.353  1
  786.3  786.3  1    5.215    5.215  1   34.355   34.355  1
  787.4  787.4  1    5.199    5.199  1   34.354   34.354  1
  788.5  788.5  1    5.194    5.194  1   34.355   34.355  1
  789.6  789.6  1    5.192    5.192  1   34.354   34.354  1
  790.7  790.7  1    5.198    5.198  1   34.357   34.357  1
  791.8  791.8  1    5.188    5.188  1   34.359   34.359  1
  792.9  792.9  1    5.171    5.171  1   34.362   34.362  1
  794.0  794.0  1    5.160    5.160  1   34.361   34.361  1
  795.1  795.1  1    5.134    5.134  1   34.365   34.365  1
  796.2  796.2  1    5.115    5.115  1   34.357   34.357  1
  797.3  797.3  1    5.088    5.088  1   34.358   34.358  1
  798.4  798.4  1    5.082    5.082  1   34.356   34.356  1
  799.5  799.5  1    5.079    5.079  1   34.358   34.358  1
  800.6  800.6  1    5.076    5.076  1   34.354   34.354  1
  801.7  801.7  1    5.060    5.060  1   34.354   34.354  1
  802.9  802.9  1    5.043    5.043  1   34.355   34.355  1
  803.9  803.9  1    5.015    5.015  1   34.357   34.357  1
  805.1  805.1  1    5.004    5.004  1   34.356   34.356  1
  806.2  806.2  1    4.991    4.991  1   34.357   34.357  1
  807.3  807.3  1    4.976    4.976  1   34.356   34.356  1
  808.5  808.5  1    4.971    4.971  1   34.357   34.357  1
  809.6  809.6  1    4.969    4.969  1   34.357   34.357  1
  810.7  810.7  1    4.965    4.965  1   34.356   34.356  1
  811.8  811.8  1    4.962    4.962  1   34.357   34.357  1
  813.0  813.0  1    4.954    4.954  1   34.357   34.357  1
  814.1  814.1  1    4.940    4.940  1   34.360   34.360  1
  815.2  815.2  1    4.917    4.917  1   34.360   34.360  1
  816.3  816.3  1    4.911    4.911  1   34.360   34.360  1
  817.4  817.4  1    4.900    4.900  1   34.360   34.360  1
  818.6  818.6  1    4.892    4.892  1   34.361   34.361  1
  819.7  819.7  1    4.890    4.890  1   34.359   34.359  1
  820.8  820.8  1    4.881    4.881  1   34.361   34.361  1
  821.9  821.9  1    4.868    4.868  1   34.361   34.361  1
  823.1  823.1  1    4.862    4.862  1   34.361   34.361  1
  824.2  824.2  1    4.846    4.846  1   34.364   34.364  1
  825.4  825.4  1    4.834    4.834  1   34.362   34.362  1
  826.5  826.5  1    4.829    4.829  1   34.363   34.363  1
  827.6  827.6  1    4.819    4.819  1   34.363   34.363  1
  828.8  828.8  1    4.812    4.812  1   34.364   34.364  1
  829.9  829.9  1    4.807    4.807  1   34.364   34.364  1
  831.0  831.0  1    4.806    4.806  1   34.364   34.364  1
  832.1  832.1  1    4.805    4.805  1   34.364   34.364  1
  833.3  833.3  1    4.806    4.806  1   34.363   34.363  1
  834.4  834.4  1    4.804    4.804  1   34.364   34.364  1
  835.5  835.5  1    4.805    4.805  1   34.363   34.363  1
  836.6  836.6  1    4.797    4.797  1   34.365   34.365  1
  837.7  837.7  1    4.796    4.796  1   34.365   34.365  1
  838.8  838.8  1    4.793    4.793  1   34.364   34.364  1
  839.9  839.9  1    4.791    4.791  1   34.365   34.365  1
  841.1  841.1  1    4.790    4.790  1   34.364   34.364  1
  842.2  842.2  1    4.785    4.785  1   34.365   34.365  1
  843.3  843.3  1    4.785    4.785  1   34.364   34.364  1
  844.4  844.4  1    4.781    4.781  1   34.366   34.366  1
  845.6  845.6  1    4.781    4.781  1   34.364   34.364  1
  846.7  846.7  1    4.780    4.780  1   34.365   34.365  1
  847.8  847.8  1    4.770    4.770  1   34.366   34.366  1
  848.9  848.9  1    4.755    4.755  1   34.368   34.368  1
  850.0  850.0  1    4.736    4.736  1   34.369   34.369  1
  851.1  851.1  1    4.730    4.730  1   34.367   34.367  1
  852.2  852.2  1    4.721    4.721  1   34.369   34.369  1
  853.3  853.3  1    4.708    4.708  1   34.369   34.369  1
  854.3  854.3  1    4.704    4.704  1   34.369   34.369  1
  855.4  855.4  1    4.703    4.703  1   34.369   34.369  1
  856.5  856.5  1    4.696    4.696  1   34.371   34.371  1
  857.6  857.6  1    4.687    4.687  1   34.370   34.370  1
  858.7  858.7  1    4.679    4.679  1   34.371   34.371  1
  859.8  859.8  1    4.671    4.671  1   34.372   34.372  1
  860.9  860.9  1    4.668    4.668  1   34.371   34.371  1
  862.0  862.0  1    4.664    4.664  1   34.372   34.372  1
  863.1  863.1  1    4.661    4.661  1   34.371   34.371  1
  864.2  864.2  1    4.648    4.648  1   34.372   34.372  1
  865.3  865.3  1    4.640    4.640  1   34.374   34.374  1
  866.4  866.4  1    4.637    4.637  1   34.373   34.373  1
  867.4  867.4  1    4.636    4.636  1   34.373   34.373  1
  868.6  868.6  1    4.632    4.632  1   34.374   34.374  1
  869.6  869.6  1    4.624    4.624  1   34.374   34.374  1
  870.7  870.7  1    4.620    4.620  1   34.374   34.374  1
  871.8  871.8  1    4.618    4.618  1   34.374   34.374  1
  872.9  872.9  1    4.588    4.588  1   34.378   34.378  1
  874.0  874.0  1    4.579    4.579  1   34.378   34.378  1
  875.1  875.1  1    4.576    4.576  1   34.378   34.378  1
  876.2  876.2  1    4.573    4.573  1   34.377   34.377  1
  877.2  877.2  1    4.571    4.571  1   34.378   34.378  1
  878.3  878.3  1    4.572    4.572  1   34.377   34.377  1
  879.4  879.4  1    4.568    4.568  1   34.378   34.378  1
  880.5  880.5  1    4.562    4.562  1   34.378   34.378  1
  881.6  881.6  1    4.554    4.554  1   34.377   34.377  1
  882.7  882.7  1    4.532    4.532  1   34.381   34.381  1
  883.7  883.7  1    4.526    4.526  1   34.380   34.380  1
  884.8  884.8  1    4.510    4.510  1   34.382   34.382  1
  885.9  885.9  1    4.504    4.504  1   34.382   34.382  1
  887.0  887.0  1    4.498    4.498  1   34.383   34.383  1
  888.1  888.1  1    4.498    4.498  1   34.382   34.382  1
  889.2  889.2  1    4.490    4.490  1   34.383   34.383  1
  890.3  890.3  1    4.472    4.472  1   34.385   34.385  1
  891.3  891.3  1    4.458    4.458  1   34.385   34.385  1
  892.4  892.4  1    4.451    4.451  1   34.386   34.386  1
  893.5  893.5  1    4.444    4.444  1   34.386   34.386  1
  894.5  894.5  1    4.435    4.435  1   34.387   34.387  1
  895.5  895.5  1    4.429    4.429  1   34.387   34.387  1
  896.9  896.9  1    4.418    4.418  1   34.388   34.388  1
  898.2  898.2  1    4.396    4.396  1   34.390   34.390  1
  899.0  899.0  1    4.390    4.390  1   34.390   34.390  1
  899.8  899.8  1    4.386    4.386  1   34.391   34.391  1
  901.0  901.0  1    4.374    4.374  1   34.392   34.392  1
  902.2  902.2  1    4.371    4.371  1   34.390   34.390  1
  903.0  903.0  1    4.367    4.367  1   34.391   34.391  1
  903.8  903.8  1    4.339    4.339  1   34.394   34.394  1
  905.0  905.0  1    4.332    4.332  1   34.394   34.394  1
  906.2  906.2  1    4.329    4.329  1   34.395   34.395  1
  907.1  907.1  1    4.329    4.329  1   34.394   34.394  1
  907.9  907.9  1    4.316    4.316  1   34.397   34.397  1
  908.7  908.7  1    4.309    4.309  1   34.396   34.396  1
  910.0  910.0  1    4.290    4.290  1   34.397   34.397  1
  911.2  911.2  1    4.284    4.284  1   34.397   34.397  1
  912.0  912.0  1    4.284    4.284  1   34.397   34.397  1
  912.9  912.9  1    4.283    4.283  1   34.398   34.398  1
  913.7  913.7  1    4.284    4.284  1   34.396   34.396  1
  914.9  914.9  1    4.259    4.259  1   34.399   34.399  1
  916.2  916.2  1    4.249    4.249  1   34.399   34.399  1
  917.1  917.1  1    4.241    4.241  1   34.399   34.399  1
  917.9  917.9  1    4.234    4.234  1   34.403   34.403  1
  918.8  918.8  1    4.229    4.229  1   34.400   34.400  1
  919.6  919.6  1    4.228    4.228  1   34.400   34.400  1
  920.9  920.9  1    4.216    4.216  1   34.401   34.401  1
  922.2  922.2  1    4.206    4.206  1   34.402   34.402  1
  923.1  923.1  1    4.205    4.205  1   34.403   34.403  1
  923.9  923.9  1    4.200    4.200  1   34.402   34.402  1
  924.8  924.8  1    4.196    4.196  1   34.403   34.403  1
  925.6  925.6  1    4.187    4.187  1   34.404   34.404  1
  926.9  926.9  1    4.182    4.182  1   34.404   34.404  1
  928.3  928.3  1    4.181    4.181  1   34.404   34.404  1
  929.2  929.2  1    4.180    4.180  1   34.405   34.405  1
  930.1  930.1  1    4.175    4.175  1   34.405   34.405  1
  931.0  931.0  1    4.174    4.174  1   34.405   34.405  1
  931.9  931.9  1    4.171    4.171  1   34.405   34.405  1
  932.7  932.7  1    4.172    4.172  1   34.404   34.404  1
  933.6  933.6  1    4.166    4.166  1   34.406   34.406  1
  934.9  934.9  1    4.160    4.160  1   34.406   34.406  1
  936.3  936.3  1    4.150    4.150  1   34.407   34.407  1
  937.3  937.3  1    4.142    4.142  1   34.406   34.406  1
  938.2  938.2  1    4.139    4.139  1   34.408   34.408  1
  939.1  939.1  1    4.136    4.136  1   34.407   34.407  1
  940.1  940.1  1    4.134    4.134  1   34.407   34.407  1
  941.0  941.0  1    4.134    4.134  1   34.408   34.408  1
  941.9  941.9  1    4.132    4.132  1   34.407   34.407  1
  942.9  942.9  1    4.129    4.129  1   34.408   34.408  1
  943.8  943.8  1    4.129    4.129  1   34.407   34.407  1
  944.7  944.7  1    4.128    4.128  1   34.407   34.407  1
  945.6  945.6  1    4.126    4.126  1   34.409   34.409  1
  946.9  946.9  1    4.117    4.117  1   34.409   34.409  1
  948.4  948.4  1    4.096    4.096  1   34.410   34.410  1
  949.3  949.3  1    4.086    4.086  1   34.410   34.410  1
  950.3  950.3  1    4.082    4.082  1   34.411   34.411  1
  951.3  951.3  1    4.080    4.080  1   34.411   34.411  1
  952.2  952.2  1    4.078    4.078  1   34.411   34.411  1
  953.2  953.2  1    4.070    4.070  1   34.412   34.412  1
  954.1  954.1  1    4.062    4.062  1   34.414   34.414  1
  955.1  955.1  1    4.058    4.058  1   34.413   34.413  1
  956.1  956.1  1    4.052    4.052  1   34.414   34.414  1
  957.0  957.0  1    4.051    4.051  1   34.414   34.414  1
  958.0  958.0  1    4.042    4.042  1   34.415   34.415  1
  959.0  959.0  1    4.036    4.036  1   34.416   34.416  1
  960.0  960.0  1    4.033    4.033  1   34.416   34.416  1
  960.9  960.9  1    4.032    4.032  1   34.415   34.415  1
  961.9  961.9  1    4.027    4.027  1   34.417   34.417  1
  962.9  962.9  1    4.013    4.013  1   34.423   34.423  1
  963.9  963.9  1    4.005    4.005  1   34.417   34.417  1
  964.9  964.9  1    3.999    3.999  1   34.419   34.419  1
  965.9  965.9  1    3.995    3.995  1   34.419   34.419  1
  967.0  967.0  1    3.996    3.996  1   34.418   34.418  1
  968.0  968.0  1    3.994    3.994  1   34.419   34.419  1
  969.0  969.0  1    3.992    3.992  1   34.420   34.420  1
  970.1  970.1  1    3.993    3.993  1   34.419   34.419  1
  971.1  971.1  1    3.988    3.988  1   34.420   34.420  1
  972.1  972.1  1    3.987    3.987  1   34.420   34.420  1
  973.2  973.2  1    3.984    3.984  1   34.419   34.419  1
  974.3  974.3  1    3.984    3.984  1   34.420   34.420  1
  975.3  975.3  1    3.981    3.981  1   34.420   34.420  1
  976.3  976.3  1    3.978    3.978  1   34.420   34.420  1
  977.4  977.4  1    3.975    3.975  1   34.420   34.420  1
  978.4  978.4  1    3.968    3.968  1   34.421   34.421  1
  979.5  979.5  1    3.967    3.967  1   34.420   34.420  1
  980.5  980.5  1    3.954    3.954  1   34.424   34.424  1
  981.6  981.6  1    3.950    3.950  1   34.421   34.421  1
  982.6  982.6  1    3.947    3.947  1   34.422   34.422  1
  983.7  983.7  1    3.942    3.942  1   34.422   34.422  1
  984.8  984.8  1    3.927    3.927  1   34.423   34.423  1
  985.9  985.9  1    3.927    3.927  1   34.423   34.423  1
  987.0  987.0  1    3.926    3.926  1   34.424   34.424  1
  988.0  988.0  1    3.925    3.925  1   34.424   34.424  1
  989.1  989.1  1    3.926    3.926  1   34.423   34.423  1
  990.2  990.2  1    3.920    3.920  1   34.424   34.424  1
  991.3  991.3  1    3.911    3.911  1   34.426   34.426  1
  992.3  992.3  1    3.907    3.907  1   34.426   34.426  1
  993.4  993.4  1    3.899    3.899  1   34.427   34.427  1
  994.5  994.5  1    3.896    3.896  1   34.426   34.426  1
  995.5  995.5  1    3.891    3.891  1   34.427   34.427  1
  996.9  996.9  1    3.887    3.887  1   34.427   34.427  1
  998.2  998.2  1    3.884    3.884  1   34.427   34.427  1
  999.0  999.0  1    3.883    3.883  1   34.427   34.427  1
  999.8  999.8  1    3.882    3.882  1   34.428   34.428  1
 1001.2 1001.2  1    3.881    3.881  1   34.427   34.427  1
 1003.4 1003.4  1    3.878    3.878  1   34.427   34.427  1
 1005.1 1005.1  1    3.875    3.875  1   34.427   34.427  1
