*SoftWare Version 3.0  2018/12/27

*HEADER
     PLATFORM NUMBER       :6902927
     CYCLE NUMBER          :020
     DATE CREATION         :20191221033135
     DATE UPDATE           :20191221033141
     PROJECT NAME          :CORIOLIS
     PI NAME               :Christophe MAES
     INSTRUMENT TYPE       :ARVOR
     FLOAT SERIAL NO       :AI2600-18FR018
     FIRMWARE VERSION      :5900A04
     WMO INSTRUMENT TYPE   :844
     TRANSMISSION SYSTEM   :IRIDIUM
     POSITIONING SYSTEM    :GPS
     SAMPLE DIRECTION      :A(A=Ascend; D=Descend)
     DATA MODE             :R(R=Real Time; D=Delayed Mode; A=Real Time Adjusted)
     JULIAN DAY            :25556.1205 (days since 1950-01-01 00:00:00 UTC)
     DATE                  :2019-12-21
     QC FLAG FOR DATE      :1
*LOCATION
     LATITUDE              :-20.094 
     LONGITUDE             :-177.889
     QC FLAG FOR LOCATION  :1
*FILE
     COLUMN 1              :Pressure (dbar)                             F7.1
     COLUMN 2              :Corrected Pressure (dbar)                   F7.1
     COLUMN 3              :Quality on Pressure                         I3
     COLUMN 4              :Temperature (degree_Celsius)                F9.3
     COLUMN 5              :Corrected Temperature (degree_Celsius)      F9.3
     COLUMN 6              :Quality on Temperature                      I3
     COLUMN 7              :Salinity (PSU)                              F9.3
     COLUMN 8              :Corrected Salinity (PSU)                    F9.3
     COLUMN 9              :Quality on Salinity                         I3
==========================================================================
    3.0    3.0  1   27.361   27.361  1   35.131   35.131  1
    3.8    3.8  1   27.358   27.358  1   35.132   35.132  1
    5.0    5.0  1   27.346   27.346  1   35.131   35.131  1
    6.2    6.2  1   27.319   27.319  1   35.132   35.132  1
    7.1    7.1  1   27.308   27.308  1   35.129   35.129  1
    8.0    8.0  1   27.282   27.282  1   35.128   35.128  1
    8.9    8.9  1   27.256   27.256  1   35.127   35.127  1
    9.9    9.9  1   27.222   27.222  1   35.128   35.128  1
   10.8   10.8  1   27.207   27.207  1   35.127   35.127  1
   11.8   11.8  1   27.201   27.201  1   35.127   35.127  1
   12.8   12.8  1   27.200   27.200  1   35.126   35.126  1
   13.8   13.8  1   27.198   27.198  1   35.125   35.125  1
   14.8   14.8  1   27.195   27.195  1   35.125   35.125  1
   15.9   15.9  1   27.193   27.193  1   35.124   35.124  1
   16.9   16.9  1   27.192   27.192  1   35.125   35.125  1
   17.9   17.9  1   27.190   27.190  1   35.125   35.125  1
   18.9   18.9  1   27.187   27.187  1   35.126   35.126  1
   19.9   19.9  1   27.184   27.184  1   35.127   35.127  1
   20.9   20.9  1   27.181   27.181  1   35.127   35.127  1
   21.9   21.9  1   27.181   27.181  1   35.126   35.126  1
   23.0   23.0  1   27.181   27.181  1   35.125   35.125  1
   24.0   24.0  1   27.178   27.178  1   35.125   35.125  1
   25.1   25.1  1   27.178   27.178  1   35.125   35.125  1
   26.1   26.1  1   27.175   27.175  1   35.125   35.125  1
   27.2   27.2  1   27.175   27.175  1   35.125   35.125  1
   28.2   28.2  1   27.172   27.172  1   35.127   35.127  1
   29.3   29.3  1   27.172   27.172  1   35.126   35.126  1
   30.3   30.3  1   27.172   27.172  1   35.126   35.126  1
   31.4   31.4  1   27.171   27.171  1   35.125   35.125  1
   32.4   32.4  1   27.169   27.169  1   35.125   35.125  1
   33.4   33.4  1   27.165   27.165  1   35.125   35.125  1
   34.4   34.4  1   27.163   27.163  1   35.124   35.124  1
   35.9   35.9  1   27.152   27.152  1   35.126   35.126  1
   37.4   37.4  1   27.130   27.130  1   35.130   35.130  1
   38.3   38.3  1   27.116   27.116  1   35.133   35.133  1
   39.2   39.2  1   27.103   27.103  1   35.134   35.134  1
   40.1   40.1  1   27.078   27.078  1   35.135   35.135  1
   40.9   40.9  1   27.061   27.061  1   35.135   35.135  1
   41.8   41.8  1   26.993   26.993  1   35.136   35.136  1
   43.1   43.1  1   26.855   26.855  1   35.145   35.145  1
   44.1   44.1  1   26.804   26.804  1   35.146   35.146  1
   45.0   45.0  1   26.711   26.711  1   35.148   35.148  1
   46.1   46.1  1   26.542   26.542  1   35.158   35.158  1
   46.8   46.8  1   26.469   26.469  1   35.161   35.161  1
   47.9   47.9  1   26.352   26.352  1   35.166   35.166  1
   49.1   49.1  1   26.212   26.212  1   35.178   35.178  1
   49.9   49.9  1   26.176   26.176  1   35.177   35.177  1
   50.8   50.8  1   25.946   25.946  1   35.198   35.198  1
   51.7   51.7  1   25.758   25.758  1   35.191   35.191  1
   52.6   52.6  1   25.750   25.750  1   35.191   35.191  1
   53.9   53.9  1   25.746   25.746  1   35.188   35.188  1
   55.3   55.3  1   25.688   25.688  1   35.195   35.195  1
   56.3   56.3  1   25.633   25.633  1   35.191   35.191  1
   57.3   57.3  1   25.602   25.602  1   35.193   35.193  1
   58.2   58.2  1   25.522   25.522  1   35.196   35.196  1
   59.2   59.2  1   25.515   25.515  1   35.197   35.197  1
   60.1   60.1  1   25.459   25.459  1   35.211   35.211  1
   61.0   61.0  1   25.421   25.421  1   35.202   35.202  1
   61.9   61.9  1   25.340   25.340  1   35.205   35.205  1
   62.9   62.9  1   25.321   25.321  1   35.210   35.210  1
   63.8   63.8  1   25.312   25.312  1   35.208   35.208  1
   64.8   64.8  1   25.292   25.292  1   35.203   35.203  1
   65.7   65.7  1   25.186   25.186  1   35.225   35.225  1
   66.7   66.7  1   25.072   25.072  1   35.227   35.227  1
   67.7   67.7  1   24.959   24.959  1   35.235   35.235  1
   68.7   68.7  1   24.933   24.933  1   35.234   35.234  1
   69.7   69.7  1   24.902   24.902  1   35.238   35.238  1
   70.6   70.6  1   24.878   24.878  1   35.244   35.244  1
   71.8   71.8  1   24.815   24.815  1   35.257   35.257  1
   72.9   72.9  1   24.764   24.764  1   35.267   35.267  1
   74.0   74.0  1   24.725   24.725  1   35.268   35.268  1
   75.2   75.2  1   24.666   24.666  1   35.270   35.270  1
   75.9   75.9  1   24.567   24.567  1   35.282   35.282  1
   76.7   76.7  1   24.514   24.514  1   35.284   35.284  1
   77.9   77.9  1   24.470   24.470  1   35.285   35.285  1
   79.1   79.1  1   24.399   24.399  1   35.290   35.290  1
   79.9   79.9  1   24.322   24.322  1   35.294   35.294  1
   80.7   80.7  1   24.231   24.231  1   35.298   35.298  1
   81.6   81.6  1   24.165   24.165  1   35.303   35.303  1
   82.9   82.9  1   24.092   24.092  1   35.308   35.308  1
   84.2   84.2  1   24.053   24.053  1   35.310   35.310  1
   85.0   85.0  1   24.029   24.029  1   35.314   35.314  1
   85.9   85.9  1   23.984   23.984  1   35.323   35.323  1
   86.8   86.8  1   23.953   23.953  1   35.327   35.327  1
   87.7   87.7  1   23.926   23.926  1   35.331   35.331  1
   88.5   88.5  1   23.915   23.915  1   35.332   35.332  1
   89.9   89.9  1   23.902   23.902  1   35.340   35.340  1
   91.2   91.2  1   23.889   23.889  1   35.346   35.346  1
   92.1   92.1  1   23.884   23.884  1   35.348   35.348  1
   93.0   93.0  1   23.857   23.857  1   35.359   35.359  1
   94.0   94.0  1   23.830   23.830  1   35.371   35.371  1
   95.0   95.0  1   23.826   23.826  1   35.371   35.371  1
   95.9   95.9  1   23.822   23.822  1   35.373   35.373  1
   96.9   96.9  1   23.823   23.823  1   35.372   35.372  1
   97.8   97.8  1   23.817   23.817  1   35.374   35.374  1
   98.8   98.8  1   23.807   23.807  1   35.375   35.375  1
   99.8   99.8  1   23.793   23.793  1   35.380   35.380  1
  100.7  100.7  1   23.781   23.781  1   35.388   35.388  1
  101.7  101.7  1   23.769   23.769  1   35.390   35.390  1
  102.6  102.6  1   23.729   23.729  1   35.406   35.406  1
  103.6  103.6  1   23.680   23.680  1   35.408   35.408  1
  104.6  104.6  1   23.657   23.657  1   35.412   35.412  1
  105.5  105.5  1   23.622   23.622  1   35.421   35.421  1
  106.9  106.9  1   23.568   23.568  1   35.432   35.432  1
  108.4  108.4  1   23.511   23.511  1   35.444   35.444  1
  109.3  109.3  1   23.475   23.475  1   35.446   35.446  1
  110.3  110.3  1   23.453   23.453  1   35.449   35.449  1
  111.3  111.3  1   23.405   23.405  1   35.455   35.455  1
  112.3  112.3  1   23.381   23.381  1   35.457   35.457  1
  113.3  113.3  1   23.376   23.376  1   35.455   35.455  1
  114.3  114.3  1   23.365   23.365  1   35.458   35.458  1
  115.2  115.2  1   23.352   23.352  1   35.458   35.458  1
  116.1  116.1  1   23.328   23.328  1   35.459   35.459  1
  117.0  117.0  1   23.285   23.285  1   35.458   35.458  1
  118.0  118.0  1   23.173   23.173  1   35.450   35.450  1
  118.9  118.9  1   23.142   23.142  1   35.448   35.448  1
  119.9  119.9  1   23.069   23.069  1   35.461   35.461  1
  120.8  120.8  1   23.025   23.025  1   35.469   35.469  1
  121.8  121.8  1   22.989   22.989  1   35.484   35.484  1
  122.8  122.8  1   22.977   22.977  1   35.487   35.487  1
  123.8  123.8  1   22.949   22.949  1   35.498   35.498  1
  124.7  124.7  1   22.942   22.942  1   35.499   35.499  1
  125.9  125.9  1   22.920   22.920  1   35.504   35.504  1
  127.0  127.0  1   22.908   22.908  1   35.506   35.506  1
  128.0  128.0  1   22.885   22.885  1   35.511   35.511  1
  129.1  129.1  1   22.869   22.869  1   35.515   35.515  1
  129.8  129.8  1   22.843   22.843  1   35.522   35.522  1
  130.8  130.8  1   22.806   22.806  1   35.532   35.532  1
  132.0  132.0  1   22.737   22.737  1   35.551   35.551  1
  132.7  132.7  1   22.722   22.722  1   35.557   35.557  1
  133.8  133.8  1   22.666   22.666  1   35.570   35.570  1
  135.0  135.0  1   22.625   22.625  1   35.585   35.585  1
  135.8  135.8  1   22.608   22.608  1   35.592   35.592  1
  137.0  137.0  1   22.605   22.605  1   35.599   35.599  1
  138.2  138.2  1   22.606   22.606  1   35.601   35.601  1
  139.0  139.0  1   22.603   22.603  1   35.604   35.604  1
  139.8  139.8  1   22.605   22.605  1   35.610   35.610  1
  141.0  141.0  1   22.567   22.567  1   35.634   35.634  1
  142.3  142.3  1   22.570   22.570  1   35.634   35.634  1
  143.1  143.1  1   22.564   22.564  1   35.634   35.634  1
  143.9  143.9  1   22.531   22.531  1   35.641   35.641  1
  144.7  144.7  1   22.517   22.517  1   35.644   35.644  1
  146.0  146.0  1   22.465   22.465  1   35.666   35.666  1
  147.3  147.3  1   22.422   22.422  1   35.670   35.670  1
  148.2  148.2  1   22.398   22.398  1   35.671   35.671  1
  149.1  149.1  1   22.392   22.392  1   35.678   35.678  1
  150.0  150.0  1   22.329   22.329  1   35.677   35.677  1
  150.8  150.8  1   22.318   22.318  1   35.675   35.675  1
  151.7  151.7  1   22.340   22.340  1   35.686   35.686  1
  152.6  152.6  1   22.314   22.314  1   35.690   35.690  1
  153.9  153.9  1   22.292   22.292  1   35.686   35.686  1
  155.2  155.2  1   22.246   22.246  1   35.683   35.683  1
  156.2  156.2  1   22.195   22.195  1   35.688   35.688  1
  157.1  157.1  1   22.181   22.181  1   35.695   35.695  1
  158.0  158.0  1   22.166   22.166  1   35.696   35.696  1
  158.9  158.9  1   22.148   22.148  1   35.699   35.699  1
  159.9  159.9  1   22.111   22.111  1   35.709   35.709  1
  160.8  160.8  1   22.114   22.114  1   35.716   35.716  1
  161.8  161.8  1   22.101   22.101  1   35.714   35.714  1
  162.7  162.7  1   22.042   22.042  1   35.705   35.705  1
  163.6  163.6  1   21.994   21.994  1   35.700   35.700  1
  164.5  164.5  1   21.900   21.900  1   35.688   35.688  1
  165.5  165.5  1   21.846   21.846  1   35.675   35.675  1
  166.5  166.5  1   21.705   21.705  1   35.695   35.695  1
  167.5  167.5  1   21.542   21.542  1   35.698   35.698  1
  168.5  168.5  1   21.537   21.537  1   35.699   35.699  1
  169.5  169.5  1   21.533   21.533  1   35.698   35.698  1
  170.5  170.5  1   21.521   21.521  1   35.699   35.699  1
  171.6  171.6  1   21.473   21.473  1   35.708   35.708  1
  172.6  172.6  1   21.449   21.449  1   35.704   35.704  1
  173.6  173.6  1   21.435   21.435  1   35.705   35.705  1
  174.7  174.7  1   21.414   21.414  1   35.706   35.706  1
  175.7  175.7  1   21.394   21.394  1   35.706   35.706  1
  176.7  176.7  1   21.362   21.362  1   35.706   35.706  1
  177.7  177.7  1   21.358   21.358  1   35.708   35.708  1
  178.7  178.7  1   21.348   21.348  1   35.710   35.710  1
  179.8  179.8  1   21.348   21.348  1   35.706   35.706  1
  180.8  180.8  1   21.347   21.347  1   35.705   35.705  1
  181.8  181.8  1   21.325   21.325  1   35.707   35.707  1
  182.8  182.8  1   21.292   21.292  1   35.709   35.709  1
  183.8  183.8  1   21.217   21.217  1   35.717   35.717  1
  184.9  184.9  1   21.170   21.170  1   35.714   35.714  1
  186.0  186.0  1   21.142   21.142  1   35.714   35.714  1
  187.1  187.1  1   21.122   21.122  1   35.717   35.717  1
  188.1  188.1  1   21.112   21.112  1   35.712   35.712  1
  189.0  189.0  1   21.062   21.062  1   35.714   35.714  1
  190.0  190.0  1   21.015   21.015  1   35.714   35.714  1
  190.7  190.7  1   20.999   20.999  1   35.713   35.713  1
  191.9  191.9  1   20.991   20.991  1   35.712   35.712  1
  193.0  193.0  1   20.978   20.978  1   35.712   35.712  1
  193.8  193.8  1   20.969   20.969  1   35.715   35.715  1
  195.0  195.0  1   20.959   20.959  1   35.715   35.715  1
  196.2  196.2  1   20.951   20.951  1   35.715   35.715  1
  197.0  197.0  1   20.944   20.944  1   35.716   35.716  1
  197.8  197.8  1   20.931   20.931  1   35.717   35.717  1
  199.0  199.0  1   20.897   20.897  1   35.717   35.717  1
  200.2  200.2  1   20.879   20.879  1   35.718   35.718  1
  201.0  201.0  1   20.876   20.876  1   35.718   35.718  1
  201.8  201.8  1   20.866   20.866  1   35.718   35.718  1
  202.9  202.9  1   20.838   20.838  1   35.718   35.718  1
  204.0  204.0  1   20.800   20.800  1   35.718   35.718  1
  204.8  204.8  1   20.797   20.797  1   35.718   35.718  1
  206.0  206.0  1   20.770   20.770  1   35.717   35.717  1
  207.2  207.2  1   20.719   20.719  1   35.715   35.715  1
  208.0  208.0  1   20.669   20.669  1   35.713   35.713  1
  208.9  208.9  1   20.642   20.642  1   35.713   35.713  1
  210.0  210.0  1   20.623   20.623  1   35.712   35.712  1
  211.2  211.2  1   20.593   20.593  1   35.711   35.711  1
  212.0  212.0  1   20.534   20.534  1   35.713   35.713  1
  212.9  212.9  1   20.462   20.462  1   35.707   35.707  1
  213.7  213.7  1   20.417   20.417  1   35.705   35.705  1
  214.9  214.9  1   20.354   20.354  1   35.700   35.700  1
  216.3  216.3  1   20.323   20.323  1   35.697   35.697  1
  217.2  217.2  1   20.291   20.291  1   35.704   35.704  1
  218.1  218.1  1   20.191   20.191  1   35.692   35.692  1
  219.0  219.0  1   20.181   20.181  1   35.691   35.691  1
  219.9  219.9  1   20.177   20.177  1   35.692   35.692  1
  220.7  220.7  1   20.130   20.130  1   35.691   35.691  1
  221.6  221.6  1   20.116   20.116  1   35.688   35.688  1
  222.9  222.9  1   20.103   20.103  1   35.686   35.686  1
  224.3  224.3  1   20.037   20.037  1   35.680   35.680  1
  225.2  225.2  1   19.997   19.997  1   35.677   35.677  1
  226.1  226.1  1   19.947   19.947  1   35.670   35.670  1
  227.0  227.0  1   19.919   19.919  1   35.668   35.668  1
  227.9  227.9  1   19.906   19.906  1   35.667   35.667  1
  228.8  228.8  1   19.893   19.893  1   35.668   35.668  1
  229.7  229.7  1   19.885   19.885  1   35.666   35.666  1
  230.6  230.6  1   19.872   19.872  1   35.663   35.663  1
  231.9  231.9  1   19.857   19.857  1   35.661   35.661  1
  233.2  233.2  1   19.812   19.812  1   35.661   35.661  1
  234.1  234.1  1   19.779   19.779  1   35.655   35.655  1
  235.1  235.1  1   19.753   19.753  1   35.657   35.657  1
  236.0  236.0  1   19.743   19.743  1   35.652   35.652  1
  236.9  236.9  1   19.736   19.736  1   35.652   35.652  1
  237.8  237.8  1   19.725   19.725  1   35.649   35.649  1
  238.8  238.8  1   19.716   19.716  1   35.647   35.647  1
  239.7  239.7  1   19.710   19.710  1   35.647   35.647  1
  240.6  240.6  1   19.690   19.690  1   35.645   35.645  1
  241.6  241.6  1   19.643   19.643  1   35.643   35.643  1
  242.5  242.5  1   19.614   19.614  1   35.640   35.640  1
  243.9  243.9  1   19.543   19.543  1   35.637   35.637  1
  245.9  245.9  1   19.508   19.508  1   35.632   35.632  1
  247.3  247.3  1   19.474   19.474  1   35.633   35.633  1
  248.3  248.3  1   19.455   19.455  1   35.632   35.632  1
  249.2  249.2  1   19.449   19.449  1   35.632   35.632  1
  250.2  250.2  1   19.442   19.442  1   35.631   35.631  1
  251.2  251.2  1   19.404   19.404  1   35.633   35.633  1
  252.1  252.1  1   19.362   19.362  1   35.630   35.630  1
  253.1  253.1  1   19.308   19.308  1   35.624   35.624  1
  254.0  254.0  1   19.295   19.295  1   35.620   35.620  1
  255.0  255.0  1   19.241   19.241  1   35.616   35.616  1
  255.9  255.9  1   19.219   19.219  1   35.617   35.617  1
  256.9  256.9  1   19.216   19.216  1   35.617   35.617  1
  257.8  257.8  1   19.217   19.217  1   35.616   35.616  1
  258.8  258.8  1   19.216   19.216  1   35.619   35.619  1
  259.7  259.7  1   19.217   19.217  1   35.619   35.619  1
  260.7  260.7  1   19.220   19.220  1   35.618   35.618  1
  261.6  261.6  1   19.212   19.212  1   35.623   35.623  1
  262.9  262.9  1   19.195   19.195  1   35.621   35.621  1
  264.2  264.2  1   19.164   19.164  1   35.618   35.618  1
  265.0  265.0  1   19.146   19.146  1   35.618   35.618  1
  265.9  265.9  1   19.130   19.130  1   35.614   35.614  1
  266.7  266.7  1   19.105   19.105  1   35.614   35.614  1
  267.6  267.6  1   19.088   19.088  1   35.615   35.615  1
  268.5  268.5  1   19.041   19.041  1   35.620   35.620  1
  269.9  269.9  1   18.880   18.880  1   35.616   35.616  1
  271.4  271.4  1   18.770   18.770  1   35.601   35.601  1
  272.3  272.3  1   18.764   18.764  1   35.601   35.601  1
  273.3  273.3  1   18.736   18.736  1   35.599   35.599  1
  274.2  274.2  1   18.733   18.733  1   35.597   35.597  1
  275.2  275.2  1   18.721   18.721  1   35.596   35.596  1
  276.1  276.1  1   18.712   18.712  1   35.593   35.593  1
  277.0  277.0  1   18.670   18.670  1   35.596   35.596  1
  278.0  278.0  1   18.641   18.641  1   35.588   35.588  1
  278.9  278.9  1   18.605   18.605  1   35.586   35.586  1
  279.8  279.8  1   18.572   18.572  1   35.584   35.584  1
  280.8  280.8  1   18.550   18.550  1   35.579   35.579  1
  281.7  281.7  1   18.525   18.525  1   35.575   35.575  1
  282.6  282.6  1   18.490   18.490  1   35.574   35.574  1
  283.6  283.6  1   18.464   18.464  1   35.569   35.569  1
  284.5  284.5  1   18.407   18.407  1   35.570   35.570  1
  285.9  285.9  1   18.342   18.342  1   35.556   35.556  1
  287.3  287.3  1   18.342   18.342  1   35.554   35.554  1
  288.2  288.2  1   18.310   18.310  1   35.566   35.566  1
  289.1  289.1  1   18.223   18.223  1   35.553   35.553  1
  290.1  290.1  1   18.149   18.149  1   35.529   35.529  1
  291.0  291.0  1   18.086   18.086  1   35.527   35.527  1
  292.0  292.0  1   18.014   18.014  1   35.520   35.520  1
  293.0  293.0  1   17.931   17.931  1   35.513   35.513  1
  294.0  294.0  1   17.901   17.901  1   35.506   35.506  1
  295.0  295.0  1   17.877   17.877  1   35.500   35.500  1
  296.0  296.0  1   17.822   17.822  1   35.494   35.494  1
  297.0  297.0  1   17.712   17.712  1   35.487   35.487  1
  298.1  298.1  1   17.669   17.669  1   35.484   35.484  1
  299.1  299.1  1   17.607   17.607  1   35.471   35.471  1
  300.1  300.1  1   17.598   17.598  1   35.468   35.468  1
  301.2  301.2  1   17.568   17.568  1   35.463   35.463  1
  302.3  302.3  1   17.517   17.517  1   35.462   35.462  1
  303.3  303.3  1   17.495   17.495  1   35.462   35.462  1
  304.3  304.3  1   17.464   17.464  1   35.452   35.452  1
  305.3  305.3  1   17.429   17.429  1   35.450   35.450  1
  306.4  306.4  1   17.391   17.391  1   35.445   35.445  1
  307.4  307.4  1   17.317   17.317  1   35.439   35.439  1
  308.4  308.4  1   17.301   17.301  1   35.437   35.437  1
  309.4  309.4  1   17.272   17.272  1   35.431   35.431  1
  310.4  310.4  1   17.254   17.254  1   35.431   35.431  1
  311.5  311.5  1   17.208   17.208  1   35.422   35.422  1
  312.6  312.6  1   17.152   17.152  1   35.421   35.421  1
  313.6  313.6  1   17.101   17.101  1   35.416   35.416  1
  314.7  314.7  1   17.050   17.050  1   35.409   35.409  1
  315.9  315.9  1   17.009   17.009  1   35.405   35.405  1
  317.0  317.0  1   16.970   16.970  1   35.400   35.400  1
  318.1  318.1  1   16.965   16.965  1   35.400   35.400  1
  319.2  319.2  1   16.958   16.958  1   35.397   35.397  1
  320.2  320.2  1   16.935   16.935  1   35.396   35.396  1
  321.4  321.4  1   16.848   16.848  1   35.398   35.398  1
  322.5  322.5  1   16.838   16.838  1   35.381   35.381  1
  323.6  323.6  1   16.798   16.798  1   35.378   35.378  1
  324.7  324.7  1   16.794   16.794  1   35.377   35.377  1
  325.8  325.8  1   16.768   16.768  1   35.374   35.374  1
  327.0  327.0  1   16.730   16.730  1   35.370   35.370  1
  328.1  328.1  1   16.703   16.703  1   35.367   35.367  1
  329.2  329.2  1   16.674   16.674  1   35.362   35.362  1
  330.3  330.3  1   16.652   16.652  1   35.354   35.354  1
  331.4  331.4  1   16.596   16.596  1   35.352   35.352  1
  332.5  332.5  1   16.585   16.585  1   35.350   35.350  1
  333.6  333.6  1   16.538   16.538  1   35.351   35.351  1
  334.7  334.7  1   16.476   16.476  1   35.335   35.335  1
  335.8  335.8  1   16.433   16.433  1   35.332   35.332  1
  336.9  336.9  1   16.370   16.370  1   35.324   35.324  1
  338.0  338.0  1   16.261   16.261  1   35.309   35.309  1
  339.1  339.1  1   16.216   16.216  1   35.305   35.305  1
  340.2  340.2  1   16.207   16.207  1   35.303   35.303  1
  341.3  341.3  1   16.205   16.205  1   35.303   35.303  1
  342.4  342.4  1   16.203   16.203  1   35.304   35.304  1
  343.5  343.5  1   16.179   16.179  1   35.304   35.304  1
  344.6  344.6  1   16.138   16.138  1   35.300   35.300  1
  345.6  345.6  1   16.109   16.109  1   35.297   35.297  1
  346.7  346.7  1   16.109   16.109  1   35.296   35.296  1
  347.8  347.8  1   16.107   16.107  1   35.297   35.297  1
  348.9  348.9  1   16.060   16.060  1   35.294   35.294  1
  349.9  349.9  1   16.012   16.012  1   35.288   35.288  1
  351.0  351.0  1   15.996   15.996  1   35.284   35.284  1
  352.1  352.1  1   15.968   15.968  1   35.283   35.283  1
  353.2  353.2  1   15.922   15.922  1   35.276   35.276  1
  354.2  354.2  1   15.894   15.894  1   35.272   35.272  1
  355.3  355.3  1   15.864   15.864  1   35.269   35.269  1
  356.4  356.4  1   15.842   15.842  1   35.266   35.266  1
  357.4  357.4  1   15.778   15.778  1   35.260   35.260  1
  358.5  358.5  1   15.728   15.728  1   35.254   35.254  1
  359.5  359.5  1   15.677   15.677  1   35.250   35.250  1
  360.9  360.9  1   15.643   15.643  1   35.245   35.245  1
  362.1  362.1  1   15.617   15.617  1   35.240   35.240  1
  362.8  362.8  1   15.596   15.596  1   35.235   35.235  1
  363.8  363.8  1   15.553   15.553  1   35.229   35.229  1
  365.0  365.0  1   15.370   15.370  1   35.212   35.212  1
  366.0  366.0  1   15.229   15.229  1   35.197   35.197  1
  367.2  367.2  1   15.175   15.175  1   35.186   35.186  1
  367.9  367.9  1   15.156   15.156  1   35.185   35.185  1
  368.7  368.7  1   15.125   15.125  1   35.183   35.183  1
  369.9  369.9  1   15.066   15.066  1   35.176   35.176  1
  371.1  371.1  1   15.032   15.032  1   35.174   35.174  1
  371.9  371.9  1   15.025   15.025  1   35.173   35.173  1
  372.7  372.7  1   15.018   15.018  1   35.172   35.172  1
  373.9  373.9  1   15.004   15.004  1   35.170   35.170  1
  375.1  375.1  1   14.992   14.992  1   35.169   35.169  1
  375.9  375.9  1   14.984   14.984  1   35.168   35.168  1
  376.7  376.7  1   14.982   14.982  1   35.168   35.168  1
  377.9  377.9  1   14.966   14.966  1   35.164   35.164  1
  379.1  379.1  1   14.959   14.959  1   35.167   35.167  1
  379.9  379.9  1   14.952   14.952  1   35.166   35.166  1
  380.7  380.7  1   14.950   14.950  1   35.166   35.166  1
  382.0  382.0  1   14.949   14.949  1   35.163   35.163  1
  383.2  383.2  1   14.946   14.946  1   35.162   35.162  1
  384.0  384.0  1   14.946   14.946  1   35.161   35.161  1
  384.8  384.8  1   14.938   14.938  1   35.159   35.159  1
  385.6  385.6  1   14.797   14.797  1   35.151   35.151  1
  386.9  386.9  1   14.703   14.703  1   35.141   35.141  1
  388.1  388.1  1   14.642   14.642  1   35.133   35.133  1
  389.0  389.0  1   14.590   14.590  1   35.125   35.125  1
  389.9  389.9  1   14.567   14.567  1   35.124   35.124  1
  390.7  390.7  1   14.562   14.562  1   35.125   35.125  1
  391.6  391.6  1   14.562   14.562  1   35.124   35.124  1
  392.9  392.9  1   14.551   14.551  1   35.121   35.121  1
  394.3  394.3  1   14.493   14.493  1   35.122   35.122  1
  395.2  395.2  1   14.467   14.467  1   35.132   35.132  1
  396.2  396.2  1   14.454   14.454  1   35.135   35.135  1
  397.1  397.1  1   14.412   14.412  1   35.134   35.134  1
  398.1  398.1  1   14.382   14.382  1   35.127   35.127  1
  399.1  399.1  1   14.351   14.351  1   35.127   35.127  1
  400.0  400.0  1   14.327   14.327  1   35.122   35.122  1
  401.0  401.0  1   14.285   14.285  1   35.114   35.114  1
  401.9  401.9  1   14.221   14.221  1   35.107   35.107  1
  402.9  402.9  1   14.204   14.204  1   35.103   35.103  1
  403.8  403.8  1   14.193   14.193  1   35.102   35.102  1
  404.7  404.7  1   14.149   14.149  1   35.097   35.097  1
  405.7  405.7  1   14.114   14.114  1   35.094   35.094  1
  406.6  406.6  1   14.046   14.046  1   35.086   35.086  1
  407.9  407.9  1   14.034   14.034  1   35.081   35.081  1
  409.4  409.4  1   13.941   13.941  1   35.076   35.076  1
  410.3  410.3  1   13.913   13.913  1   35.065   35.065  1
  411.3  411.3  1   13.896   13.896  1   35.063   35.063  1
  412.2  412.2  1   13.871   13.871  1   35.058   35.058  1
  413.2  413.2  1   13.824   13.824  1   35.053   35.053  1
  414.1  414.1  1   13.768   13.768  1   35.046   35.046  1
  415.1  415.1  1   13.762   13.762  1   35.043   35.043  1
  416.0  416.0  1   13.713   13.713  1   35.049   35.049  1
  417.0  417.0  1   13.563   13.563  1   35.024   35.024  1
  417.9  417.9  1   13.473   13.473  1   35.007   35.007  1
  418.9  418.9  1   13.422   13.422  1   35.002   35.002  1
  419.8  419.8  1   13.343   13.343  1   34.996   34.996  1
  420.8  420.8  1   13.288   13.288  1   34.984   34.984  1
  421.8  421.8  1   13.261   13.261  1   34.979   34.979  1
  422.8  422.8  1   13.229   13.229  1   34.978   34.978  1
  423.7  423.7  1   13.217   13.217  1   34.976   34.976  1
  424.7  424.7  1   13.212   13.212  1   34.973   34.973  1
  425.7  425.7  1   13.175   13.175  1   34.971   34.971  1
  426.6  426.6  1   13.137   13.137  1   34.968   34.968  1
  427.5  427.5  1   13.125   13.125  1   34.963   34.963  1
  428.9  428.9  1   13.088   13.088  1   34.957   34.957  1
  430.3  430.3  1   13.012   13.012  1   34.950   34.950  1
  431.2  431.2  1   12.947   12.947  1   34.948   34.948  1
  432.2  432.2  1   12.904   12.904  1   34.936   34.936  1
  433.1  433.1  1   12.876   12.876  1   34.933   34.933  1
  434.0  434.0  1   12.846   12.846  1   34.928   34.928  1
  434.9  434.9  1   12.829   12.829  1   34.927   34.927  1
  435.9  435.9  1   12.732   12.732  1   34.915   34.915  1
  436.8  436.8  1   12.687   12.687  1   34.909   34.909  1
  437.8  437.8  1   12.653   12.653  1   34.909   34.909  1
  438.7  438.7  1   12.616   12.616  1   34.904   34.904  1
  439.7  439.7  1   12.607   12.607  1   34.903   34.903  1
  440.6  440.6  1   12.603   12.603  1   34.902   34.902  1
  441.6  441.6  1   12.587   12.587  1   34.902   34.902  1
  442.5  442.5  1   12.580   12.580  1   34.895   34.895  1
  443.9  443.9  1   12.560   12.560  1   34.891   34.891  1
  445.3  445.3  1   12.542   12.542  1   34.889   34.889  1
  446.2  446.2  1   12.511   12.511  1   34.881   34.881  1
  447.2  447.2  1   12.374   12.374  1   34.877   34.877  1
  448.1  448.1  1   12.346   12.346  1   34.873   34.873  1
  449.1  449.1  1   12.330   12.330  1   34.869   34.869  1
  450.0  450.0  1   12.326   12.326  1   34.868   34.868  1
  450.9  450.9  1   12.319   12.319  1   34.868   34.868  1
  451.8  451.8  1   12.215   12.215  1   34.871   34.871  1
  452.8  452.8  1   12.107   12.107  1   34.848   34.848  1
  453.6  453.6  1   12.093   12.093  1   34.844   34.844  1
  454.6  454.6  1   12.052   12.052  1   34.841   34.841  1
  455.9  455.9  1   11.978   11.978  1   34.838   34.838  1
  457.4  457.4  1   11.915   11.915  1   34.823   34.823  1
  458.3  458.3  1   11.854   11.854  1   34.823   34.823  1
  459.2  459.2  1   11.839   11.839  1   34.819   34.819  1
  460.2  460.2  1   11.842   11.842  1   34.818   34.818  1
  461.1  461.1  1   11.806   11.806  1   34.815   34.815  1
  462.1  462.1  1   11.773   11.773  1   34.814   34.814  1
  463.0  463.0  1   11.709   11.709  1   34.808   34.808  1
  464.0  464.0  1   11.675   11.675  1   34.805   34.805  1
  464.9  464.9  1   11.642   11.642  1   34.800   34.800  1
  465.9  465.9  1   11.585   11.585  1   34.806   34.806  1
  466.9  466.9  1   11.541   11.541  1   34.791   34.791  1
  467.9  467.9  1   11.517   11.517  1   34.788   34.788  1
  468.9  468.9  1   11.445   11.445  1   34.783   34.783  1
  469.9  469.9  1   11.429   11.429  1   34.781   34.781  1
  470.9  470.9  1   11.409   11.409  1   34.777   34.777  1
  471.8  471.8  1   11.391   11.391  1   34.777   34.777  1
  472.8  472.8  1   11.378   11.378  1   34.774   34.774  1
  473.8  473.8  1   11.367   11.367  1   34.772   34.772  1
  474.7  474.7  1   11.350   11.350  1   34.769   34.769  1
  475.7  475.7  1   11.285   11.285  1   34.761   34.761  1
  476.7  476.7  1   11.220   11.220  1   34.766   34.766  1
  477.7  477.7  1   11.136   11.136  1   34.747   34.747  1
  478.6  478.6  1   11.101   11.101  1   34.743   34.743  1
  479.6  479.6  1   11.075   11.075  1   34.740   34.740  1
  480.6  480.6  1   10.935   10.935  1   34.742   34.742  1
  481.5  481.5  1   10.848   10.848  1   34.728   34.728  1
  482.5  482.5  1   10.822   10.822  1   34.717   34.717  1
  483.5  483.5  1   10.789   10.789  1   34.722   34.722  1
  484.9  484.9  1   10.642   10.642  1   34.702   34.702  1
  486.4  486.4  1   10.628   10.628  1   34.700   34.700  1
  487.4  487.4  1   10.625   10.625  1   34.700   34.700  1
  488.4  488.4  1   10.617   10.617  1   34.698   34.698  1
  489.3  489.3  1   10.612   10.612  1   34.699   34.699  1
  490.3  490.3  1   10.603   10.603  1   34.697   34.697  1
  491.3  491.3  1   10.600   10.600  1   34.693   34.693  1
  492.2  492.2  1   10.537   10.537  1   34.689   34.689  1
  493.2  493.2  1   10.496   10.496  1   34.685   34.685  1
  494.2  494.2  1   10.359   10.359  1   34.671   34.671  1
  495.3  495.3  1   10.237   10.237  1   34.673   34.673  1
  496.3  496.3  1   10.152   10.152  1   34.650   34.650  1
  497.3  497.3  1   10.123   10.123  1   34.648   34.648  1
  498.4  498.4  1   10.107   10.107  1   34.649   34.649  1
  499.4  499.4  1   10.094   10.094  1   34.647   34.647  1
  500.4  500.4  1   10.075   10.075  1   34.645   34.645  1
  501.5  501.5  1   10.066   10.066  1   34.645   34.645  1
  502.5  502.5  1   10.052   10.052  1   34.640   34.640  1
  503.5  503.5  1   10.030   10.030  1   34.638   34.638  1
  504.6  504.6  1   10.012   10.012  1   34.638   34.638  1
  505.6  505.6  1    9.990    9.990  1   34.640   34.640  1
  506.6  506.6  1    9.953    9.953  1   34.631   34.631  1
  507.6  507.6  1    9.905    9.905  1   34.630   34.630  1
  508.7  508.7  1    9.865    9.865  1   34.622   34.622  1
  509.7  509.7  1    9.777    9.777  1   34.611   34.611  1
  510.8  510.8  1    9.745    9.745  1   34.611   34.611  1
  511.9  511.9  1    9.693    9.693  1   34.608   34.608  1
  512.9  512.9  1    9.677    9.677  1   34.605   34.605  1
  514.0  514.0  1    9.667    9.667  1   34.604   34.604  1
  515.0  515.0  1    9.652    9.652  1   34.602   34.602  1
  516.0  516.0  1    9.641    9.641  1   34.598   34.598  1
  517.1  517.1  1    9.628    9.628  1   34.593   34.593  1
  518.2  518.2  1    9.470    9.470  1   34.584   34.584  1
  519.2  519.2  1    9.350    9.350  1   34.584   34.584  1
  520.3  520.3  1    9.294    9.294  1   34.565   34.565  1
  521.3  521.3  1    9.256    9.256  1   34.558   34.558  1
  522.4  522.4  1    9.199    9.199  1   34.556   34.556  1
  523.4  523.4  1    9.175    9.175  1   34.552   34.552  1
  524.5  524.5  1    9.136    9.136  1   34.548   34.548  1
  525.6  525.6  1    9.095    9.095  1   34.544   34.544  1
  526.6  526.6  1    9.070    9.070  1   34.544   34.544  1
  527.7  527.7  1    8.985    8.985  1   34.543   34.543  1
  528.8  528.8  1    8.946    8.946  1   34.532   34.532  1
  529.9  529.9  1    8.930    8.930  1   34.530   34.530  1
  531.0  531.0  1    8.903    8.903  1   34.529   34.529  1
  532.1  532.1  1    8.899    8.899  1   34.526   34.526  1
  533.1  533.1  1    8.890    8.890  1   34.526   34.526  1
  534.2  534.2  1    8.880    8.880  1   34.524   34.524  1
  535.3  535.3  1    8.874    8.874  1   34.523   34.523  1
  536.3  536.3  1    8.874    8.874  1   34.523   34.523  1
  537.4  537.4  1    8.866    8.866  1   34.523   34.523  1
  538.5  538.5  1    8.863    8.863  1   34.522   34.522  1
  539.6  539.6  1    8.859    8.859  1   34.523   34.523  1
  540.6  540.6  1    8.835    8.835  1   34.525   34.525  1
  541.7  541.7  1    8.799    8.799  1   34.521   34.521  1
  542.7  542.7  1    8.785    8.785  1   34.515   34.515  1
  543.8  543.8  1    8.773    8.773  1   34.513   34.513  1
  544.9  544.9  1    8.760    8.760  1   34.511   34.511  1
  545.9  545.9  1    8.694    8.694  1   34.516   34.516  1
  547.0  547.0  1    8.666    8.666  1   34.505   34.505  1
  548.0  548.0  1    8.654    8.654  1   34.504   34.504  1
  549.1  549.1  1    8.648    8.648  1   34.503   34.503  1
  550.1  550.1  1    8.623    8.623  1   34.503   34.503  1
  551.2  551.2  1    8.598    8.598  1   34.501   34.501  1
  552.3  552.3  1    8.568    8.568  1   34.496   34.496  1
  553.3  553.3  1    8.554    8.554  1   34.496   34.496  1
  554.4  554.4  1    8.538    8.538  1   34.492   34.492  1
  555.4  555.4  1    8.530    8.530  1   34.491   34.491  1
  556.5  556.5  1    8.515    8.515  1   34.490   34.490  1
  557.6  557.6  1    8.508    8.508  1   34.489   34.489  1
  558.6  558.6  1    8.497    8.497  1   34.488   34.488  1
  559.7  559.7  1    8.488    8.488  1   34.485   34.485  1
  560.7  560.7  1    8.467    8.467  1   34.486   34.486  1
  561.7  561.7  1    8.426    8.426  1   34.493   34.493  1
  562.8  562.8  1    8.359    8.359  1   34.478   34.478  1
  563.8  563.8  1    8.341    8.341  1   34.474   34.474  1
  564.9  564.9  1    8.311    8.311  1   34.475   34.475  1
  565.9  565.9  1    8.287    8.287  1   34.470   34.470  1
  567.0  567.0  1    8.284    8.284  1   34.469   34.469  1
  568.0  568.0  1    8.271    8.271  1   34.468   34.468  1
  569.0  569.0  1    8.249    8.249  1   34.467   34.467  1
  570.1  570.1  1    8.236    8.236  1   34.465   34.465  1
  571.1  571.1  1    8.222    8.222  1   34.464   34.464  1
  572.1  572.1  1    8.200    8.200  1   34.462   34.462  1
  573.2  573.2  1    8.160    8.160  1   34.458   34.458  1
  574.2  574.2  1    8.121    8.121  1   34.460   34.460  1
  575.3  575.3  1    8.097    8.097  1   34.456   34.456  1
  576.3  576.3  1    8.082    8.082  1   34.454   34.454  1
  577.4  577.4  1    8.074    8.074  1   34.451   34.451  1
  578.5  578.5  1    8.074    8.074  1   34.451   34.451  1
  579.5  579.5  1    8.072    8.072  1   34.451   34.451  1
  580.5  580.5  1    8.049    8.049  1   34.451   34.451  1
  581.6  581.6  1    8.012    8.012  1   34.447   34.447  1
  582.6  582.6  1    8.008    8.008  1   34.446   34.446  1
  583.7  583.7  1    8.006    8.006  1   34.446   34.446  1
  584.7  584.7  1    8.001    8.001  1   34.445   34.445  1
  585.8  585.8  1    7.998    7.998  1   34.445   34.445  1
  586.8  586.8  1    7.996    7.996  1   34.445   34.445  1
  587.8  587.8  1    7.988    7.988  1   34.445   34.445  1
  588.9  588.9  1    7.974    7.974  1   34.443   34.443  1
  589.9  589.9  1    7.968    7.968  1   34.443   34.443  1
  591.0  591.0  1    7.950    7.950  1   34.443   34.443  1
  592.0  592.0  1    7.946    7.946  1   34.442   34.442  1
  593.1  593.1  1    7.942    7.942  1   34.441   34.441  1
  594.1  594.1  1    7.936    7.936  1   34.439   34.439  1
  595.2  595.2  1    7.924    7.924  1   34.438   34.438  1
  596.2  596.2  1    7.900    7.900  1   34.440   34.440  1
  597.3  597.3  1    7.834    7.834  1   34.433   34.433  1
  598.4  598.4  1    7.831    7.831  1   34.432   34.432  1
  599.4  599.4  1    7.799    7.799  1   34.433   34.433  1
  600.5  600.5  1    7.758    7.758  1   34.426   34.426  1
  601.6  601.6  1    7.713    7.713  1   34.425   34.425  1
  602.6  602.6  1    7.671    7.671  1   34.423   34.423  1
  603.7  603.7  1    7.634    7.634  1   34.415   34.415  1
  604.6  604.6  1    7.607    7.607  1   34.414   34.414  1
  605.9  605.9  1    7.531    7.531  1   34.413   34.413  1
  607.1  607.1  1    7.494    7.494  1   34.407   34.407  1
  607.9  607.9  1    7.457    7.457  1   34.404   34.404  1
  608.7  608.7  1    7.445    7.445  1   34.404   34.404  1
  609.9  609.9  1    7.424    7.424  1   34.402   34.402  1
  611.1  611.1  1    7.400    7.400  1   34.401   34.401  1
  611.9  611.9  1    7.396    7.396  1   34.401   34.401  1
  612.8  612.8  1    7.406    7.406  1   34.400   34.400  1
  614.0  614.0  1    7.401    7.401  1   34.400   34.400  1
  615.2  615.2  1    7.389    7.389  1   34.399   34.399  1
  616.0  616.0  1    7.388    7.388  1   34.400   34.400  1
  616.8  616.8  1    7.380    7.380  1   34.401   34.401  1
  617.7  617.7  1    7.378    7.378  1   34.399   34.399  1
  618.9  618.9  1    7.378    7.378  1   34.399   34.399  1
  620.2  620.2  1    7.340    7.340  1   34.398   34.398  1
  621.0  621.0  1    7.342    7.342  1   34.395   34.395  1
  621.9  621.9  1    7.342    7.342  1   34.396   34.396  1
  622.7  622.7  1    7.328    7.328  1   34.396   34.396  1
  624.0  624.0  1    7.326    7.326  1   34.394   34.394  1
  625.3  625.3  1    7.323    7.323  1   34.394   34.394  1
  626.1  626.1  1    7.268    7.268  1   34.390   34.390  1
  627.0  627.0  1    7.221    7.221  1   34.390   34.390  1
  627.9  627.9  1    7.196    7.196  1   34.389   34.389  1
  628.7  628.7  1    7.182    7.182  1   34.386   34.386  1
  630.0  630.0  1    7.155    7.155  1   34.386   34.386  1
  631.3  631.3  1    7.115    7.115  1   34.383   34.383  1
  632.2  632.2  1    7.102    7.102  1   34.383   34.383  1
  633.0  633.0  1    7.100    7.100  1   34.382   34.382  1
  633.9  633.9  1    7.096    7.096  1   34.382   34.382  1
  634.8  634.8  1    7.078    7.078  1   34.383   34.383  1
  635.7  635.7  1    7.044    7.044  1   34.383   34.383  1
  636.6  636.6  1    7.030    7.030  1   34.382   34.382  1
  637.9  637.9  1    7.031    7.031  1   34.380   34.380  1
  639.3  639.3  1    7.031    7.031  1   34.380   34.380  1
  640.2  640.2  1    7.028    7.028  1   34.381   34.381  1
  641.0  641.0  1    7.015    7.015  1   34.379   34.379  1
  641.9  641.9  1    7.011    7.011  1   34.381   34.381  1
  642.8  642.8  1    7.010    7.010  1   34.380   34.380  1
  643.7  643.7  1    7.008    7.008  1   34.379   34.379  1
  645.0  645.0  1    7.000    7.000  1   34.378   34.378  1
  646.3  646.3  1    6.992    6.992  1   34.376   34.376  1
  647.2  647.2  1    6.962    6.962  1   34.380   34.380  1
  648.1  648.1  1    6.927    6.927  1   34.373   34.373  1
  649.0  649.0  1    6.926    6.926  1   34.372   34.372  1
  649.8  649.8  1    6.924    6.924  1   34.372   34.372  1
  650.7  650.7  1    6.904    6.904  1   34.373   34.373  1
  651.6  651.6  1    6.864    6.864  1   34.371   34.371  1
  652.9  652.9  1    6.850    6.850  1   34.369   34.369  1
  654.2  654.2  1    6.798    6.798  1   34.370   34.370  1
  655.0  655.0  1    6.771    6.771  1   34.368   34.368  1
  655.9  655.9  1    6.760    6.760  1   34.366   34.366  1
  656.8  656.8  1    6.750    6.750  1   34.365   34.365  1
  657.6  657.6  1    6.744    6.744  1   34.365   34.365  1
  658.9  658.9  1    6.727    6.727  1   34.366   34.366  1
  660.2  660.2  1    6.708    6.708  1   34.365   34.365  1
  661.0  661.0  1    6.699    6.699  1   34.364   34.364  1
  661.8  661.8  1    6.687    6.687  1   34.364   34.364  1
  662.7  662.7  1    6.676    6.676  1   34.362   34.362  1
  663.9  663.9  1    6.662    6.662  1   34.362   34.362  1
  665.2  665.2  1    6.651    6.651  1   34.363   34.363  1
  666.0  666.0  1    6.640    6.640  1   34.362   34.362  1
  666.8  666.8  1    6.623    6.623  1   34.361   34.361  1
  667.6  667.6  1    6.604    6.604  1   34.360   34.360  1
  668.9  668.9  1    6.573    6.573  1   34.359   34.359  1
  670.1  670.1  1    6.551    6.551  1   34.358   34.358  1
  671.0  671.0  1    6.544    6.544  1   34.357   34.357  1
  671.8  671.8  1    6.507    6.507  1   34.360   34.360  1
  673.0  673.0  1    6.493    6.493  1   34.356   34.356  1
  674.3  674.3  1    6.444    6.444  1   34.359   34.359  1
  675.1  675.1  1    6.401    6.401  1   34.356   34.356  1
  675.9  675.9  1    6.378    6.378  1   34.354   34.354  1
  676.8  676.8  1    6.328    6.328  1   34.353   34.353  1
  678.0  678.0  1    6.327    6.327  1   34.353   34.353  1
  679.3  679.3  1    6.326    6.326  1   34.354   34.354  1
  680.1  680.1  1    6.327    6.327  1   34.354   34.354  1
  680.9  680.9  1    6.327    6.327  1   34.353   34.353  1
  681.8  681.8  1    6.328    6.328  1   34.352   34.352  1
  683.0  683.0  1    6.326    6.326  1   34.353   34.353  1
  684.3  684.3  1    6.317    6.317  1   34.354   34.354  1
  685.1  685.1  1    6.308    6.308  1   34.352   34.352  1
  686.0  686.0  1    6.269    6.269  1   34.354   34.354  1
  686.8  686.8  1    6.242    6.242  1   34.352   34.352  1
  687.6  687.6  1    6.234    6.234  1   34.350   34.350  1
  688.9  688.9  1    6.202    6.202  1   34.352   34.352  1
  690.2  690.2  1    6.149    6.149  1   34.351   34.351  1
  691.0  691.0  1    6.123    6.123  1   34.352   34.352  1
  691.8  691.8  1    6.103    6.103  1   34.351   34.351  1
  693.0  693.0  1    6.094    6.094  1   34.348   34.348  1
  694.3  694.3  1    6.035    6.035  1   34.348   34.348  1
  695.1  695.1  1    6.032    6.032  1   34.350   34.350  1
  696.0  696.0  1    5.975    5.975  1   34.351   34.351  1
  696.9  696.9  1    5.959    5.959  1   34.350   34.350  1
  697.8  697.8  1    5.954    5.954  1   34.351   34.351  1
  698.7  698.7  1    5.941    5.941  1   34.352   34.352  1
  699.6  699.6  1    5.927    5.927  1   34.349   34.349  1
  700.9  700.9  1    5.892    5.892  1   34.349   34.349  1
  702.3  702.3  1    5.870    5.870  1   34.351   34.351  1
  703.2  703.2  1    5.842    5.842  1   34.348   34.348  1
  704.1  704.1  1    5.825    5.825  1   34.350   34.350  1
  705.0  705.0  1    5.795    5.795  1   34.349   34.349  1
  705.9  705.9  1    5.764    5.764  1   34.351   34.351  1
  706.8  706.8  1    5.761    5.761  1   34.349   34.349  1
  707.8  707.8  1    5.744    5.744  1   34.349   34.349  1
  708.7  708.7  1    5.666    5.666  1   34.352   34.352  1
  709.7  709.7  1    5.633    5.633  1   34.352   34.352  1
  710.7  710.7  1    5.621    5.621  1   34.355   34.355  1
  711.7  711.7  1    5.613    5.613  1   34.353   34.353  1
  712.6  712.6  1    5.611    5.611  1   34.355   34.355  1
  713.6  713.6  1    5.594    5.594  1   34.352   34.352  1
  714.6  714.6  1    5.582    5.582  1   34.353   34.353  1
  715.6  715.6  1    5.583    5.583  1   34.354   34.354  1
  716.6  716.6  1    5.563    5.563  1   34.356   34.356  1
  717.6  717.6  1    5.553    5.553  1   34.355   34.355  1
  718.6  718.6  1    5.536    5.536  1   34.356   34.356  1
  719.6  719.6  1    5.509    5.509  1   34.358   34.358  1
  720.6  720.6  1    5.500    5.500  1   34.357   34.357  1
  721.7  721.7  1    5.488    5.488  1   34.357   34.357  1
  722.7  722.7  1    5.485    5.485  1   34.356   34.356  1
  723.7  723.7  1    5.481    5.481  1   34.356   34.356  1
  724.7  724.7  1    5.477    5.477  1   34.357   34.357  1
  725.7  725.7  1    5.475    5.475  1   34.357   34.357  1
  726.8  726.8  1    5.469    5.469  1   34.357   34.357  1
  727.8  727.8  1    5.467    5.467  1   34.356   34.356  1
  728.8  728.8  1    5.462    5.462  1   34.357   34.357  1
  729.9  729.9  1    5.459    5.459  1   34.358   34.358  1
  730.9  730.9  1    5.457    5.457  1   34.356   34.356  1
  732.0  732.0  1    5.450    5.450  1   34.354   34.354  1
  733.0  733.0  1    5.397    5.397  1   34.361   34.361  1
  734.1  734.1  1    5.377    5.377  1   34.360   34.360  1
  735.1  735.1  1    5.369    5.369  1   34.359   34.359  1
  736.2  736.2  1    5.367    5.367  1   34.359   34.359  1
  737.2  737.2  1    5.360    5.360  1   34.360   34.360  1
  738.3  738.3  1    5.351    5.351  1   34.360   34.360  1
  739.4  739.4  1    5.345    5.345  1   34.360   34.360  1
  740.5  740.5  1    5.340    5.340  1   34.359   34.359  1
  741.5  741.5  1    5.333    5.333  1   34.360   34.360  1
  742.6  742.6  1    5.324    5.324  1   34.361   34.361  1
  743.7  743.7  1    5.309    5.309  1   34.361   34.361  1
  744.7  744.7  1    5.301    5.301  1   34.361   34.361  1
  745.8  745.8  1    5.294    5.294  1   34.360   34.360  1
  746.8  746.8  1    5.290    5.290  1   34.361   34.361  1
  747.9  747.9  1    5.257    5.257  1   34.365   34.365  1
  749.0  749.0  1    5.227    5.227  1   34.360   34.360  1
  750.1  750.1  1    5.206    5.206  1   34.360   34.360  1
  751.1  751.1  1    5.181    5.181  1   34.360   34.360  1
  752.2  752.2  1    5.174    5.174  1   34.360   34.360  1
  753.3  753.3  1    5.170    5.170  1   34.362   34.362  1
  754.3  754.3  1    5.163    5.163  1   34.365   34.365  1
  755.4  755.4  1    5.150    5.150  1   34.365   34.365  1
  756.5  756.5  1    5.149    5.149  1   34.365   34.365  1
  757.6  757.6  1    5.147    5.147  1   34.365   34.365  1
  758.7  758.7  1    5.147    5.147  1   34.364   34.364  1
  759.8  759.8  1    5.143    5.143  1   34.366   34.366  1
  760.9  760.9  1    5.140    5.140  1   34.366   34.366  1
  762.0  762.0  1    5.135    5.135  1   34.366   34.366  1
  763.1  763.1  1    5.126    5.126  1   34.366   34.366  1
  764.2  764.2  1    5.125    5.125  1   34.367   34.367  1
  765.3  765.3  1    5.121    5.121  1   34.366   34.366  1
  766.4  766.4  1    5.119    5.119  1   34.365   34.365  1
  767.4  767.4  1    5.116    5.116  1   34.365   34.365  1
  768.5  768.5  1    5.113    5.113  1   34.367   34.367  1
  769.6  769.6  1    5.111    5.111  1   34.365   34.365  1
  770.7  770.7  1    5.103    5.103  1   34.366   34.366  1
  771.8  771.8  1    5.096    5.096  1   34.367   34.367  1
  772.9  772.9  1    5.086    5.086  1   34.368   34.368  1
  773.9  773.9  1    5.084    5.084  1   34.366   34.366  1
  775.0  775.0  1    5.079    5.079  1   34.367   34.367  1
  776.1  776.1  1    5.071    5.071  1   34.367   34.367  1
  777.2  777.2  1    5.061    5.061  1   34.367   34.367  1
  778.2  778.2  1    5.024    5.024  1   34.368   34.368  1
  779.2  779.2  1    5.005    5.005  1   34.367   34.367  1
  780.3  780.3  1    5.004    5.004  1   34.366   34.366  1
  781.4  781.4  1    5.003    5.003  1   34.366   34.366  1
  782.4  782.4  1    4.992    4.992  1   34.368   34.368  1
  783.5  783.5  1    4.978    4.978  1   34.369   34.369  1
  784.6  784.6  1    4.936    4.936  1   34.373   34.373  1
  785.6  785.6  1    4.929    4.929  1   34.374   34.374  1
  786.7  786.7  1    4.925    4.925  1   34.373   34.373  1
  787.8  787.8  1    4.918    4.918  1   34.373   34.373  1
  788.9  788.9  1    4.914    4.914  1   34.375   34.375  1
  790.0  790.0  1    4.913    4.913  1   34.375   34.375  1
  791.1  791.1  1    4.913    4.913  1   34.374   34.374  1
  792.2  792.2  1    4.911    4.911  1   34.375   34.375  1
  793.3  793.3  1    4.912    4.912  1   34.374   34.374  1
  794.4  794.4  1    4.912    4.912  1   34.374   34.374  1
  795.5  795.5  1    4.910    4.910  1   34.375   34.375  1
  796.6  796.6  1    4.909    4.909  1   34.374   34.374  1
  797.7  797.7  1    4.907    4.907  1   34.375   34.375  1
  798.8  798.8  1    4.907    4.907  1   34.375   34.375  1
  799.9  799.9  1    4.904    4.904  1   34.374   34.374  1
  800.9  800.9  1    4.903    4.903  1   34.374   34.374  1
  802.1  802.1  1    4.901    4.901  1   34.375   34.375  1
  803.1  803.1  1    4.900    4.900  1   34.374   34.374  1
  804.3  804.3  1    4.899    4.899  1   34.374   34.374  1
  805.3  805.3  1    4.895    4.895  1   34.375   34.375  1
  806.4  806.4  1    4.890    4.890  1   34.375   34.375  1
  807.5  807.5  1    4.888    4.888  1   34.375   34.375  1
  808.6  808.6  1    4.886    4.886  1   34.376   34.376  1
  809.7  809.7  1    4.886    4.886  1   34.375   34.375  1
  810.8  810.8  1    4.885    4.885  1   34.376   34.376  1
  811.9  811.9  1    4.884    4.884  1   34.376   34.376  1
  813.0  813.0  1    4.885    4.885  1   34.375   34.375  1
  814.1  814.1  1    4.884    4.884  1   34.375   34.375  1
  815.2  815.2  1    4.882    4.882  1   34.375   34.375  1
  816.2  816.2  1    4.881    4.881  1   34.374   34.374  1
  817.3  817.3  1    4.846    4.846  1   34.378   34.378  1
  818.4  818.4  1    4.839    4.839  1   34.378   34.378  1
  819.5  819.5  1    4.836    4.836  1   34.377   34.377  1
  820.6  820.6  1    4.835    4.835  1   34.378   34.378  1
  821.7  821.7  1    4.828    4.828  1   34.378   34.378  1
  822.8  822.8  1    4.816    4.816  1   34.379   34.379  1
  824.0  824.0  1    4.802    4.802  1   34.381   34.381  1
  825.1  825.1  1    4.792    4.792  1   34.381   34.381  1
  826.2  826.2  1    4.782    4.782  1   34.381   34.381  1
  827.3  827.3  1    4.779    4.779  1   34.380   34.380  1
  828.5  828.5  1    4.770    4.770  1   34.382   34.382  1
  829.6  829.6  1    4.762    4.762  1   34.382   34.382  1
  830.7  830.7  1    4.753    4.753  1   34.382   34.382  1
  831.8  831.8  1    4.746    4.746  1   34.384   34.384  1
  832.9  832.9  1    4.744    4.744  1   34.384   34.384  1
  834.1  834.1  1    4.743    4.743  1   34.383   34.383  1
  835.1  835.1  1    4.742    4.742  1   34.384   34.384  1
  836.3  836.3  1    4.737    4.737  1   34.383   34.383  1
  837.4  837.4  1    4.735    4.735  1   34.383   34.383  1
  838.5  838.5  1    4.734    4.734  1   34.384   34.384  1
  839.6  839.6  1    4.731    4.731  1   34.383   34.383  1
  840.7  840.7  1    4.730    4.730  1   34.384   34.384  1
  841.8  841.8  1    4.728    4.728  1   34.383   34.383  1
  842.9  842.9  1    4.720    4.720  1   34.383   34.383  1
  844.0  844.0  1    4.695    4.695  1   34.387   34.387  1
  845.2  845.2  1    4.689    4.689  1   34.386   34.386  1
  846.3  846.3  1    4.689    4.689  1   34.386   34.386  1
  847.4  847.4  1    4.687    4.687  1   34.387   34.387  1
  848.5  848.5  1    4.685    4.685  1   34.386   34.386  1
  849.6  849.6  1    4.683    4.683  1   34.386   34.386  1
  850.7  850.7  1    4.681    4.681  1   34.387   34.387  1
  851.9  851.9  1    4.677    4.677  1   34.386   34.386  1
  852.9  852.9  1    4.674    4.674  1   34.387   34.387  1
  854.1  854.1  1    4.672    4.672  1   34.386   34.386  1
  855.2  855.2  1    4.666    4.666  1   34.386   34.386  1
  856.2  856.2  1    4.663    4.663  1   34.387   34.387  1
  857.3  857.3  1    4.647    4.647  1   34.388   34.388  1
  858.4  858.4  1    4.643    4.643  1   34.387   34.387  1
  859.5  859.5  1    4.630    4.630  1   34.389   34.389  1
  860.5  860.5  1    4.620    4.620  1   34.389   34.389  1
  861.5  861.5  1    4.610    4.610  1   34.390   34.390  1
  862.9  862.9  1    4.596    4.596  1   34.391   34.391  1
  864.1  864.1  1    4.593    4.593  1   34.391   34.391  1
  864.9  864.9  1    4.594    4.594  1   34.391   34.391  1
  865.7  865.7  1    4.594    4.594  1   34.390   34.390  1
  866.9  866.9  1    4.590    4.590  1   34.392   34.392  1
  868.1  868.1  1    4.590    4.590  1   34.391   34.391  1
  868.9  868.9  1    4.589    4.589  1   34.392   34.392  1
  869.7  869.7  1    4.589    4.589  1   34.391   34.391  1
  871.0  871.0  1    4.588    4.588  1   34.391   34.391  1
  872.2  872.2  1    4.587    4.587  1   34.391   34.391  1
  873.0  873.0  1    4.584    4.584  1   34.392   34.392  1
  873.8  873.8  1    4.584    4.584  1   34.392   34.392  1
  875.0  875.0  1    4.583    4.583  1   34.391   34.391  1
  876.2  876.2  1    4.581    4.581  1   34.392   34.392  1
  877.0  877.0  1    4.581    4.581  1   34.391   34.391  1
  877.8  877.8  1    4.573    4.573  1   34.395   34.395  1
  879.0  879.0  1    4.573    4.573  1   34.392   34.392  1
  880.2  880.2  1    4.573    4.573  1   34.392   34.392  1
  880.9  880.9  1    4.563    4.563  1   34.392   34.392  1
  881.8  881.8  1    4.560    4.560  1   34.393   34.393  1
  883.0  883.0  1    4.556    4.556  1   34.391   34.391  1
  884.2  884.2  1    4.515    4.515  1   34.393   34.393  1
  885.0  885.0  1    4.502    4.502  1   34.392   34.392  1
  885.9  885.9  1    4.495    4.495  1   34.396   34.396  1
  886.7  886.7  1    4.477    4.477  1   34.393   34.393  1
  887.9  887.9  1    4.461    4.461  1   34.391   34.391  1
  889.2  889.2  1    4.447    4.447  1   34.386   34.386  1
  890.0  890.0  1    4.435    4.435  1   34.388   34.388  1
  890.9  890.9  1    4.428    4.428  1   34.388   34.388  1
  891.7  891.7  1    4.424    4.424  1   34.387   34.387  1
  893.0  893.0  1    4.423    4.423  1   34.388   34.388  1
  894.2  894.2  1    4.423    4.423  1   34.387   34.387  1
  895.1  895.1  1    4.421    4.421  1   34.388   34.388  1
  895.9  895.9  1    4.421    4.421  1   34.387   34.387  1
  896.8  896.8  1    4.419    4.419  1   34.388   34.388  1
  898.0  898.0  1    4.413    4.413  1   34.388   34.388  1
  899.3  899.3  1    4.403    4.403  1   34.389   34.389  1
  900.1  900.1  1    4.390    4.390  1   34.391   34.391  1
  901.0  901.0  1    4.378    4.378  1   34.390   34.390  1
  901.9  901.9  1    4.364    4.364  1   34.392   34.392  1
  902.7  902.7  1    4.364    4.364  1   34.391   34.391  1
  904.0  904.0  1    4.358    4.358  1   34.392   34.392  1
  905.2  905.2  1    4.358    4.358  1   34.392   34.392  1
  906.1  906.1  1    4.356    4.356  1   34.392   34.392  1
  907.0  907.0  1    4.356    4.356  1   34.391   34.391  1
  907.8  907.8  1    4.352    4.352  1   34.393   34.393  1
  908.7  908.7  1    4.352    4.352  1   34.391   34.391  1
  909.6  909.6  1    4.348    4.348  1   34.393   34.393  1
  910.9  910.9  1    4.337    4.337  1   34.393   34.393  1
  912.2  912.2  1    4.327    4.327  1   34.392   34.392  1
  913.1  913.1  1    4.319    4.319  1   34.394   34.394  1
  914.0  914.0  1    4.316    4.316  1   34.394   34.394  1
  914.9  914.9  1    4.315    4.315  1   34.394   34.394  1
  915.8  915.8  1    4.316    4.316  1   34.394   34.394  1
  916.7  916.7  1    4.307    4.307  1   34.395   34.395  1
  917.6  917.6  1    4.306    4.306  1   34.394   34.394  1
  918.9  918.9  1    4.300    4.300  1   34.395   34.395  1
  920.3  920.3  1    4.287    4.287  1   34.396   34.396  1
  921.2  921.2  1    4.283    4.283  1   34.396   34.396  1
  922.1  922.1  1    4.279    4.279  1   34.396   34.396  1
  923.1  923.1  1    4.268    4.268  1   34.397   34.397  1
  924.0  924.0  1    4.266    4.266  1   34.398   34.398  1
  924.9  924.9  1    4.265    4.265  1   34.398   34.398  1
  925.8  925.8  1    4.264    4.264  1   34.398   34.398  1
  926.7  926.7  1    4.264    4.264  1   34.397   34.397  1
  927.7  927.7  1    4.259    4.259  1   34.398   34.398  1
  928.7  928.7  1    4.245    4.245  1   34.400   34.400  1
  929.6  929.6  1    4.243    4.243  1   34.399   34.399  1
  930.6  930.6  1    4.237    4.237  1   34.400   34.400  1
  931.6  931.6  1    4.228    4.228  1   34.400   34.400  1
  932.5  932.5  1    4.222    4.222  1   34.401   34.401  1
  933.5  933.5  1    4.223    4.223  1   34.400   34.400  1
  934.9  934.9  1    4.218    4.218  1   34.401   34.401  1
  936.4  936.4  1    4.211    4.211  1   34.402   34.402  1
  937.4  937.4  1    4.207    4.207  1   34.402   34.402  1
  938.4  938.4  1    4.198    4.198  1   34.404   34.404  1
  939.4  939.4  1    4.196    4.196  1   34.404   34.404  1
  940.4  940.4  1    4.193    4.193  1   34.404   34.404  1
  941.4  941.4  1    4.193    4.193  1   34.403   34.403  1
  942.4  942.4  1    4.190    4.190  1   34.404   34.404  1
  943.4  943.4  1    4.186    4.186  1   34.404   34.404  1
  944.4  944.4  1    4.164    4.164  1   34.407   34.407  1
  945.4  945.4  1    4.149    4.149  1   34.407   34.407  1
  946.5  946.5  1    4.145    4.145  1   34.408   34.408  1
  947.5  947.5  1    4.141    4.141  1   34.407   34.407  1
  948.5  948.5  1    4.136    4.136  1   34.408   34.408  1
  949.6  949.6  1    4.130    4.130  1   34.408   34.408  1
  950.6  950.6  1    4.124    4.124  1   34.409   34.409  1
  951.6  951.6  1    4.123    4.123  1   34.409   34.409  1
  952.7  952.7  1    4.120    4.120  1   34.409   34.409  1
  953.7  953.7  1    4.118    4.118  1   34.409   34.409  1
  954.7  954.7  1    4.112    4.112  1   34.410   34.410  1
  955.8  955.8  1    4.111    4.111  1   34.410   34.410  1
  956.8  956.8  1    4.109    4.109  1   34.410   34.410  1
  957.8  957.8  1    4.108    4.108  1   34.410   34.410  1
  958.9  958.9  1    4.108    4.108  1   34.409   34.409  1
  959.9  959.9  1    4.104    4.104  1   34.410   34.410  1
  961.0  961.0  1    4.089    4.089  1   34.412   34.412  1
  962.0  962.0  1    4.066    4.066  1   34.414   34.414  1
  963.1  963.1  1    4.053    4.053  1   34.414   34.414  1
  964.2  964.2  1    4.050    4.050  1   34.415   34.415  1
  965.2  965.2  1    4.050    4.050  1   34.414   34.414  1
  966.3  966.3  1    4.044    4.044  1   34.416   34.416  1
  967.4  967.4  1    4.040    4.040  1   34.415   34.415  1
  968.5  968.5  1    4.036    4.036  1   34.415   34.415  1
  969.6  969.6  1    4.029    4.029  1   34.418   34.418  1
  970.6  970.6  1    4.009    4.009  1   34.419   34.419  1
  971.7  971.7  1    4.004    4.004  1   34.418   34.418  1
  972.8  972.8  1    3.996    3.996  1   34.419   34.419  1
  973.9  973.9  1    3.994    3.994  1   34.418   34.418  1
  975.0  975.0  1    3.991    3.991  1   34.419   34.419  1
  976.2  976.2  1    3.986    3.986  1   34.419   34.419  1
  977.3  977.3  1    3.985    3.985  1   34.419   34.419  1
  978.4  978.4  1    3.983    3.983  1   34.420   34.420  1
  979.5  979.5  1    3.982    3.982  1   34.419   34.419  1
  980.7  980.7  1    3.979    3.979  1   34.420   34.420  1
  981.8  981.8  1    3.974    3.974  1   34.420   34.420  1
  982.9  982.9  1    3.973    3.973  1   34.420   34.420  1
  984.0  984.0  1    3.972    3.972  1   34.421   34.421  1
  985.1  985.1  1    3.973    3.973  1   34.420   34.420  1
  986.3  986.3  1    3.967    3.967  1   34.421   34.421  1
  987.4  987.4  1    3.961    3.961  1   34.421   34.421  1
  988.5  988.5  1    3.959    3.959  1   34.422   34.422  1
  989.6  989.6  1    3.956    3.956  1   34.423   34.423  1
  990.7  990.7  1    3.954    3.954  1   34.422   34.422  1
  991.8  991.8  1    3.953    3.953  1   34.422   34.422  1
  992.9  992.9  1    3.948    3.948  1   34.423   34.423  1
  994.0  994.0  1    3.948    3.948  1   34.422   34.422  1
  995.2  995.2  1    3.945    3.945  1   34.423   34.423  1
  996.3  996.3  1    3.946    3.946  1   34.423   34.423  1
  997.4  997.4  1    3.946    3.946  1   34.422   34.422  1
  998.5  998.5  1    3.945    3.945  1   34.423   34.423  1
  999.6  999.6  1    3.934    3.934  1   34.423   34.423  1
 1001.2 1001.2  1    3.921    3.921  1   34.424   34.424  1
 1003.5 1003.5  1    3.920    3.920  1   34.424   34.424  1
 1005.7 1005.7  1    3.912    3.912  1   34.425   34.425  1
 1007.8 1007.8  1    3.880    3.880  1   34.429   34.429  1
 1009.4 1009.4  1    3.867    3.867  1   34.430   34.430  1
 1011.5 1011.5  1    3.865    3.865  1   34.431   34.431  1
 1013.7 1013.7  1    3.864    3.864  1   34.431   34.431  1
 1015.5 1015.5  1    3.862    3.862  1   34.432   34.432  1
 1017.5 1017.5  1    3.862    3.862  1   34.431   34.431  1
 1019.6 1019.6  1    3.857    3.857  1   34.432   34.432  1
 1020.9 1020.9  1    3.859    3.859  1   34.432   34.432  1
