*SoftWare Version 3.0  2018/12/27

*HEADER
     PLATFORM NUMBER       :6902947
     CYCLE NUMBER          :159
     DATE CREATION         :20191229152924
     DATE UPDATE           :20191229152941
     PROJECT NAME          :CORIOLIS
     PI NAME               :Stephanie LOUAZEL
     INSTRUMENT TYPE       :ARVOR
     FLOAT SERIAL NO       :AI2600-18FR110
     FIRMWARE VERSION      :5900A04
     WMO INSTRUMENT TYPE   :844
     TRANSMISSION SYSTEM   :IRIDIUM
     POSITIONING SYSTEM    :GPS
     SAMPLE DIRECTION      :A(A=Ascend; D=Descend)
     DATA MODE             :R(R=Real Time; D=Delayed Mode; A=Real Time Adjusted)
     JULIAN DAY            :25564.6219 (days since 1950-01-01 00:00:00 UTC)
     DATE                  :2019-12-29
     QC FLAG FOR DATE      :1
*LOCATION
     LATITUDE              :11.225  
     LONGITUDE             :47.018  
     QC FLAG FOR LOCATION  :1
*FILE
     COLUMN 1              :Pressure (dbar)                             F7.1
     COLUMN 2              :Corrected Pressure (dbar)                   F7.1
     COLUMN 3              :Quality on Pressure                         I3
     COLUMN 4              :Temperature (degree_Celsius)                F9.3
     COLUMN 5              :Corrected Temperature (degree_Celsius)      F9.3
     COLUMN 6              :Quality on Temperature                      I3
     COLUMN 7              :Salinity (PSU)                              F9.3
     COLUMN 8              :Corrected Salinity (PSU)                    F9.3
     COLUMN 9              :Quality on Salinity                         I3
==========================================================================
    3.0    3.0  1   27.121   27.121  1   36.130   36.130  1
    4.2    4.2  1   26.933   26.933  1   36.116   36.116  1
    4.9    4.9  1   26.906   26.906  1   36.133   36.133  1
    5.7    5.7  1   26.923   26.923  1   36.165   36.165  1
    6.9    6.9  1   26.921   26.921  1   36.181   36.181  1
    8.1    8.1  1   26.921   26.921  1   36.187   36.187  1
    8.9    8.9  1   26.922   26.922  1   36.193   36.193  1
    9.7    9.7  1   26.911   26.911  1   36.208   36.208  1
   11.0   11.0  1   26.871   26.871  1   36.200   36.200  1
   12.2   12.2  1   26.869   26.869  1   36.207   36.207  1
   13.0   13.0  1   26.878   26.878  1   36.220   36.220  1
   13.9   13.9  1   26.953   26.953  1   36.246   36.246  1
   14.8   14.8  1   27.035   27.035  1   36.296   36.296  1
   15.6   15.6  1   27.119   27.119  1   36.359   36.359  1
   16.6   16.6  1   27.127   27.127  1   36.368   36.368  1
   17.9   17.9  1   27.126   27.126  1   36.374   36.374  1
   19.3   19.3  1   27.123   27.123  1   36.375   36.375  1
   20.1   20.1  1   27.121   27.121  1   36.375   36.375  1
   21.1   21.1  1   27.122   27.122  1   36.377   36.377  1
   22.0   22.0  1   27.124   27.124  1   36.385   36.385  1
   22.9   22.9  1   27.124   27.124  1   36.394   36.394  1
   23.9   23.9  1   27.125   27.125  1   36.399   36.399  1
   24.8   24.8  1   27.127   27.127  1   36.399   36.399  1
   25.7   25.7  1   27.127   27.127  1   36.400   36.400  1
   26.6   26.6  1   27.127   27.127  1   36.400   36.400  1
   27.5   27.5  1   27.126   27.126  1   36.405   36.405  1
   28.9   28.9  1   27.124   27.124  1   36.406   36.406  1
   30.4   30.4  1   27.119   27.119  1   36.407   36.407  1
   31.3   31.3  1   27.131   27.131  1   36.414   36.414  1
   32.2   32.2  1   27.120   27.120  1   36.412   36.412  1
   33.1   33.1  1   27.114   27.114  1   36.409   36.409  1
   33.9   33.9  1   27.097   27.097  1   36.405   36.405  1
   34.8   34.8  1   27.074   27.074  1   36.399   36.399  1
   35.6   35.6  1   26.999   26.999  1   36.388   36.388  1
   36.9   36.9  1   26.853   26.853  1   36.353   36.353  1
   38.3   38.3  1   26.746   26.746  1   36.336   36.336  1
   39.2   39.2  1   26.679   26.679  1   36.302   36.302  1
   40.0   40.0  1   26.623   26.623  1   36.290   36.290  1
   40.8   40.8  1   26.564   26.564  1   36.264   36.264  1
   41.6   41.6  1   26.480   26.480  1   36.252   36.252  1
   42.5   42.5  1   26.451   26.451  1   36.238   36.238  1
   43.9   43.9  1   26.238   26.238  1   36.204   36.204  1
   45.2   45.2  1   26.088   26.088  1   36.178   36.178  1
   46.1   46.1  1   26.026   26.026  1   36.177   36.177  1
   47.1   47.1  1   25.899   25.899  1   36.162   36.162  1
   48.0   48.0  1   25.843   25.843  1   36.163   36.163  1
   49.0   49.0  1   25.813   25.813  1   36.154   36.154  1
   49.9   49.9  1   25.802   25.802  1   36.156   36.156  1
   50.9   50.9  1   25.797   25.797  1   36.157   36.157  1
   51.8   51.8  1   25.780   25.780  1   36.158   36.158  1
   52.8   52.8  1   25.762   25.762  1   36.159   36.159  1
   53.8   53.8  1   25.727   25.727  1   36.159   36.159  1
   54.8   54.8  1   25.686   25.686  1   36.156   36.156  1
   55.8   55.8  1   25.684   25.684  1   36.160   36.160  1
   56.8   56.8  1   25.688   25.688  1   36.159   36.159  1
   57.7   57.7  1   25.686   25.686  1   36.160   36.160  1
   58.7   58.7  1   25.687   25.687  1   36.159   36.159  1
   59.7   59.7  1   25.681   25.681  1   36.160   36.160  1
   60.7   60.7  1   25.666   25.666  1   36.161   36.161  1
   61.6   61.6  1   25.639   25.639  1   36.158   36.158  1
   62.6   62.6  1   25.616   25.616  1   36.157   36.157  1
   63.5   63.5  1   25.597   25.597  1   36.157   36.157  1
   64.5   64.5  1   25.550   25.550  1   36.148   36.148  1
   65.5   65.5  1   25.504   25.504  1   36.149   36.149  1
   66.5   66.5  1   25.359   25.359  1   36.129   36.129  1
   67.5   67.5  1   25.273   25.273  1   36.110   36.110  1
   68.5   68.5  1   25.231   25.231  1   36.098   36.098  1
   69.6   69.6  1   25.222   25.222  1   36.096   36.096  1
   70.6   70.6  1   25.212   25.212  1   36.096   36.096  1
   71.6   71.6  1   25.198   25.198  1   36.094   36.094  1
   72.6   72.6  1   25.168   25.168  1   36.091   36.091  1
   73.7   73.7  1   25.118   25.118  1   36.082   36.082  1
   74.7   74.7  1   25.111   25.111  1   36.079   36.079  1
   75.7   75.7  1   25.074   25.074  1   36.079   36.079  1
   76.7   76.7  1   25.045   25.045  1   36.070   36.070  1
   77.8   77.8  1   25.033   25.033  1   36.070   36.070  1
   78.8   78.8  1   24.947   24.947  1   36.065   36.065  1
   79.8   79.8  1   24.923   24.923  1   36.056   36.056  1
   80.9   80.9  1   24.879   24.879  1   36.051   36.051  1
   81.9   81.9  1   24.821   24.821  1   36.044   36.044  1
   83.0   83.0  1   24.726   24.726  1   36.035   36.035  1
   84.0   84.0  1   24.695   24.695  1   36.024   36.024  1
   85.1   85.1  1   24.679   24.679  1   36.021   36.021  1
   86.1   86.1  1   24.584   24.584  1   36.012   36.012  1
   87.0   87.0  1   24.577   24.577  1   36.008   36.008  1
   88.0   88.0  1   24.564   24.564  1   36.005   36.005  1
   88.9   88.9  1   24.515   24.515  1   35.999   35.999  1
   89.8   89.8  1   24.481   24.481  1   35.992   35.992  1
   90.7   90.7  1   24.401   24.401  1   35.978   35.978  1
   91.9   91.9  1   24.149   24.149  1   35.941   35.941  1
   93.2   93.2  1   23.465   23.465  1   35.963   35.963  1
   94.1   94.1  1   23.094   23.094  1   35.864   35.864  1
   95.0   95.0  1   22.900   22.900  1   35.833   35.833  1
   96.0   96.0  1   22.727   22.727  1   35.819   35.819  1
   97.1   97.1  1   22.572   22.572  1   35.812   35.812  1
   97.8   97.8  1   22.488   22.488  1   35.815   35.815  1
   99.0   99.0  1   22.368   22.368  1   35.803   35.803  1
  100.1  100.1  1   22.290   22.290  1   35.803   35.803  1
  100.9  100.9  1   22.256   22.256  1   35.802   35.802  1
  101.7  101.7  1   22.257   22.257  1   35.800   35.800  1
  103.0  103.0  1   22.204   22.204  1   35.822   35.822  1
  104.3  104.3  1   22.193   22.193  1   35.841   35.841  1
  105.1  105.1  1   22.179   22.179  1   35.840   35.840  1
  105.9  105.9  1   22.167   22.167  1   35.833   35.833  1
  106.7  106.7  1   22.102   22.102  1   35.835   35.835  1
  107.9  107.9  1   21.754   21.754  1   35.829   35.829  1
  109.2  109.2  1   21.526   21.526  1   35.817   35.817  1
  110.0  110.0  1   21.496   21.496  1   35.816   35.816  1
  110.9  110.9  1   21.441   21.441  1   35.814   35.814  1
  111.8  111.8  1   21.317   21.317  1   35.817   35.817  1
  112.8  112.8  1   21.199   21.199  1   35.816   35.816  1
  113.8  113.8  1   21.105   21.105  1   35.824   35.824  1
  114.8  114.8  1   20.961   20.961  1   35.867   35.867  1
  115.9  115.9  1   20.936   20.936  1   35.863   35.863  1
  116.9  116.9  1   20.894   20.894  1   35.863   35.863  1
  118.0  118.0  1   20.853   20.853  1   35.861   35.861  1
  119.1  119.1  1   20.831   20.831  1   35.860   35.860  1
  120.2  120.2  1   20.763   20.763  1   35.857   35.857  1
  121.2  121.2  1   20.748   20.748  1   35.853   35.853  1
  122.3  122.3  1   20.742   20.742  1   35.847   35.847  1
  123.3  123.3  1   20.738   20.738  1   35.846   35.846  1
  124.4  124.4  1   20.737   20.737  1   35.845   35.845  1
  125.4  125.4  1   20.728   20.728  1   35.839   35.839  1
  126.4  126.4  1   20.551   20.551  1   35.819   35.819  1
  127.5  127.5  1   20.452   20.452  1   35.804   35.804  1
  128.6  128.6  1   20.428   20.428  1   35.797   35.797  1
  129.6  129.6  1   20.352   20.352  1   35.803   35.803  1
  130.7  130.7  1   20.292   20.292  1   35.795   35.795  1
  131.7  131.7  1   20.318   20.318  1   35.814   35.814  1
  132.8  132.8  1   20.332   20.332  1   35.822   35.822  1
  133.9  133.9  1   20.328   20.328  1   35.824   35.824  1
  135.0  135.0  1   20.344   20.344  1   35.831   35.831  1
  136.1  136.1  1   20.348   20.348  1   35.835   35.835  1
  137.1  137.1  1   20.349   20.349  1   35.833   35.833  1
  138.1  138.1  1   20.350   20.350  1   35.836   35.836  1
  139.0  139.0  1   20.352   20.352  1   35.834   35.834  1
  139.9  139.9  1   20.197   20.197  1   35.836   35.836  1
  141.0  141.0  1   20.111   20.111  1   35.814   35.814  1
  142.1  142.1  1   20.098   20.098  1   35.818   35.818  1
  142.9  142.9  1   20.088   20.088  1   35.815   35.815  1
  143.9  143.9  1   19.973   19.973  1   35.799   35.799  1
  145.0  145.0  1   19.670   19.670  1   35.744   35.744  1
  145.8  145.8  1   19.530   19.530  1   35.735   35.735  1
  147.0  147.0  1   19.317   19.317  1   35.723   35.723  1
  148.3  148.3  1   19.176   19.176  1   35.747   35.747  1
  149.1  149.1  1   19.205   19.205  1   35.788   35.788  1
  150.0  150.0  1   19.322   19.322  1   35.876   35.876  1
  150.8  150.8  1   19.361   19.361  1   35.917   35.917  1
  152.0  152.0  1   19.361   19.361  1   35.923   35.923  1
  153.2  153.2  1   19.283   19.283  1   35.896   35.896  1
  154.1  154.1  1   19.052   19.052  1   35.870   35.870  1
  154.9  154.9  1   18.870   18.870  1   35.806   35.806  1
  155.9  155.9  1   18.593   18.593  1   35.775   35.775  1
  156.8  156.8  1   18.530   18.530  1   35.761   35.761  1
  157.8  157.8  1   18.503   18.503  1   35.761   35.761  1
  158.7  158.7  1   18.469   18.469  1   35.760   35.760  1
  159.7  159.7  1   18.445   18.445  1   35.760   35.760  1
  160.7  160.7  1   18.427   18.427  1   35.757   35.757  1
  161.6  161.6  1   18.408   18.408  1   35.756   35.756  1
  162.6  162.6  1   18.278   18.278  1   35.756   35.756  1
  163.6  163.6  1   18.263   18.263  1   35.757   35.757  1
  164.6  164.6  1   18.248   18.248  1   35.758   35.758  1
  165.5  165.5  1   18.206   18.206  1   35.754   35.754  1
  166.5  166.5  1   18.173   18.173  1   35.747   35.747  1
  167.5  167.5  1   18.159   18.159  1   35.745   35.745  1
  168.5  168.5  1   18.141   18.141  1   35.745   35.745  1
  169.5  169.5  1   18.131   18.131  1   35.748   35.748  1
  170.5  170.5  1   18.121   18.121  1   35.748   35.748  1
  171.5  171.5  1   18.120   18.120  1   35.750   35.750  1
  172.5  172.5  1   18.126   18.126  1   35.758   35.758  1
  173.5  173.5  1   18.137   18.137  1   35.767   35.767  1
  174.5  174.5  1   18.105   18.105  1   35.780   35.780  1
  175.5  175.5  1   18.082   18.082  1   35.778   35.778  1
  176.5  176.5  1   18.052   18.052  1   35.768   35.768  1
  177.5  177.5  1   18.013   18.013  1   35.779   35.779  1
  178.5  178.5  1   17.972   17.972  1   35.774   35.774  1
  179.5  179.5  1   17.926   17.926  1   35.766   35.766  1
  180.6  180.6  1   17.906   17.906  1   35.770   35.770  1
  181.6  181.6  1   17.869   17.869  1   35.775   35.775  1
  182.6  182.6  1   17.828   17.828  1   35.772   35.772  1
  183.7  183.7  1   17.783   17.783  1   35.774   35.774  1
  184.7  184.7  1   17.734   17.734  1   35.770   35.770  1
  185.8  185.8  1   17.657   17.657  1   35.769   35.769  1
  186.8  186.8  1   17.597   17.597  1   35.763   35.763  1
  187.8  187.8  1   17.566   17.566  1   35.763   35.763  1
  188.9  188.9  1   17.552   17.552  1   35.755   35.755  1
  189.9  189.9  1   17.510   17.510  1   35.751   35.751  1
  190.9  190.9  1   17.480   17.480  1   35.746   35.746  1
  191.9  191.9  1   17.449   17.449  1   35.740   35.740  1
  192.9  192.9  1   17.302   17.302  1   35.735   35.735  1
  193.9  193.9  1   17.243   17.243  1   35.732   35.732  1
  194.9  194.9  1   17.213   17.213  1   35.740   35.740  1
  195.9  195.9  1   17.059   17.059  1   35.742   35.742  1
  197.0  197.0  1   17.050   17.050  1   35.737   35.737  1
  198.3  198.3  1   17.048   17.048  1   35.740   35.740  1
  199.1  199.1  1   17.037   17.037  1   35.741   35.741  1
  199.9  199.9  1   17.028   17.028  1   35.738   35.738  1
  201.4  201.4  1   16.976   16.976  1   35.732   35.732  1
  203.4  203.4  1   16.933   16.933  1   35.730   35.730  1
  205.4  205.4  1   16.879   16.879  1   35.729   35.729  1
  207.4  207.4  1   16.793   16.793  1   35.724   35.724  1
  209.2  209.2  1   16.757   16.757  1   35.724   35.724  1
  211.6  211.6  1   16.679   16.679  1   35.722   35.722  1
  213.6  213.6  1   16.613   16.613  1   35.725   35.725  1
  215.3  215.3  1   16.523   16.523  1   35.727   35.727  1
  217.4  217.4  1   16.427   16.427  1   35.726   35.726  1
  219.5  219.5  1   16.287   16.287  1   35.724   35.724  1
  221.3  221.3  1   16.203   16.203  1   35.726   35.726  1
  223.1  223.1  1   16.151   16.151  1   35.722   35.722  1
  225.4  225.4  1   16.096   16.096  1   35.716   35.716  1
  227.7  227.7  1   16.018   16.018  1   35.716   35.716  1
  229.6  229.6  1   15.928   15.928  1   35.717   35.717  1
  231.5  231.5  1   15.852   15.852  1   35.720   35.720  1
  233.3  233.3  1   15.817   15.817  1   35.718   35.718  1
  235.2  235.2  1   15.769   15.769  1   35.721   35.721  1
  237.2  237.2  1   15.742   15.742  1   35.737   35.737  1
  239.1  239.1  1   15.786   15.786  1   35.760   35.760  1
  241.1  241.1  1   15.803   15.803  1   35.765   35.765  1
  243.1  243.1  1   15.823   15.823  1   35.773   35.773  1
  245.1  245.1  1   15.822   15.822  1   35.779   35.779  1
  247.0  247.0  1   15.811   15.811  1   35.779   35.779  1
  249.0  249.0  1   15.739   15.739  1   35.776   35.776  1
  251.0  251.0  1   15.683   15.683  1   35.773   35.773  1
  253.1  253.1  1   15.684   15.684  1   35.773   35.773  1
  255.0  255.0  1   15.688   15.688  1   35.778   35.778  1
  257.0  257.0  1   15.608   15.608  1   35.781   35.781  1
  259.3  259.3  1   15.558   15.558  1   35.791   35.791  1
  261.3  261.3  1   15.567   15.567  1   35.799   35.799  1
  263.2  263.2  1   15.566   15.566  1   35.799   35.799  1
  265.1  265.1  1   15.562   15.562  1   35.800   35.800  1
  267.1  267.1  1   15.479   15.479  1   35.816   35.816  1
  269.1  269.1  1   15.437   15.437  1   35.816   35.816  1
  271.1  271.1  1   15.408   15.408  1   35.817   35.817  1
  273.2  273.2  1   15.370   15.370  1   35.823   35.823  1
  275.1  275.1  1   15.362   15.362  1   35.825   35.825  1
  277.2  277.2  1   15.341   15.341  1   35.831   35.831  1
  279.2  279.2  1   15.316   15.316  1   35.839   35.839  1
  281.3  281.3  1   15.305   15.305  1   35.846   35.846  1
  283.4  283.4  1   15.299   15.299  1   35.849   35.849  1
  285.4  285.4  1   15.295   15.295  1   35.850   35.850  1
  287.5  287.5  1   15.282   15.282  1   35.854   35.854  1
  289.5  289.5  1   15.247   15.247  1   35.857   35.857  1
  291.6  291.6  1   15.240   15.240  1   35.862   35.862  1
  293.7  293.7  1   15.222   15.222  1   35.862   35.862  1
  295.5  295.5  1   15.195   15.195  1   35.864   35.864  1
  297.5  297.5  1   15.149   15.149  1   35.866   35.866  1
  299.4  299.4  1   15.133   15.133  1   35.872   35.872  1
  301.2  301.2  1   15.126   15.126  1   35.874   35.874  1
  303.5  303.5  1   15.096   15.096  1   35.884   35.884  1
  305.4  305.4  1   15.073   15.073  1   35.890   35.890  1
  307.4  307.4  1   15.062   15.062  1   35.892   35.892  1
  309.4  309.4  1   15.025   15.025  1   35.906   35.906  1
  311.4  311.4  1   15.023   15.023  1   35.911   35.911  1
  313.5  313.5  1   15.005   15.005  1   35.922   35.922  1
  315.5  315.5  1   14.961   14.961  1   35.919   35.919  1
  317.6  317.6  1   14.905   14.905  1   35.921   35.921  1
  319.3  319.3  1   14.879   14.879  1   35.923   35.923  1
  321.5  321.5  1   14.860   14.860  1   35.926   35.926  1
  323.6  323.6  1   14.855   14.855  1   35.930   35.930  1
  325.4  325.4  1   14.854   14.854  1   35.936   35.936  1
  327.1  327.1  1   14.858   14.858  1   35.943   35.943  1
  329.3  329.3  1   14.865   14.865  1   35.949   35.949  1
  331.5  331.5  1   14.876   14.876  1   35.964   35.964  1
  333.3  333.3  1   14.891   14.891  1   35.975   35.975  1
  335.1  335.1  1   14.902   14.902  1   35.982   35.982  1
  337.4  337.4  1   14.906   14.906  1   36.007   36.007  1
  339.6  339.6  1   14.952   14.952  1   36.038   36.038  1
  341.4  341.4  1   14.981   14.981  1   36.054   36.054  1
  343.3  343.3  1   14.981   14.981  1   36.055   36.055  1
  345.1  345.1  1   15.006   15.006  1   36.067   36.067  1
  347.4  347.4  1   14.982   14.982  1   36.074   36.074  1
  349.7  349.7  1   14.980   14.980  1   36.073   36.073  1
  351.5  351.5  1   14.967   14.967  1   36.071   36.071  1
  353.4  353.4  1   14.964   14.964  1   36.071   36.071  1
  355.1  355.1  1   14.959   14.959  1   36.075   36.075  1
  357.4  357.4  1   14.894   14.894  1   36.068   36.068  1
  359.7  359.7  1   14.837   14.837  1   36.057   36.057  1
  361.6  361.6  1   14.785   14.785  1   36.047   36.047  1
  363.4  363.4  1   14.771   14.771  1   36.044   36.044  1
  365.3  365.3  1   14.782   14.782  1   36.048   36.048  1
  367.1  367.1  1   14.800   14.800  1   36.057   36.057  1
  369.5  369.5  1   14.810   14.810  1   36.062   36.062  1
  371.8  371.8  1   14.837   14.837  1   36.070   36.070  1
  373.6  373.6  1   14.845   14.845  1   36.073   36.073  1
  375.5  375.5  1   14.858   14.858  1   36.079   36.079  1
  377.4  377.4  1   14.830   14.830  1   36.082   36.082  1
  379.3  379.3  1   14.772   14.772  1   36.078   36.078  1
  381.2  381.2  1   14.760   14.760  1   36.073   36.073  1
  383.1  383.1  1   14.748   14.748  1   36.074   36.074  1
  385.0  385.0  1   14.737   14.737  1   36.070   36.070  1
  387.0  387.0  1   14.715   14.715  1   36.066   36.066  1
  389.4  389.4  1   14.694   14.694  1   36.063   36.063  1
  391.9  391.9  1   14.690   14.690  1   36.064   36.064  1
  393.9  393.9  1   14.678   14.678  1   36.066   36.066  1
  395.9  395.9  1   14.659   14.659  1   36.065   36.065  1
  397.9  397.9  1   14.655   14.655  1   36.063   36.063  1
  399.8  399.8  1   14.647   14.647  1   36.063   36.063  1
  401.8  401.8  1   14.620   14.620  1   36.063   36.063  1
  403.9  403.9  1   14.569   14.569  1   36.056   36.056  1
  405.9  405.9  1   14.555   14.555  1   36.055   36.055  1
  407.4  407.4  1   14.554   14.554  1   36.062   36.062  1
  409.0  409.0  1   14.568   14.568  1   36.072   36.072  1
  411.0  411.0  1   14.574   14.574  1   36.075   36.075  1
  413.1  413.1  1   14.567   14.567  1   36.081   36.081  1
  415.2  415.2  1   14.556   14.556  1   36.082   36.082  1
  417.3  417.3  1   14.548   14.548  1   36.086   36.086  1
  419.4  419.4  1   14.514   14.514  1   36.086   36.086  1
  421.5  421.5  1   14.473   14.473  1   36.085   36.085  1
  423.7  423.7  1   14.464   14.464  1   36.092   36.092  1
  425.8  425.8  1   14.457   14.457  1   36.098   36.098  1
  427.5  427.5  1   14.452   14.452  1   36.098   36.098  1
  429.0  429.0  1   14.430   14.430  1   36.100   36.100  1
  431.2  431.2  1   14.398   14.398  1   36.103   36.103  1
  433.4  433.4  1   14.434   14.434  1   36.118   36.118  1
  435.6  435.6  1   14.453   14.453  1   36.129   36.129  1
  437.8  437.8  1   14.458   14.458  1   36.134   36.134  1
  439.5  439.5  1   14.463   14.463  1   36.137   36.137  1
  441.2  441.2  1   14.468   14.468  1   36.141   36.141  1
  443.4  443.4  1   14.474   14.474  1   36.148   36.148  1
  445.6  445.6  1   14.484   14.484  1   36.155   36.155  1
  447.8  447.8  1   14.508   14.508  1   36.167   36.167  1
  449.5  449.5  1   14.512   14.512  1   36.170   36.170  1
  451.1  451.1  1   14.504   14.504  1   36.171   36.171  1
  453.2  453.2  1   14.510   14.510  1   36.174   36.174  1
  455.5  455.5  1   14.521   14.521  1   36.181   36.181  1
  457.5  457.5  1   14.517   14.517  1   36.184   36.184  1
  459.5  459.5  1   14.502   14.502  1   36.183   36.183  1
  461.5  461.5  1   14.491   14.491  1   36.182   36.182  1
  463.5  463.5  1   14.458   14.458  1   36.180   36.180  1
  465.6  465.6  1   14.434   14.434  1   36.182   36.182  1
  467.3  467.3  1   14.409   14.409  1   36.180   36.180  1
  469.3  469.3  1   14.388   14.388  1   36.174   36.174  1
  471.4  471.4  1   14.374   14.374  1   36.167   36.167  1
  473.4  473.4  1   14.359   14.359  1   36.166   36.166  1
  475.5  475.5  1   14.344   14.344  1   36.162   36.162  1
  477.5  477.5  1   14.315   14.315  1   36.160   36.160  1
  479.6  479.6  1   14.257   14.257  1   36.149   36.149  1
  481.3  481.3  1   14.254   14.254  1   36.153   36.153  1
  483.3  483.3  1   14.243   14.243  1   36.151   36.151  1
  485.4  485.4  1   14.215   14.215  1   36.148   36.148  1
  487.5  487.5  1   14.213   14.213  1   36.158   36.158  1
  489.7  489.7  1   14.206   14.206  1   36.162   36.162  1
  491.4  491.4  1   14.163   14.163  1   36.159   36.159  1
  493.2  493.2  1   14.149   14.149  1   36.154   36.154  1
  495.4  495.4  1   14.183   14.183  1   36.167   36.167  1
  497.5  497.5  1   14.203   14.203  1   36.178   36.178  1
  499.3  499.3  1   14.217   14.217  1   36.182   36.182  1
  501.5  501.5  1   14.226   14.226  1   36.185   36.185  1
  503.7  503.7  1   14.184   14.184  1   36.177   36.177  1
  505.5  505.5  1   14.158   14.158  1   36.172   36.172  1
  507.2  507.2  1   14.167   14.167  1   36.175   36.175  1
  509.5  509.5  1   14.148   14.148  1   36.172   36.172  1
  511.7  511.7  1   14.111   14.111  1   36.163   36.163  1
  513.5  513.5  1   14.078   14.078  1   36.158   36.158  1
  515.3  515.3  1   14.116   14.116  1   36.175   36.175  1
  517.1  517.1  1   14.134   14.134  1   36.183   36.183  1
  519.0  519.0  1   14.202   14.202  1   36.204   36.204  1
  521.4  521.4  1   14.193   14.193  1   36.212   36.212  1
  523.8  523.8  1   14.203   14.203  1   36.218   36.218  1
  525.7  525.7  1   14.216   14.216  1   36.225   36.225  1
  527.7  527.7  1   14.299   14.299  1   36.248   36.248  1
  529.6  529.6  1   14.323   14.323  1   36.261   36.261  1
  531.5  531.5  1   14.319   14.319  1   36.258   36.258  1
  533.5  533.5  1   14.207   14.207  1   36.240   36.240  1
  535.4  535.4  1   14.090   14.090  1   36.220   36.220  1
  537.4  537.4  1   14.072   14.072  1   36.208   36.208  1
  539.3  539.3  1   14.095   14.095  1   36.218   36.218  1
  541.3  541.3  1   14.078   14.078  1   36.215   36.215  1
  543.2  543.2  1   14.091   14.091  1   36.223   36.223  1
  545.1  545.1  1   14.087   14.087  1   36.223   36.223  1
  547.2  547.2  1   14.132   14.132  1   36.240   36.240  1
  549.2  549.2  1   14.175   14.175  1   36.259   36.259  1
  551.2  551.2  1   14.233   14.233  1   36.281   36.281  1
  553.2  553.2  1   14.262   14.262  1   36.292   36.292  1
  555.3  555.3  1   14.259   14.259  1   36.293   36.293  1
  557.3  557.3  1   14.250   14.250  1   36.292   36.292  1
  559.3  559.3  1   14.243   14.243  1   36.290   36.290  1
  561.3  561.3  1   14.226   14.226  1   36.287   36.287  1
  563.3  563.3  1   14.194   14.194  1   36.282   36.282  1
  565.3  565.3  1   14.138   14.138  1   36.272   36.272  1
  567.4  567.4  1   14.129   14.129  1   36.267   36.267  1
  569.4  569.4  1   14.114   14.114  1   36.268   36.268  1
  571.4  571.4  1   14.083   14.083  1   36.268   36.268  1
  573.4  573.4  1   14.054   14.054  1   36.268   36.268  1
  575.4  575.4  1   14.029   14.029  1   36.265   36.265  1
  577.4  577.4  1   14.016   14.016  1   36.268   36.268  1
  579.4  579.4  1   14.149   14.149  1   36.314   36.314  1
  581.4  581.4  1   14.259   14.259  1   36.353   36.353  1
  583.4  583.4  1   14.322   14.322  1   36.385   36.385  1
  585.4  585.4  1   14.309   14.309  1   36.386   36.386  1
  587.5  587.5  1   14.307   14.307  1   36.389   36.389  1
  589.6  589.6  1   14.311   14.311  1   36.402   36.402  1
  591.8  591.8  1   14.330   14.330  1   36.412   36.412  1
  593.4  593.4  1   14.351   14.351  1   36.421   36.421  1
  595.0  595.0  1   14.356   14.356  1   36.424   36.424  1
  597.1  597.1  1   14.359   14.359  1   36.426   36.426  1
  599.3  599.3  1   14.354   14.354  1   36.427   36.427  1
  601.4  601.4  1   14.356   14.356  1   36.428   36.428  1
  603.5  603.5  1   14.356   14.356  1   36.428   36.428  1
  605.7  605.7  1   14.352   14.352  1   36.427   36.427  1
  607.8  607.8  1   14.353   14.353  1   36.427   36.427  1
  609.5  609.5  1   14.352   14.352  1   36.427   36.427  1
  611.0  611.0  1   14.348   14.348  1   36.428   36.428  1
  613.2  613.2  1   14.305   14.305  1   36.420   36.420  1
  615.4  615.4  1   14.359   14.359  1   36.428   36.428  1
  617.5  617.5  1   14.343   14.343  1   36.449   36.449  1
  619.7  619.7  1   14.319   14.319  1   36.446   36.446  1
  621.9  621.9  1   14.297   14.297  1   36.443   36.443  1
  623.5  623.5  1   14.273   14.273  1   36.439   36.439  1
  625.1  625.1  1   14.281   14.281  1   36.443   36.443  1
  627.3  627.3  1   14.283   14.283  1   36.446   36.446  1
  629.5  629.5  1   14.295   14.295  1   36.456   36.456  1
  631.7  631.7  1   14.305   14.305  1   36.462   36.462  1
  633.8  633.8  1   14.283   14.283  1   36.458   36.458  1
  635.5  635.5  1   14.260   14.260  1   36.462   36.462  1
  637.1  637.1  1   14.247   14.247  1   36.457   36.457  1
  639.3  639.3  1   14.222   14.222  1   36.451   36.451  1
  641.5  641.5  1   14.183   14.183  1   36.430   36.430  1
  643.7  643.7  1   14.150   14.150  1   36.429   36.429  1
  645.8  645.8  1   14.106   14.106  1   36.415   36.415  1
  647.5  647.5  1   14.074   14.074  1   36.415   36.415  1
  649.1  649.1  1   14.067   14.067  1   36.405   36.405  1
  651.5  651.5  1   14.028   14.028  1   36.409   36.409  1
  653.6  653.6  1   13.815   13.815  1   36.332   36.332  1
  655.6  655.6  1   13.747   13.747  1   36.321   36.321  1
  657.6  657.6  1   13.760   13.760  1   36.324   36.324  1
  659.2  659.2  1   13.701   13.701  1   36.312   36.312  1
  661.3  661.3  1   13.672   13.672  1   36.312   36.312  1
  663.3  663.3  1   13.693   13.693  1   36.319   36.319  1
  665.3  665.3  1   13.698   13.698  1   36.330   36.330  1
  667.3  667.3  1   13.690   13.690  1   36.331   36.331  1
  669.3  669.3  1   13.684   13.684  1   36.331   36.331  1
  671.3  671.3  1   13.671   13.671  1   36.331   36.331  1
  673.4  673.4  1   13.655   13.655  1   36.331   36.331  1
  675.5  675.5  1   13.651   13.651  1   36.333   36.333  1
  677.6  677.6  1   13.649   13.649  1   36.334   36.334  1
  679.7  679.7  1   13.645   13.645  1   36.334   36.334  1
  681.3  681.3  1   13.630   13.630  1   36.332   36.332  1
  683.4  683.4  1   13.603   13.603  1   36.330   36.330  1
  685.4  685.4  1   13.565   13.565  1   36.325   36.325  1
  687.4  687.4  1   13.540   13.540  1   36.322   36.322  1
  689.5  689.5  1   13.504   13.504  1   36.320   36.320  1
  691.2  691.2  1   13.495   13.495  1   36.320   36.320  1
  693.3  693.3  1   13.487   13.487  1   36.320   36.320  1
  695.4  695.4  1   13.482   13.482  1   36.320   36.320  1
  697.2  697.2  1   13.479   13.479  1   36.320   36.320  1
  699.4  699.4  1   13.490   13.490  1   36.320   36.320  1
  701.6  701.6  1   13.499   13.499  1   36.324   36.324  1
  703.4  703.4  1   13.503   13.503  1   36.326   36.326  1
  705.2  705.2  1   13.503   13.503  1   36.327   36.327  1
  707.3  707.3  1   13.502   13.502  1   36.327   36.327  1
  709.4  709.4  1   13.497   13.497  1   36.327   36.327  1
  711.5  711.5  1   13.498   13.498  1   36.326   36.326  1
  713.4  713.4  1   13.495   13.495  1   36.326   36.326  1
  715.5  715.5  1   13.482   13.482  1   36.324   36.324  1
  717.7  717.7  1   13.472   13.472  1   36.325   36.325  1
  719.5  719.5  1   13.460   13.460  1   36.325   36.325  1
  721.3  721.3  1   13.442   13.442  1   36.327   36.327  1
  723.2  723.2  1   13.438   13.438  1   36.326   36.326  1
  725.0  725.0  1   13.433   13.433  1   36.327   36.327  1
  727.4  727.4  1   13.431   13.431  1   36.327   36.327  1
  729.7  729.7  1   13.431   13.431  1   36.327   36.327  1
  731.6  731.6  1   13.430   13.430  1   36.326   36.326  1
  733.5  733.5  1   13.425   13.425  1   36.328   36.328  1
  735.4  735.4  1   13.423   13.423  1   36.326   36.326  1
  737.3  737.3  1   13.417   13.417  1   36.326   36.326  1
  739.1  739.1  1   13.410   13.410  1   36.327   36.327  1
  741.0  741.0  1   13.385   13.385  1   36.322   36.322  1
  743.4  743.4  1   13.362   13.362  1   36.320   36.320  1
  745.8  745.8  1   13.360   13.360  1   36.320   36.320  1
  747.8  747.8  1   13.351   13.351  1   36.320   36.320  1
  749.7  749.7  1   13.341   13.341  1   36.319   36.319  1
  751.7  751.7  1   13.335   13.335  1   36.318   36.318  1
  753.6  753.6  1   13.335   13.335  1   36.318   36.318  1
  755.5  755.5  1   13.330   13.330  1   36.319   36.319  1
  757.5  757.5  1   13.324   13.324  1   36.318   36.318  1
  759.5  759.5  1   13.333   13.333  1   36.326   36.326  1
  761.4  761.4  1   13.339   13.339  1   36.327   36.327  1
  763.3  763.3  1   13.349   13.349  1   36.333   36.333  1
  765.2  765.2  1   13.359   13.359  1   36.340   36.340  1
  767.2  767.2  1   13.356   13.356  1   36.342   36.342  1
  769.2  769.2  1   13.329   13.329  1   36.339   36.339  1
  771.1  771.1  1   13.307   13.307  1   36.338   36.338  1
  773.1  773.1  1   13.288   13.288  1   36.332   36.332  1
  775.1  775.1  1   13.288   13.288  1   36.333   36.333  1
  777.1  777.1  1   13.312   13.312  1   36.342   36.342  1
  779.1  779.1  1   13.315   13.315  1   36.343   36.343  1
  781.1  781.1  1   13.299   13.299  1   36.342   36.342  1
  783.1  783.1  1   13.266   13.266  1   36.335   36.335  1
  785.2  785.2  1   13.253   13.253  1   36.333   36.333  1
  787.2  787.2  1   13.251   13.251  1   36.332   36.332  1
  789.2  789.2  1   13.247   13.247  1   36.332   36.332  1
  791.3  791.3  1   13.241   13.241  1   36.332   36.332  1
  793.3  793.3  1   13.242   13.242  1   36.334   36.334  1
  795.4  795.4  1   13.239   13.239  1   36.335   36.335  1
  797.4  797.4  1   13.239   13.239  1   36.336   36.336  1
  799.5  799.5  1   13.237   13.237  1   36.337   36.337  1
  801.5  801.5  1   13.254   13.254  1   36.344   36.344  1
  803.6  803.6  1   13.270   13.270  1   36.349   36.349  1
  805.6  805.6  1   13.244   13.244  1   36.348   36.348  1
  807.6  807.6  1   13.221   13.221  1   36.344   36.344  1
  809.7  809.7  1   13.216   13.216  1   36.343   36.343  1
  811.7  811.7  1   13.214   13.214  1   36.342   36.342  1
  813.8  813.8  1   13.202   13.202  1   36.341   36.341  1
  815.8  815.8  1   13.162   13.162  1   36.338   36.338  1
  817.8  817.8  1   13.156   13.156  1   36.338   36.338  1
  819.8  819.8  1   13.177   13.177  1   36.347   36.347  1
  821.9  821.9  1   13.160   13.160  1   36.345   36.345  1
  823.5  823.5  1   13.150   13.150  1   36.343   36.343  1
  825.0  825.0  1   13.138   13.138  1   36.340   36.340  1
  827.0  827.0  1   13.108   13.108  1   36.337   36.337  1
  829.0  829.0  1   13.086   13.086  1   36.330   36.330  1
  831.1  831.1  1   13.084   13.084  1   36.330   36.330  1
  833.2  833.2  1   13.082   13.082  1   36.330   36.330  1
  835.2  835.2  1   13.085   13.085  1   36.331   36.331  1
  837.3  837.3  1   13.088   13.088  1   36.333   36.333  1
  839.4  839.4  1   13.093   13.093  1   36.337   36.337  1
  841.5  841.5  1   13.095   13.095  1   36.338   36.338  1
  843.6  843.6  1   13.085   13.085  1   36.335   36.335  1
  845.8  845.8  1   13.068   13.068  1   36.333   36.333  1
  847.5  847.5  1   13.058   13.058  1   36.328   36.328  1
  849.0  849.0  1   13.053   13.053  1   36.327   36.327  1
  851.2  851.2  1   13.045   13.045  1   36.325   36.325  1
  853.3  853.3  1   13.021   13.021  1   36.320   36.320  1
  855.4  855.4  1   12.986   12.986  1   36.313   36.313  1
  857.6  857.6  1   12.968   12.968  1   36.312   36.312  1
  859.8  859.8  1   12.935   12.935  1   36.304   36.304  1
  861.4  861.4  1   12.930   12.930  1   36.294   36.294  1
  863.0  863.0  1   12.827   12.827  1   36.278   36.278  1
  865.2  865.2  1   12.726   12.726  1   36.262   36.262  1
  867.4  867.4  1   12.661   12.661  1   36.244   36.244  1
  869.6  869.6  1   12.607   12.607  1   36.228   36.228  1
  871.7  871.7  1   12.588   12.588  1   36.222   36.222  1
  873.8  873.8  1   12.571   12.571  1   36.218   36.218  1
  875.5  875.5  1   12.547   12.547  1   36.221   36.221  1
  877.0  877.0  1   12.540   12.540  1   36.212   36.212  1
  879.2  879.2  1   12.535   12.535  1   36.211   36.211  1
  881.5  881.5  1   12.493   12.493  1   36.203   36.203  1
  883.7  883.7  1   12.479   12.479  1   36.197   36.197  1
  885.4  885.4  1   12.472   12.472  1   36.195   36.195  1
  887.0  887.0  1   12.469   12.469  1   36.193   36.193  1
  889.1  889.1  1   12.454   12.454  1   36.189   36.189  1
  891.2  891.2  1   12.442   12.442  1   36.187   36.187  1
  893.5  893.5  1   12.386   12.386  1   36.175   36.175  1
  895.5  895.5  1   12.359   12.359  1   36.169   36.169  1
  897.5  897.5  1   12.358   12.358  1   36.170   36.170  1
  899.5  899.5  1   12.369   12.369  1   36.173   36.173  1
  901.5  901.5  1   12.410   12.410  1   36.177   36.177  1
  903.5  903.5  1   12.426   12.426  1   36.192   36.192  1
  905.4  905.4  1   12.382   12.382  1   36.189   36.189  1
  907.4  907.4  1   12.308   12.308  1   36.171   36.171  1
  909.4  909.4  1   12.243   12.243  1   36.153   36.153  1
  911.5  911.5  1   12.210   12.210  1   36.144   36.144  1
  913.5  913.5  1   12.119   12.119  1   36.131   36.131  1
  915.5  915.5  1   11.996   11.996  1   36.099   36.099  1
  917.5  917.5  1   11.995   11.995  1   36.097   36.097  1
  919.6  919.6  1   11.923   11.923  1   36.088   36.088  1
  921.6  921.6  1   11.910   11.910  1   36.085   36.085  1
  923.7  923.7  1   11.900   11.900  1   36.084   36.084  1
  925.3  925.3  1   11.904   11.904  1   36.084   36.084  1
  927.4  927.4  1   11.904   11.904  1   36.084   36.084  1
  929.5  929.5  1   11.906   11.906  1   36.086   36.086  1
  931.5  931.5  1   11.913   11.913  1   36.089   36.089  1
  933.6  933.6  1   12.042   12.042  1   36.128   36.128  1
  935.3  935.3  1   12.048   12.048  1   36.132   36.132  1
  937.4  937.4  1   12.013   12.013  1   36.125   36.125  1
  939.5  939.5  1   11.984   11.984  1   36.123   36.123  1
  941.5  941.5  1   12.048   12.048  1   36.144   36.144  1
  943.7  943.7  1   12.016   12.016  1   36.141   36.141  1
  945.3  945.3  1   12.024   12.024  1   36.143   36.143  1
  947.4  947.4  1   12.037   12.037  1   36.148   36.148  1
  949.5  949.5  1   12.044   12.044  1   36.152   36.152  1
  951.6  951.6  1   11.992   11.992  1   36.139   36.139  1
  953.7  953.7  1   11.982   11.982  1   36.137   36.137  1
  955.4  955.4  1   11.989   11.989  1   36.134   36.134  1
  957.4  957.4  1   12.012   12.012  1   36.147   36.147  1
  959.6  959.6  1   12.003   12.003  1   36.146   36.146  1
  961.3  961.3  1   11.997   11.997  1   36.144   36.144  1
  963.4  963.4  1   11.980   11.980  1   36.143   36.143  1
  965.6  965.6  1   11.959   11.959  1   36.137   36.137  1
  967.3  967.3  1   11.933   11.933  1   36.126   36.126  1
  969.3  969.3  1   11.883   11.883  1   36.118   36.118  1
  971.4  971.4  1   11.822   11.822  1   36.109   36.109  1
  973.5  973.5  1   11.731   11.731  1   36.080   36.080  1
  975.5  975.5  1   11.691   11.691  1   36.073   36.073  1
  977.2  977.2  1   11.602   11.602  1   36.056   36.056  1
  979.3  979.3  1   11.528   11.528  1   36.039   36.039  1
  981.4  981.4  1   11.523   11.523  1   36.037   36.037  1
  983.1  983.1  1   11.656   11.656  1   36.081   36.081  1
  985.4  985.4  1   11.675   11.675  1   36.085   36.085  1
  987.6  987.6  1   11.671   11.671  1   36.082   36.082  1
  989.3  989.3  1   11.668   11.668  1   36.082   36.082  1
  991.5  991.5  1   11.674   11.674  1   36.087   36.087  1
  993.6  993.6  1   11.606   11.606  1   36.067   36.067  1
  995.3  995.3  1   11.552   11.552  1   36.051   36.051  1
  997.4  997.4  1   11.460   11.460  1   36.029   36.029  1
  999.6  999.6  1   11.340   11.340  1   36.002   36.002  1
 1001.3 1001.3  1   11.305   11.305  1   36.000   36.000  1
 1003.4 1003.4  1   11.314   11.314  1   35.997   35.997  1
 1005.6 1005.6  1   11.329   11.329  1   36.003   36.003  1
 1007.3 1007.3  1   11.321   11.321  1   36.001   36.001  1
 1009.5 1009.5  1   11.274   11.274  1   35.995   35.995  1
 1011.6 1011.6  1   11.235   11.235  1   35.986   35.986  1
 1013.3 1013.3  1   11.206   11.206  1   35.976   35.976  1
 1015.4 1015.4  1   11.197   11.197  1   35.974   35.974  1
 1017.4 1017.4  1   11.160   11.160  1   35.970   35.970  1
 1019.5 1019.5  1   11.135   11.135  1   35.962   35.962  1
 1021.5 1021.5  1   11.116   11.116  1   35.957   35.957  1
 1023.6 1023.6  1   11.061   11.061  1   35.947   35.947  1
 1025.7 1025.7  1   10.989   10.989  1   35.934   35.934  1
 1027.3 1027.3  1   10.974   10.974  1   35.930   35.930  1
 1029.4 1029.4  1   10.949   10.949  1   35.925   35.925  1
 1031.5 1031.5  1   10.907   10.907  1   35.919   35.919  1
 1033.6 1033.6  1   10.870   10.870  1   35.912   35.912  1
 1035.6 1035.6  1   10.842   10.842  1   35.906   35.906  1
 1037.3 1037.3  1   10.763   10.763  1   35.894   35.894  1
 1039.4 1039.4  1   10.711   10.711  1   35.881   35.881  1
 1041.5 1041.5  1   10.702   10.702  1   35.878   35.878  1
 1043.2 1043.2  1   10.696   10.696  1   35.878   35.878  1
 1045.3 1045.3  1   10.639   10.639  1   35.867   35.867  1
 1047.4 1047.4  1   10.636   10.636  1   35.865   35.865  1
 1049.5 1049.5  1   10.630   10.630  1   35.863   35.863  1
 1051.6 1051.6  1   10.585   10.585  1   35.855   35.855  1
 1053.3 1053.3  1   10.557   10.557  1   35.847   35.847  1
 1055.4 1055.4  1   10.446   10.446  1   35.833   35.833  1
 1057.5 1057.5  1   10.377   10.377  1   35.818   35.818  1
 1059.2 1059.2  1   10.378   10.378  1   35.817   35.817  1
 1061.3 1061.3  1   10.314   10.314  1   35.805   35.805  1
 1063.4 1063.4  1   10.256   10.256  1   35.790   35.790  1
 1065.5 1065.5  1   10.227   10.227  1   35.784   35.784  1
 1067.6 1067.6  1   10.166   10.166  1   35.775   35.775  1
 1069.4 1069.4  1   10.125   10.125  1   35.766   35.766  1
 1071.4 1071.4  1   10.104   10.104  1   35.760   35.760  1
 1073.6 1073.6  1   10.045   10.045  1   35.758   35.758  1
 1075.3 1075.3  1   10.004   10.004  1   35.745   35.745  1
 1077.5 1077.5  1    9.998    9.998  1   35.742   35.742  1
 1079.7 1079.7  1    9.951    9.951  1   35.739   35.739  1
 1081.4 1081.4  1    9.897    9.897  1   35.730   35.730  1
 1083.2 1083.2  1    9.866    9.866  1   35.721   35.721  1
 1085.5 1085.5  1    9.853    9.853  1   35.720   35.720  1
 1087.7 1087.7  1    9.852    9.852  1   35.719   35.719  1
 1089.5 1089.5  1    9.847    9.847  1   35.718   35.718  1
 1091.4 1091.4  1    9.834    9.834  1   35.714   35.714  1
 1093.2 1093.2  1    9.806    9.806  1   35.711   35.711  1
 1095.5 1095.5  1    9.789    9.789  1   35.708   35.708  1
 1097.8 1097.8  1    9.731    9.731  1   35.699   35.699  1
 1099.6 1099.6  1    9.684    9.684  1   35.692   35.692  1
 1101.4 1101.4  1    9.679    9.679  1   35.690   35.690  1
 1103.2 1103.2  1    9.642    9.642  1   35.684   35.684  1
 1105.5 1105.5  1    9.576    9.576  1   35.675   35.675  1
 1107.8 1107.8  1    9.459    9.459  1   35.660   35.660  1
 1109.6 1109.6  1    9.379    9.379  1   35.645   35.645  1
 1111.4 1111.4  1    9.356    9.356  1   35.641   35.641  1
 1113.3 1113.3  1    9.309    9.309  1   35.633   35.633  1
 1115.1 1115.1  1    9.275    9.275  1   35.629   35.629  1
 1117.5 1117.5  1    9.247    9.247  1   35.623   35.623  1
 1119.8 1119.8  1    9.235    9.235  1   35.621   35.621  1
 1121.6 1121.6  1    9.214    9.214  1   35.617   35.617  1
 1123.5 1123.5  1    9.198    9.198  1   35.614   35.614  1
 1125.4 1125.4  1    9.193    9.193  1   35.612   35.612  1
 1127.3 1127.3  1    9.166    9.166  1   35.608   35.608  1
 1129.2 1129.2  1    9.128    9.128  1   35.604   35.604  1
 1131.0 1131.0  1    9.099    9.099  1   35.606   35.606  1
 1133.4 1133.4  1    9.073    9.073  1   35.596   35.596  1
 1135.8 1135.8  1    9.038    9.038  1   35.588   35.588  1
 1137.6 1137.6  1    9.001    9.001  1   35.581   35.581  1
 1139.6 1139.6  1    8.948    8.948  1   35.574   35.574  1
 1141.5 1141.5  1    8.890    8.890  1   35.565   35.565  1
 1143.4 1143.4  1    8.858    8.858  1   35.560   35.560  1
 1145.3 1145.3  1    8.855    8.855  1   35.555   35.555  1
 1147.1 1147.1  1    8.826    8.826  1   35.554   35.554  1
 1149.1 1149.1  1    8.723    8.723  1   35.537   35.537  1
 1151.0 1151.0  1    8.706    8.706  1   35.533   35.533  1
 1153.4 1153.4  1    8.699    8.699  1   35.532   35.532  1
 1155.8 1155.8  1    8.692    8.692  1   35.531   35.531  1
 1157.7 1157.7  1    8.649    8.649  1   35.527   35.527  1
 1159.7 1159.7  1    8.596    8.596  1   35.515   35.515  1
 1161.6 1161.6  1    8.568    8.568  1   35.510   35.510  1
 1163.5 1163.5  1    8.564    8.564  1   35.509   35.509  1
 1165.5 1165.5  1    8.547    8.547  1   35.506   35.506  1
 1167.4 1167.4  1    8.535    8.535  1   35.505   35.505  1
 1169.3 1169.3  1    8.520    8.520  1   35.502   35.502  1
 1171.2 1171.2  1    8.516    8.516  1   35.501   35.501  1
 1173.1 1173.1  1    8.496    8.496  1   35.499   35.499  1
 1175.1 1175.1  1    8.480    8.480  1   35.495   35.495  1
 1177.4 1177.4  1    8.438    8.438  1   35.489   35.489  1
 1179.8 1179.8  1    8.412    8.412  1   35.485   35.485  1
 1181.7 1181.7  1    8.410    8.410  1   35.484   35.484  1
 1183.6 1183.6  1    8.409    8.409  1   35.484   35.484  1
 1185.5 1185.5  1    8.394    8.394  1   35.482   35.482  1
 1187.4 1187.4  1    8.354    8.354  1   35.475   35.475  1
 1189.3 1189.3  1    8.331    8.331  1   35.475   35.475  1
 1191.1 1191.1  1    8.284    8.284  1   35.468   35.468  1
 1193.5 1193.5  1    8.262    8.262  1   35.464   35.464  1
 1195.8 1195.8  1    8.254    8.254  1   35.464   35.464  1
 1197.7 1197.7  1    8.240    8.240  1   35.458   35.458  1
 1199.5 1199.5  1    8.194    8.194  1   35.457   35.457  1
 1205.3 1205.3  1    8.164    8.164  1   35.451   35.451  1
 1215.2 1215.2  1    8.105    8.105  1   35.442   35.442  1
 1228.6 1228.6  1    7.977    7.977  1   35.423   35.423  1
