*SoftWare Version 3.0  2018/12/27

*HEADER
     PLATFORM NUMBER       :6902752
     CYCLE NUMBER          :053
     DATE CREATION         :20191212092107
     DATE UPDATE           :20191213121938
     PROJECT NAME          :OVIDE 2018
     PI NAME               :Virginie THIERRY
     INSTRUMENT TYPE       :ARVOR
     FLOAT SERIAL NO       :AR2000-16FR009
     FIRMWARE VERSION      :5611A02
     WMO INSTRUMENT TYPE   :844
     TRANSMISSION SYSTEM   :ARGOS
     POSITIONING SYSTEM    :ARGOS
     SAMPLE DIRECTION      :A(A=Ascend; D=Descend)
     DATA MODE             :R(R=Real Time; D=Delayed Mode; A=Real Time Adjusted)
     JULIAN DAY            :25547.2556 (days since 1950-01-01 00:00:00 UTC)
     DATE                  :2019-12-12
     QC FLAG FOR DATE      :1
*LOCATION
     LATITUDE              :59.691  
     LONGITUDE             :-39.399 
     QC FLAG FOR LOCATION  :1
*FILE
     COLUMN 1              :Pressure (dbar)                             F7.1
     COLUMN 2              :Corrected Pressure (dbar)                   F7.1
     COLUMN 3              :Quality on Pressure                         I3
     COLUMN 4              :Temperature (degree_Celsius)                F9.3
     COLUMN 5              :Corrected Temperature (degree_Celsius)      F9.3
     COLUMN 6              :Quality on Temperature                      I3
     COLUMN 7              :Salinity (PSU)                              F9.3
     COLUMN 8              :Corrected Salinity (PSU)                    F9.3
     COLUMN 9              :Quality on Salinity                         I3
==========================================================================
    6.0    6.0  1    4.916    4.916  1   34.745   34.745  1
    7.0    7.0  1    4.915    4.915  1   34.744   34.744  1
    8.0    8.0  1    4.914    4.914  1   34.746   34.746  1
    9.0    9.0  1    4.923    4.923  1   34.746   34.746  1
   10.0   10.0  1    4.921    4.921  1   34.746   34.746  1
   16.0   16.0  1    4.921    4.921  1   34.746   34.746  1
   26.0   26.0  1    4.937    4.937  1   34.748   34.748  1
   36.0   36.0  1    4.948    4.948  1   34.750   34.750  1
   45.0   45.0  1    4.963    4.963  1   34.753   34.753  1
   55.0   55.0  1    4.983    4.983  1   34.756   34.756  1
   66.0   66.0  1    4.985    4.985  1   34.756   34.756  1
   76.0   76.0  1    4.987    4.987  1   34.757   34.757  1
   85.0   85.0  1    4.990    4.990  1   34.758   34.758  1
   95.0   95.0  1    4.993    4.993  1   34.758   34.758  1
  105.0  105.0  1    4.995    4.995  1   34.759   34.759  1
  115.0  115.0  1    4.996    4.996  1   34.759   34.759  1
  126.0  126.0  1    4.951    4.951  1   34.767   34.767  1
  135.0  135.0  1    4.638    4.638  1   34.841   34.841  1
  145.0  145.0  1    4.581    4.581  1   34.867   34.867  1
  155.0  155.0  1    4.542    4.542  1   34.870   34.870  1
  165.0  165.0  1    4.488    4.488  1   34.869   34.869  1
  176.0  176.0  1    4.416    4.416  1   34.867   34.867  1
  186.0  186.0  1    4.254    4.254  1   34.858   34.858  1
  196.0  196.0  1    4.167    4.167  1   34.856   34.856  1
  213.0  213.0  1    4.071    4.071  1   34.854   34.854  1
  238.0  238.0  1    3.917    3.917  1   34.850   34.850  1
  263.0  263.0  1    3.940    3.940  1   34.868   34.868  1
  288.0  288.0  1    3.933    3.933  1   34.873   34.873  1
  313.0  313.0  1    3.900    3.900  1   34.876   34.876  1
  338.0  338.0  1    3.857    3.857  1   34.876   34.876  1
  364.0  364.0  1    3.815    3.815  1   34.874   34.874  1
  388.0  388.0  1    3.784    3.784  1   34.874   34.874  1
  413.0  413.0  1    3.771    3.771  1   34.877   34.877  1
  438.0  438.0  1    3.755    3.755  1   34.880   34.880  1
  463.0  463.0  1    3.740    3.740  1   34.882   34.882  1
  488.0  488.0  1    3.695    3.695  1   34.880   34.880  1
  513.0  513.0  1    3.661    3.661  1   34.878   34.878  1
  538.0  538.0  1    3.648    3.648  1   34.879   34.879  1
  564.0  564.0  1    3.638    3.638  1   34.880   34.880  1
  588.0  588.0  1    3.629    3.629  1   34.881   34.881  1
  613.0  613.0  1    3.612    3.612  1   34.881   34.881  1
  638.0  638.0  1    3.600    3.600  1   34.883   34.883  1
  663.0  663.0  1    3.586    3.586  1   34.882   34.882  1
  688.0  688.0  1    3.563    3.563  1   34.881   34.881  1
  713.0  713.0  1    3.545    3.545  1   34.880   34.880  1
  738.0  738.0  1    3.526    3.526  1   34.879   34.879  1
  763.0  763.0  1    3.508    3.508  1   34.878   34.878  1
  788.0  788.0  1    3.486    3.486  1   34.876   34.876  1
  813.0  813.0  1    3.471    3.471  1   34.875   34.875  1
  838.0  838.0  1    3.456    3.456  1   34.873   34.873  1
  863.0  863.0  1    3.442    3.442  1   34.872   34.872  1
  888.0  888.0  1    3.428    3.428  1   34.871   34.871  1
  913.0  913.0  1    3.414    3.414  1   34.870   34.870  1
  938.0  938.0  1    3.404    3.404  1   34.868   34.868  1
  963.0  963.0  1    3.397    3.397  1   34.868   34.868  1
  988.0  988.0  1    3.395    3.395  1   34.868   34.868  1
 1013.0 1013.0  1    3.383    3.383  1   34.867   34.867  1
 1038.0 1038.0  1    3.378    3.378  1   34.867   34.867  1
 1063.0 1063.0  1    3.371    3.371  1   34.867   34.867  1
 1088.0 1088.0  1    3.367    3.367  1   34.867   34.867  1
 1112.0 1112.0  1    3.360    3.360  1   34.866   34.866  1
 1138.0 1138.0  1    3.356    3.356  1   34.866   34.866  1
 1163.0 1163.0  1    3.349    3.349  1   34.865   34.865  1
 1188.0 1188.0  1    3.347    3.347  1   34.865   34.865  1
 1213.0 1213.0  1    3.351    3.351  1   34.866   34.866  1
 1238.0 1238.0  1    3.356    3.356  1   34.868   34.868  1
 1263.0 1263.0  1    3.359    3.359  1   34.869   34.869  1
 1288.0 1288.0  1    3.372    3.372  1   34.872   34.872  1
 1313.0 1313.0  1    3.380    3.380  1   34.874   34.874  1
 1338.0 1338.0  1    3.379    3.379  1   34.874   34.874  1
 1363.0 1363.0  1    3.381    3.381  1   34.875   34.875  1
 1388.0 1388.0  1    3.395    3.395  1   34.879   34.879  1
 1413.0 1413.0  1    3.407    3.407  1   34.883   34.883  1
 1438.0 1438.0  1    3.434    3.434  1   34.889   34.889  1
 1464.0 1464.0  1    3.471    3.471  1   34.898   34.898  1
 1488.0 1488.0  1    3.494    3.494  1   34.903   34.903  1
 1513.0 1513.0  1    3.517    3.517  1   34.910   34.910  1
 1538.0 1538.0  1    3.527    3.527  1   34.915   34.915  1
 1563.0 1563.0  1    3.531    3.531  1   34.918   34.918  1
 1588.0 1588.0  1    3.531    3.531  1   34.921   34.921  1
 1613.0 1613.0  1    3.529    3.529  1   34.923   34.923  1
 1638.0 1638.0  1    3.526    3.526  1   34.925   34.925  1
 1663.0 1663.0  1    3.518    3.518  1   34.927   34.927  1
 1688.0 1688.0  1    3.491    3.491  1   34.925   34.925  1
 1713.0 1713.0  1    3.491    3.491  1   34.929   34.929  1
 1738.0 1738.0  1    3.482    3.482  1   34.930   34.930  1
 1763.0 1763.0  1    3.447    3.447  1   34.927   34.927  1
 1788.0 1788.0  1    3.427    3.427  1   34.927   34.927  1
 1813.0 1813.0  1    3.401    3.401  1   34.926   34.926  1
 1838.0 1838.0  1    3.376    3.376  1   34.926   34.926  1
 1863.0 1863.0  1    3.358    3.358  1   34.927   34.927  1
 1888.0 1888.0  1    3.337    3.337  1   34.927   34.927  1
 1913.0 1913.0  1    3.307    3.307  1   34.925   34.925  1
 1938.0 1938.0  1    3.283    3.283  1   34.925   34.925  1
 1963.0 1963.0  1    3.262    3.262  1   34.925   34.925  1
 1988.0 1988.0  1    3.236    3.236  1   34.925   34.925  1
 2007.0 2007.0  1    3.220    3.220  1   34.925   34.925  1
