*SoftWare Version 3.0  2018/12/27

*HEADER
     PLATFORM NUMBER       :6903006
     CYCLE NUMBER          :081
     DATE CREATION         :20191211103244
     DATE UPDATE           :20191211103255
     PROJECT NAME          :NARVAL
     PI NAME               :Camille DAUBORD
     INSTRUMENT TYPE       :ARVOR
     FLOAT SERIAL NO       :AI2600-19FR101
     FIRMWARE VERSION      :5900A04
     WMO INSTRUMENT TYPE   :844
     TRANSMISSION SYSTEM   :IRIDIUM
     POSITIONING SYSTEM    :GPS
     SAMPLE DIRECTION      :A(A=Ascend; D=Descend)
     DATA MODE             :R(R=Real Time; D=Delayed Mode; A=Real Time Adjusted)
     JULIAN DAY            :25546.3906 (days since 1950-01-01 00:00:00 UTC)
     DATE                  :2019-12-11
     QC FLAG FOR DATE      :1
*LOCATION
     LATITUDE              :78.539  
     LONGITUDE             :6.252   
     QC FLAG FOR LOCATION  :1
*FILE
     COLUMN 1              :Pressure (dbar)                             F7.1
     COLUMN 2              :Corrected Pressure (dbar)                   F7.1
     COLUMN 3              :Quality on Pressure                         I3
     COLUMN 4              :Temperature (degree_Celsius)                F9.3
     COLUMN 5              :Corrected Temperature (degree_Celsius)      F9.3
     COLUMN 6              :Quality on Temperature                      I3
     COLUMN 7              :Salinity (PSU)                              F9.3
     COLUMN 8              :Corrected Salinity (PSU)                    F9.3
     COLUMN 9              :Quality on Salinity                         I3
==========================================================================
    3.1    3.1  1    3.037    3.037  1   34.037   34.037  1
    4.1    4.1  1    3.071    3.071  1   35.005   35.005  1
    5.1    5.1  1    3.076    3.076  1   35.003   35.003  1
    5.8    5.8  1    3.076    3.076  1   35.003   35.003  1
    6.9    6.9  1    3.077    3.077  1   35.002   35.002  1
    8.1    8.1  1    3.076    3.076  1   35.002   35.002  1
    9.0    9.0  1    3.077    3.077  1   35.002   35.002  1
    9.8    9.8  1    3.077    3.077  1   35.002   35.002  1
   10.6   10.6  1    3.077    3.077  1   35.002   35.002  1
   11.9   11.9  1    3.076    3.076  1   35.002   35.002  1
   13.2   13.2  1    3.076    3.076  1   35.003   35.003  1
   14.1   14.1  1    3.076    3.076  1   35.003   35.003  1
   14.9   14.9  1    3.076    3.076  1   35.003   35.003  1
   15.8   15.8  1    3.076    3.076  1   35.002   35.002  1
   16.7   16.7  1    3.077    3.077  1   35.002   35.002  1
   17.6   17.6  1    3.077    3.077  1   35.002   35.002  1
   18.9   18.9  1    3.076    3.076  1   35.002   35.002  1
   20.2   20.2  1    3.077    3.077  1   35.002   35.002  1
   21.1   21.1  1    3.077    3.077  1   35.003   35.003  1
   22.0   22.0  1    3.078    3.078  1   35.002   35.002  1
   22.9   22.9  1    3.078    3.078  1   35.002   35.002  1
   23.7   23.7  1    3.078    3.078  1   35.002   35.002  1
   24.6   24.6  1    3.078    3.078  1   35.002   35.002  1
   25.6   25.6  1    3.077    3.077  1   35.002   35.002  1
   26.9   26.9  1    3.076    3.076  1   35.002   35.002  1
   28.4   28.4  1    3.077    3.077  1   35.002   35.002  1
   29.2   29.2  1    3.077    3.077  1   35.002   35.002  1
   30.1   30.1  1    3.077    3.077  1   35.002   35.002  1
   31.0   31.0  1    3.076    3.076  1   35.003   35.003  1
   31.9   31.9  1    3.077    3.077  1   35.002   35.002  1
   32.7   32.7  1    3.077    3.077  1   35.002   35.002  1
   34.0   34.0  1    3.077    3.077  1   35.002   35.002  1
   35.3   35.3  1    3.077    3.077  1   35.003   35.003  1
   36.1   36.1  1    3.077    3.077  1   35.002   35.002  1
   36.9   36.9  1    3.078    3.078  1   35.002   35.002  1
   37.7   37.7  1    3.077    3.077  1   35.003   35.003  1
   38.9   38.9  1    3.077    3.077  1   35.002   35.002  1
   40.1   40.1  1    3.077    3.077  1   35.003   35.003  1
   40.9   40.9  1    3.078    3.078  1   35.002   35.002  1
   42.0   42.0  1    3.077    3.077  1   35.002   35.002  1
   43.2   43.2  1    3.078    3.078  1   35.002   35.002  1
   44.1   44.1  1    3.078    3.078  1   35.002   35.002  1
   44.9   44.9  1    3.077    3.077  1   35.003   35.003  1
   45.8   45.8  1    3.077    3.077  1   35.003   35.003  1
   46.7   46.7  1    3.078    3.078  1   35.002   35.002  1
   47.6   47.6  1    3.077    3.077  1   35.003   35.003  1
   48.9   48.9  1    3.078    3.078  1   35.002   35.002  1
   50.4   50.4  1    3.079    3.079  1   35.003   35.003  1
   51.3   51.3  1    3.079    3.079  1   35.002   35.002  1
   52.3   52.3  1    3.078    3.078  1   35.003   35.003  1
   53.4   53.4  1    3.079    3.079  1   35.003   35.003  1
   54.5   54.5  1    3.080    3.080  1   35.002   35.002  1
   55.5   55.5  1    3.080    3.080  1   35.002   35.002  1
   56.6   56.6  1    3.079    3.079  1   35.003   35.003  1
   57.6   57.6  1    3.079    3.079  1   35.003   35.003  1
   58.7   58.7  1    3.080    3.080  1   35.002   35.002  1
   59.7   59.7  1    3.080    3.080  1   35.002   35.002  1
   60.8   60.8  1    3.079    3.079  1   35.003   35.003  1
   61.8   61.8  1    3.081    3.081  1   35.002   35.002  1
   62.9   62.9  1    3.081    3.081  1   35.002   35.002  1
   64.0   64.0  1    3.080    3.080  1   35.002   35.002  1
   65.0   65.0  1    3.080    3.080  1   35.003   35.003  1
   66.1   66.1  1    3.080    3.080  1   35.003   35.003  1
   67.1   67.1  1    3.081    3.081  1   35.002   35.002  1
   68.2   68.2  1    3.080    3.080  1   35.002   35.002  1
   69.3   69.3  1    3.079    3.079  1   35.003   35.003  1
   70.5   70.5  1    3.081    3.081  1   35.003   35.003  1
   71.5   71.5  1    3.082    3.082  1   35.002   35.002  1
   72.7   72.7  1    3.083    3.083  1   35.002   35.002  1
   73.8   73.8  1    3.083    3.083  1   35.003   35.003  1
   74.8   74.8  1    3.083    3.083  1   35.003   35.003  1
   75.9   75.9  1    3.083    3.083  1   35.002   35.002  1
   77.0   77.0  1    3.083    3.083  1   35.003   35.003  1
   78.1   78.1  1    3.083    3.083  1   35.002   35.002  1
   79.2   79.2  1    3.083    3.083  1   35.002   35.002  1
   80.4   80.4  1    3.083    3.083  1   35.002   35.002  1
   81.6   81.6  1    3.084    3.084  1   35.002   35.002  1
   82.8   82.8  1    3.084    3.084  1   35.003   35.003  1
   84.1   84.1  1    3.083    3.083  1   35.003   35.003  1
   85.4   85.4  1    3.084    3.084  1   35.003   35.003  1
   86.6   86.6  1    3.084    3.084  1   35.003   35.003  1
   87.9   87.9  1    3.085    3.085  1   35.002   35.002  1
   89.1   89.1  1    3.085    3.085  1   35.002   35.002  1
   90.4   90.4  1    3.084    3.084  1   35.003   35.003  1
   91.5   91.5  1    3.084    3.084  1   35.003   35.003  1
   92.7   92.7  1    3.086    3.086  1   35.002   35.002  1
   93.9   93.9  1    3.085    3.085  1   35.002   35.002  1
   95.0   95.0  1    3.085    3.085  1   35.002   35.002  1
   96.1   96.1  1    3.084    3.084  1   35.003   35.003  1
   97.2   97.2  1    3.084    3.084  1   35.002   35.002  1
   98.3   98.3  1    3.084    3.084  1   35.002   35.002  1
   99.4   99.4  1    3.084    3.084  1   35.002   35.002  1
  100.5  100.5  1    3.083    3.083  1   35.003   35.003  1
  101.6  101.6  1    3.084    3.084  1   35.003   35.003  1
  102.7  102.7  1    3.084    3.084  1   35.002   35.002  1
  103.7  103.7  1    3.084    3.084  1   35.002   35.002  1
  104.7  104.7  1    3.084    3.084  1   35.002   35.002  1
  105.7  105.7  1    3.085    3.085  1   35.002   35.002  1
  106.7  106.7  1    3.084    3.084  1   35.003   35.003  1
  107.7  107.7  1    3.084    3.084  1   35.003   35.003  1
  108.7  108.7  1    3.085    3.085  1   35.002   35.002  1
  109.8  109.8  1    3.087    3.087  1   35.002   35.002  1
  110.8  110.8  1    3.085    3.085  1   35.003   35.003  1
  111.9  111.9  1    3.084    3.084  1   35.003   35.003  1
  112.9  112.9  1    3.085    3.085  1   35.002   35.002  1
  114.0  114.0  1    3.084    3.084  1   35.003   35.003  1
  115.2  115.2  1    3.085    3.085  1   35.002   35.002  1
  116.2  116.2  1    3.085    3.085  1   35.002   35.002  1
  117.4  117.4  1    3.085    3.085  1   35.003   35.003  1
  118.5  118.5  1    3.085    3.085  1   35.003   35.003  1
  119.6  119.6  1    3.085    3.085  1   35.002   35.002  1
  120.6  120.6  1    3.086    3.086  1   35.002   35.002  1
  121.8  121.8  1    3.085    3.085  1   35.002   35.002  1
  122.9  122.9  1    3.085    3.085  1   35.003   35.003  1
  124.0  124.0  1    3.086    3.086  1   35.002   35.002  1
  125.1  125.1  1    3.086    3.086  1   35.003   35.003  1
  126.2  126.2  1    3.086    3.086  1   35.003   35.003  1
  127.2  127.2  1    3.087    3.087  1   35.002   35.002  1
  128.3  128.3  1    3.087    3.087  1   35.002   35.002  1
  129.4  129.4  1    3.087    3.087  1   35.002   35.002  1
  130.5  130.5  1    3.087    3.087  1   35.003   35.003  1
  131.6  131.6  1    3.087    3.087  1   35.003   35.003  1
  132.7  132.7  1    3.087    3.087  1   35.002   35.002  1
  133.7  133.7  1    3.088    3.088  1   35.002   35.002  1
  134.8  134.8  1    3.087    3.087  1   35.002   35.002  1
  135.9  135.9  1    3.087    3.087  1   35.003   35.003  1
  137.0  137.0  1    3.088    3.088  1   35.002   35.002  1
  138.1  138.1  1    3.087    3.087  1   35.002   35.002  1
  139.2  139.2  1    3.086    3.086  1   35.002   35.002  1
  140.2  140.2  1    3.086    3.086  1   35.003   35.003  1
  141.3  141.3  1    3.087    3.087  1   35.002   35.002  1
  142.3  142.3  1    3.087    3.087  1   35.002   35.002  1
  143.3  143.3  1    3.087    3.087  1   35.002   35.002  1
  144.2  144.2  1    3.086    3.086  1   35.002   35.002  1
  145.2  145.2  1    3.086    3.086  1   35.003   35.003  1
  146.3  146.3  1    3.085    3.085  1   35.003   35.003  1
  147.3  147.3  1    3.086    3.086  1   35.001   35.001  1
  148.3  148.3  1    3.086    3.086  1   35.002   35.002  1
  149.3  149.3  1    3.085    3.085  1   35.002   35.002  1
  150.3  150.3  1    3.085    3.085  1   35.003   35.003  1
  151.3  151.3  1    3.085    3.085  1   35.002   35.002  1
  152.3  152.3  1    3.085    3.085  1   35.002   35.002  1
  153.3  153.3  1    3.086    3.086  1   35.001   35.001  1
  154.3  154.3  1    3.086    3.086  1   35.002   35.002  1
  155.2  155.2  1    3.086    3.086  1   35.002   35.002  1
  156.2  156.2  1    3.086    3.086  1   35.002   35.002  1
  157.2  157.2  1    3.086    3.086  1   35.003   35.003  1
  158.1  158.1  1    3.086    3.086  1   35.003   35.003  1
  159.1  159.1  1    3.086    3.086  1   35.002   35.002  1
  160.0  160.0  1    3.085    3.085  1   35.002   35.002  1
  161.0  161.0  1    3.085    3.085  1   35.002   35.002  1
  161.9  161.9  1    3.084    3.084  1   35.002   35.002  1
  162.9  162.9  1    3.086    3.086  1   35.002   35.002  1
  163.9  163.9  1    3.085    3.085  1   35.002   35.002  1
  164.8  164.8  1    3.087    3.087  1   35.002   35.002  1
  165.8  165.8  1    3.087    3.087  1   35.002   35.002  1
  166.7  166.7  1    3.086    3.086  1   35.002   35.002  1
  167.6  167.6  1    3.086    3.086  1   35.002   35.002  1
  168.9  168.9  1    3.087    3.087  1   35.002   35.002  1
  170.3  170.3  1    3.086    3.086  1   35.002   35.002  1
  171.2  171.2  1    3.087    3.087  1   35.002   35.002  1
  172.2  172.2  1    3.088    3.088  1   35.002   35.002  1
  173.1  173.1  1    3.088    3.088  1   35.002   35.002  1
  174.1  174.1  1    3.088    3.088  1   35.003   35.003  1
  175.1  175.1  1    3.087    3.087  1   35.003   35.003  1
  176.0  176.0  1    3.087    3.087  1   35.003   35.003  1
  177.0  177.0  1    3.088    3.088  1   35.002   35.002  1
  178.0  178.0  1    3.088    3.088  1   35.001   35.001  1
  178.9  178.9  1    3.087    3.087  1   35.002   35.002  1
  179.9  179.9  1    3.086    3.086  1   35.002   35.002  1
  180.8  180.8  1    3.087    3.087  1   35.002   35.002  1
  181.8  181.8  1    3.086    3.086  1   35.002   35.002  1
  182.8  182.8  1    3.087    3.087  1   35.002   35.002  1
  183.8  183.8  1    3.087    3.087  1   35.002   35.002  1
  184.8  184.8  1    3.086    3.086  1   35.002   35.002  1
  185.8  185.8  1    3.087    3.087  1   35.002   35.002  1
  186.8  186.8  1    3.088    3.088  1   35.002   35.002  1
  187.8  187.8  1    3.088    3.088  1   35.002   35.002  1
  188.8  188.8  1    3.087    3.087  1   35.002   35.002  1
  189.8  189.8  1    3.087    3.087  1   35.002   35.002  1
  190.8  190.8  1    3.087    3.087  1   35.002   35.002  1
  191.8  191.8  1    3.088    3.088  1   35.002   35.002  1
  192.8  192.8  1    3.088    3.088  1   35.001   35.001  1
  193.8  193.8  1    3.087    3.087  1   35.002   35.002  1
  194.7  194.7  1    3.086    3.086  1   35.002   35.002  1
  195.6  195.6  1    3.087    3.087  1   35.002   35.002  1
  196.6  196.6  1    3.087    3.087  1   35.002   35.002  1
  197.9  197.9  1    3.087    3.087  1   35.002   35.002  1
  199.4  199.4  1    3.087    3.087  1   35.002   35.002  1
  200.3  200.3  1    3.087    3.087  1   35.002   35.002  1
  201.3  201.3  1    3.086    3.086  1   35.002   35.002  1
  202.2  202.2  1    3.087    3.087  1   35.002   35.002  1
  203.2  203.2  1    3.087    3.087  1   35.002   35.002  1
  204.2  204.2  1    3.087    3.087  1   35.001   35.001  1
  205.1  205.1  1    3.087    3.087  1   35.002   35.002  1
  206.0  206.0  1    3.087    3.087  1   35.003   35.003  1
  206.9  206.9  1    3.088    3.088  1   35.002   35.002  1
  207.7  207.7  1    3.087    3.087  1   35.002   35.002  1
  209.0  209.0  1    3.088    3.088  1   35.002   35.002  1
  210.3  210.3  1    3.088    3.088  1   35.002   35.002  1
  211.2  211.2  1    3.089    3.089  1   35.002   35.002  1
  212.1  212.1  1    3.088    3.088  1   35.002   35.002  1
  213.0  213.0  1    3.088    3.088  1   35.002   35.002  1
  213.9  213.9  1    3.087    3.087  1   35.002   35.002  1
  214.8  214.8  1    3.087    3.087  1   35.002   35.002  1
  215.7  215.7  1    3.087    3.087  1   35.002   35.002  1
  216.5  216.5  1    3.087    3.087  1   35.002   35.002  1
  217.9  217.9  1    3.086    3.086  1   35.002   35.002  1
  219.3  219.3  1    3.087    3.087  1   35.002   35.002  1
  220.1  220.1  1    3.087    3.087  1   35.002   35.002  1
  221.0  221.0  1    3.087    3.087  1   35.002   35.002  1
  221.9  221.9  1    3.088    3.088  1   35.002   35.002  1
  222.8  222.8  1    3.088    3.088  1   35.002   35.002  1
  223.7  223.7  1    3.087    3.087  1   35.002   35.002  1
  224.6  224.6  1    3.088    3.088  1   35.001   35.001  1
  225.6  225.6  1    3.086    3.086  1   35.001   35.001  1
  226.9  226.9  1    3.079    3.079  1   35.000   35.000  1
  228.4  228.4  1    3.080    3.080  1   35.000   35.000  1
  229.3  229.3  1    3.079    3.079  1   34.999   34.999  1
  230.3  230.3  1    3.079    3.079  1   34.998   34.998  1
  231.3  231.3  1    3.056    3.056  1   35.000   35.000  1
  232.3  232.3  1    2.987    2.987  1   34.996   34.996  1
  233.3  233.3  1    2.956    2.956  1   35.000   35.000  1
  234.3  234.3  1    2.946    2.946  1   34.998   34.998  1
  235.3  235.3  1    2.936    2.936  1   34.989   34.989  1
  236.3  236.3  1    2.897    2.897  1   34.987   34.987  1
  237.3  237.3  1    2.852    2.852  1   34.987   34.987  1
  238.4  238.4  1    2.845    2.845  1   34.985   34.985  1
  239.4  239.4  1    2.815    2.815  1   34.983   34.983  1
  240.4  240.4  1    2.775    2.775  1   34.986   34.986  1
  241.4  241.4  1    2.757    2.757  1   34.983   34.983  1
  242.4  242.4  1    2.748    2.748  1   34.982   34.982  1
  243.4  243.4  1    2.744    2.744  1   34.983   34.983  1
  244.4  244.4  1    2.734    2.734  1   34.982   34.982  1
  245.4  245.4  1    2.725    2.725  1   34.989   34.989  1
  246.4  246.4  1    2.723    2.723  1   34.983   34.983  1
  247.4  247.4  1    2.721    2.721  1   34.981   34.981  1
  248.4  248.4  1    2.706    2.706  1   34.980   34.980  1
  249.4  249.4  1    2.703    2.703  1   34.981   34.981  1
  250.5  250.5  1    2.701    2.701  1   34.983   34.983  1
  251.5  251.5  1    2.697    2.697  1   34.982   34.982  1
  252.5  252.5  1    2.693    2.693  1   34.983   34.983  1
  253.5  253.5  1    2.692    2.692  1   34.982   34.982  1
  254.6  254.6  1    2.687    2.687  1   34.981   34.981  1
  255.6  255.6  1    2.683    2.683  1   34.981   34.981  1
  256.7  256.7  1    2.681    2.681  1   34.981   34.981  1
  257.7  257.7  1    2.678    2.678  1   34.981   34.981  1
  258.7  258.7  1    2.672    2.672  1   34.980   34.980  1
  259.7  259.7  1    2.669    2.669  1   34.979   34.979  1
  260.8  260.8  1    2.649    2.649  1   34.981   34.981  1
  261.8  261.8  1    2.634    2.634  1   34.980   34.980  1
  262.8  262.8  1    2.608    2.608  1   34.981   34.981  1
  263.8  263.8  1    2.591    2.591  1   34.978   34.978  1
  264.9  264.9  1    2.582    2.582  1   34.975   34.975  1
  265.9  265.9  1    2.584    2.584  1   34.975   34.975  1
  266.9  266.9  1    2.585    2.585  1   34.975   34.975  1
  268.0  268.0  1    2.577    2.577  1   34.976   34.976  1
  269.0  269.0  1    2.531    2.531  1   34.997   34.997  1
  270.1  270.1  1    2.510    2.510  1   34.971   34.971  1
  271.1  271.1  1    2.507    2.507  1   34.970   34.970  1
  272.2  272.2  1    2.504    2.504  1   34.972   34.972  1
  273.2  273.2  1    2.478    2.478  1   34.968   34.968  1
  274.3  274.3  1    2.467    2.467  1   34.970   34.970  1
  275.3  275.3  1    2.465    2.465  1   34.971   34.971  1
  276.4  276.4  1    2.465    2.465  1   34.971   34.971  1
  277.4  277.4  1    2.467    2.467  1   34.972   34.972  1
  278.9  278.9  1    2.464    2.464  1   34.971   34.971  1
  280.9  280.9  1    2.463    2.463  1   34.971   34.971  1
  282.1  282.1  1    2.463    2.463  1   34.971   34.971  1
  282.9  282.9  1    2.462    2.462  1   34.971   34.971  1
  283.8  283.8  1    2.460    2.460  1   34.972   34.972  1
  285.0  285.0  1    2.436    2.436  1   34.972   34.972  1
  286.3  286.3  1    2.433    2.433  1   34.972   34.972  1
  287.1  287.1  1    2.430    2.430  1   34.972   34.972  1
  288.0  288.0  1    2.424    2.424  1   34.972   34.972  1
  288.8  288.8  1    2.423    2.423  1   34.972   34.972  1
  290.0  290.0  1    2.424    2.424  1   34.971   34.971  1
  291.3  291.3  1    2.416    2.416  1   34.972   34.972  1
  292.1  292.1  1    2.415    2.415  1   34.974   34.974  1
  293.0  293.0  1    2.413    2.413  1   34.971   34.971  1
  293.9  293.9  1    2.409    2.409  1   34.972   34.972  1
  294.7  294.7  1    2.409    2.409  1   34.971   34.971  1
  295.6  295.6  1    2.409    2.409  1   34.971   34.971  1
  296.9  296.9  1    2.397    2.397  1   34.973   34.973  1
  298.1  298.1  1    2.386    2.386  1   34.974   34.974  1
  299.0  299.0  1    2.375    2.375  1   34.972   34.972  1
  299.9  299.9  1    2.376    2.376  1   34.972   34.972  1
  300.8  300.8  1    2.382    2.382  1   34.972   34.972  1
  301.7  301.7  1    2.379    2.379  1   34.971   34.971  1
  303.0  303.0  1    2.369    2.369  1   34.972   34.972  1
  304.4  304.4  1    2.369    2.369  1   34.972   34.972  1
  305.2  305.2  1    2.368    2.368  1   34.971   34.971  1
  306.2  306.2  1    2.362    2.362  1   34.971   34.971  1
  307.1  307.1  1    2.359    2.359  1   34.971   34.971  1
  308.0  308.0  1    2.349    2.349  1   34.974   34.974  1
  308.9  308.9  1    2.346    2.346  1   34.971   34.971  1
  309.8  309.8  1    2.339    2.339  1   34.969   34.969  1
  310.8  310.8  1    2.309    2.309  1   34.969   34.969  1
  311.7  311.7  1    2.294    2.294  1   34.967   34.967  1
  312.7  312.7  1    2.266    2.266  1   34.971   34.971  1
  313.6  313.6  1    2.249    2.249  1   34.966   34.966  1
  314.5  314.5  1    2.230    2.230  1   34.968   34.968  1
  315.9  315.9  1    2.199    2.199  1   34.964   34.964  1
  317.4  317.4  1    2.162    2.162  1   34.968   34.968  1
  318.3  318.3  1    2.164    2.164  1   34.961   34.961  1
  319.3  319.3  1    2.162    2.162  1   34.965   34.965  1
  320.2  320.2  1    2.158    2.158  1   34.963   34.963  1
  321.1  321.1  1    2.156    2.156  1   34.962   34.962  1
  322.1  322.1  1    2.153    2.153  1   34.962   34.962  1
  323.0  323.0  1    2.142    2.142  1   34.963   34.963  1
  323.9  323.9  1    2.142    2.142  1   34.963   34.963  1
  324.9  324.9  1    2.144    2.144  1   34.964   34.964  1
  325.8  325.8  1    2.141    2.141  1   34.960   34.960  1
  326.7  326.7  1    2.134    2.134  1   34.966   34.966  1
  327.6  327.6  1    2.132    2.132  1   34.967   34.967  1
  328.9  328.9  1    2.135    2.135  1   34.962   34.962  1
  330.2  330.2  1    2.123    2.123  1   34.964   34.964  1
  331.1  331.1  1    2.119    2.119  1   34.963   34.963  1
  332.0  332.0  1    2.112    2.112  1   34.962   34.962  1
  332.9  332.9  1    2.106    2.106  1   34.961   34.961  1
  333.8  333.8  1    2.105    2.105  1   34.959   34.959  1
  334.7  334.7  1    2.097    2.097  1   34.962   34.962  1
  335.9  335.9  1    2.093    2.093  1   34.959   34.959  1
  337.3  337.3  1    2.089    2.089  1   34.960   34.960  1
  338.2  338.2  1    2.087    2.087  1   34.959   34.959  1
  339.1  339.1  1    2.084    2.084  1   34.961   34.961  1
  340.0  340.0  1    2.084    2.084  1   34.959   34.959  1
  340.9  340.9  1    2.058    2.058  1   34.958   34.958  1
  341.7  341.7  1    2.058    2.058  1   34.960   34.960  1
  342.6  342.6  1    2.054    2.054  1   34.961   34.961  1
  343.9  343.9  1    2.020    2.020  1   34.958   34.958  1
  345.1  345.1  1    2.011    2.011  1   34.957   34.957  1
  346.0  346.0  1    1.993    1.993  1   34.960   34.960  1
  346.8  346.8  1    1.987    1.987  1   34.960   34.960  1
  347.6  347.6  1    1.983    1.983  1   34.959   34.959  1
  348.9  348.9  1    1.978    1.978  1   34.960   34.960  1
  350.1  350.1  1    1.978    1.978  1   34.960   34.960  1
  351.0  351.0  1    1.976    1.976  1   34.963   34.963  1
  351.8  351.8  1    1.971    1.971  1   34.960   34.960  1
  352.6  352.6  1    1.965    1.965  1   34.960   34.960  1
  353.9  353.9  1    1.964    1.964  1   34.960   34.960  1
  355.2  355.2  1    1.967    1.967  1   34.960   34.960  1
  356.0  356.0  1    1.962    1.962  1   34.960   34.960  1
  356.9  356.9  1    1.942    1.942  1   34.967   34.967  1
  357.7  357.7  1    1.922    1.922  1   34.959   34.959  1
  359.0  359.0  1    1.913    1.913  1   34.957   34.957  1
  360.3  360.3  1    1.895    1.895  1   34.959   34.959  1
  361.2  361.2  1    1.889    1.889  1   34.958   34.958  1
  362.1  362.1  1    1.889    1.889  1   34.958   34.958  1
  362.9  362.9  1    1.883    1.883  1   34.958   34.958  1
  363.8  363.8  1    1.880    1.880  1   34.957   34.957  1
  364.7  364.7  1    1.875    1.875  1   34.957   34.957  1
  365.6  365.6  1    1.861    1.861  1   34.957   34.957  1
  366.9  366.9  1    1.816    1.816  1   34.955   34.955  1
  368.3  368.3  1    1.810    1.810  1   34.955   34.955  1
  369.2  369.2  1    1.809    1.809  1   34.954   34.954  1
  370.1  370.1  1    1.809    1.809  1   34.954   34.954  1
  371.0  371.0  1    1.807    1.807  1   34.953   34.953  1
  371.9  371.9  1    1.784    1.784  1   34.954   34.954  1
  372.7  372.7  1    1.773    1.773  1   34.952   34.952  1
  373.6  373.6  1    1.706    1.706  1   34.952   34.952  1
  374.6  374.6  1    1.695    1.695  1   34.952   34.952  1
  375.9  375.9  1    1.675    1.675  1   34.952   34.952  1
  377.3  377.3  1    1.668    1.668  1   34.951   34.951  1
  378.3  378.3  1    1.670    1.670  1   34.950   34.950  1
  379.2  379.2  1    1.674    1.674  1   34.953   34.953  1
  380.1  380.1  1    1.656    1.656  1   34.953   34.953  1
  381.1  381.1  1    1.650    1.650  1   34.952   34.952  1
  382.0  382.0  1    1.645    1.645  1   34.954   34.954  1
  382.9  382.9  1    1.633    1.633  1   34.957   34.957  1
  383.8  383.8  1    1.635    1.635  1   34.953   34.953  1
  384.7  384.7  1    1.629    1.629  1   34.952   34.952  1
  385.6  385.6  1    1.631    1.631  1   34.952   34.952  1
  386.6  386.6  1    1.631    1.631  1   34.951   34.951  1
  387.9  387.9  1    1.618    1.618  1   34.952   34.952  1
  389.4  389.4  1    1.608    1.608  1   34.951   34.951  1
  390.3  390.3  1    1.584    1.584  1   34.950   34.950  1
  391.3  391.3  1    1.579    1.579  1   34.953   34.953  1
  392.3  392.3  1    1.562    1.562  1   34.949   34.949  1
  393.3  393.3  1    1.547    1.547  1   34.950   34.950  1
  394.2  394.2  1    1.538    1.538  1   34.949   34.949  1
  395.2  395.2  1    1.527    1.527  1   34.951   34.951  1
  396.2  396.2  1    1.522    1.522  1   34.949   34.949  1
  397.2  397.2  1    1.520    1.520  1   34.949   34.949  1
  398.2  398.2  1    1.518    1.518  1   34.948   34.948  1
  399.2  399.2  1    1.509    1.509  1   34.948   34.948  1
  400.2  400.2  1    1.506    1.506  1   34.948   34.948  1
  401.6  401.6  1    1.494    1.494  1   34.947   34.947  1
  403.6  403.6  1    1.468    1.468  1   34.947   34.947  1
  405.5  405.5  1    1.444    1.444  1   34.947   34.947  1
  407.5  407.5  1    1.421    1.421  1   34.946   34.946  1
  409.5  409.5  1    1.412    1.412  1   34.946   34.946  1
  411.4  411.4  1    1.386    1.386  1   34.945   34.945  1
  413.4  413.4  1    1.373    1.373  1   34.945   34.945  1
  415.4  415.4  1    1.361    1.361  1   34.944   34.944  1
  417.3  417.3  1    1.351    1.351  1   34.944   34.944  1
  419.2  419.2  1    1.320    1.320  1   34.945   34.945  1
  421.1  421.1  1    1.278    1.278  1   34.944   34.944  1
  423.0  423.0  1    1.255    1.255  1   34.945   34.945  1
  425.4  425.4  1    1.245    1.245  1   34.942   34.942  1
  427.9  427.9  1    1.236    1.236  1   34.941   34.941  1
  429.9  429.9  1    1.233    1.233  1   34.941   34.941  1
  431.8  431.8  1    1.229    1.229  1   34.939   34.939  1
  433.8  433.8  1    1.200    1.200  1   34.942   34.942  1
  435.7  435.7  1    1.170    1.170  1   34.940   34.940  1
  437.6  437.6  1    1.162    1.162  1   34.939   34.939  1
  439.6  439.6  1    1.153    1.153  1   34.938   34.938  1
  441.6  441.6  1    1.129    1.129  1   34.938   34.938  1
  443.6  443.6  1    1.122    1.122  1   34.938   34.938  1
  445.6  445.6  1    1.103    1.103  1   34.937   34.937  1
  447.6  447.6  1    1.085    1.085  1   34.937   34.937  1
  449.6  449.6  1    1.059    1.059  1   34.938   34.938  1
  451.6  451.6  1    1.032    1.032  1   34.934   34.934  1
  453.6  453.6  1    0.989    0.989  1   34.936   34.936  1
  455.5  455.5  1    0.947    0.947  1   34.934   34.934  1
  457.3  457.3  1    0.926    0.926  1   34.933   34.933  1
  459.2  459.2  1    0.904    0.904  1   34.933   34.933  1
  461.5  461.5  1    0.889    0.889  1   34.931   34.931  1
  463.4  463.4  1    0.881    0.881  1   34.931   34.931  1
  465.4  465.4  1    0.872    0.872  1   34.931   34.931  1
  467.4  467.4  1    0.865    0.865  1   34.931   34.931  1
  469.4  469.4  1    0.861    0.861  1   34.930   34.930  1
  471.4  471.4  1    0.828    0.828  1   34.933   34.933  1
  473.4  473.4  1    0.802    0.802  1   34.929   34.929  1
  475.4  475.4  1    0.793    0.793  1   34.929   34.929  1
  477.5  477.5  1    0.788    0.788  1   34.929   34.929  1
  479.6  479.6  1    0.781    0.781  1   34.929   34.929  1
  481.3  481.3  1    0.780    0.780  1   34.929   34.929  1
  483.5  483.5  1    0.779    0.779  1   34.929   34.929  1
  485.7  485.7  1    0.769    0.769  1   34.928   34.928  1
  487.5  487.5  1    0.756    0.756  1   34.928   34.928  1
  489.2  489.2  1    0.738    0.738  1   34.927   34.927  1
  491.4  491.4  1    0.704    0.704  1   34.928   34.928  1
  493.6  493.6  1    0.673    0.673  1   34.926   34.926  1
  495.4  495.4  1    0.668    0.668  1   34.924   34.924  1
  497.5  497.5  1    0.655    0.655  1   34.925   34.925  1
  499.7  499.7  1    0.642    0.642  1   34.924   34.924  1
  501.4  501.4  1    0.604    0.604  1   34.926   34.926  1
  503.2  503.2  1    0.571    0.571  1   34.925   34.925  1
  505.4  505.4  1    0.568    0.568  1   34.924   34.924  1
  507.5  507.5  1    0.564    0.564  1   34.923   34.923  1
  509.3  509.3  1    0.564    0.564  1   34.923   34.923  1
  511.5  511.5  1    0.566    0.566  1   34.923   34.923  1
  513.7  513.7  1    0.566    0.566  1   34.922   34.922  1
  515.4  515.4  1    0.559    0.559  1   34.924   34.924  1
  517.2  517.2  1    0.541    0.541  1   34.922   34.922  1
  519.5  519.5  1    0.531    0.531  1   34.921   34.921  1
  521.8  521.8  1    0.516    0.516  1   34.921   34.921  1
  523.6  523.6  1    0.509    0.509  1   34.920   34.920  1
  525.5  525.5  1    0.486    0.486  1   34.920   34.920  1
  527.3  527.3  1    0.488    0.488  1   34.920   34.920  1
  529.1  529.1  1    0.487    0.487  1   34.919   34.919  1
  531.5  531.5  1    0.489    0.489  1   34.921   34.921  1
  533.7  533.7  1    0.489    0.489  1   34.921   34.921  1
  535.7  535.7  1    0.488    0.488  1   34.920   34.920  1
  537.6  537.6  1    0.470    0.470  1   34.920   34.920  1
  539.5  539.5  1    0.469    0.469  1   34.920   34.920  1
  541.4  541.4  1    0.464    0.464  1   34.918   34.918  1
  543.3  543.3  1    0.454    0.454  1   34.920   34.920  1
  545.2  545.2  1    0.447    0.447  1   34.919   34.919  1
  547.0  547.0  1    0.432    0.432  1   34.918   34.918  1
  549.4  549.4  1    0.416    0.416  1   34.918   34.918  1
  551.8  551.8  1    0.397    0.397  1   34.917   34.917  1
  553.7  553.7  1    0.382    0.382  1   34.917   34.917  1
  555.6  555.6  1    0.375    0.375  1   34.916   34.916  1
  557.5  557.5  1    0.363    0.363  1   34.917   34.917  1
  559.3  559.3  1    0.356    0.356  1   34.916   34.916  1
  561.2  561.2  1    0.354    0.354  1   34.917   34.917  1
  563.0  563.0  1    0.350    0.350  1   34.915   34.915  1
  565.4  565.4  1    0.339    0.339  1   34.916   34.916  1
  567.6  567.6  1    0.336    0.336  1   34.915   34.915  1
  569.5  569.5  1    0.334    0.334  1   34.915   34.915  1
  571.3  571.3  1    0.325    0.325  1   34.915   34.915  1
  573.2  573.2  1    0.324    0.324  1   34.915   34.915  1
  575.5  575.5  1    0.309    0.309  1   34.915   34.915  1
  577.7  577.7  1    0.294    0.294  1   34.914   34.914  1
  579.6  579.6  1    0.282    0.282  1   34.916   34.916  1
  581.4  581.4  1    0.271    0.271  1   34.913   34.913  1
  583.2  583.2  1    0.270    0.270  1   34.915   34.915  1
  585.1  585.1  1    0.264    0.264  1   34.914   34.914  1
  587.4  587.4  1    0.263    0.263  1   34.913   34.913  1
  589.8  589.8  1    0.257    0.257  1   34.914   34.914  1
  591.7  591.7  1    0.254    0.254  1   34.912   34.912  1
  593.5  593.5  1    0.237    0.237  1   34.915   34.915  1
  595.4  595.4  1    0.233    0.233  1   34.913   34.913  1
  597.3  597.3  1    0.230    0.230  1   34.912   34.912  1
  599.2  599.2  1    0.225    0.225  1   34.913   34.913  1
  601.5  601.5  1    0.204    0.204  1   34.913   34.913  1
  603.9  603.9  1    0.197    0.197  1   34.912   34.912  1
  605.8  605.8  1    0.196    0.196  1   34.912   34.912  1
  607.6  607.6  1    0.196    0.196  1   34.912   34.912  1
  609.5  609.5  1    0.195    0.195  1   34.912   34.912  1
  611.4  611.4  1    0.191    0.191  1   34.911   34.911  1
  613.2  613.2  1    0.185    0.185  1   34.913   34.913  1
  615.1  615.1  1    0.168    0.168  1   34.912   34.912  1
  617.5  617.5  1    0.161    0.161  1   34.911   34.911  1
  619.9  619.9  1    0.147    0.147  1   34.911   34.911  1
  621.7  621.7  1    0.130    0.130  1   34.911   34.911  1
  623.7  623.7  1    0.125    0.125  1   34.910   34.910  1
  625.5  625.5  1    0.122    0.122  1   34.911   34.911  1
  627.4  627.4  1    0.119    0.119  1   34.911   34.911  1
  629.4  629.4  1    0.116    0.116  1   34.911   34.911  1
  631.3  631.3  1    0.115    0.115  1   34.911   34.911  1
  633.2  633.2  1    0.115    0.115  1   34.911   34.911  1
  635.1  635.1  1    0.116    0.116  1   34.910   34.910  1
  637.1  637.1  1    0.114    0.114  1   34.910   34.910  1
  639.0  639.0  1    0.111    0.111  1   34.911   34.911  1
  641.0  641.0  1    0.101    0.101  1   34.911   34.911  1
  643.4  643.4  1    0.090    0.090  1   34.910   34.910  1
  645.8  645.8  1    0.084    0.084  1   34.911   34.911  1
  647.7  647.7  1    0.079    0.079  1   34.911   34.911  1
  649.6  649.6  1    0.076    0.076  1   34.911   34.911  1
  651.5  651.5  1    0.075    0.075  1   34.911   34.911  1
  653.5  653.5  1    0.074    0.074  1   34.911   34.911  1
  655.4  655.4  1    0.073    0.073  1   34.910   34.910  1
  657.3  657.3  1    0.072    0.072  1   34.911   34.911  1
  659.2  659.2  1    0.066    0.066  1   34.910   34.910  1
  661.2  661.2  1    0.062    0.062  1   34.910   34.910  1
  663.1  663.1  1    0.055    0.055  1   34.911   34.911  1
  665.1  665.1  1    0.051    0.051  1   34.911   34.911  1
  667.0  667.0  1    0.046    0.046  1   34.911   34.911  1
  669.0  669.0  1    0.043    0.043  1   34.910   34.910  1
  671.0  671.0  1    0.035    0.035  1   34.910   34.910  1
  673.4  673.4  1    0.022    0.022  1   34.910   34.910  1
  675.8  675.8  1    0.007    0.007  1   34.910   34.910  1
  677.8  677.8  1    0.000    0.000  1   34.911   34.911  1
  679.8  679.8  1   -0.003   -0.003  1   34.911   34.911  1
  681.8  681.8  1   -0.003   -0.003  1   34.910   34.910  1
  683.7  683.7  1   -0.005   -0.005  1   34.911   34.911  1
  685.7  685.7  1   -0.006   -0.006  1   34.911   34.911  1
  687.7  687.7  1   -0.010   -0.010  1   34.910   34.910  1
  689.7  689.7  1   -0.013   -0.013  1   34.910   34.910  1
  691.7  691.7  1   -0.019   -0.019  1   34.911   34.911  1
  693.7  693.7  1   -0.028   -0.028  1   34.910   34.910  1
  695.8  695.8  1   -0.030   -0.030  1   34.910   34.910  1
  697.8  697.8  1   -0.037   -0.037  1   34.911   34.911  1
  699.8  699.8  1   -0.039   -0.039  1   34.910   34.910  1
  701.8  701.8  1   -0.043   -0.043  1   34.910   34.910  1
  703.9  703.9  1   -0.044   -0.044  1   34.911   34.911  1
  705.9  705.9  1   -0.047   -0.047  1   34.910   34.910  1
  707.4  707.4  1   -0.048   -0.048  1   34.911   34.911  1
  709.0  709.0  1   -0.056   -0.056  1   34.911   34.911  1
  711.0  711.0  1   -0.063   -0.063  1   34.911   34.911  1
  713.1  713.1  1   -0.065   -0.065  1   34.911   34.911  1
  715.2  715.2  1   -0.070   -0.070  1   34.911   34.911  1
  717.2  717.2  1   -0.071   -0.071  1   34.910   34.910  1
  719.3  719.3  1   -0.072   -0.072  1   34.910   34.910  1
  721.4  721.4  1   -0.077   -0.077  1   34.912   34.912  1
  723.6  723.6  1   -0.073   -0.073  1   34.910   34.910  1
  725.8  725.8  1   -0.074   -0.074  1   34.911   34.911  1
  727.4  727.4  1   -0.076   -0.076  1   34.910   34.910  1
  729.0  729.0  1   -0.078   -0.078  1   34.910   34.910  1
  731.1  731.1  1   -0.085   -0.085  1   34.911   34.911  1
  733.2  733.2  1   -0.088   -0.088  1   34.911   34.911  1
  735.3  735.3  1   -0.092   -0.092  1   34.911   34.911  1
  737.2  737.2  1   -0.097   -0.097  1   34.911   34.911  1
  739.3  739.3  1   -0.099   -0.099  1   34.911   34.911  1
  741.3  741.3  1   -0.101   -0.101  1   34.910   34.910  1
  743.3  743.3  1   -0.103   -0.103  1   34.910   34.910  1
  745.3  745.3  1   -0.103   -0.103  1   34.911   34.911  1
  747.4  747.4  1   -0.105   -0.105  1   34.910   34.910  1
  749.4  749.4  1   -0.105   -0.105  1   34.910   34.910  1
  751.5  751.5  1   -0.110   -0.110  1   34.910   34.910  1
  753.5  753.5  1   -0.112   -0.112  1   34.910   34.910  1
  755.2  755.2  1   -0.113   -0.113  1   34.911   34.911  1
  757.3  757.3  1   -0.116   -0.116  1   34.909   34.909  1
  759.3  759.3  1   -0.123   -0.123  1   34.911   34.911  1
  761.4  761.4  1   -0.131   -0.131  1   34.910   34.910  1
  763.5  763.5  1   -0.139   -0.139  1   34.911   34.911  1
  765.2  765.2  1   -0.141   -0.141  1   34.910   34.910  1
  767.3  767.3  1   -0.145   -0.145  1   34.910   34.910  1
  769.5  769.5  1   -0.149   -0.149  1   34.910   34.910  1
  771.2  771.2  1   -0.155   -0.155  1   34.910   34.910  1
  773.3  773.3  1   -0.161   -0.161  1   34.910   34.910  1
  775.5  775.5  1   -0.166   -0.166  1   34.910   34.910  1
  777.2  777.2  1   -0.168   -0.168  1   34.910   34.910  1
  779.4  779.4  1   -0.169   -0.169  1   34.910   34.910  1
  781.6  781.6  1   -0.170   -0.170  1   34.910   34.910  1
  783.3  783.3  1   -0.170   -0.170  1   34.910   34.910  1
  785.4  785.4  1   -0.172   -0.172  1   34.910   34.910  1
  787.6  787.6  1   -0.177   -0.177  1   34.910   34.910  1
  789.3  789.3  1   -0.181   -0.181  1   34.910   34.910  1
  791.1  791.1  1   -0.182   -0.182  1   34.910   34.910  1
  793.3  793.3  1   -0.184   -0.184  1   34.910   34.910  1
  795.5  795.5  1   -0.186   -0.186  1   34.910   34.910  1
  797.3  797.3  1   -0.190   -0.190  1   34.910   34.910  1
  799.2  799.2  1   -0.192   -0.192  1   34.910   34.910  1
  801.4  801.4  1   -0.199   -0.199  1   34.910   34.910  1
  803.6  803.6  1   -0.208   -0.208  1   34.910   34.910  1
  805.4  805.4  1   -0.208   -0.208  1   34.910   34.910  1
  807.5  807.5  1   -0.209   -0.209  1   34.910   34.910  1
  809.7  809.7  1   -0.215   -0.215  1   34.910   34.910  1
  811.4  811.4  1   -0.218   -0.218  1   34.910   34.910  1
  813.2  813.2  1   -0.221   -0.221  1   34.911   34.911  1
  815.4  815.4  1   -0.223   -0.223  1   34.910   34.910  1
  817.6  817.6  1   -0.227   -0.227  1   34.910   34.910  1
  819.4  819.4  1   -0.229   -0.229  1   34.910   34.910  1
  821.2  821.2  1   -0.233   -0.233  1   34.910   34.910  1
  823.4  823.4  1   -0.237   -0.237  1   34.910   34.910  1
  825.6  825.6  1   -0.239   -0.239  1   34.910   34.910  1
  827.4  827.4  1   -0.240   -0.240  1   34.910   34.910  1
  829.2  829.2  1   -0.241   -0.241  1   34.910   34.910  1
  831.5  831.5  1   -0.243   -0.243  1   34.910   34.910  1
  833.7  833.7  1   -0.245   -0.245  1   34.911   34.911  1
  835.5  835.5  1   -0.245   -0.245  1   34.910   34.910  1
  837.3  837.3  1   -0.247   -0.247  1   34.910   34.910  1
  839.1  839.1  1   -0.247   -0.247  1   34.910   34.910  1
  841.4  841.4  1   -0.248   -0.248  1   34.910   34.910  1
  843.7  843.7  1   -0.255   -0.255  1   34.910   34.910  1
  845.5  845.5  1   -0.256   -0.256  1   34.910   34.910  1
  847.4  847.4  1   -0.257   -0.257  1   34.911   34.911  1
  849.3  849.3  1   -0.257   -0.257  1   34.910   34.910  1
  851.2  851.2  1   -0.258   -0.258  1   34.910   34.910  1
  853.5  853.5  1   -0.261   -0.261  1   34.910   34.910  1
  855.8  855.8  1   -0.263   -0.263  1   34.911   34.911  1
  857.7  857.7  1   -0.265   -0.265  1   34.910   34.910  1
  859.6  859.6  1   -0.266   -0.266  1   34.911   34.911  1
  861.6  861.6  1   -0.267   -0.267  1   34.911   34.911  1
  863.5  863.5  1   -0.267   -0.267  1   34.910   34.910  1
  865.4  865.4  1   -0.267   -0.267  1   34.911   34.911  1
  867.3  867.3  1   -0.268   -0.268  1   34.910   34.910  1
  869.3  869.3  1   -0.269   -0.269  1   34.910   34.910  1
  871.2  871.2  1   -0.270   -0.270  1   34.910   34.910  1
  873.2  873.2  1   -0.271   -0.271  1   34.910   34.910  1
  875.2  875.2  1   -0.276   -0.276  1   34.910   34.910  1
  877.3  877.3  1   -0.279   -0.279  1   34.911   34.911  1
  879.3  879.3  1   -0.279   -0.279  1   34.910   34.910  1
  881.3  881.3  1   -0.281   -0.281  1   34.911   34.911  1
  883.3  883.3  1   -0.284   -0.284  1   34.910   34.910  1
  885.3  885.3  1   -0.288   -0.288  1   34.910   34.910  1
  887.3  887.3  1   -0.292   -0.292  1   34.911   34.911  1
  889.4  889.4  1   -0.295   -0.295  1   34.911   34.911  1
  891.5  891.5  1   -0.297   -0.297  1   34.910   34.910  1
  893.5  893.5  1   -0.299   -0.299  1   34.911   34.911  1
  895.6  895.6  1   -0.303   -0.303  1   34.910   34.910  1
  897.7  897.7  1   -0.305   -0.305  1   34.911   34.911  1
  899.8  899.8  1   -0.305   -0.305  1   34.910   34.910  1
  901.9  901.9  1   -0.305   -0.305  1   34.910   34.910  1
  903.5  903.5  1   -0.307   -0.307  1   34.911   34.911  1
  905.0  905.0  1   -0.309   -0.309  1   34.911   34.911  1
  907.1  907.1  1   -0.312   -0.312  1   34.911   34.911  1
  909.2  909.2  1   -0.313   -0.313  1   34.911   34.911  1
  911.1  911.1  1   -0.314   -0.314  1   34.910   34.910  1
  913.4  913.4  1   -0.316   -0.316  1   34.910   34.910  1
  915.4  915.4  1   -0.318   -0.318  1   34.910   34.910  1
  917.4  917.4  1   -0.320   -0.320  1   34.911   34.911  1
  919.4  919.4  1   -0.321   -0.321  1   34.911   34.911  1
  921.4  921.4  1   -0.322   -0.322  1   34.911   34.911  1
  923.5  923.5  1   -0.323   -0.323  1   34.911   34.911  1
  925.6  925.6  1   -0.325   -0.325  1   34.911   34.911  1
  927.7  927.7  1   -0.328   -0.328  1   34.910   34.910  1
  929.3  929.3  1   -0.329   -0.329  1   34.911   34.911  1
  931.4  931.4  1   -0.330   -0.330  1   34.911   34.911  1
  933.5  933.5  1   -0.330   -0.330  1   34.910   34.910  1
  935.5  935.5  1   -0.331   -0.331  1   34.911   34.911  1
  937.6  937.6  1   -0.331   -0.331  1   34.911   34.911  1
  939.4  939.4  1   -0.332   -0.332  1   34.910   34.910  1
  941.5  941.5  1   -0.334   -0.334  1   34.911   34.911  1
  943.6  943.6  1   -0.337   -0.337  1   34.911   34.911  1
  945.4  945.4  1   -0.338   -0.338  1   34.910   34.910  1
  947.2  947.2  1   -0.341   -0.341  1   34.911   34.911  1
  949.5  949.5  1   -0.341   -0.341  1   34.911   34.911  1
  951.7  951.7  1   -0.342   -0.342  1   34.911   34.911  1
  953.5  953.5  1   -0.340   -0.340  1   34.910   34.910  1
  955.3  955.3  1   -0.342   -0.342  1   34.911   34.911  1
  957.1  957.1  1   -0.343   -0.343  1   34.910   34.910  1
  959.4  959.4  1   -0.349   -0.349  1   34.911   34.911  1
  961.6  961.6  1   -0.354   -0.354  1   34.910   34.910  1
  963.5  963.5  1   -0.355   -0.355  1   34.911   34.911  1
  965.3  965.3  1   -0.354   -0.354  1   34.910   34.910  1
  967.1  967.1  1   -0.356   -0.356  1   34.910   34.910  1
  969.5  969.5  1   -0.356   -0.356  1   34.910   34.910  1
  971.7  971.7  1   -0.358   -0.358  1   34.911   34.911  1
  973.6  973.6  1   -0.360   -0.360  1   34.910   34.910  1
  975.4  975.4  1   -0.362   -0.362  1   34.911   34.911  1
  977.2  977.2  1   -0.367   -0.367  1   34.910   34.910  1
  979.1  979.1  1   -0.370   -0.370  1   34.910   34.910  1
  981.4  981.4  1   -0.372   -0.372  1   34.910   34.910  1
  983.7  983.7  1   -0.374   -0.374  1   34.910   34.910  1
  985.6  985.6  1   -0.375   -0.375  1   34.911   34.911  1
  987.4  987.4  1   -0.377   -0.377  1   34.911   34.911  1
  989.3  989.3  1   -0.377   -0.377  1   34.910   34.910  1
  991.1  991.1  1   -0.378   -0.378  1   34.911   34.911  1
  993.1  993.1  1   -0.376   -0.376  1   34.910   34.910  1
  995.4  995.4  1   -0.376   -0.376  1   34.910   34.910  1
  997.9  997.9  1   -0.377   -0.377  1   34.911   34.911  1
  999.8  999.8  1   -0.377   -0.377  1   34.910   34.910  1
 1001.7 1001.7  1   -0.377   -0.377  1   34.910   34.910  1
 1003.6 1003.6  1   -0.377   -0.377  1   34.911   34.911  1
 1005.5 1005.5  1   -0.378   -0.378  1   34.910   34.910  1
 1007.4 1007.4  1   -0.379   -0.379  1   34.910   34.910  1
 1009.3 1009.3  1   -0.379   -0.379  1   34.911   34.911  1
 1011.2 1011.2  1   -0.380   -0.380  1   34.910   34.910  1
 1013.2 1013.2  1   -0.383   -0.383  1   34.910   34.910  1
 1015.1 1015.1  1   -0.384   -0.384  1   34.910   34.910  1
 1017.4 1017.4  1   -0.388   -0.388  1   34.910   34.910  1
 1019.8 1019.8  1   -0.390   -0.390  1   34.910   34.910  1
 1021.7 1021.7  1   -0.393   -0.393  1   34.910   34.910  1
 1023.6 1023.6  1   -0.397   -0.397  1   34.910   34.910  1
 1025.5 1025.5  1   -0.399   -0.399  1   34.910   34.910  1
 1027.4 1027.4  1   -0.400   -0.400  1   34.910   34.910  1
 1029.3 1029.3  1   -0.401   -0.401  1   34.910   34.910  1
 1031.2 1031.2  1   -0.402   -0.402  1   34.910   34.910  1
 1033.1 1033.1  1   -0.401   -0.401  1   34.910   34.910  1
 1035.0 1035.0  1   -0.404   -0.404  1   34.910   34.910  1
 1037.4 1037.4  1   -0.407   -0.407  1   34.910   34.910  1
 1039.9 1039.9  1   -0.410   -0.410  1   34.910   34.910  1
 1041.8 1041.8  1   -0.412   -0.412  1   34.911   34.911  1
 1043.7 1043.7  1   -0.413   -0.413  1   34.910   34.910  1
 1045.7 1045.7  1   -0.414   -0.414  1   34.910   34.910  1
 1047.6 1047.6  1   -0.417   -0.417  1   34.910   34.910  1
 1049.5 1049.5  1   -0.419   -0.419  1   34.910   34.910  1
 1051.4 1051.4  1   -0.420   -0.420  1   34.911   34.911  1
 1053.3 1053.3  1   -0.423   -0.423  1   34.910   34.910  1
 1055.2 1055.2  1   -0.424   -0.424  1   34.911   34.911  1
 1057.1 1057.1  1   -0.422   -0.422  1   34.910   34.910  1
 1059.1 1059.1  1   -0.423   -0.423  1   34.910   34.910  1
 1061.0 1061.0  1   -0.424   -0.424  1   34.911   34.911  1
 1063.0 1063.0  1   -0.424   -0.424  1   34.910   34.910  1
 1065.0 1065.0  1   -0.426   -0.426  1   34.910   34.910  1
 1067.0 1067.0  1   -0.428   -0.428  1   34.910   34.910  1
 1069.0 1069.0  1   -0.428   -0.428  1   34.910   34.910  1
 1071.0 1071.0  1   -0.428   -0.428  1   34.910   34.910  1
 1073.0 1073.0  1   -0.429   -0.429  1   34.910   34.910  1
 1075.1 1075.1  1   -0.431   -0.431  1   34.910   34.910  1
 1077.1 1077.1  1   -0.433   -0.433  1   34.909   34.909  1
 1079.1 1079.1  1   -0.436   -0.436  1   34.911   34.911  1
 1081.2 1081.2  1   -0.438   -0.438  1   34.910   34.910  1
 1083.2 1083.2  1   -0.438   -0.438  1   34.910   34.910  1
 1085.2 1085.2  1   -0.438   -0.438  1   34.909   34.909  1
 1087.2 1087.2  1   -0.437   -0.437  1   34.910   34.910  1
 1089.2 1089.2  1   -0.443   -0.443  1   34.909   34.909  1
 1091.5 1091.5  1   -0.446   -0.446  1   34.910   34.910  1
 1093.4 1093.4  1   -0.448   -0.448  1   34.910   34.910  1
 1095.4 1095.4  1   -0.449   -0.449  1   34.910   34.910  1
 1097.5 1097.5  1   -0.451   -0.451  1   34.909   34.909  1
 1099.5 1099.5  1   -0.453   -0.453  1   34.910   34.910  1
 1101.5 1101.5  1   -0.454   -0.454  1   34.910   34.910  1
 1103.6 1103.6  1   -0.454   -0.454  1   34.909   34.909  1
 1105.6 1105.6  1   -0.455   -0.455  1   34.909   34.909  1
 1107.3 1107.3  1   -0.455   -0.455  1   34.910   34.910  1
 1109.4 1109.4  1   -0.455   -0.455  1   34.910   34.910  1
 1111.5 1111.5  1   -0.455   -0.455  1   34.910   34.910  1
 1113.2 1113.2  1   -0.455   -0.455  1   34.910   34.910  1
 1115.3 1115.3  1   -0.456   -0.456  1   34.909   34.909  1
 1117.4 1117.4  1   -0.457   -0.457  1   34.909   34.909  1
 1119.4 1119.4  1   -0.461   -0.461  1   34.909   34.909  1
 1121.5 1121.5  1   -0.467   -0.467  1   34.909   34.909  1
 1123.5 1123.5  1   -0.470   -0.470  1   34.910   34.910  1
 1125.6 1125.6  1   -0.470   -0.470  1   34.909   34.909  1
 1127.6 1127.6  1   -0.471   -0.471  1   34.909   34.909  1
 1129.7 1129.7  1   -0.474   -0.474  1   34.909   34.909  1
 1131.3 1131.3  1   -0.482   -0.482  1   34.910   34.910  1
 1133.4 1133.4  1   -0.484   -0.484  1   34.909   34.909  1
 1135.5 1135.5  1   -0.484   -0.484  1   34.909   34.909  1
 1137.2 1137.2  1   -0.484   -0.484  1   34.909   34.909  1
 1139.4 1139.4  1   -0.486   -0.486  1   34.910   34.910  1
 1141.6 1141.6  1   -0.489   -0.489  1   34.910   34.910  1
 1143.3 1143.3  1   -0.489   -0.489  1   34.909   34.909  1
 1145.5 1145.5  1   -0.491   -0.491  1   34.909   34.909  1
 1147.6 1147.6  1   -0.496   -0.496  1   34.909   34.909  1
 1149.4 1149.4  1   -0.495   -0.495  1   34.909   34.909  1
 1151.1 1151.1  1   -0.495   -0.495  1   34.909   34.909  1
 1153.3 1153.3  1   -0.496   -0.496  1   34.909   34.909  1
 1155.5 1155.5  1   -0.497   -0.497  1   34.909   34.909  1
 1157.3 1157.3  1   -0.498   -0.498  1   34.909   34.909  1
 1159.1 1159.1  1   -0.499   -0.499  1   34.909   34.909  1
 1161.3 1161.3  1   -0.500   -0.500  1   34.909   34.909  1
 1163.5 1163.5  1   -0.505   -0.505  1   34.909   34.909  1
 1165.3 1165.3  1   -0.505   -0.505  1   34.909   34.909  1
 1167.1 1167.1  1   -0.505   -0.505  1   34.909   34.909  1
 1169.4 1169.4  1   -0.504   -0.504  1   34.909   34.909  1
 1171.6 1171.6  1   -0.506   -0.506  1   34.910   34.910  1
 1173.4 1173.4  1   -0.508   -0.508  1   34.909   34.909  1
 1175.2 1175.2  1   -0.510   -0.510  1   34.909   34.909  1
 1177.4 1177.4  1   -0.511   -0.511  1   34.909   34.909  1
 1179.6 1179.6  1   -0.512   -0.512  1   34.909   34.909  1
 1181.4 1181.4  1   -0.511   -0.511  1   34.909   34.909  1
 1183.2 1183.2  1   -0.512   -0.512  1   34.910   34.910  1
 1185.4 1185.4  1   -0.512   -0.512  1   34.909   34.909  1
 1187.6 1187.6  1   -0.512   -0.512  1   34.909   34.909  1
 1189.5 1189.5  1   -0.512   -0.512  1   34.909   34.909  1
 1191.3 1191.3  1   -0.512   -0.512  1   34.909   34.909  1
 1193.1 1193.1  1   -0.512   -0.512  1   34.910   34.910  1
 1195.4 1195.4  1   -0.513   -0.513  1   34.909   34.909  1
 1197.6 1197.6  1   -0.514   -0.514  1   34.909   34.909  1
 1199.4 1199.4  1   -0.519   -0.519  1   34.911   34.911  1
 1201.2 1201.2  1   -0.518   -0.518  1   34.909   34.909  1
 1203.5 1203.5  1   -0.523   -0.523  1   34.909   34.909  1
 1205.8 1205.8  1   -0.525   -0.525  1   34.909   34.909  1
 1207.7 1207.7  1   -0.525   -0.525  1   34.909   34.909  1
 1209.5 1209.5  1   -0.523   -0.523  1   34.909   34.909  1
 1211.3 1211.3  1   -0.523   -0.523  1   34.909   34.909  1
 1213.2 1213.2  1   -0.524   -0.524  1   34.909   34.909  1
 1215.0 1215.0  1   -0.524   -0.524  1   34.909   34.909  1
 1217.4 1217.4  1   -0.527   -0.527  1   34.908   34.908  1
 1219.6 1219.6  1   -0.532   -0.532  1   34.909   34.909  1
 1221.4 1221.4  1   -0.532   -0.532  1   34.909   34.909  1
 1223.2 1223.2  1   -0.536   -0.536  1   34.909   34.909  1
 1225.0 1225.0  1   -0.537   -0.537  1   34.909   34.909  1
 1227.4 1227.4  1   -0.536   -0.536  1   34.908   34.908  1
 1229.6 1229.6  1   -0.537   -0.537  1   34.909   34.909  1
 1231.4 1231.4  1   -0.540   -0.540  1   34.909   34.909  1
 1233.2 1233.2  1   -0.542   -0.542  1   34.909   34.909  1
 1235.1 1235.1  1   -0.541   -0.541  1   34.909   34.909  1
 1237.4 1237.4  1   -0.543   -0.543  1   34.908   34.908  1
 1239.6 1239.6  1   -0.544   -0.544  1   34.909   34.909  1
 1241.5 1241.5  1   -0.545   -0.545  1   34.908   34.908  1
 1243.3 1243.3  1   -0.546   -0.546  1   34.908   34.908  1
 1245.1 1245.1  1   -0.546   -0.546  1   34.908   34.908  1
 1247.4 1247.4  1   -0.547   -0.547  1   34.909   34.909  1
 1249.6 1249.6  1   -0.547   -0.547  1   34.908   34.908  1
 1251.4 1251.4  1   -0.549   -0.549  1   34.908   34.908  1
 1253.3 1253.3  1   -0.551   -0.551  1   34.908   34.908  1
 1255.1 1255.1  1   -0.553   -0.553  1   34.909   34.909  1
 1257.4 1257.4  1   -0.554   -0.554  1   34.908   34.908  1
 1259.7 1259.7  1   -0.556   -0.556  1   34.909   34.909  1
 1261.5 1261.5  1   -0.555   -0.555  1   34.909   34.909  1
 1263.4 1263.4  1   -0.554   -0.554  1   34.908   34.908  1
 1265.2 1265.2  1   -0.556   -0.556  1   34.909   34.909  1
 1267.4 1267.4  1   -0.556   -0.556  1   34.908   34.908  1
 1269.6 1269.6  1   -0.557   -0.557  1   34.908   34.908  1
 1271.4 1271.4  1   -0.557   -0.557  1   34.909   34.909  1
 1273.2 1273.2  1   -0.557   -0.557  1   34.909   34.909  1
 1275.4 1275.4  1   -0.557   -0.557  1   34.909   34.909  1
 1277.6 1277.6  1   -0.557   -0.557  1   34.909   34.909  1
 1279.3 1279.3  1   -0.557   -0.557  1   34.909   34.909  1
 1281.5 1281.5  1   -0.557   -0.557  1   34.909   34.909  1
 1283.7 1283.7  1   -0.560   -0.560  1   34.909   34.909  1
 1285.5 1285.5  1   -0.559   -0.559  1   34.909   34.909  1
 1287.3 1287.3  1   -0.559   -0.559  1   34.908   34.908  1
 1289.5 1289.5  1   -0.558   -0.558  1   34.907   34.907  1
 1291.7 1291.7  1   -0.564   -0.564  1   34.908   34.908  1
 1293.6 1293.6  1   -0.564   -0.564  1   34.909   34.909  1
 1295.4 1295.4  1   -0.566   -0.566  1   34.909   34.909  1
 1297.2 1297.2  1   -0.572   -0.572  1   34.909   34.909  1
 1299.1 1299.1  1   -0.571   -0.571  1   34.908   34.908  1
 1301.4 1301.4  1   -0.571   -0.571  1   34.908   34.908  1
 1303.8 1303.8  1   -0.571   -0.571  1   34.909   34.909  1
 1305.7 1305.7  1   -0.573   -0.573  1   34.908   34.908  1
 1307.5 1307.5  1   -0.575   -0.575  1   34.909   34.909  1
 1309.4 1309.4  1   -0.576   -0.576  1   34.909   34.909  1
 1311.3 1311.3  1   -0.577   -0.577  1   34.909   34.909  1
 1313.2 1313.2  1   -0.578   -0.578  1   34.908   34.908  1
 1315.1 1315.1  1   -0.581   -0.581  1   34.909   34.909  1
 1317.1 1317.1  1   -0.583   -0.583  1   34.909   34.909  1
 1319.0 1319.0  1   -0.587   -0.587  1   34.909   34.909  1
 1321.4 1321.4  1   -0.589   -0.589  1   34.908   34.908  1
 1323.8 1323.8  1   -0.593   -0.593  1   34.909   34.909  1
 1325.7 1325.7  1   -0.593   -0.593  1   34.909   34.909  1
 1327.7 1327.7  1   -0.593   -0.593  1   34.909   34.909  1
 1329.6 1329.6  1   -0.594   -0.594  1   34.909   34.909  1
 1331.6 1331.6  1   -0.595   -0.595  1   34.909   34.909  1
 1333.6 1333.6  1   -0.595   -0.595  1   34.908   34.908  1
 1335.6 1335.6  1   -0.596   -0.596  1   34.909   34.909  1
 1337.6 1337.6  1   -0.597   -0.597  1   34.909   34.909  1
 1339.7 1339.7  1   -0.599   -0.599  1   34.908   34.908  1
 1341.7 1341.7  1   -0.599   -0.599  1   34.909   34.909  1
 1343.8 1343.8  1   -0.602   -0.602  1   34.909   34.909  1
 1345.8 1345.8  1   -0.603   -0.603  1   34.908   34.908  1
 1347.9 1347.9  1   -0.605   -0.605  1   34.909   34.909  1
 1349.5 1349.5  1   -0.607   -0.607  1   34.909   34.909  1
 1351.0 1351.0  1   -0.609   -0.609  1   34.909   34.909  1
 1353.1 1353.1  1   -0.611   -0.611  1   34.909   34.909  1
 1355.1 1355.1  1   -0.613   -0.613  1   34.909   34.909  1
 1357.2 1357.2  1   -0.614   -0.614  1   34.908   34.908  1
 1359.2 1359.2  1   -0.615   -0.615  1   34.909   34.909  1
 1361.5 1361.5  1   -0.616   -0.616  1   34.908   34.908  1
 1363.6 1363.6  1   -0.617   -0.617  1   34.908   34.908  1
 1365.6 1365.6  1   -0.617   -0.617  1   34.909   34.909  1
 1367.6 1367.6  1   -0.617   -0.617  1   34.909   34.909  1
 1369.6 1369.6  1   -0.618   -0.618  1   34.909   34.909  1
 1371.6 1371.6  1   -0.619   -0.619  1   34.908   34.908  1
 1373.6 1373.6  1   -0.621   -0.621  1   34.908   34.908  1
 1375.6 1375.6  1   -0.623   -0.623  1   34.908   34.908  1
 1377.3 1377.3  1   -0.624   -0.624  1   34.908   34.908  1
 1379.3 1379.3  1   -0.624   -0.624  1   34.908   34.908  1
 1381.5 1381.5  1   -0.625   -0.625  1   34.908   34.908  1
 1383.6 1383.6  1   -0.624   -0.624  1   34.909   34.909  1
 1385.7 1385.7  1   -0.624   -0.624  1   34.909   34.909  1
 1387.4 1387.4  1   -0.624   -0.624  1   34.909   34.909  1
 1389.2 1389.2  1   -0.625   -0.625  1   34.909   34.909  1
 1391.3 1391.3  1   -0.624   -0.624  1   34.908   34.908  1
 1393.5 1393.5  1   -0.623   -0.623  1   34.908   34.908  1
 1395.2 1395.2  1   -0.624   -0.624  1   34.909   34.909  1
 1397.4 1397.4  1   -0.624   -0.624  1   34.908   34.908  1
 1399.6 1399.6  1   -0.625   -0.625  1   34.909   34.909  1
 1403.0 1403.0  1   -0.623   -0.623  1   34.908   34.908  1
 1407.8 1407.8  1   -0.622   -0.622  1   34.908   34.908  1
 1412.5 1412.5  1   -0.624   -0.624  1   34.909   34.909  1
 1417.6 1417.6  1   -0.626   -0.626  1   34.909   34.909  1
 1422.8 1422.8  1   -0.630   -0.630  1   34.909   34.909  1
 1428.1 1428.1  1   -0.633   -0.633  1   34.909   34.909  1
 1433.2 1433.2  1   -0.635   -0.635  1   34.908   34.908  1
 1437.9 1437.9  1   -0.638   -0.638  1   34.909   34.909  1
 1442.6 1442.6  1   -0.640   -0.640  1   34.908   34.908  1
 1447.8 1447.8  1   -0.641   -0.641  1   34.909   34.909  1
 1452.8 1452.8  1   -0.641   -0.641  1   34.909   34.909  1
 1457.7 1457.7  1   -0.644   -0.644  1   34.909   34.909  1
 1463.1 1463.1  1   -0.649   -0.649  1   34.909   34.909  1
 1468.1 1468.1  1   -0.654   -0.654  1   34.909   34.909  1
 1473.1 1473.1  1   -0.653   -0.653  1   34.909   34.909  1
 1478.1 1478.1  1   -0.654   -0.654  1   34.909   34.909  1
 1482.7 1482.7  1   -0.654   -0.654  1   34.909   34.909  1
 1487.8 1487.8  1   -0.655   -0.655  1   34.909   34.909  1
 1492.9 1492.9  1   -0.657   -0.657  1   34.909   34.909  1
 1497.8 1497.8  1   -0.661   -0.661  1   34.909   34.909  1
 1503.0 1503.0  1   -0.662   -0.662  1   34.909   34.909  1
 1507.7 1507.7  1   -0.663   -0.663  1   34.909   34.909  1
 1512.9 1512.9  1   -0.666   -0.666  1   34.909   34.909  1
 1518.0 1518.0  1   -0.667   -0.667  1   34.909   34.909  1
 1522.9 1522.9  1   -0.668   -0.668  1   34.909   34.909  1
 1527.7 1527.7  1   -0.669   -0.669  1   34.909   34.909  1
 1532.6 1532.6  1   -0.671   -0.671  1   34.909   34.909  1
 1537.8 1537.8  1   -0.673   -0.673  1   34.909   34.909  1
 1542.9 1542.9  1   -0.674   -0.674  1   34.909   34.909  1
 1547.7 1547.7  1   -0.675   -0.675  1   34.909   34.909  1
 1552.9 1552.9  1   -0.677   -0.677  1   34.909   34.909  1
 1558.0 1558.0  1   -0.679   -0.679  1   34.910   34.910  1
 1562.7 1562.7  1   -0.678   -0.678  1   34.910   34.910  1
 1568.0 1568.0  1   -0.678   -0.678  1   34.910   34.910  1
 1573.2 1573.2  1   -0.680   -0.680  1   34.910   34.910  1
 1578.0 1578.0  1   -0.681   -0.681  1   34.911   34.911  1
 1582.8 1582.8  1   -0.682   -0.682  1   34.910   34.910  1
 1587.7 1587.7  1   -0.684   -0.684  1   34.911   34.911  1
 1592.6 1592.6  1   -0.685   -0.685  1   34.910   34.910  1
 1597.7 1597.7  1   -0.686   -0.686  1   34.911   34.911  1
 1602.7 1602.7  1   -0.685   -0.685  1   34.911   34.911  1
 1607.9 1607.9  1   -0.687   -0.687  1   34.911   34.911  1
 1613.2 1613.2  1   -0.689   -0.689  1   34.911   34.911  1
 1617.8 1617.8  1   -0.690   -0.690  1   34.911   34.911  1
 1622.6 1622.6  1   -0.692   -0.692  1   34.911   34.911  1
 1627.7 1627.7  1   -0.699   -0.699  1   34.910   34.910  1
 1632.8 1632.8  1   -0.700   -0.700  1   34.911   34.911  1
 1638.1 1638.1  1   -0.699   -0.699  1   34.911   34.911  1
 1643.0 1643.0  1   -0.704   -0.704  1   34.911   34.911  1
 1648.0 1648.0  1   -0.705   -0.705  1   34.911   34.911  1
 1653.0 1653.0  1   -0.707   -0.707  1   34.911   34.911  1
 1658.1 1658.1  1   -0.707   -0.707  1   34.910   34.910  1
 1663.2 1663.2  1   -0.709   -0.709  1   34.911   34.911  1
 1668.1 1668.1  1   -0.705   -0.705  1   34.911   34.911  1
 1672.8 1672.8  1   -0.704   -0.704  1   34.911   34.911  1
 1677.6 1677.6  1   -0.706   -0.706  1   34.911   34.911  1
 1683.0 1683.0  1   -0.710   -0.710  1   34.911   34.911  1
 1688.3 1688.3  1   -0.710   -0.710  1   34.911   34.911  1
 1693.3 1693.3  1   -0.710   -0.710  1   34.911   34.911  1
 1698.3 1698.3  1   -0.710   -0.710  1   34.911   34.911  1
 1703.0 1703.0  1   -0.711   -0.711  1   34.911   34.911  1
 1707.7 1707.7  1   -0.711   -0.711  1   34.911   34.911  1
 1712.5 1712.5  1   -0.712   -0.712  1   34.911   34.911  1
 1717.6 1717.6  1   -0.712   -0.712  1   34.911   34.911  1
 1722.8 1722.8  1   -0.714   -0.714  1   34.911   34.911  1
 1727.8 1727.8  1   -0.716   -0.716  1   34.911   34.911  1
 1732.9 1732.9  1   -0.717   -0.717  1   34.911   34.911  1
 1738.0 1738.0  1   -0.719   -0.719  1   34.911   34.911  1
 1743.2 1743.2  1   -0.720   -0.720  1   34.911   34.911  1
 1748.0 1748.0  1   -0.720   -0.720  1   34.911   34.911  1
 1752.9 1752.9  1   -0.720   -0.720  1   34.911   34.911  1
 1757.9 1757.9  1   -0.720   -0.720  1   34.911   34.911  1
 1762.8 1762.8  1   -0.721   -0.721  1   34.911   34.911  1
 1767.9 1767.9  1   -0.723   -0.723  1   34.911   34.911  1
 1772.9 1772.9  1   -0.723   -0.723  1   34.911   34.911  1
 1778.0 1778.0  1   -0.722   -0.722  1   34.911   34.911  1
 1783.0 1783.0  1   -0.722   -0.722  1   34.911   34.911  1
 1788.2 1788.2  1   -0.724   -0.724  1   34.911   34.911  1
 1792.8 1792.8  1   -0.724   -0.724  1   34.911   34.911  1
 1797.8 1797.8  1   -0.724   -0.724  1   34.911   34.911  1
 1802.9 1802.9  1   -0.725   -0.725  1   34.911   34.911  1
 1808.0 1808.0  1   -0.725   -0.725  1   34.911   34.911  1
 1813.3 1813.3  1   -0.726   -0.726  1   34.911   34.911  1
 1818.0 1818.0  1   -0.725   -0.725  1   34.911   34.911  1
 1822.8 1822.8  1   -0.726   -0.726  1   34.911   34.911  1
 1827.5 1827.5  1   -0.728   -0.728  1   34.911   34.911  1
 1832.8 1832.8  1   -0.729   -0.729  1   34.911   34.911  1
 1837.8 1837.8  1   -0.729   -0.729  1   34.911   34.911  1
 1842.8 1842.8  1   -0.729   -0.729  1   34.911   34.911  1
 1848.2 1848.2  1   -0.730   -0.730  1   34.911   34.911  1
 1853.1 1853.1  1   -0.730   -0.730  1   34.911   34.911  1
 1858.0 1858.0  1   -0.732   -0.732  1   34.911   34.911  1
 1863.0 1863.0  1   -0.732   -0.732  1   34.911   34.911  1
 1867.7 1867.7  1   -0.734   -0.734  1   34.911   34.911  1
 1872.9 1872.9  1   -0.734   -0.734  1   34.911   34.911  1
 1878.1 1878.1  1   -0.734   -0.734  1   34.911   34.911  1
 1883.0 1883.0  1   -0.735   -0.735  1   34.911   34.911  1
 1888.0 1888.0  1   -0.734   -0.734  1   34.911   34.911  1
 1892.9 1892.9  1   -0.734   -0.734  1   34.911   34.911  1
 1897.9 1897.9  1   -0.735   -0.735  1   34.911   34.911  1
 1902.9 1902.9  1   -0.735   -0.735  1   34.911   34.911  1
 1908.0 1908.0  1   -0.736   -0.736  1   34.911   34.911  1
 1913.1 1913.1  1   -0.736   -0.736  1   34.911   34.911  1
 1918.0 1918.0  1   -0.737   -0.737  1   34.911   34.911  1
 1922.8 1922.8  1   -0.738   -0.738  1   34.911   34.911  1
 1927.9 1927.9  1   -0.738   -0.738  1   34.911   34.911  1
 1933.1 1933.1  1   -0.738   -0.738  1   34.911   34.911  1
 1938.0 1938.0  1   -0.738   -0.738  1   34.911   34.911  1
 1942.9 1942.9  1   -0.738   -0.738  1   34.911   34.911  1
 1947.9 1947.9  1   -0.739   -0.739  1   34.911   34.911  1
 1952.9 1952.9  1   -0.739   -0.739  1   34.911   34.911  1
 1958.0 1958.0  1   -0.739   -0.739  1   34.911   34.911  1
 1963.1 1963.1  1   -0.739   -0.739  1   34.911   34.911  1
 1967.9 1967.9  1   -0.739   -0.739  1   34.911   34.911  1
 1972.6 1972.6  1   -0.739   -0.739  1   34.911   34.911  1
 1977.7 1977.7  1   -0.739   -0.739  1   34.911   34.911  1
 1982.8 1982.8  1   -0.740   -0.740  1   34.911   34.911  1
 1988.0 1988.0  1   -0.740   -0.740  1   34.911   34.911  1
 1993.2 1993.2  1   -0.740   -0.740  1   34.911   34.911  1
 1998.0 1998.0  1   -0.741   -0.741  1   34.911   34.911  1
 2002.7 2002.7  1   -0.741   -0.741  1   34.911   34.911  1
 2007.9 2007.9  1   -0.741   -0.741  1   34.911   34.911  1
 2011.4 2011.4  1   -0.741   -0.741  1   34.912   34.912  1
