*SoftWare Version 3.0  2018/12/27

*HEADER
     PLATFORM NUMBER       :6903765
     CYCLE NUMBER          :013
     DATE CREATION         :20191225072532
     DATE UPDATE           :20191225072540
     PROJECT NAME          :ARGO Italy
     PI NAME               :Pierre-Marie Poulain
     INSTRUMENT TYPE       :ARVOR
     FLOAT SERIAL NO       :AI2632-19EU028
     FIRMWARE VERSION      :5900A04
     WMO INSTRUMENT TYPE   :844
     TRANSMISSION SYSTEM   :IRIDIUM
     POSITIONING SYSTEM    :GPS
     SAMPLE DIRECTION      :A(A=Ascend; D=Descend)
     DATA MODE             :R(R=Real Time; D=Delayed Mode; A=Real Time Adjusted)
     JULIAN DAY            :25560.2476 (days since 1950-01-01 00:00:00 UTC)
     DATE                  :2019-12-25
     QC FLAG FOR DATE      :1
*LOCATION
     LATITUDE              :33.391  
     LONGITUDE             :26.468  
     QC FLAG FOR LOCATION  :1
*FILE
     COLUMN 1              :Pressure (dbar)                             F7.1
     COLUMN 2              :Corrected Pressure (dbar)                   F7.1
     COLUMN 3              :Quality on Pressure                         I3
     COLUMN 4              :Temperature (degree_Celsius)                F9.3
     COLUMN 5              :Corrected Temperature (degree_Celsius)      F9.3
     COLUMN 6              :Quality on Temperature                      I3
     COLUMN 7              :Salinity (PSU)                              F9.3
     COLUMN 8              :Corrected Salinity (PSU)                    F9.3
     COLUMN 9              :Quality on Salinity                         I3
==========================================================================
    3.7    3.7  1   19.545   19.545  1   39.296   39.296  1
    5.7    5.7  1   19.543   19.543  1   39.296   39.296  1
    7.5    7.5  1   19.544   19.544  1   39.296   39.296  1
    9.5    9.5  1   19.545   19.545  1   39.297   39.297  1
   11.5   11.5  1   19.542   19.542  1   39.297   39.297  1
   13.6   13.6  1   19.544   19.544  1   39.298   39.298  1
   15.3   15.3  1   19.547   19.547  1   39.296   39.296  1
   17.3   17.3  1   19.548   19.548  1   39.297   39.297  1
   19.4   19.4  1   19.547   19.547  1   39.298   39.298  1
   21.2   21.2  1   19.548   19.548  1   39.296   39.296  1
   23.3   23.3  1   19.549   19.549  1   39.296   39.296  1
   25.7   25.7  1   19.549   19.549  1   39.297   39.297  1
   27.7   27.7  1   19.550   19.550  1   39.297   39.297  1
   29.8   29.8  1   19.550   19.550  1   39.298   39.298  1
   31.8   31.8  1   19.541   19.541  1   39.294   39.294  1
   33.9   33.9  1   19.541   19.541  1   39.295   39.295  1
   35.9   35.9  1   19.544   19.544  1   39.296   39.296  1
   37.4   37.4  1   19.542   19.542  1   39.294   39.294  1
   39.0   39.0  1   19.544   19.544  1   39.295   39.295  1
   41.0   41.0  1   19.545   19.545  1   39.293   39.293  1
   43.0   43.0  1   19.545   19.545  1   39.295   39.295  1
   45.2   45.2  1   19.529   19.529  1   39.293   39.293  1
   47.3   47.3  1   19.533   19.533  1   39.292   39.292  1
   49.5   49.5  1   19.530   19.530  1   39.291   39.291  1
   51.6   51.6  1   19.527   19.527  1   39.290   39.290  1
   53.6   53.6  1   19.526   19.526  1   39.290   39.290  1
   55.7   55.7  1   19.526   19.526  1   39.291   39.291  1
   57.8   57.8  1   19.520   19.520  1   39.289   39.289  1
   59.8   59.8  1   19.519   19.519  1   39.289   39.289  1
   61.7   61.7  1   19.513   19.513  1   39.287   39.287  1
   63.6   63.6  1   19.497   19.497  1   39.283   39.283  1
   65.5   65.5  1   19.499   19.499  1   39.285   39.285  1
   67.3   67.3  1   19.511   19.511  1   39.285   39.285  1
   69.1   69.1  1   19.488   19.488  1   39.285   39.285  1
   71.3   71.3  1   19.486   19.486  1   39.279   39.279  1
   73.4   73.4  1   19.474   19.474  1   39.270   39.270  1
   75.5   75.5  1   19.329   19.329  1   39.230   39.230  1
   77.7   77.7  1   19.160   19.160  1   39.202   39.202  1
   79.4   79.4  1   18.887   18.887  1   39.136   39.136  1
   81.2   81.2  1   18.013   18.013  1   38.982   38.982  1
   83.2   83.2  1   16.994   16.994  1   38.800   38.800  1
   85.2   85.2  1   16.865   16.865  1   38.821   38.821  1
   87.3   87.3  1   16.873   16.873  1   38.857   38.857  1
   89.4   89.4  1   16.863   16.863  1   38.872   38.872  1
   91.6   91.6  1   16.835   16.835  1   38.900   38.900  1
   93.7   93.7  1   16.798   16.798  1   38.922   38.922  1
   95.4   95.4  1   16.801   16.801  1   38.932   38.932  1
   97.1   97.1  1   16.788   16.788  1   38.963   38.963  1
   99.3   99.3  1   16.755   16.755  1   38.986   38.986  1
  105.7  105.7  1   16.643   16.643  1   39.024   39.024  1
  115.2  115.2  1   16.611   16.611  1   39.073   39.073  1
  125.1  125.1  1   16.569   16.569  1   39.116   39.116  1
  135.2  135.2  1   16.504   16.504  1   39.141   39.141  1
  145.4  145.4  1   16.390   16.390  1   39.167   39.167  1
  155.3  155.3  1   16.343   16.343  1   39.184   39.184  1
  165.6  165.6  1   16.269   16.269  1   39.184   39.184  1
  175.6  175.6  1   16.145   16.145  1   39.177   39.177  1
  185.3  185.3  1   16.008   16.008  1   39.162   39.162  1
  195.5  195.5  1   15.905   15.905  1   39.152   39.152  1
  205.5  205.5  1   15.799   15.799  1   39.142   39.142  1
  215.6  215.6  1   15.712   15.712  1   39.135   39.135  1
  225.3  225.3  1   15.623   15.623  1   39.123   39.123  1
  235.1  235.1  1   15.540   15.540  1   39.111   39.111  1
  245.5  245.5  1   15.489   15.489  1   39.109   39.109  1
  255.5  255.5  1   15.361   15.361  1   39.091   39.091  1
  265.5  265.5  1   15.277   15.277  1   39.082   39.082  1
  275.7  275.7  1   15.228   15.228  1   39.079   39.079  1
  285.5  285.5  1   15.155   15.155  1   39.066   39.066  1
  295.3  295.3  1   15.102   15.102  1   39.056   39.056  1
  305.2  305.2  1   15.026   15.026  1   39.043   39.043  1
  315.7  315.7  1   14.954   14.954  1   39.030   39.030  1
  325.5  325.5  1   14.893   14.893  1   39.018   39.018  1
  335.3  335.3  1   14.824   14.824  1   39.006   39.006  1
  345.4  345.4  1   14.763   14.763  1   38.993   38.993  1
  355.6  355.6  1   14.705   14.705  1   38.982   38.982  1
  365.7  365.7  1   14.648   14.648  1   38.970   38.970  1
  375.7  375.7  1   14.604   14.604  1   38.962   38.962  1
  385.8  385.8  1   14.550   14.550  1   38.951   38.951  1
  395.5  395.5  1   14.513   14.513  1   38.943   38.943  1
  405.5  405.5  1   14.477   14.477  1   38.937   38.937  1
  415.5  415.5  1   14.436   14.436  1   38.928   38.928  1
  425.2  425.2  1   14.382   14.382  1   38.917   38.917  1
  435.5  435.5  1   14.336   14.336  1   38.907   38.907  1
  445.7  445.7  1   14.306   14.306  1   38.900   38.900  1
  455.6  455.6  1   14.276   14.276  1   38.893   38.893  1
  465.5  465.5  1   14.244   14.244  1   38.886   38.886  1
  475.5  475.5  1   14.215   14.215  1   38.880   38.880  1
  485.5  485.5  1   14.197   14.197  1   38.876   38.876  1
  495.6  495.6  1   14.182   14.182  1   38.872   38.872  1
  505.7  505.7  1   14.153   14.153  1   38.866   38.866  1
  515.8  515.8  1   14.124   14.124  1   38.860   38.860  1
  525.5  525.5  1   14.104   14.104  1   38.856   38.856  1
  535.2  535.2  1   14.092   14.092  1   38.853   38.853  1
  545.4  545.4  1   14.069   14.069  1   38.847   38.847  1
  555.2  555.2  1   14.050   14.050  1   38.843   38.843  1
  565.1  565.1  1   14.031   14.031  1   38.838   38.838  1
  575.5  575.5  1   14.011   14.011  1   38.833   38.833  1
  585.5  585.5  1   14.001   14.001  1   38.830   38.830  1
  595.5  595.5  1   13.985   13.985  1   38.826   38.826  1
  605.6  605.6  1   13.972   13.972  1   38.823   38.823  1
  615.3  615.3  1   13.964   13.964  1   38.821   38.821  1
  624.0  624.0  1   13.953   13.953  1   38.818   38.818  1
