*SoftWare Version 3.0  2018/12/27

*HEADER
     PLATFORM NUMBER       :6903554
     CYCLE NUMBER          :053
     DATE CREATION         :20191210133921
     DATE UPDATE           :20191210134111
     PROJECT NAME          :ARGO Norway
     PI NAME               :Kjell Arne Mork
     INSTRUMENT TYPE       :APEX
     FLOAT SERIAL NO       :8621
     FIRMWARE VERSION      :2.11.3.S
     WMO INSTRUMENT TYPE   :846
     TRANSMISSION SYSTEM   :IRIDIUM
     POSITIONING SYSTEM    :GPS
     SAMPLE DIRECTION      :A(A=Ascend; D=Descend)
     DATA MODE             :A(R=Real Time; D=Delayed Mode; A=Real Time Adjusted)
     JULIAN DAY            :25545.4868 (days since 1950-01-01 00:00:00 UTC)
     DATE                  :2019-12-10
     QC FLAG FOR DATE      :1
*LOCATION
     LATITUDE              :69.146  
     LONGITUDE             :-5.715  
     QC FLAG FOR LOCATION  :1
*FILE
     COLUMN 1              :Pressure (dbar)                             F7.1
     COLUMN 2              :Corrected Pressure (dbar)                   F7.1
     COLUMN 3              :Quality on Pressure                         I3
     COLUMN 4              :Temperature (degree_Celsius)                F9.3
     COLUMN 5              :Corrected Temperature (degree_Celsius)      F9.3
     COLUMN 6              :Quality on Temperature                      I3
     COLUMN 7              :Salinity (PSU)                              F9.3
     COLUMN 8              :Corrected Salinity (PSU)                    F9.3
     COLUMN 9              :Quality on Salinity                         I3
==========================================================================
    4.2    4.1  1    5.536    5.536  1   35.024   35.024  1
    6.0    6.0  1    5.536    5.536  1   35.023   35.023  1
    8.0    8.0  1    5.536    5.536  1   35.023   35.023  1
   10.0    9.9  1    5.536    5.536  1   35.024   35.024  1
   12.1   12.0  1    5.536    5.536  1   35.024   35.024  1
   14.1   14.0  1    5.537    5.537  1   35.024   35.024  1
   16.0   16.0  1    5.538    5.538  1   35.023   35.023  1
   17.9   17.9  1    5.538    5.538  1   35.023   35.023  1
   20.2   20.2  1    5.533    5.533  1   35.024   35.024  1
   21.9   21.8  1    5.535    5.535  1   35.024   35.024  1
   24.0   23.9  1    5.538    5.538  1   35.024   35.024  1
   26.0   26.0  1    5.541    5.541  1   35.023   35.023  1
   28.0   27.9  1    5.541    5.541  1   35.023   35.023  1
   30.0   29.9  1    5.542    5.542  1   35.023   35.023  1
   32.0   31.9  1    5.543    5.543  1   35.023   35.023  1
   34.0   34.0  1    5.543    5.543  1   35.023   35.023  1
   36.0   35.9  1    5.545    5.545  1   35.022   35.022  1
   38.0   38.0  1    5.545    5.545  1   35.022   35.022  1
   40.0   40.0  1    5.544    5.544  1   35.022   35.022  1
   42.0   42.0  1    5.544    5.544  1   35.022   35.022  1
   44.0   43.9  1    5.545    5.545  1   35.022   35.022  1
   46.0   46.0  1    5.545    5.545  1   35.022   35.022  1
   48.0   48.0  1    5.545    5.545  1   35.023   35.023  1
   50.0   49.9  1    5.546    5.546  1   35.023   35.023  1
   52.0   51.9  1    5.546    5.546  1   35.023   35.023  1
   54.0   54.0  1    5.546    5.546  1   35.023   35.023  1
   56.0   56.0  1    5.546    5.546  1   35.023   35.023  1
   58.0   58.0  1    5.547    5.547  1   35.023   35.023  1
   60.0   59.9  1    5.547    5.547  1   35.023   35.023  1
   62.0   61.9  1    5.547    5.547  1   35.023   35.023  1
   64.0   63.9  1    5.548    5.548  1   35.023   35.023  1
   66.0   65.9  1    5.548    5.548  1   35.023   35.023  1
   68.0   67.9  1    5.547    5.547  1   35.023   35.023  1
   70.0   69.9  1    5.546    5.546  1   35.023   35.023  1
   72.0   71.9  1    5.546    5.546  1   35.023   35.023  1
   74.0   73.9  1    5.546    5.546  1   35.023   35.023  1
   76.0   76.0  1    5.546    5.546  1   35.023   35.023  1
   78.0   78.0  1    5.547    5.547  1   35.022   35.022  1
   80.0   80.0  1    5.547    5.547  1   35.022   35.022  1
   82.0   81.9  1    5.547    5.547  1   35.022   35.022  1
   84.0   83.9  1    5.548    5.548  1   35.022   35.022  1
   86.1   86.0  1    5.548    5.548  1   35.022   35.022  1
   88.1   88.0  1    5.549    5.549  1   35.022   35.022  1
   90.0   89.9  1    5.549    5.549  1   35.022   35.022  1
   91.9   91.9  1    5.550    5.550  1   35.022   35.022  1
   94.0   93.9  1    5.549    5.549  1   35.022   35.022  1
   96.0   95.9  1    5.549    5.549  1   35.022   35.022  1
   98.0   97.9  1    5.550    5.550  1   35.022   35.022  1
  100.0   99.9  1    5.549    5.549  1   35.022   35.022  1
  102.1  102.0  1    5.547    5.547  1   35.021   35.021  1
  104.0  103.9  1    5.544    5.544  1   35.021   35.021  1
  106.0  105.9  1    5.543    5.543  1   35.021   35.021  1
  108.0  108.0  1    5.546    5.546  1   35.021   35.021  1
  110.0  109.9  1    5.546    5.546  1   35.021   35.021  1
  112.0  111.9  1    5.545    5.545  1   35.021   35.021  1
  114.1  114.0  1    5.542    5.542  1   35.021   35.021  1
  116.1  116.0  1    5.541    5.541  1   35.021   35.021  1
  118.0  118.0  1    5.542    5.542  1   35.021   35.021  1
  120.1  120.0  1    5.543    5.543  1   35.021   35.021  1
  122.1  122.0  1    5.545    5.545  1   35.021   35.021  1
  124.0  124.0  1    5.547    5.547  1   35.021   35.021  1
  126.0  126.0  1    5.548    5.548  1   35.021   35.021  1
  128.0  128.0  1    5.548    5.548  1   35.021   35.021  1
  130.0  130.0  1    5.549    5.549  1   35.021   35.021  1
  132.0  132.0  1    5.549    5.549  1   35.021   35.021  1
  134.0  134.0  1    5.547    5.547  1   35.021   35.021  1
  136.0  135.9  1    5.548    5.548  1   35.021   35.021  1
  137.9  137.9  1    5.552    5.552  1   35.022   35.022  1
  140.0  140.0  1    5.554    5.554  1   35.023   35.023  1
  142.0  142.0  1    5.552    5.552  1   35.022   35.022  1
  144.0  143.9  1    5.550    5.550  1   35.022   35.022  1
  146.0  146.0  1    5.548    5.548  1   35.022   35.022  1
  148.0  148.0  1    5.550    5.550  1   35.022   35.022  1
  150.0  149.9  1    5.557    5.557  1   35.023   35.023  1
  151.9  151.9  1    5.557    5.557  1   35.023   35.023  1
  154.0  153.9  1    5.563    5.563  1   35.023   35.023  1
  156.1  156.0  1    5.568    5.568  1   35.024   35.024  1
  158.0  158.0  1    5.568    5.568  1   35.025   35.025  1
  160.0  159.9  1    5.567    5.567  1   35.025   35.025  1
  162.0  161.9  1    5.565    5.565  1   35.024   35.024  1
  164.0  163.9  1    5.563    5.563  1   35.024   35.024  1
  166.0  165.9  1    5.563    5.563  1   35.024   35.024  1
  168.0  167.9  1    5.559    5.559  1   35.023   35.023  1
  170.0  169.9  1    5.561    5.561  1   35.023   35.023  1
  172.0  172.0  1    5.561    5.561  1   35.023   35.023  1
  174.1  174.0  1    5.557    5.557  1   35.023   35.023  1
  176.0  176.0  1    5.558    5.558  1   35.023   35.023  1
  178.0  177.9  1    5.568    5.568  1   35.024   35.024  1
  180.0  179.9  1    5.569    5.569  1   35.024   35.024  1
  182.0  182.0  1    5.569    5.569  1   35.024   35.024  1
  184.0  183.9  1    5.567    5.567  1   35.024   35.024  1
  186.0  186.0  1    5.559    5.559  1   35.024   35.024  1
  188.0  188.0  1    5.552    5.552  1   35.023   35.023  1
  190.0  189.9  1    5.563    5.563  1   35.023   35.023  1
  192.0  192.0  1    5.564    5.564  1   35.024   35.024  1
  194.0  194.0  1    5.566    5.566  1   35.023   35.023  1
  196.0  195.9  1    5.557    5.557  1   35.023   35.023  1
  198.0  198.0  1    5.558    5.558  1   35.023   35.023  1
  200.0  199.9  1    5.561    5.561  1   35.024   35.024  1
  202.0  201.9  1    5.555    5.555  1   35.023   35.023  1
  204.0  204.0  1    5.545    5.545  1   35.021   35.021  1
  206.0  205.9  1    5.546    5.546  1   35.021   35.021  1
  208.0  208.0  1    5.550    5.550  1   35.021   35.021  1
  210.1  210.0  1    5.543    5.543  1   35.020   35.020  1
  212.0  212.0  1    5.537    5.537  1   35.020   35.020  1
  214.0  214.0  1    5.521    5.521  1   35.018   35.018  1
  216.0  216.0  1    5.532    5.532  1   35.017   35.017  1
  218.0  217.9  1    5.530    5.530  1   35.016   35.016  1
  220.0  219.9  1    5.511    5.511  1   35.010   35.010  1
  222.0  222.0  1    5.188    5.188  1   34.991   34.991  1
  224.1  224.0  1    4.943    4.943  1   34.970   34.970  1
  226.0  226.0  1    4.864    4.864  1   34.962   34.962  1
  227.9  227.9  1    4.830    4.830  1   34.959   34.959  1
  229.9  229.9  1    4.714    4.714  1   34.955   34.955  1
  232.0  231.9  1    4.663    4.663  1   34.958   34.958  1
  234.0  234.0  1    4.656    4.656  1   34.965   34.965  1
  236.0  236.0  1    4.616    4.616  1   34.964   34.964  1
  238.0  237.9  1    4.602    4.602  1   34.967   34.967  1
  240.0  239.9  1    4.607    4.607  1   34.972   34.972  1
  241.9  241.9  1    4.629    4.629  1   34.979   34.979  1
  244.0  243.9  1    4.590    4.590  1   34.978   34.978  1
  246.0  246.0  1    4.558    4.558  1   34.976   34.976  1
  248.0  248.0  1    4.562    4.562  1   34.979   34.979  1
  250.0  249.9  1    4.572    4.572  1   34.982   34.982  1
  252.0  252.0  1    4.581    4.581  1   34.984   34.984  1
  254.0  253.9  1    4.593    4.593  1   34.989   34.989  1
  256.0  255.9  1    4.584    4.584  1   34.989   34.989  1
  258.0  258.0  1    4.562    4.562  1   34.987   34.987  1
  260.0  260.0  1    4.532    4.532  1   34.986   34.986  1
  262.0  262.0  1    4.515    4.515  1   34.985   34.985  1
  264.0  263.9  1    4.487    4.487  1   34.985   34.985  1
  266.0  266.0  1    4.459    4.459  1   34.984   34.984  1
  268.0  267.9  1    4.434    4.434  1   34.984   34.984  1
  270.0  269.9  1    4.407    4.407  1   34.983   34.983  1
  272.0  272.0  1    4.398    4.398  1   34.983   34.983  1
  274.0  273.9  1    4.379    4.379  1   34.984   34.984  1
  276.0  276.0  1    4.354    4.354  1   34.984   34.984  1
  278.0  278.0  1    4.339    4.339  1   34.984   34.984  1
  280.0  279.9  1    4.305    4.305  1   34.984   34.984  1
  282.0  282.0  1    4.286    4.286  1   34.982   34.982  1
  284.0  283.9  1    4.264    4.264  1   34.981   34.981  1
  286.0  286.0  1    4.247    4.247  1   34.980   34.980  1
  288.0  287.9  1    4.233    4.233  1   34.980   34.980  1
  290.0  289.9  1    4.206    4.206  1   34.979   34.979  1
  292.0  291.9  1    4.173    4.173  1   34.977   34.977  1
  294.0  294.0  1    4.163    4.163  1   34.977   34.977  1
  296.0  296.0  1    4.163    4.163  1   34.978   34.978  1
  298.0  298.0  1    4.159    4.159  1   34.977   34.977  1
  300.0  299.9  1    4.131    4.131  1   34.977   34.977  1
  302.0  301.9  1    4.114    4.114  1   34.975   34.975  1
  304.0  304.0  1    4.080    4.080  1   34.974   34.974  1
  306.0  306.0  1    4.044    4.044  1   34.972   34.972  1
  308.0  307.9  1    4.005    4.005  1   34.972   34.972  1
  310.0  309.9  1    3.979    3.979  1   34.970   34.970  1
  312.0  312.0  1    3.948    3.948  1   34.969   34.969  1
  314.0  313.9  1    3.926    3.926  1   34.968   34.968  1
  316.0  315.9  1    3.888    3.888  1   34.968   34.968  1
  318.0  318.0  1    3.846    3.846  1   34.966   34.966  1
  320.0  320.0  1    3.830    3.830  1   34.966   34.966  1
  322.0  322.0  1    3.810    3.810  1   34.965   34.965  1
  324.0  324.0  1    3.767    3.767  1   34.965   34.965  1
  326.0  326.0  1    3.714    3.714  1   34.963   34.963  1
  328.0  327.9  1    3.661    3.661  1   34.962   34.962  1
  330.0  329.9  1    3.619    3.619  1   34.960   34.960  1
  332.0  331.9  1    3.588    3.588  1   34.959   34.959  1
  334.0  334.0  1    3.572    3.572  1   34.958   34.958  1
  336.0  336.0  1    3.525    3.525  1   34.958   34.958  1
  338.0  338.0  1    3.488    3.488  1   34.958   34.958  1
  340.0  339.9  1    3.480    3.480  1   34.957   34.957  1
  342.0  341.9  1    3.466    3.466  1   34.956   34.956  1
  344.0  344.0  1    3.434    3.434  1   34.955   34.955  1
  346.0  346.0  1    3.388    3.388  1   34.954   34.954  1
  348.0  348.0  1    3.344    3.344  1   34.952   34.952  1
  350.0  349.9  1    3.280    3.280  1   34.952   34.952  1
  352.0  352.0  1    3.238    3.238  1   34.952   34.952  1
  354.0  354.0  1    3.199    3.199  1   34.951   34.951  1
  356.0  355.9  1    3.197    3.197  1   34.950   34.950  1
  358.0  357.9  1    3.166    3.166  1   34.949   34.949  1
  360.0  359.9  1    3.087    3.087  1   34.947   34.947  1
  362.0  362.0  1    3.049    3.049  1   34.944   34.944  1
  364.0  364.0  1    3.022    3.022  1   34.944   34.944  1
  366.0  366.0  1    2.986    2.986  1   34.943   34.943  1
  368.0  367.9  1    2.961    2.961  1   34.942   34.942  1
  370.0  369.9  1    2.921    2.921  1   34.942   34.942  1
  372.0  372.0  1    2.882    2.882  1   34.941   34.941  1
  374.1  374.0  1    2.858    2.858  1   34.940   34.940  1
  376.0  376.0  1    2.836    2.836  1   34.940   34.940  1
  378.0  378.0  1    2.773    2.773  1   34.940   34.940  1
  380.0  380.0  1    2.709    2.709  1   34.938   34.938  1
  382.0  382.0  1    2.675    2.675  1   34.937   34.937  1
  384.0  384.0  1    2.638    2.638  1   34.937   34.937  1
  386.0  386.0  1    2.570    2.570  1   34.936   34.936  1
  388.0  388.0  1    2.555    2.555  1   34.936   34.936  1
  390.0  390.0  1    2.550    2.550  1   34.935   34.935  1
  392.0  392.0  1    2.501    2.501  1   34.936   34.936  1
  394.0  394.0  1    2.459    2.459  1   34.934   34.934  1
  396.0  396.0  1    2.428    2.428  1   34.933   34.933  1
  398.0  398.0  1    2.355    2.355  1   34.933   34.933  1
  400.0  400.0  1    2.310    2.310  1   34.931   34.931  1
  402.0  402.0  1    2.268    2.268  1   34.930   34.930  1
  404.0  404.0  1    2.198    2.198  1   34.928   34.928  1
  406.0  406.0  1    2.160    2.160  1   34.928   34.928  1
  408.0  408.0  1    2.091    2.091  1   34.929   34.929  1
  410.0  410.0  1    2.064    2.064  1   34.928   34.928  1
  412.0  412.0  1    2.040    2.040  1   34.926   34.926  1
  414.0  414.0  1    2.008    2.008  1   34.927   34.927  1
  416.0  415.9  1    1.983    1.983  1   34.926   34.926  1
  418.0  417.9  1    1.943    1.943  1   34.926   34.926  1
  420.0  419.9  1    1.846    1.846  1   34.925   34.925  1
  422.0  422.0  1    1.815    1.815  1   34.923   34.923  1
  424.0  424.0  1    1.778    1.778  1   34.922   34.922  1
  426.0  426.0  1    1.724    1.724  1   34.921   34.921  1
  428.0  428.0  1    1.658    1.658  1   34.920   34.920  1
  430.0  430.0  1    1.647    1.647  1   34.919   34.919  1
  432.0  432.0  1    1.643    1.643  1   34.919   34.919  1
  434.0  434.0  1    1.623    1.623  1   34.919   34.919  1
  436.0  436.0  1    1.587    1.587  1   34.918   34.918  1
  438.0  437.9  1    1.554    1.554  1   34.918   34.918  1
  440.0  439.9  1    1.498    1.498  1   34.917   34.917  1
  442.0  442.0  1    1.464    1.464  1   34.916   34.916  1
  444.0  443.9  1    1.430    1.430  1   34.917   34.917  1
  446.0  445.9  1    1.416    1.416  1   34.916   34.916  1
  448.0  447.9  1    1.393    1.393  1   34.916   34.916  1
  450.0  449.9  1    1.371    1.371  1   34.915   34.915  1
  452.0  452.0  1    1.329    1.329  1   34.915   34.915  1
  454.0  454.0  1    1.308    1.308  1   34.914   34.914  1
  456.1  456.0  1    1.297    1.297  1   34.914   34.914  1
  458.0  458.0  1    1.284    1.284  1   34.913   34.913  1
  460.0  459.9  1    1.275    1.275  1   34.912   34.912  1
  462.0  462.0  1    1.206    1.206  1   34.913   34.913  1
  464.1  464.0  1    1.153    1.153  1   34.912   34.912  1
  466.1  466.0  1    1.133    1.133  1   34.911   34.911  1
  468.0  468.0  1    1.120    1.120  1   34.910   34.910  1
  470.0  469.9  1    1.086    1.086  1   34.911   34.911  1
  472.0  471.9  1    1.058    1.058  1   34.910   34.910  1
  474.0  474.0  1    1.049    1.049  1   34.910   34.910  1
  476.0  476.0  1    1.032    1.032  1   34.909   34.909  1
  478.0  478.0  1    1.011    1.011  1   34.909   34.909  1
  480.0  479.9  1    0.998    0.998  1   34.909   34.909  1
  482.0  482.0  1    0.984    0.984  1   34.908   34.908  1
  484.0  483.9  1    0.950    0.950  1   34.908   34.908  1
  485.9  485.9  1    0.907    0.907  1   34.907   34.907  1
  488.0  488.0  1    0.869    0.869  1   34.907   34.907  1
  490.1  490.0  1    0.846    0.846  1   34.906   34.906  1
  492.0  492.0  1    0.827    0.827  1   34.906   34.906  1
  494.0  493.9  1    0.808    0.808  1   34.905   34.905  1
  495.9  495.9  1    0.794    0.794  1   34.905   34.905  1
  497.9  497.9  1    0.779    0.779  1   34.905   34.905  1
  500.0  500.0  1    0.760    0.760  1   34.905   34.905  1
  502.0  502.0  1    0.747    0.747  1   34.905   34.905  1
  504.0  504.0  1    0.733    0.733  1   34.904   34.904  1
  506.0  506.0  1    0.726    0.726  1   34.904   34.904  1
  508.0  507.9  1    0.720    0.720  1   34.904   34.904  1
  509.9  509.9  1    0.714    0.714  1   34.903   34.903  1
  512.0  511.9  1    0.711    0.711  1   34.903   34.903  1
  514.0  514.0  1    0.705    0.705  1   34.903   34.903  1
  516.0  516.0  1    0.690    0.690  1   34.904   34.904  1
  518.0  518.0  1    0.681    0.681  1   34.904   34.904  1
  520.0  519.9  1    0.661    0.661  1   34.904   34.904  1
  522.0  521.9  1    0.661    0.661  1   34.904   34.904  1
  524.0  523.9  1    0.644    0.644  1   34.905   34.905  1
  526.0  526.0  1    0.623    0.623  1   34.904   34.904  1
  528.1  528.0  1    0.617    0.617  1   34.904   34.904  1
  530.0  530.0  1    0.603    0.603  1   34.904   34.904  1
  531.9  531.9  1    0.599    0.599  1   34.905   34.905  1
  533.9  533.9  1    0.594    0.594  1   34.905   34.905  1
  536.0  536.0  1    0.585    0.585  1   34.905   34.905  1
  538.0  537.9  1    0.586    0.586  1   34.906   34.906  1
  540.0  539.9  1    0.598    0.598  1   34.908   34.908  1
  542.0  542.0  1    0.595    0.595  1   34.908   34.908  1
  544.0  544.0  1    0.593    0.593  1   34.908   34.908  1
  546.0  546.0  1    0.584    0.584  1   34.909   34.909  1
  548.0  547.9  1    0.583    0.583  1   34.909   34.909  1
  550.0  550.0  1    0.576    0.576  1   34.909   34.909  1
  552.0  552.0  1    0.567    0.567  1   34.909   34.909  1
  554.0  553.9  1    0.558    0.558  1   34.910   34.910  1
  556.0  556.0  1    0.527    0.527  1   34.907   34.907  1
  558.0  558.0  1    0.526    0.526  1   34.908   34.908  1
  560.0  560.0  1    0.499    0.499  1   34.907   34.907  1
  562.0  562.0  1    0.501    0.501  1   34.907   34.907  1
  563.9  563.9  1    0.497    0.497  1   34.908   34.908  1
  566.0  565.9  1    0.494    0.494  1   34.908   34.908  1
  568.0  568.0  1    0.499    0.499  1   34.908   34.908  1
  570.0  570.0  1    0.489    0.489  1   34.909   34.909  1
  572.0  571.9  1    0.474    0.474  1   34.909   34.909  1
  574.0  574.0  1    0.461    0.461  1   34.909   34.909  1
  576.0  575.9  1    0.456    0.456  1   34.909   34.909  1
  577.9  577.9  1    0.447    0.447  1   34.908   34.908  1
  580.0  580.0  1    0.438    0.438  1   34.908   34.908  1
  582.0  582.0  1    0.420    0.420  1   34.909   34.909  1
  584.0  583.9  1    0.409    0.409  1   34.908   34.908  1
  586.0  586.0  1    0.407    0.407  1   34.907   34.907  1
  588.0  588.0  1    0.403    0.403  1   34.907   34.907  1
  590.0  589.9  1    0.383    0.383  1   34.907   34.907  1
  592.0  592.0  1    0.371    0.371  1   34.907   34.907  1
  593.9  593.9  1    0.365    0.365  1   34.907   34.907  1
  596.0  596.0  1    0.360    0.360  1   34.906   34.906  1
  598.0  597.9  1    0.349    0.349  1   34.907   34.907  1
  600.0  600.0  1    0.331    0.331  1   34.907   34.907  1
  602.0  602.0  1    0.318    0.318  1   34.907   34.907  1
  604.0  604.0  1    0.312    0.312  1   34.907   34.907  1
  606.0  606.0  1    0.300    0.300  1   34.907   34.907  1
  608.0  607.9  1    0.294    0.294  1   34.907   34.907  1
  610.0  610.0  1    0.284    0.284  1   34.907   34.907  1
  612.0  612.0  1    0.275    0.275  1   34.907   34.907  1
  614.0  613.9  1    0.272    0.272  1   34.907   34.907  1
  616.1  616.0  1    0.255    0.255  1   34.907   34.907  1
  618.0  617.9  1    0.245    0.245  1   34.907   34.907  1
  620.0  619.9  1    0.238    0.238  1   34.907   34.907  1
  622.0  621.9  1    0.233    0.233  1   34.907   34.907  1
  624.0  623.9  1    0.225    0.225  1   34.907   34.907  1
  626.0  625.9  1    0.217    0.217  1   34.907   34.907  1
  628.0  628.0  1    0.214    0.214  1   34.907   34.907  1
  630.1  630.0  1    0.213    0.213  1   34.907   34.907  1
  632.0  631.9  1    0.212    0.212  1   34.907   34.907  1
  634.0  634.0  1    0.209    0.209  1   34.907   34.907  1
  636.0  635.9  1    0.206    0.206  1   34.907   34.907  1
  638.0  638.0  1    0.203    0.203  1   34.907   34.907  1
  640.0  639.9  1    0.201    0.201  1   34.907   34.907  1
  642.0  642.0  1    0.199    0.199  1   34.907   34.907  1
  644.0  643.9  1    0.195    0.195  1   34.907   34.907  1
  646.0  646.0  1    0.192    0.192  1   34.907   34.907  1
  648.0  647.9  1    0.184    0.184  1   34.907   34.907  1
  650.0  650.0  1    0.180    0.180  1   34.906   34.906  1
  652.0  651.9  1    0.175    0.175  1   34.906   34.906  1
  654.0  654.0  1    0.163    0.163  1   34.906   34.906  1
  656.0  656.0  1    0.146    0.146  1   34.906   34.906  1
  658.0  657.9  1    0.135    0.135  1   34.906   34.906  1
  660.0  660.0  1    0.125    0.125  1   34.905   34.905  1
  662.0  661.9  1    0.120    0.120  1   34.905   34.905  1
  664.0  664.0  1    0.106    0.106  1   34.905   34.905  1
  666.0  665.9  1    0.099    0.099  1   34.905   34.905  1
  668.0  668.0  1    0.092    0.092  1   34.905   34.905  1
  670.0  669.9  1    0.091    0.091  1   34.905   34.905  1
  672.1  672.0  1    0.088    0.088  1   34.905   34.905  1
  674.0  673.9  1    0.083    0.083  1   34.905   34.905  1
  676.0  675.9  1    0.080    0.080  1   34.905   34.905  1
  678.0  677.9  1    0.076    0.076  1   34.904   34.904  1
  680.0  679.9  1    0.074    0.074  1   34.904   34.904  1
  682.1  682.0  1    0.070    0.070  1   34.904   34.904  1
  684.0  684.0  1    0.067    0.067  1   34.904   34.904  1
  686.0  686.0  1    0.061    0.061  1   34.904   34.904  1
  688.0  688.0  1    0.054    0.054  1   34.904   34.904  1
  690.0  689.9  1    0.051    0.051  1   34.904   34.904  1
  692.0  692.0  1    0.048    0.048  1   34.904   34.904  1
  694.1  694.0  1    0.048    0.048  1   34.904   34.904  1
  696.0  695.9  1    0.047    0.047  1   34.904   34.904  1
  698.1  698.0  1    0.043    0.043  1   34.904   34.904  1
  700.0  700.0  1    0.040    0.040  1   34.903   34.903  1
  702.0  701.9  1    0.038    0.038  1   34.903   34.903  1
  704.0  704.0  1    0.030    0.030  1   34.903   34.903  1
  706.0  705.9  1    0.027    0.027  1   34.904   34.904  1
  708.0  708.0  1    0.024    0.024  1   34.903   34.903  1
  710.0  710.0  1    0.022    0.022  1   34.904   34.904  1
  712.0  711.9  1    0.019    0.019  1   34.904   34.904  1
  714.1  714.0  1    0.014    0.014  1   34.904   34.904  1
  716.0  716.0  1    0.012    0.012  1   34.904   34.904  1
  718.0  718.0  1    0.009    0.009  1   34.904   34.904  1
  720.0  720.0  1    0.006    0.006  1   34.904   34.904  1
  721.9  721.9  1    0.005    0.005  1   34.904   34.904  1
  724.0  724.0  1    0.005    0.005  1   34.904   34.904  1
  726.0  725.9  1    0.004    0.004  1   34.904   34.904  1
  728.0  728.0  1    0.003    0.003  1   34.904   34.904  1
  730.0  729.9  1   -0.001   -0.001  1   34.904   34.904  1
  732.0  732.0  1   -0.002   -0.002  1   34.904   34.904  1
  734.0  734.0  1   -0.004   -0.004  1   34.904   34.904  1
  736.0  735.9  1   -0.006   -0.006  1   34.905   34.905  1
  738.0  738.0  1   -0.009   -0.009  1   34.905   34.905  1
  740.0  740.0  1   -0.016   -0.016  1   34.905   34.905  1
  742.0  742.0  1   -0.021   -0.021  1   34.905   34.905  1
  744.0  744.0  1   -0.023   -0.023  1   34.905   34.905  1
  746.0  746.0  1   -0.024   -0.024  1   34.905   34.905  1
  748.0  747.9  1   -0.024   -0.024  1   34.905   34.905  1
  750.0  749.9  1   -0.025   -0.025  1   34.905   34.905  1
  751.9  751.9  1   -0.025   -0.025  1   34.905   34.905  1
  754.0  754.0  1   -0.026   -0.026  1   34.906   34.906  1
  756.0  756.0  1   -0.029   -0.029  1   34.907   34.907  1
  758.0  758.0  1   -0.031   -0.031  1   34.906   34.906  1
  760.0  759.9  1   -0.036   -0.036  1   34.907   34.907  1
  762.1  762.0  1   -0.041   -0.041  1   34.907   34.907  1
  764.0  763.9  1   -0.044   -0.044  1   34.907   34.907  1
  766.0  766.0  1   -0.046   -0.046  1   34.907   34.907  1
  768.0  768.0  1   -0.050   -0.050  1   34.907   34.907  1
  770.0  770.0  1   -0.051   -0.051  1   34.907   34.907  1
  772.0  772.0  1   -0.053   -0.053  1   34.907   34.907  1
  774.0  774.0  1   -0.054   -0.054  1   34.907   34.907  1
  776.0  775.9  1   -0.056   -0.056  1   34.907   34.907  1
  778.0  778.0  1   -0.060   -0.060  1   34.907   34.907  1
  780.0  779.9  1   -0.062   -0.062  1   34.907   34.907  1
  782.1  782.0  1   -0.063   -0.063  1   34.907   34.907  1
  784.0  784.0  1   -0.066   -0.066  1   34.907   34.907  1
  786.0  786.0  1   -0.067   -0.067  1   34.907   34.907  1
  788.0  787.9  1   -0.068   -0.068  1   34.907   34.907  1
  790.0  789.9  1   -0.069   -0.069  1   34.907   34.907  1
  791.9  791.9  1   -0.072   -0.072  1   34.907   34.907  1
  794.0  793.9  1   -0.074   -0.074  1   34.907   34.907  1
  796.0  795.9  1   -0.076   -0.076  1   34.907   34.907  1
  798.0  798.0  1   -0.079   -0.079  1   34.907   34.907  1
  800.0  799.9  1   -0.082   -0.082  1   34.907   34.907  1
  802.0  802.0  1   -0.085   -0.085  1   34.907   34.907  1
  804.0  803.9  1   -0.086   -0.086  1   34.907   34.907  1
  806.0  806.0  1   -0.086   -0.086  1   34.907   34.907  1
  808.0  807.9  1   -0.086   -0.086  1   34.907   34.907  1
  810.0  809.9  1   -0.090   -0.090  1   34.908   34.908  1
  812.0  812.0  1   -0.092   -0.092  1   34.908   34.908  1
  814.0  813.9  1   -0.093   -0.093  1   34.908   34.908  1
  816.0  816.0  1   -0.096   -0.096  1   34.908   34.908  1
  818.0  818.0  1   -0.097   -0.097  1   34.908   34.908  1
  820.0  820.0  1   -0.101   -0.101  1   34.908   34.908  1
  822.0  822.0  1   -0.102   -0.102  1   34.908   34.908  1
  824.0  823.9  1   -0.105   -0.105  1   34.908   34.908  1
  826.0  825.9  1   -0.108   -0.108  1   34.908   34.908  1
  828.0  828.0  1   -0.110   -0.110  1   34.908   34.908  1
  830.0  830.0  1   -0.112   -0.112  1   34.909   34.909  1
  832.0  832.0  1   -0.112   -0.112  1   34.908   34.908  1
  834.0  834.0  1   -0.112   -0.112  1   34.908   34.908  1
  836.0  836.0  1   -0.115   -0.115  1   34.908   34.908  1
  838.0  838.0  1   -0.116   -0.116  1   34.908   34.908  1
  839.9  839.9  1   -0.120   -0.120  1   34.908   34.908  1
  842.0  842.0  1   -0.122   -0.122  1   34.908   34.908  1
  844.0  844.0  1   -0.124   -0.124  1   34.909   34.909  1
  846.0  846.0  1   -0.124   -0.124  1   34.908   34.908  1
  848.0  847.9  1   -0.126   -0.126  1   34.908   34.908  1
  850.0  850.0  1   -0.130   -0.130  1   34.908   34.908  1
  852.0  851.9  1   -0.132   -0.132  1   34.909   34.909  1
  854.0  854.0  1   -0.135   -0.135  1   34.908   34.908  1
  856.0  855.9  1   -0.136   -0.136  1   34.909   34.909  1
  858.0  858.0  1   -0.139   -0.139  1   34.908   34.908  1
  860.0  859.9  1   -0.142   -0.142  1   34.909   34.909  1
  862.0  861.9  1   -0.146   -0.146  1   34.909   34.909  1
  864.0  863.9  1   -0.149   -0.149  1   34.909   34.909  1
  866.0  866.0  1   -0.153   -0.153  1   34.909   34.909  1
  868.0  868.0  1   -0.157   -0.157  1   34.909   34.909  1
  870.0  870.0  1   -0.157   -0.157  1   34.909   34.909  1
  872.0  872.0  1   -0.157   -0.157  1   34.909   34.909  1
  873.9  873.9  1   -0.159   -0.159  1   34.909   34.909  1
  876.0  876.0  1   -0.163   -0.163  1   34.909   34.909  1
  878.0  877.9  1   -0.167   -0.167  1   34.908   34.908  1
  880.0  880.0  1   -0.174   -0.174  1   34.909   34.909  1
  882.0  882.0  1   -0.178   -0.178  1   34.909   34.909  1
  884.0  884.0  1   -0.181   -0.181  1   34.909   34.909  1
  886.0  886.0  1   -0.182   -0.182  1   34.909   34.909  1
  888.0  888.0  1   -0.185   -0.185  1   34.909   34.909  1
  890.0  890.0  1   -0.185   -0.185  1   34.909   34.909  1
  892.0  891.9  1   -0.189   -0.189  1   34.909   34.909  1
  894.0  894.0  1   -0.192   -0.192  1   34.909   34.909  1
  896.0  895.9  1   -0.194   -0.194  1   34.909   34.909  1
  898.0  898.0  1   -0.195   -0.195  1   34.909   34.909  1
  900.0  899.9  1   -0.199   -0.199  1   34.909   34.909  1
  902.0  901.9  1   -0.204   -0.204  1   34.909   34.909  1
  904.0  904.0  1   -0.206   -0.206  1   34.909   34.909  1
  906.0  905.9  1   -0.209   -0.209  1   34.909   34.909  1
  908.0  908.0  1   -0.212   -0.212  1   34.909   34.909  1
  910.0  909.9  1   -0.215   -0.215  1   34.909   34.909  1
  912.0  912.0  1   -0.219   -0.219  1   34.909   34.909  1
  914.0  914.0  1   -0.223   -0.223  1   34.909   34.909  1
  916.0  915.9  1   -0.223   -0.223  1   34.909   34.909  1
  918.0  917.9  1   -0.223   -0.223  1   34.909   34.909  1
  920.0  920.0  1   -0.228   -0.228  1   34.910   34.910  1
  922.1  922.0  1   -0.229   -0.229  1   34.909   34.909  1
  924.0  923.9  1   -0.230   -0.230  1   34.909   34.909  1
  926.0  926.0  1   -0.234   -0.234  1   34.909   34.909  1
  928.0  928.0  1   -0.235   -0.235  1   34.909   34.909  1
  930.0  930.0  1   -0.237   -0.237  1   34.909   34.909  1
  932.0  931.9  1   -0.238   -0.238  1   34.909   34.909  1
  934.0  934.0  1   -0.242   -0.242  1   34.909   34.909  1
  936.0  935.9  1   -0.245   -0.245  1   34.910   34.910  1
  938.0  938.0  1   -0.247   -0.247  1   34.909   34.909  1
  940.0  939.9  1   -0.248   -0.248  1   34.910   34.910  1
  942.0  942.0  1   -0.249   -0.249  1   34.910   34.910  1
  944.0  944.0  1   -0.251   -0.251  1   34.910   34.910  1
  946.0  945.9  1   -0.252   -0.252  1   34.910   34.910  1
  948.0  948.0  1   -0.252   -0.252  1   34.910   34.910  1
  950.0  950.0  1   -0.252   -0.252  1   34.909   34.909  1
  952.0  951.9  1   -0.253   -0.253  1   34.910   34.910  1
  954.0  954.0  1   -0.254   -0.254  1   34.910   34.910  1
  956.0  955.9  1   -0.254   -0.254  1   34.910   34.910  1
  958.0  957.9  1   -0.255   -0.255  1   34.910   34.910  1
  960.0  959.9  1   -0.258   -0.258  1   34.910   34.910  1
  962.0  961.9  1   -0.261   -0.261  1   34.910   34.910  1
  964.0  963.9  1   -0.262   -0.262  1   34.910   34.910  1
  966.0  965.9  1   -0.263   -0.263  1   34.910   34.910  1
  968.0  968.0  1   -0.268   -0.268  1   34.910   34.910  1
  970.0  969.9  1   -0.271   -0.271  1   34.910   34.910  1
  972.0  972.0  1   -0.273   -0.273  1   34.909   34.909  1
  974.0  973.9  1   -0.275   -0.275  1   34.910   34.910  1
  976.0  976.0  1   -0.281   -0.281  1   34.910   34.910  1
  978.0  977.9  1   -0.284   -0.284  1   34.910   34.910  1
  980.0  979.9  1   -0.285   -0.285  1   34.910   34.910  1
  982.0  982.0  1   -0.285   -0.285  1   34.910   34.910  1
  984.0  984.0  1   -0.286   -0.286  1   34.910   34.910  1
  986.0  986.0  1   -0.286   -0.286  1   34.910   34.910  1
  988.0  988.0  1   -0.287   -0.287  1   34.910   34.910  1
  990.0  990.0  1   -0.287   -0.287  1   34.910   34.910  1
  992.0  992.0  1   -0.287   -0.287  1   34.910   34.910  1
  994.0  994.0  1   -0.290   -0.290  1   34.910   34.910  1
  996.0  996.0  1   -0.293   -0.293  1   34.910   34.910  1
  998.0  998.0  1   -0.294   -0.294  1   34.909   34.909  1
 1000.0 1000.0  1   -0.295   -0.295  1   34.910   34.910  1
 1002.0 1002.0  1   -0.296   -0.296  1   34.910   34.910  1
 1004.0 1003.9  1   -0.299   -0.299  1   34.910   34.910  1
 1006.0 1005.9  1   -0.301   -0.301  1   34.910   34.910  1
 1008.0 1008.0  1   -0.301   -0.301  1   34.910   34.910  1
 1010.0 1010.0  1   -0.301   -0.301  1   34.909   34.909  1
 1012.0 1012.0  1   -0.306   -0.306  1   34.910   34.910  1
 1014.0 1014.0  1   -0.306   -0.306  1   34.910   34.910  1
 1016.0 1015.9  1   -0.308   -0.308  1   34.910   34.910  1
 1018.0 1017.9  1   -0.308   -0.308  1   34.910   34.910  1
 1020.0 1019.9  1   -0.310   -0.310  1   34.910   34.910  1
 1022.0 1022.0  1   -0.312   -0.312  1   34.910   34.910  1
 1024.0 1024.0  1   -0.315   -0.315  1   34.910   34.910  1
 1026.0 1026.0  1   -0.317   -0.317  1   34.910   34.910  1
 1028.0 1028.0  1   -0.318   -0.318  1   34.910   34.910  1
 1030.0 1030.0  1   -0.320   -0.320  1   34.910   34.910  1
 1032.0 1031.9  1   -0.321   -0.321  1   34.910   34.910  1
 1034.0 1034.0  1   -0.322   -0.322  1   34.910   34.910  1
 1036.0 1036.0  1   -0.323   -0.323  1   34.910   34.910  1
 1038.0 1037.9  1   -0.324   -0.324  1   34.910   34.910  1
 1040.0 1039.9  1   -0.324   -0.324  1   34.910   34.910  1
 1042.0 1041.9  1   -0.326   -0.326  1   34.910   34.910  1
 1044.0 1043.9  1   -0.327   -0.327  1   34.910   34.910  1
 1046.0 1046.0  1   -0.330   -0.330  1   34.910   34.910  1
 1048.0 1047.9  1   -0.332   -0.332  1   34.910   34.910  1
 1050.0 1049.9  1   -0.334   -0.334  1   34.910   34.910  1
 1052.0 1052.0  1   -0.335   -0.335  1   34.910   34.910  1
 1054.0 1054.0  1   -0.336   -0.336  1   34.910   34.910  1
 1056.0 1056.0  1   -0.338   -0.338  1   34.910   34.910  1
 1058.0 1058.0  1   -0.340   -0.340  1   34.910   34.910  1
 1060.0 1059.9  1   -0.343   -0.343  1   34.910   34.910  1
 1062.0 1061.9  1   -0.345   -0.345  1   34.910   34.910  1
 1064.0 1063.9  1   -0.349   -0.349  1   34.910   34.910  1
 1066.0 1065.9  1   -0.350   -0.350  1   34.910   34.910  1
 1068.0 1068.0  1   -0.353   -0.353  1   34.910   34.910  1
 1070.0 1070.0  1   -0.354   -0.354  1   34.909   34.909  1
 1072.0 1071.9  1   -0.355   -0.355  1   34.910   34.910  1
 1074.0 1073.9  1   -0.355   -0.355  1   34.910   34.910  1
 1076.0 1075.9  1   -0.356   -0.356  1   34.909   34.909  1
 1078.0 1077.9  1   -0.359   -0.359  1   34.910   34.910  1
 1080.0 1080.0  1   -0.360   -0.360  1   34.910   34.910  1
 1082.0 1082.0  1   -0.362   -0.362  1   34.909   34.909  1
 1084.0 1083.9  1   -0.365   -0.365  1   34.909   34.909  1
 1086.0 1085.9  1   -0.366   -0.366  1   34.909   34.909  1
 1087.9 1087.9  1   -0.369   -0.369  1   34.910   34.910  1
 1090.0 1089.9  1   -0.369   -0.369  1   34.910   34.910  1
 1092.0 1092.0  1   -0.370   -0.370  1   34.909   34.909  1
 1094.0 1094.0  1   -0.370   -0.370  1   34.909   34.909  1
 1096.0 1096.0  1   -0.373   -0.373  1   34.909   34.909  1
 1098.0 1098.0  1   -0.375   -0.375  1   34.910   34.910  1
 1100.0 1099.9  1   -0.377   -0.377  1   34.910   34.910  1
 1102.0 1102.0  1   -0.379   -0.379  1   34.909   34.909  1
 1104.0 1104.0  1   -0.380   -0.380  1   34.909   34.909  1
 1106.1 1106.0  1   -0.381   -0.381  1   34.909   34.909  1
 1108.0 1108.0  1   -0.381   -0.381  1   34.909   34.909  1
 1110.0 1109.9  1   -0.383   -0.383  1   34.910   34.910  1
 1112.0 1112.0  1   -0.384   -0.384  1   34.909   34.909  1
 1114.0 1113.9  1   -0.384   -0.384  1   34.909   34.909  1
 1116.0 1116.0  1   -0.385   -0.385  1   34.909   34.909  1
 1118.0 1118.0  1   -0.387   -0.387  1   34.909   34.909  1
 1120.0 1119.9  1   -0.388   -0.388  1   34.910   34.910  1
 1122.0 1122.0  1   -0.389   -0.389  1   34.909   34.909  1
 1124.0 1123.9  1   -0.389   -0.389  1   34.909   34.909  1
 1126.0 1125.9  1   -0.389   -0.389  1   34.909   34.909  1
 1128.0 1128.0  1   -0.391   -0.391  1   34.909   34.909  1
 1130.0 1129.9  1   -0.393   -0.393  1   34.910   34.910  1
 1132.0 1131.9  1   -0.394   -0.394  1   34.909   34.909  1
 1133.9 1133.9  1   -0.394   -0.394  1   34.909   34.909  1
 1136.0 1136.0  1   -0.394   -0.394  1   34.909   34.909  1
 1138.0 1138.0  1   -0.394   -0.394  1   34.909   34.909  1
 1140.0 1139.9  1   -0.395   -0.395  1   34.910   34.910  1
 1142.0 1141.9  1   -0.395   -0.395  1   34.909   34.909  1
 1144.0 1143.9  1   -0.396   -0.396  1   34.909   34.909  1
 1146.0 1146.0  1   -0.396   -0.396  1   34.909   34.909  1
 1148.0 1148.0  1   -0.396   -0.396  1   34.909   34.909  1
 1150.0 1150.0  1   -0.397   -0.397  1   34.909   34.909  1
 1152.0 1151.9  1   -0.398   -0.398  1   34.909   34.909  1
 1154.0 1153.9  1   -0.401   -0.401  1   34.909   34.909  1
 1156.0 1155.9  1   -0.403   -0.403  1   34.909   34.909  1
 1158.0 1157.9  1   -0.403   -0.403  1   34.909   34.909  1
 1160.0 1159.9  1   -0.404   -0.404  1   34.909   34.909  1
 1162.0 1161.9  1   -0.407   -0.407  1   34.909   34.909  1
 1164.0 1163.9  1   -0.407   -0.407  1   34.909   34.909  1
 1166.0 1165.9  1   -0.408   -0.408  1   34.909   34.909  1
 1168.0 1167.9  1   -0.410   -0.410  1   34.909   34.909  1
 1170.0 1169.9  1   -0.412   -0.412  1   34.909   34.909  1
 1171.9 1171.9  1   -0.413   -0.413  1   34.909   34.909  1
 1174.0 1173.9  1   -0.414   -0.414  1   34.909   34.909  1
 1176.0 1175.9  1   -0.415   -0.415  1   34.909   34.909  1
 1178.0 1177.9  1   -0.418   -0.418  1   34.909   34.909  1
 1180.0 1179.9  1   -0.422   -0.422  1   34.910   34.910  1
 1182.0 1182.0  1   -0.422   -0.422  1   34.909   34.909  1
 1184.0 1183.9  1   -0.423   -0.423  1   34.909   34.909  1
 1186.0 1186.0  1   -0.425   -0.425  1   34.909   34.909  1
 1188.0 1188.0  1   -0.425   -0.425  1   34.909   34.909  1
 1190.0 1189.9  1   -0.426   -0.426  1   34.909   34.909  1
 1192.0 1191.9  1   -0.428   -0.428  1   34.909   34.909  1
 1194.0 1193.9  1   -0.432   -0.432  1   34.909   34.909  1
 1196.0 1195.9  1   -0.434   -0.434  1   34.909   34.909  1
 1198.0 1197.9  1   -0.436   -0.436  1   34.909   34.909  1
 1200.0 1199.9  1   -0.437   -0.437  1   34.909   34.909  1
 1202.0 1201.9  1   -0.437   -0.437  1   34.909   34.909  1
 1204.0 1204.0  1   -0.439   -0.439  1   34.909   34.909  1
 1206.0 1205.9  1   -0.447   -0.447  1   34.909   34.909  1
 1208.0 1207.9  1   -0.449   -0.449  1   34.909   34.909  1
 1210.0 1209.9  1   -0.451   -0.451  1   34.909   34.909  1
 1212.0 1211.9  1   -0.453   -0.453  1   34.910   34.910  1
 1214.0 1214.0  1   -0.455   -0.455  1   34.910   34.910  1
 1216.0 1215.9  1   -0.455   -0.455  1   34.910   34.910  1
 1218.0 1217.9  1   -0.454   -0.454  1   34.910   34.910  1
 1220.0 1219.9  1   -0.453   -0.453  1   34.910   34.910  1
 1222.0 1221.9  1   -0.452   -0.452  1   34.910   34.910  1
 1224.0 1223.9  1   -0.455   -0.455  1   34.910   34.910  1
 1226.0 1226.0  1   -0.456   -0.456  1   34.910   34.910  1
 1228.0 1227.9  1   -0.456   -0.456  1   34.910   34.910  1
 1230.0 1229.9  1   -0.456   -0.456  1   34.910   34.910  1
 1232.0 1231.9  1   -0.456   -0.456  1   34.911   34.911  1
 1234.0 1233.9  1   -0.456   -0.456  1   34.911   34.911  1
 1236.1 1236.0  1   -0.457   -0.457  1   34.911   34.911  1
 1238.0 1238.0  1   -0.457   -0.457  1   34.911   34.911  1
 1240.0 1239.9  1   -0.458   -0.458  1   34.911   34.911  1
 1242.0 1241.9  1   -0.459   -0.459  1   34.911   34.911  1
 1244.0 1244.0  1   -0.459   -0.459  1   34.911   34.911  1
 1246.0 1246.0  1   -0.460   -0.460  1   34.911   34.911  1
 1248.0 1248.0  1   -0.460   -0.460  1   34.911   34.911  1
 1250.0 1250.0  1   -0.460   -0.460  1   34.911   34.911  1
 1252.0 1252.0  1   -0.460   -0.460  1   34.911   34.911  1
 1254.0 1254.0  1   -0.461   -0.461  1   34.911   34.911  1
 1256.0 1255.9  1   -0.462   -0.462  1   34.911   34.911  1
 1258.0 1257.9  1   -0.463   -0.463  1   34.911   34.911  1
 1260.0 1260.0  1   -0.465   -0.465  1   34.911   34.911  1
 1262.0 1261.9  1   -0.468   -0.468  1   34.911   34.911  1
 1264.0 1264.0  1   -0.469   -0.469  1   34.911   34.911  1
 1266.0 1266.0  1   -0.470   -0.470  1   34.911   34.911  1
 1268.0 1267.9  1   -0.471   -0.471  1   34.911   34.911  1
 1270.0 1269.9  1   -0.472   -0.472  1   34.911   34.911  1
 1272.0 1272.0  1   -0.473   -0.473  1   34.911   34.911  1
 1274.0 1273.9  1   -0.474   -0.474  1   34.911   34.911  1
 1276.0 1275.9  1   -0.480   -0.480  1   34.911   34.911  1
 1278.0 1277.9  1   -0.486   -0.486  1   34.911   34.911  1
 1280.0 1280.0  1   -0.487   -0.487  1   34.911   34.911  1
 1282.0 1281.9  1   -0.489   -0.489  1   34.911   34.911  1
 1284.0 1283.9  1   -0.492   -0.492  1   34.911   34.911  1
 1286.0 1286.0  1   -0.494   -0.494  1   34.911   34.911  1
 1288.0 1288.0  1   -0.497   -0.497  1   34.910   34.910  1
 1290.0 1289.9  1   -0.500   -0.500  1   34.910   34.910  1
 1292.0 1291.9  1   -0.502   -0.502  1   34.910   34.910  1
 1294.0 1294.0  1   -0.502   -0.502  1   34.910   34.910  1
 1296.0 1295.9  1   -0.502   -0.502  1   34.910   34.910  1
 1298.0 1297.9  1   -0.503   -0.503  1   34.910   34.910  1
 1300.0 1299.9  1   -0.503   -0.503  1   34.910   34.910  1
 1302.0 1301.9  1   -0.503   -0.503  1   34.910   34.910  1
 1304.0 1303.9  1   -0.504   -0.504  1   34.910   34.910  1
 1306.0 1305.9  1   -0.505   -0.505  1   34.910   34.910  1
 1308.0 1307.9  1   -0.505   -0.505  1   34.910   34.910  1
 1310.0 1310.0  1   -0.505   -0.505  1   34.910   34.910  1
 1312.0 1311.9  1   -0.506   -0.506  1   34.910   34.910  1
 1314.0 1313.9  1   -0.507   -0.507  1   34.910   34.910  1
 1316.0 1316.0  1   -0.508   -0.508  1   34.910   34.910  1
 1318.0 1318.0  1   -0.509   -0.509  1   34.910   34.910  1
 1320.0 1320.0  1   -0.510   -0.510  1   34.910   34.910  1
 1322.0 1321.9  1   -0.510   -0.510  1   34.910   34.910  1
 1324.0 1324.0  1   -0.511   -0.511  1   34.910   34.910  1
 1326.0 1325.9  1   -0.512   -0.512  1   34.910   34.910  1
 1328.0 1327.9  1   -0.512   -0.512  1   34.910   34.910  1
 1330.0 1329.9  1   -0.513   -0.513  1   34.910   34.910  1
 1332.0 1331.9  1   -0.513   -0.513  1   34.910   34.910  1
 1334.0 1333.9  1   -0.516   -0.516  1   34.910   34.910  1
 1336.0 1335.9  1   -0.517   -0.517  1   34.910   34.910  1
 1338.0 1337.9  1   -0.519   -0.519  1   34.911   34.911  1
 1340.0 1340.0  1   -0.521   -0.521  1   34.910   34.910  1
 1342.0 1342.0  1   -0.523   -0.523  1   34.910   34.910  1
 1344.0 1343.9  1   -0.525   -0.525  1   34.910   34.910  1
 1346.0 1346.0  1   -0.527   -0.527  1   34.910   34.910  1
 1348.0 1347.9  1   -0.528   -0.528  1   34.910   34.910  1
 1350.0 1349.9  1   -0.529   -0.529  1   34.910   34.910  1
 1352.0 1351.9  1   -0.532   -0.532  1   34.910   34.910  1
 1354.0 1354.0  1   -0.534   -0.534  1   34.910   34.910  1
 1356.0 1356.0  1   -0.534   -0.534  1   34.910   34.910  1
 1358.0 1358.0  1   -0.536   -0.536  1   34.910   34.910  1
 1360.0 1359.9  1   -0.538   -0.538  1   34.910   34.910  1
 1362.0 1361.9  1   -0.539   -0.539  1   34.910   34.910  1
 1364.0 1364.0  1   -0.541   -0.541  1   34.910   34.910  1
 1366.0 1366.0  1   -0.544   -0.544  1   34.910   34.910  1
 1368.0 1367.9  1   -0.545   -0.545  1   34.910   34.910  1
 1370.0 1370.0  1   -0.546   -0.546  1   34.909   34.909  1
 1372.0 1372.0  1   -0.548   -0.548  1   34.909   34.909  1
 1374.0 1373.9  1   -0.549   -0.549  1   34.909   34.909  1
 1376.0 1375.9  1   -0.550   -0.550  1   34.910   34.910  1
 1378.0 1377.9  1   -0.551   -0.551  1   34.910   34.910  1
 1380.0 1379.9  1   -0.552   -0.552  1   34.909   34.909  1
 1382.0 1381.9  1   -0.553   -0.553  1   34.909   34.909  1
 1384.0 1383.9  1   -0.555   -0.555  1   34.909   34.909  1
 1386.0 1385.9  1   -0.557   -0.557  1   34.909   34.909  1
 1388.0 1387.9  1   -0.557   -0.557  1   34.909   34.909  1
 1390.0 1389.9  1   -0.559   -0.559  1   34.909   34.909  1
 1392.0 1391.9  1   -0.560   -0.560  1   34.909   34.909  1
 1394.0 1393.9  1   -0.561   -0.561  1   34.909   34.909  1
 1396.0 1395.9  1   -0.562   -0.562  1   34.909   34.909  1
 1398.0 1397.9  1   -0.563   -0.563  1   34.909   34.909  1
 1400.0 1400.0  1   -0.564   -0.564  1   34.909   34.909  1
 1402.0 1402.0  1   -0.564   -0.564  1   34.909   34.909  1
 1404.0 1404.0  1   -0.565   -0.565  1   34.909   34.909  1
 1406.0 1405.9  1   -0.566   -0.566  1   34.909   34.909  1
 1408.0 1407.9  1   -0.566   -0.566  1   34.909   34.909  1
 1410.0 1409.9  1   -0.568   -0.568  1   34.909   34.909  1
 1412.0 1412.0  1   -0.571   -0.571  1   34.909   34.909  1
 1414.0 1414.0  1   -0.573   -0.573  1   34.909   34.909  1
 1416.0 1416.0  1   -0.576   -0.576  1   34.909   34.909  1
 1418.0 1418.0  1   -0.577   -0.577  1   34.909   34.909  1
 1420.0 1419.9  1   -0.579   -0.579  1   34.909   34.909  1
 1422.0 1421.9  1   -0.580   -0.580  1   34.909   34.909  1
 1424.0 1423.9  1   -0.580   -0.580  1   34.909   34.909  1
 1426.0 1425.9  1   -0.581   -0.581  1   34.909   34.909  1
 1428.0 1428.0  1   -0.583   -0.583  1   34.909   34.909  1
 1430.0 1430.0  1   -0.586   -0.586  1   34.909   34.909  1
 1432.0 1432.0  1   -0.586   -0.586  1   34.909   34.909  1
 1434.0 1433.9  1   -0.587   -0.587  1   34.909   34.909  1
 1436.0 1436.0  1   -0.587   -0.587  1   34.909   34.909  1
 1438.0 1438.0  1   -0.587   -0.587  1   34.909   34.909  1
 1440.0 1439.9  1   -0.587   -0.587  1   34.909   34.909  1
 1442.0 1441.9  1   -0.588   -0.588  1   34.909   34.909  1
 1444.0 1444.0  1   -0.588   -0.588  1   34.909   34.909  1
 1446.0 1445.9  1   -0.589   -0.589  1   34.909   34.909  1
 1448.0 1447.9  1   -0.589   -0.589  1   34.909   34.909  1
 1450.0 1449.9  1   -0.589   -0.589  1   34.909   34.909  1
 1452.0 1451.9  1   -0.590   -0.590  1   34.909   34.909  1
 1454.0 1453.9  1   -0.591   -0.591  1   34.909   34.909  1
 1456.0 1455.9  1   -0.593   -0.593  1   34.909   34.909  1
 1458.0 1457.9  1   -0.596   -0.596  1   34.909   34.909  1
 1460.0 1459.9  1   -0.597   -0.597  1   34.909   34.909  1
 1462.0 1461.9  1   -0.599   -0.599  1   34.909   34.909  1
 1464.0 1463.9  1   -0.599   -0.599  1   34.909   34.909  1
 1466.0 1466.0  1   -0.600   -0.600  1   34.909   34.909  1
 1468.0 1468.0  1   -0.601   -0.601  1   34.909   34.909  1
 1470.0 1470.0  1   -0.601   -0.601  1   34.909   34.909  1
 1472.0 1471.9  1   -0.602   -0.602  1   34.909   34.909  1
 1474.0 1473.9  1   -0.602   -0.602  1   34.909   34.909  1
 1476.0 1475.9  1   -0.603   -0.603  1   34.909   34.909  1
 1478.0 1477.9  1   -0.603   -0.603  1   34.909   34.909  1
 1480.0 1479.9  1   -0.604   -0.604  1   34.909   34.909  1
 1482.0 1481.9  1   -0.605   -0.605  1   34.909   34.909  1
 1484.0 1484.0  1   -0.605   -0.605  1   34.909   34.909  1
 1486.0 1486.0  1   -0.606   -0.606  1   34.909   34.909  1
 1488.0 1487.9  1   -0.606   -0.606  1   34.909   34.909  1
 1490.0 1489.9  1   -0.607   -0.607  1   34.909   34.909  1
 1492.0 1491.9  1   -0.609   -0.609  1   34.909   34.909  1
 1494.0 1493.9  1   -0.610   -0.610  1   34.909   34.909  1
 1496.0 1495.9  1   -0.611   -0.611  1   34.909   34.909  1
 1498.0 1497.9  1   -0.612   -0.612  1   34.909   34.909  1
 1500.0 1499.9  1   -0.613   -0.613  1   34.909   34.909  1
 1502.0 1501.9  1   -0.614   -0.614  1   34.909   34.909  1
 1504.0 1503.9  1   -0.615   -0.615  1   34.909   34.909  1
 1506.0 1505.9  1   -0.616   -0.616  1   34.909   34.909  1
 1508.0 1507.9  1   -0.616   -0.616  1   34.909   34.909  1
 1510.0 1509.9  1   -0.616   -0.616  1   34.909   34.909  1
 1512.0 1511.9  1   -0.616   -0.616  1   34.909   34.909  1
 1514.0 1514.0  1   -0.616   -0.616  1   34.909   34.909  1
 1516.0 1516.0  1   -0.617   -0.617  1   34.909   34.909  1
 1518.0 1517.9  1   -0.617   -0.617  1   34.909   34.909  1
 1520.0 1519.9  1   -0.618   -0.618  1   34.909   34.909  1
 1522.0 1522.0  1   -0.620   -0.620  1   34.909   34.909  1
 1524.0 1524.0  1   -0.620   -0.620  1   34.909   34.909  1
 1526.0 1525.9  1   -0.623   -0.623  1   34.909   34.909  1
 1528.0 1527.9  1   -0.625   -0.625  1   34.909   34.909  1
 1530.0 1530.0  1   -0.625   -0.625  1   34.909   34.909  1
 1532.0 1532.0  1   -0.627   -0.627  1   34.909   34.909  1
 1534.0 1533.9  1   -0.628   -0.628  1   34.909   34.909  1
 1536.0 1535.9  1   -0.629   -0.629  1   34.909   34.909  1
 1538.0 1537.9  1   -0.630   -0.630  1   34.909   34.909  1
 1540.0 1540.0  1   -0.630   -0.630  1   34.909   34.909  1
 1542.0 1541.9  1   -0.631   -0.631  1   34.909   34.909  1
 1544.0 1543.9  1   -0.631   -0.631  1   34.909   34.909  1
 1546.0 1545.9  1   -0.632   -0.632  1   34.909   34.909  1
 1548.0 1548.0  1   -0.632   -0.632  1   34.909   34.909  1
 1550.0 1550.0  1   -0.633   -0.633  1   34.909   34.909  1
 1552.0 1552.0  1   -0.634   -0.634  1   34.909   34.909  1
 1554.0 1554.0  1   -0.635   -0.635  1   34.909   34.909  1
 1556.0 1555.9  1   -0.635   -0.635  1   34.909   34.909  1
 1558.0 1557.9  1   -0.636   -0.636  1   34.909   34.909  1
 1560.0 1560.0  1   -0.636   -0.636  1   34.910   34.910  1
 1562.0 1561.9  1   -0.636   -0.636  1   34.909   34.909  1
 1564.0 1563.9  1   -0.637   -0.637  1   34.909   34.909  1
 1566.0 1566.0  1   -0.638   -0.638  1   34.910   34.910  1
 1568.0 1567.9  1   -0.638   -0.638  1   34.910   34.910  1
 1570.0 1569.9  1   -0.638   -0.638  1   34.910   34.910  1
 1572.0 1571.9  1   -0.638   -0.638  1   34.910   34.910  1
 1574.0 1573.9  1   -0.638   -0.638  1   34.910   34.910  1
 1576.0 1576.0  1   -0.638   -0.638  1   34.910   34.910  1
 1578.0 1578.0  1   -0.638   -0.638  1   34.909   34.909  1
 1580.0 1580.0  1   -0.638   -0.638  1   34.910   34.910  1
 1582.0 1582.0  1   -0.639   -0.639  1   34.910   34.910  1
 1584.0 1584.0  1   -0.641   -0.641  1   34.910   34.910  1
 1586.0 1586.0  1   -0.641   -0.641  1   34.910   34.910  1
 1588.0 1587.9  1   -0.641   -0.641  1   34.910   34.910  1
 1590.0 1589.9  1   -0.642   -0.642  1   34.910   34.910  1
 1592.0 1591.9  1   -0.643   -0.643  1   34.910   34.910  1
 1594.0 1594.0  1   -0.644   -0.644  1   34.910   34.910  1
 1596.0 1596.0  1   -0.644   -0.644  1   34.910   34.910  1
 1598.0 1598.0  1   -0.644   -0.644  1   34.910   34.910  1
 1600.0 1599.9  1   -0.644   -0.644  1   34.910   34.910  1
 1602.0 1601.9  1   -0.645   -0.645  1   34.910   34.910  1
 1604.0 1604.0  1   -0.646   -0.646  1   34.910   34.910  1
 1606.0 1605.9  1   -0.646   -0.646  1   34.910   34.910  1
 1608.0 1607.9  1   -0.646   -0.646  1   34.910   34.910  1
 1610.0 1609.9  1   -0.646   -0.646  1   34.910   34.910  1
 1612.0 1611.9  1   -0.646   -0.646  1   34.910   34.910  1
 1614.0 1613.9  1   -0.647   -0.647  1   34.910   34.910  1
 1616.0 1616.0  1   -0.648   -0.648  1   34.910   34.910  1
 1618.0 1618.0  1   -0.650   -0.650  1   34.910   34.910  1
 1620.0 1619.9  1   -0.650   -0.650  1   34.910   34.910  1
 1622.0 1622.0  1   -0.651   -0.651  1   34.910   34.910  1
 1624.0 1623.9  1   -0.651   -0.651  1   34.910   34.910  1
 1626.0 1625.9  1   -0.651   -0.651  1   34.910   34.910  1
 1628.0 1627.9  1   -0.652   -0.652  1   34.910   34.910  1
 1630.0 1629.9  1   -0.652   -0.652  1   34.910   34.910  1
 1632.0 1631.9  1   -0.652   -0.652  1   34.910   34.910  1
 1634.0 1633.9  1   -0.653   -0.653  1   34.910   34.910  1
 1636.0 1636.0  1   -0.654   -0.654  1   34.910   34.910  1
 1638.0 1638.0  1   -0.654   -0.654  1   34.910   34.910  1
 1640.0 1639.9  1   -0.655   -0.655  1   34.910   34.910  1
 1642.0 1641.9  1   -0.656   -0.656  1   34.910   34.910  1
 1644.0 1644.0  1   -0.659   -0.659  1   34.910   34.910  1
 1646.0 1646.0  1   -0.660   -0.660  1   34.910   34.910  1
 1648.0 1648.0  1   -0.660   -0.660  1   34.910   34.910  1
 1650.0 1650.0  1   -0.660   -0.660  1   34.910   34.910  1
 1652.0 1651.9  1   -0.661   -0.661  1   34.910   34.910  1
 1654.0 1654.0  1   -0.661   -0.661  1   34.910   34.910  1
 1656.0 1656.0  1   -0.661   -0.661  1   34.910   34.910  1
 1658.0 1658.0  1   -0.661   -0.661  1   34.910   34.910  1
 1660.0 1660.0  1   -0.661   -0.661  1   34.910   34.910  1
 1662.0 1662.0  1   -0.661   -0.661  1   34.910   34.910  1
 1664.0 1663.9  1   -0.661   -0.661  1   34.910   34.910  1
 1666.0 1665.9  1   -0.662   -0.662  1   34.910   34.910  1
 1668.0 1668.0  1   -0.663   -0.663  1   34.910   34.910  1
 1670.0 1670.0  1   -0.664   -0.664  1   34.910   34.910  1
 1672.0 1671.9  1   -0.665   -0.665  1   34.910   34.910  1
 1674.0 1673.9  1   -0.667   -0.667  1   34.910   34.910  1
 1676.0 1675.9  1   -0.668   -0.668  1   34.910   34.910  1
 1678.0 1677.9  1   -0.670   -0.670  1   34.910   34.910  1
 1680.0 1680.0  1   -0.669   -0.669  1   34.910   34.910  1
 1682.0 1682.0  1   -0.669   -0.669  1   34.910   34.910  1
 1684.0 1683.9  1   -0.671   -0.671  1   34.910   34.910  1
 1686.0 1686.0  1   -0.672   -0.672  1   34.910   34.910  1
 1688.0 1687.9  1   -0.673   -0.673  1   34.910   34.910  1
 1690.0 1689.9  1   -0.674   -0.674  1   34.910   34.910  1
 1692.0 1691.9  1   -0.675   -0.675  1   34.910   34.910  1
 1694.0 1694.0  1   -0.676   -0.676  1   34.910   34.910  1
 1696.0 1695.9  1   -0.677   -0.677  1   34.910   34.910  1
 1698.0 1697.9  1   -0.677   -0.677  1   34.910   34.910  1
 1700.0 1699.9  1   -0.678   -0.678  1   34.910   34.910  1
 1702.0 1701.9  1   -0.678   -0.678  1   34.910   34.910  1
 1704.0 1704.0  1   -0.679   -0.679  1   34.910   34.910  1
 1706.0 1706.0  1   -0.680   -0.680  1   34.910   34.910  1
 1708.0 1707.9  1   -0.680   -0.680  1   34.910   34.910  1
 1710.0 1709.9  1   -0.681   -0.681  1   34.910   34.910  1
 1712.0 1711.9  1   -0.681   -0.681  1   34.910   34.910  1
 1714.0 1713.9  1   -0.682   -0.682  1   34.910   34.910  1
 1716.0 1715.9  1   -0.683   -0.683  1   34.910   34.910  1
 1718.0 1717.9  1   -0.683   -0.683  1   34.910   34.910  1
 1720.0 1720.0  1   -0.684   -0.684  1   34.910   34.910  1
 1722.0 1722.0  1   -0.684   -0.684  1   34.910   34.910  1
 1724.0 1723.9  1   -0.684   -0.684  1   34.910   34.910  1
 1726.0 1726.0  1   -0.685   -0.685  1   34.910   34.910  1
 1728.0 1728.0  1   -0.685   -0.685  1   34.910   34.910  1
 1730.0 1730.0  1   -0.686   -0.686  1   34.910   34.910  1
 1732.0 1731.9  1   -0.687   -0.687  1   34.910   34.910  1
 1734.0 1734.0  1   -0.688   -0.688  1   34.910   34.910  1
 1736.0 1735.9  1   -0.688   -0.688  1   34.910   34.910  1
 1738.0 1737.9  1   -0.688   -0.688  1   34.910   34.910  1
 1740.0 1740.0  1   -0.688   -0.688  1   34.910   34.910  1
 1742.0 1742.0  1   -0.689   -0.689  1   34.910   34.910  1
 1744.0 1744.0  1   -0.689   -0.689  1   34.910   34.910  1
 1746.0 1745.9  1   -0.689   -0.689  1   34.910   34.910  1
 1748.0 1747.9  1   -0.691   -0.691  1   34.910   34.910  1
 1750.0 1749.9  1   -0.691   -0.691  1   34.910   34.910  1
 1752.0 1751.9  1   -0.692   -0.692  1   34.910   34.910  1
 1754.0 1753.9  1   -0.692   -0.692  1   34.910   34.910  1
 1756.0 1755.9  1   -0.692   -0.692  1   34.910   34.910  1
 1758.0 1758.0  1   -0.693   -0.693  1   34.910   34.910  1
 1760.0 1760.0  1   -0.693   -0.693  1   34.910   34.910  1
 1762.0 1761.9  1   -0.692   -0.692  1   34.910   34.910  1
 1764.0 1763.9  1   -0.692   -0.692  1   34.910   34.910  1
 1766.0 1765.9  1   -0.691   -0.691  1   34.910   34.910  1
 1768.0 1767.9  1   -0.691   -0.691  1   34.910   34.910  1
 1770.0 1769.9  1   -0.691   -0.691  1   34.910   34.910  1
 1772.0 1771.9  1   -0.691   -0.691  1   34.910   34.910  1
 1774.0 1773.9  1   -0.692   -0.692  1   34.910   34.910  1
 1776.0 1775.9  1   -0.692   -0.692  1   34.910   34.910  1
 1778.0 1777.9  1   -0.692   -0.692  1   34.910   34.910  1
 1780.0 1779.9  1   -0.693   -0.693  1   34.910   34.910  1
 1782.0 1781.9  1   -0.694   -0.694  1   34.910   34.910  1
 1784.0 1784.0  1   -0.694   -0.694  1   34.910   34.910  1
 1786.0 1786.0  1   -0.694   -0.694  1   34.910   34.910  1
 1788.0 1788.0  1   -0.694   -0.694  1   34.910   34.910  1
 1790.0 1790.0  1   -0.694   -0.694  1   34.910   34.910  1
 1792.0 1792.0  1   -0.694   -0.694  1   34.910   34.910  1
 1794.0 1794.0  1   -0.694   -0.694  1   34.911   34.911  1
 1796.0 1796.0  1   -0.694   -0.694  1   34.911   34.911  1
 1798.0 1797.9  1   -0.694   -0.694  1   34.911   34.911  1
 1800.0 1799.9  1   -0.695   -0.695  1   34.911   34.911  1
 1802.0 1802.0  1   -0.695   -0.695  1   34.911   34.911  1
 1804.0 1804.0  1   -0.695   -0.695  1   34.911   34.911  1
 1806.0 1806.0  1   -0.695   -0.695  1   34.911   34.911  1
 1808.0 1808.0  1   -0.696   -0.696  1   34.910   34.910  1
 1810.0 1809.9  1   -0.696   -0.696  1   34.910   34.910  1
 1812.0 1811.9  1   -0.696   -0.696  1   34.910   34.910  1
 1814.0 1814.0  1   -0.697   -0.697  1   34.910   34.910  1
 1816.0 1816.0  1   -0.697   -0.697  1   34.910   34.910  1
 1818.0 1818.0  1   -0.698   -0.698  1   34.910   34.910  1
 1820.0 1820.0  1   -0.698   -0.698  1   34.911   34.911  1
 1822.0 1822.0  1   -0.698   -0.698  1   34.911   34.911  1
 1824.0 1824.0  1   -0.699   -0.699  1   34.911   34.911  1
 1826.0 1825.9  1   -0.699   -0.699  1   34.911   34.911  1
 1828.0 1827.9  1   -0.699   -0.699  1   34.911   34.911  1
 1830.0 1829.9  1   -0.699   -0.699  1   34.911   34.911  1
 1832.0 1831.9  1   -0.699   -0.699  1   34.911   34.911  1
 1834.0 1833.9  1   -0.699   -0.699  1   34.910   34.910  1
 1836.0 1835.9  1   -0.699   -0.699  1   34.910   34.910  1
 1838.0 1838.0  1   -0.699   -0.699  1   34.911   34.911  1
 1840.0 1840.0  1   -0.700   -0.700  1   34.910   34.910  1
 1842.0 1842.0  1   -0.700   -0.700  1   34.910   34.910  1
 1844.0 1844.0  1   -0.700   -0.700  1   34.911   34.911  1
 1846.0 1846.0  1   -0.701   -0.701  1   34.911   34.911  1
 1848.0 1848.0  1   -0.701   -0.701  1   34.911   34.911  1
 1850.0 1850.0  1   -0.702   -0.702  1   34.911   34.911  1
 1852.0 1852.0  1   -0.702   -0.702  1   34.911   34.911  1
 1854.0 1854.0  1   -0.702   -0.702  1   34.911   34.911  1
 1856.0 1856.0  1   -0.702   -0.702  1   34.911   34.911  1
 1858.0 1857.9  1   -0.703   -0.703  1   34.911   34.911  1
 1860.0 1859.9  1   -0.703   -0.703  1   34.911   34.911  1
 1862.0 1861.9  1   -0.703   -0.703  1   34.911   34.911  1
 1864.0 1863.9  1   -0.704   -0.704  1   34.911   34.911  1
 1866.0 1865.9  1   -0.704   -0.704  1   34.911   34.911  1
 1868.0 1868.0  1   -0.705   -0.705  1   34.911   34.911  1
 1870.0 1869.9  1   -0.705   -0.705  1   34.911   34.911  1
 1872.0 1871.9  1   -0.705   -0.705  1   34.911   34.911  1
 1874.0 1874.0  1   -0.706   -0.706  1   34.911   34.911  1
 1876.0 1876.0  1   -0.706   -0.706  1   34.911   34.911  1
 1878.0 1878.0  1   -0.706   -0.706  1   34.911   34.911  1
 1880.0 1879.9  1   -0.706   -0.706  1   34.911   34.911  1
 1882.0 1881.9  1   -0.707   -0.707  1   34.911   34.911  1
 1884.0 1883.9  1   -0.707   -0.707  1   34.911   34.911  1
 1886.0 1885.9  1   -0.708   -0.708  1   34.911   34.911  1
 1888.0 1888.0  1   -0.708   -0.708  1   34.911   34.911  1
 1890.0 1889.9  1   -0.708   -0.708  1   34.911   34.911  1
 1892.0 1891.9  1   -0.708   -0.708  1   34.911   34.911  1
 1894.0 1893.9  1   -0.708   -0.708  1   34.911   34.911  1
 1896.0 1895.9  1   -0.709   -0.709  1   34.911   34.911  1
 1898.0 1897.9  1   -0.710   -0.710  1   34.911   34.911  1
 1900.0 1899.9  1   -0.710   -0.710  1   34.911   34.911  1
 1902.0 1901.9  1   -0.711   -0.711  1   34.911   34.911  1
 1904.0 1904.0  1   -0.711   -0.711  1   34.911   34.911  1
 1906.0 1905.9  1   -0.711   -0.711  1   34.911   34.911  1
 1908.0 1908.0  1   -0.711   -0.711  1   34.911   34.911  1
 1910.0 1910.0  1   -0.711   -0.711  1   34.911   34.911  1
 1912.0 1912.0  1   -0.712   -0.712  1   34.911   34.911  1
 1914.0 1913.9  1   -0.712   -0.712  1   34.911   34.911  1
 1916.0 1915.9  1   -0.712   -0.712  1   34.911   34.911  1
 1918.0 1917.9  1   -0.712   -0.712  1   34.911   34.911  1
 1920.0 1919.9  1   -0.713   -0.713  1   34.911   34.911  1
 1922.0 1921.9  1   -0.714   -0.714  1   34.911   34.911  1
 1924.0 1924.0  1   -0.714   -0.714  1   34.911   34.911  1
 1926.0 1926.0  1   -0.714   -0.714  1   34.911   34.911  1
 1927.9 1927.9  1   -0.714   -0.714  1   34.911   34.911  1
 1930.0 1929.9  1   -0.714   -0.714  1   34.911   34.911  1
 1932.0 1932.0  1   -0.714   -0.714  1   34.911   34.911  1
 1934.0 1933.9  1   -0.715   -0.715  1   34.911   34.911  1
 1936.0 1935.9  1   -0.715   -0.715  1   34.911   34.911  1
 1938.0 1937.9  1   -0.715   -0.715  1   34.911   34.911  1
 1940.0 1939.9  1   -0.715   -0.715  1   34.911   34.911  1
 1942.0 1941.9  1   -0.715   -0.715  1   34.911   34.911  1
 1944.0 1944.0  1   -0.715   -0.715  1   34.911   34.911  1
 1946.0 1945.9  1   -0.716   -0.716  1   34.911   34.911  1
 1948.0 1947.9  1   -0.715   -0.715  1   34.911   34.911  1
 1950.0 1949.9  1   -0.716   -0.716  1   34.911   34.911  1
 1952.0 1951.9  1   -0.716   -0.716  1   34.911   34.911  1
 1954.0 1954.0  1   -0.717   -0.717  1   34.911   34.911  1
 1956.0 1955.9  1   -0.717   -0.717  1   34.911   34.911  1
 1958.0 1957.9  1   -0.717   -0.717  1   34.911   34.911  1
 1960.0 1960.0  1   -0.717   -0.717  1   34.911   34.911  1
 1962.0 1962.0  1   -0.718   -0.718  1   34.911   34.911  1
 1964.0 1963.9  1   -0.718   -0.718  1   34.911   34.911  1
 1966.0 1966.0  1   -0.718   -0.718  1   34.911   34.911  1
 1968.0 1968.0  1   -0.718   -0.718  1   34.911   34.911  1
 1970.0 1969.9  1   -0.718   -0.718  1   34.911   34.911  1
 1972.0 1971.9  1   -0.718   -0.718  1   34.911   34.911  1
 1974.0 1974.0  1   -0.719   -0.719  1   34.911   34.911  1
 1976.0 1976.0  1   -0.720   -0.720  1   34.911   34.911  1
 1978.0 1977.9  1   -0.720   -0.720  1   34.911   34.911  1
 1980.0 1979.9  1   -0.720   -0.720  1   34.911   34.911  1
 1982.0 1981.9  1   -0.721   -0.721  1   34.911   34.911  1
 1984.0 1984.0  1   -0.721   -0.721  1   34.911   34.911  1
 1986.0 1986.0  1   -0.722   -0.722  1   34.911   34.911  1
 1988.0 1987.9  1   -0.722   -0.722  1   34.911   34.911  1
 1990.1 1990.0  1   -0.722   -0.722  1   34.911   34.911  1
 1992.0 1992.0  1   -0.722   -0.722  1   34.911   34.911  1
 1994.0 1994.0  1   -0.722   -0.722  1   34.911   34.911  1
 1995.9 1995.9  1   -0.722   -0.722  1   34.911   34.911  1
 1997.7 1997.7  1   -0.723   -0.723  1   34.911   34.911  1
